/*--------------------------------*- C++ -*----------------------------------*\
| =========                 |                                                 |
| \\      /  F ield         | OpenFOAM: The Open Source CFD Toolbox           |
|  \\    /   O peration     | Version:  2.4.0                                 |
|   \\  /    A nd           | Web:      www.OpenFOAM.org                      |
|    \\/     M anipulation  |                                                 |
\*---------------------------------------------------------------------------*/
FoamFile
{
    version     2.0;
    format      ascii;
    class       surfaceScalarField;
    location    "0.4";
    object      phi;
}
// * * * * * * * * * * * * * * * * * * * * * * * * * * * * * * * * * * * * * //

dimensions      [0 3 -1 0 0 0 0];

internalField   nonuniform List<scalar> 
5952
(
6.01227e-08
-6.01227e-08
1.45223e-07
-8.51e-08
2.09336e-07
-6.41133e-08
2.24623e-07
-1.52866e-08
1.85664e-07
3.89581e-08
8.33604e-08
1.02304e-07
-9.0409e-08
1.73769e-07
-3.40128e-07
2.49719e-07
-6.64893e-07
3.24765e-07
-1.05576e-06
3.90863e-07
-1.49317e-06
4.37415e-07
4.52472e-07
-1.94564e-06
4.09706e-08
-1.01093e-07
8.02141e-08
-1.24343e-07
5.81763e-08
-4.20755e-08
-5.82849e-08
1.01175e-07
-2.93375e-07
2.74048e-07
-6.53486e-07
4.62415e-07
-1.13168e-06
6.51964e-07
-1.70751e-06
8.25546e-07
-2.34919e-06
9.6645e-07
-3.02583e-06
1.0675e-06
-3.72679e-06
1.13837e-06
1.04729e-06
-4.32161e-06
6.38914e-09
-1.07483e-07
-5.32609e-08
-6.46934e-08
-2.16453e-07
1.21116e-07
-5.01897e-07
3.86619e-07
-9.1659e-07
6.88741e-07
-1.44568e-06
9.91501e-07
-2.05399e-06
1.26028e-06
-2.69648e-06
1.46803e-06
-3.33778e-06
1.60775e-06
-3.93352e-06
1.66324e-06
-4.33824e-06
1.5431e-06
1.32769e-06
-4.61864e-06
-3.84527e-08
-6.90298e-08
-1.86196e-07
8.30498e-08
-4.553e-07
3.9022e-07
-8.4455e-07
7.7587e-07
-1.33941e-06
1.1836e-06
-1.90284e-06
1.55494e-06
-2.48315e-06
1.84059e-06
-3.04411e-06
2.02899e-06
-3.57714e-06
2.14078e-06
-4.10046e-06
2.18657e-06
-4.61302e-06
2.05566e-06
1.69888e-06
-4.98421e-06
-6.58459e-08
-3.18399e-09
-2.58623e-07
2.75827e-07
-5.64675e-07
6.96272e-07
-9.62216e-07
1.17341e-06
-1.42269e-06
1.64407e-06
-1.90403e-06
2.03627e-06
-2.37108e-06
2.30764e-06
-2.8342e-06
2.49211e-06
-3.25709e-06
2.56367e-06
-3.62032e-06
2.54979e-06
-3.88484e-06
2.32018e-06
1.86998e-06
-4.05594e-06
-7.62374e-08
7.30534e-08
-2.69933e-07
4.69522e-07
-5.54931e-07
9.81271e-07
-8.99497e-07
1.51798e-06
-1.27764e-06
2.02221e-06
-1.66564e-06
2.42427e-06
-2.07322e-06
2.71523e-06
-2.50866e-06
2.92754e-06
-2.81655e-06
2.87155e-06
-2.95835e-06
2.6916e-06
-2.97351e-06
2.33533e-06
1.8509e-06
-2.95442e-06
-7.98402e-08
1.52894e-07
-2.42227e-07
6.31908e-07
-4.63614e-07
1.20266e-06
-7.14031e-07
1.76839e-06
-9.78012e-07
2.28619e-06
-1.24479e-06
2.69105e-06
-1.53244e-06
3.00288e-06
-1.81975e-06
3.21485e-06
-1.97809e-06
3.02989e-06
-2.00445e-06
2.71796e-06
-1.92122e-06
2.25211e-06
1.71735e-06
-1.78767e-06
-9.45015e-08
2.47395e-07
-2.07099e-07
7.44506e-07
-3.28668e-07
1.32423e-06
-4.45903e-07
1.88563e-06
-5.561e-07
2.39639e-06
-6.36616e-07
2.77157e-06
-6.66772e-07
3.03304e-06
-7.34549e-07
3.28263e-06
-8.75297e-07
3.17063e-06
-8.87713e-07
2.73038e-06
-7.79746e-07
2.14414e-06
1.55372e-06
-6.16117e-07
-1.45883e-07
3.93278e-07
-2.05212e-07
8.03835e-07
-1.9574e-07
1.31476e-06
-1.5491e-07
1.8448e-06
-1.14869e-07
2.35635e-06
-6.98487e-08
2.72655e-06
2.40124e-08
2.93917e-06
1.48053e-07
3.15859e-06
2.04126e-07
3.11456e-06
2.44555e-07
2.68995e-06
3.64458e-07
2.02424e-06
1.39698e-06
5.21199e-07
-2.59204e-07
6.52482e-07
-2.66201e-07
8.10831e-07
-8.95991e-08
1.13815e-06
1.35961e-07
1.61924e-06
3.37226e-07
2.15509e-06
4.84753e-07
2.57902e-06
6.27602e-07
2.79633e-06
8.71692e-07
2.9145e-06
1.11417e-06
2.87209e-06
1.21917e-06
2.58494e-06
1.36737e-06
1.87604e-06
1.24216e-06
1.52219e-06
-3.78574e-07
1.03106e-06
-2.99997e-07
7.32255e-07
4.86245e-08
7.89532e-07
4.43304e-07
1.22456e-06
8.0338e-07
1.79501e-06
1.06881e-06
2.31359e-06
1.26389e-06
2.60125e-06
1.50064e-06
2.67775e-06
1.74034e-06
2.63239e-06
1.90922e-06
2.41605e-06
2.07388e-06
1.71138e-06
9.96134e-07
2.31991e-06
1.7034e-07
8.60716e-07
2.64647e-07
6.37948e-07
5.61796e-07
4.92383e-07
9.25474e-07
8.60881e-07
1.32332e-06
1.39716e-06
1.6588e-06
1.97811e-06
1.90321e-06
2.35683e-06
2.09298e-06
2.48798e-06
2.29808e-06
2.42729e-06
2.50558e-06
2.20855e-06
2.69547e-06
1.52149e-06
3.03131e-06
6.60292e-07
-2.35459e-06
4.08951e-07
-2.68137e-06
3.26772e-07
-2.88016e-06
1.98798e-07
-2.93192e-06
5.1756e-08
-2.78649e-06
-1.45426e-07
-2.47534e-06
-3.11155e-07
-2.0424e-06
-4.32934e-07
-1.51868e-06
-5.23725e-07
-9.59073e-07
-5.59607e-07
-4.54695e-07
-5.04378e-07
-1.11182e-07
-3.43513e-07
-1.11182e-07
-4.76176e-06
8.49101e-07
-5.01762e-06
5.82639e-07
-5.07547e-06
2.56638e-07
-4.89059e-06
-1.33115e-07
-4.49189e-06
-5.44133e-07
-3.94766e-06
-8.55386e-07
-3.30232e-06
-1.07827e-06
-2.54844e-06
-1.2776e-06
-1.70442e-06
-1.40363e-06
-8.72102e-07
-1.33669e-06
-2.38645e-07
-9.7697e-07
-3.49827e-07
-4.77261e-06
1.00307e-06
-4.84288e-06
6.52915e-07
-4.82104e-06
2.34792e-07
-4.67306e-06
-2.81095e-07
-4.40771e-06
-8.09483e-07
-4.12937e-06
-1.13372e-06
-3.7696e-06
-1.43805e-06
-3.16372e-06
-1.88347e-06
-2.31777e-06
-2.24958e-06
-1.32303e-06
-2.33144e-06
-4.25353e-07
-1.87464e-06
-7.75179e-07
-5.20536e-06
1.22422e-06
-5.28945e-06
7.37009e-07
-5.21076e-06
1.56101e-07
-4.95746e-06
-5.34394e-07
-4.49258e-06
-1.27437e-06
-3.99653e-06
-1.62977e-06
-3.71702e-06
-1.71756e-06
-3.38136e-06
-2.21913e-06
-2.71072e-06
-2.92022e-06
-1.73917e-06
-3.30299e-06
-6.65046e-07
-2.94876e-06
-1.44023e-06
-4.19437e-06
1.36264e-06
-4.23431e-06
7.76952e-07
-4.16823e-06
9.00181e-08
-4.04627e-06
-6.56352e-07
-3.6082e-06
-1.71243e-06
-3.14783e-06
-2.09014e-06
-2.8095e-06
-2.05589e-06
-2.63788e-06
-2.39075e-06
-2.36944e-06
-3.18867e-06
-1.76418e-06
-3.90825e-06
-8.55669e-07
-3.85728e-06
-2.29589e-06
-2.90673e-06
1.31495e-06
-2.85303e-06
7.23252e-07
-2.78902e-06
2.60033e-08
-2.58395e-06
-8.61414e-07
-2.56553e-06
-1.73085e-06
-2.40621e-06
-2.24946e-06
-1.96416e-06
-2.49794e-06
-1.69535e-06
-2.65956e-06
-1.47054e-06
-3.41348e-06
-1.24002e-06
-4.13877e-06
-8.04647e-07
-4.29265e-06
-3.10054e-06
-1.63561e-06
1.16289e-06
-1.504e-06
5.91635e-07
-1.40076e-06
-7.72311e-08
-1.26551e-06
-9.96663e-07
-1.20086e-06
-1.7955e-06
-1.30245e-06
-2.14787e-06
-1.15982e-06
-2.64058e-06
-8.33953e-07
-2.98542e-06
-6.00149e-07
-3.64728e-06
-5.19485e-07
-4.21943e-06
-3.56375e-07
-4.45576e-06
-3.45692e-06
-4.35504e-07
9.82278e-07
-2.68986e-07
4.25117e-07
-1.26131e-07
-2.20086e-07
5.9503e-08
-1.1823e-06
1.21417e-07
-1.85742e-06
4.46401e-08
-2.0711e-06
2.60713e-08
-2.62201e-06
1.9518e-07
-3.15453e-06
2.77004e-07
-3.72911e-06
2.08623e-07
-4.15105e-06
1.11837e-07
-4.35898e-06
-3.34508e-06
6.84255e-07
8.19223e-07
8.78658e-07
2.30714e-07
1.1316e-06
-4.73026e-07
1.32292e-06
-1.37361e-06
1.4256e-06
-1.9601e-06
1.48576e-06
-2.13125e-06
1.50478e-06
-2.64103e-06
1.55771e-06
-3.20746e-06
1.50331e-06
-3.6747e-06
1.17964e-06
-3.82739e-06
7.04743e-07
-3.88408e-06
-2.64034e-06
1.66108e-06
6.80333e-07
1.89456e-06
-2.77175e-09
2.28726e-06
-8.65725e-07
2.61489e-06
-1.70125e-06
2.86384e-06
-2.20904e-06
3.08526e-06
-2.35268e-06
3.20996e-06
-2.76573e-06
3.2405e-06
-3.238e-06
3.05714e-06
-3.49135e-06
2.39139e-06
-3.16163e-06
1.33427e-06
-2.82696e-06
-1.30607e-06
2.63231e-06
3.67929e-07
3.0047e-06
-3.75157e-07
3.42987e-06
-1.29089e-06
3.81897e-06
-2.09035e-06
4.18457e-06
-2.57464e-06
4.54018e-06
-2.70829e-06
4.78792e-06
-3.01347e-06
4.81573e-06
-3.26582e-06
4.48802e-06
-3.16363e-06
3.67055e-06
-2.34416e-06
2.23203e-06
-1.38844e-06
9.2596e-07
3.49114e-06
-9.18974e-08
4.0024e-06
-8.86414e-07
4.50897e-06
-1.79747e-06
4.98344e-06
-2.56482e-06
5.43934e-06
-3.03053e-06
5.84827e-06
-3.11722e-06
6.14323e-06
-3.30843e-06
6.161e-06
-3.28359e-06
5.76022e-06
-2.76285e-06
4.89515e-06
-1.47909e-06
3.2834e-06
2.23306e-07
4.20936e-06
4.18917e-08
-4.18917e-08
8.96496e-08
-4.7758e-08
1.09421e-07
-1.97717e-08
8.98889e-08
1.95324e-08
2.48585e-08
6.50305e-08
-9.56131e-08
1.20472e-07
-2.78461e-07
1.82848e-07
-5.27297e-07
2.48836e-07
-8.39386e-07
3.12089e-07
-1.20574e-06
3.66353e-07
-1.61885e-06
4.13106e-07
4.37013e-07
-2.05586e-06
8.15088e-09
-5.00425e-08
-9.60579e-09
-3.00013e-08
-8.84352e-08
5.90578e-08
-2.52956e-07
1.84054e-07
-5.19113e-07
3.31186e-07
-8.91679e-07
4.93038e-07
-1.36644e-06
6.57611e-07
-1.92385e-06
8.06241e-07
-2.52513e-06
9.13368e-07
-3.11691e-06
9.58138e-07
-3.63334e-06
9.29539e-07
7.8318e-07
-3.97951e-06
-2.86039e-08
-2.14387e-08
-1.43026e-07
8.44212e-08
-3.53857e-07
2.69888e-07
-6.7015e-07
5.00347e-07
-1.09674e-06
7.57781e-07
-1.62654e-06
1.02283e-06
-2.23632e-06
1.26739e-06
-2.8867e-06
1.45662e-06
-3.53221e-06
1.55888e-06
-4.1278e-06
1.55372e-06
-4.63065e-06
1.43239e-06
1.19992e-06
-5.04739e-06
-6.707e-08
4.56313e-08
-2.55596e-07
2.72947e-07
-5.53964e-07
5.68257e-07
-9.53751e-07
9.00134e-07
-1.44636e-06
1.25039e-06
-2.01286e-06
1.58933e-06
-2.61995e-06
1.87448e-06
-3.22319e-06
2.05987e-06
-3.77508e-06
2.11077e-06
-4.23026e-06
2.0089e-06
-4.53341e-06
1.73554e-06
1.35995e-06
-4.69344e-06
-8.77981e-08
1.33429e-07
-3.099e-07
4.95049e-07
-6.36808e-07
8.95164e-07
-1.04577e-06
1.3091e-06
-1.51977e-06
1.72439e-06
-2.0358e-06
2.10536e-06
-2.56266e-06
2.40134e-06
-3.06504e-06
2.56225e-06
-3.51096e-06
2.55668e-06
-3.87941e-06
2.37736e-06
-4.17905e-06
2.03518e-06
1.57126e-06
-4.39036e-06
-9.10443e-08
2.24474e-07
-3.05126e-07
7.09131e-07
-6.06897e-07
1.19694e-06
-9.65133e-07
1.66733e-06
-1.36091e-06
2.12016e-06
-1.77375e-06
2.51821e-06
-2.18082e-06
2.80841e-06
-2.55875e-06
2.94018e-06
-2.88847e-06
2.8864e-06
-3.15706e-06
2.64594e-06
-3.35897e-06
2.23709e-06
1.69571e-06
-3.48342e-06
-8.6453e-08
3.10927e-07
-2.61181e-07
8.83859e-07
-4.95993e-07
1.43175e-06
-7.59478e-07
1.93082e-06
-1.03813e-06
2.39881e-06
-1.31795e-06
2.79803e-06
-1.58608e-06
3.07655e-06
-1.82921e-06
3.1833e-06
-2.03612e-06
3.09331e-06
-2.19714e-06
2.80696e-06
-2.30386e-06
2.34382e-06
1.73717e-06
-2.34532e-06
-9.11335e-08
4.0206e-07
-2.08498e-07
1.00122e-06
-3.43865e-07
1.56711e-06
-4.79311e-07
2.06627e-06
-6.15283e-07
2.53478e-06
-7.458e-07
2.92855e-06
-8.66243e-07
3.19699e-06
-9.69701e-07
3.28676e-06
-1.04874e-06
3.17235e-06
-1.09411e-06
2.85233e-06
-1.09702e-06
2.34673e-06
1.68722e-06
-1.04708e-06
-1.28715e-07
5.30775e-07
-1.8268e-07
1.05519e-06
-1.88701e-07
1.57313e-06
-1.67912e-07
2.04548e-06
-1.4416e-07
2.51103e-06
-1.18977e-07
2.90336e-06
-9.12367e-08
3.16925e-06
-5.60466e-08
3.25157e-06
-7.00929e-09
3.12331e-06
6.58003e-08
2.77952e-06
1.69719e-07
2.24282e-06
1.54339e-06
3.13547e-07
-2.26662e-07
7.57436e-07
-2.16976e-07
1.0455e-06
-5.95902e-08
1.41575e-06
1.41811e-07
1.84408e-06
3.35344e-07
2.3175e-06
5.13712e-07
2.72499e-06
6.81237e-07
3.00173e-06
8.45616e-07
3.08719e-06
1.01434e-06
2.95459e-06
1.1983e-06
2.59556e-06
1.40161e-06
2.0395e-06
1.31363e-06
1.63138e-06
-3.60966e-07
1.1184e-06
-2.51751e-07
9.36288e-07
8.25899e-08
1.08141e-06
4.52595e-07
1.47407e-06
8.0125e-07
1.96884e-06
1.11565e-06
2.4106e-06
1.40436e-06
2.71301e-06
1.67933e-06
2.81222e-06
1.95016e-06
2.68376e-06
2.22902e-06
2.3167e-06
2.51549e-06
1.75303e-06
1.01249e-06
2.81663e-06
-1.05474e-07
1.22388e-06
1.2423e-07
7.06583e-07
4.9204e-07
7.13599e-07
8.79994e-07
1.08612e-06
1.28439e-06
1.56445e-06
1.67548e-06
2.0195e-06
2.04696e-06
2.34153e-06
2.40334e-06
2.45584e-06
2.75154e-06
2.33557e-06
3.10377e-06
1.96446e-06
3.45435e-06
1.40245e-06
3.81618e-06
6.50663e-07
-2.4344e-06
3.78544e-07
-2.70176e-06
2.67359e-07
-2.82572e-06
1.23962e-07
-2.79111e-06
-3.46101e-08
-2.56999e-06
-2.21122e-07
-2.211e-06
-3.5899e-07
-1.77357e-06
-4.3743e-07
-1.28199e-06
-4.91582e-07
-7.89794e-07
-4.92195e-07
-3.67823e-07
-4.21971e-07
-8.89679e-08
-2.78855e-07
-8.89679e-08
-4.20386e-06
6.02896e-07
-4.30263e-06
3.6612e-07
-4.27341e-06
9.47445e-08
-4.11346e-06
-1.94561e-07
-3.84342e-06
-4.91163e-07
-3.42322e-06
-7.79189e-07
-2.81843e-06
-1.04222e-06
-2.10549e-06
-1.20452e-06
-1.3578e-06
-1.23988e-06
-6.74161e-07
-1.10561e-06
-1.8022e-07
-7.72795e-07
-2.69188e-07
-5.29388e-06
8.49383e-07
-5.35453e-06
4.26776e-07
-5.22334e-06
-3.64532e-08
-4.91506e-06
-5.02838e-07
-4.46731e-06
-9.38912e-07
-3.91815e-06
-1.32835e-06
-3.27045e-06
-1.68992e-06
-2.53302e-06
-1.94195e-06
-1.72895e-06
-2.04396e-06
-9.30987e-07
-1.90358e-06
-2.82261e-07
-1.42152e-06
-5.51449e-07
-4.76605e-06
9.21993e-07
-4.76559e-06
4.26318e-07
-4.69777e-06
-1.04272e-07
-4.55045e-06
-6.50165e-07
-4.27857e-06
-1.21079e-06
-3.8472e-06
-1.75972e-06
-3.31118e-06
-2.22594e-06
-2.67206e-06
-2.58107e-06
-1.93605e-06
-2.77996e-06
-1.13484e-06
-2.70479e-06
-3.87796e-07
-2.16856e-06
-9.39246e-07
-4.48597e-06
1.01761e-06
-4.46206e-06
4.02412e-07
-4.3208e-06
-2.45533e-07
-4.06933e-06
-9.01642e-07
-3.73436e-06
-1.54576e-06
-3.35042e-06
-2.14365e-06
-2.913e-06
-2.66336e-06
-2.42066e-06
-3.07341e-06
-1.85219e-06
-3.34843e-06
-1.18719e-06
-3.36978e-06
-4.63836e-07
-2.89192e-06
-1.40308e-06
-3.51932e-06
1.05351e-06
-3.46106e-06
3.4415e-07
-3.31198e-06
-3.94612e-07
-3.08113e-06
-1.1325e-06
-2.78833e-06
-1.83856e-06
-2.46101e-06
-2.47097e-06
-2.11695e-06
-3.00743e-06
-1.77607e-06
-3.41429e-06
-1.42023e-06
-3.70427e-06
-1.00205e-06
-3.78797e-06
-4.55832e-07
-3.43813e-06
-1.85891e-06
-2.31532e-06
1.02351e-06
-2.21249e-06
2.41319e-07
-2.04381e-06
-5.63286e-07
-1.81973e-06
-1.35659e-06
-1.55695e-06
-2.10133e-06
-1.28307e-06
-2.74485e-06
-1.02452e-06
-3.26597e-06
-8.22444e-07
-3.61637e-06
-6.78279e-07
-3.84843e-06
-5.58317e-07
-3.90793e-06
-3.2072e-07
-3.67573e-06
-2.17963e-06
-9.4304e-07
9.19468e-07
-7.877e-07
8.59791e-08
-5.91154e-07
-7.59832e-07
-3.63806e-07
-1.58393e-06
-1.21794e-07
-2.34334e-06
1.05062e-07
-2.97171e-06
2.83782e-07
-3.44469e-06
3.56514e-07
-3.6891e-06
3.04287e-07
-3.79621e-06
1.18236e-07
-3.72188e-06
-3.65406e-08
-3.52096e-06
-2.21617e-06
4.9272e-07
7.40295e-07
7.03359e-07
-1.2466e-07
9.34492e-07
-9.90965e-07
1.17951e-06
-1.82895e-06
1.42034e-06
-2.58417e-06
1.62213e-06
-3.1735e-06
1.73856e-06
-3.56113e-06
1.69684e-06
-3.64738e-06
1.46812e-06
-3.56748e-06
9.91919e-07
-3.24568e-06
4.04667e-07
-2.9337e-06
-1.81151e-06
1.87778e-06
4.93893e-07
2.14194e-06
-3.88823e-07
2.41621e-06
-1.26524e-06
2.70104e-06
-2.11378e-06
2.97001e-06
-2.85314e-06
3.1808e-06
-3.38429e-06
3.26403e-06
-3.64435e-06
3.13777e-06
-3.52112e-06
2.76377e-06
-3.19348e-06
2.03734e-06
-2.51925e-06
1.01541e-06
-1.91178e-06
-7.96092e-07
3.12177e-06
1.88755e-07
3.44221e-06
-7.09265e-07
3.78008e-06
-1.6031e-06
4.13574e-06
-2.46945e-06
4.46301e-06
-3.1804e-06
4.71075e-06
-3.63203e-06
4.78295e-06
-3.71655e-06
4.61271e-06
-3.35089e-06
4.13936e-06
-2.72013e-06
3.24382e-06
-1.62371e-06
1.84228e-06
-5.1024e-07
1.04619e-06
4.18809e-06
-1.83152e-07
4.58947e-06
-1.11064e-06
5.02925e-06
-2.04289e-06
5.48375e-06
-2.92395e-06
5.87914e-06
-3.5758e-06
6.15659e-06
-3.90948e-06
6.20904e-06
-3.76899e-06
6.02896e-06
-3.17081e-06
5.50776e-06
-2.19893e-06
4.62739e-06
-7.43339e-07
3.04702e-06
1.07014e-06
4.09321e-06
4.20036e-08
-4.20036e-08
8.95965e-08
-4.75929e-08
1.08692e-07
-1.90956e-08
8.74931e-08
2.1199e-08
2.0099e-08
6.73941e-08
-1.04038e-07
1.24137e-07
-2.92325e-07
1.88288e-07
-5.48914e-07
2.56589e-07
-8.71441e-07
3.22526e-07
-1.24832e-06
3.76883e-07
-1.65838e-06
4.1006e-07
4.05298e-07
-2.06368e-06
7.82685e-09
-4.98304e-08
-1.11718e-08
-2.85942e-08
-9.24441e-08
6.21767e-08
-2.60274e-07
1.89029e-07
-5.31238e-07
3.38358e-07
-9.09952e-07
5.02851e-07
-1.3924e-06
6.7074e-07
-1.95997e-06
8.24158e-07
-2.57889e-06
9.41442e-07
-3.21734e-06
1.01533e-06
-3.84056e-06
1.03328e-06
9.0682e-07
-4.34208e-06
-2.94136e-08
-2.04169e-08
-1.46333e-07
8.83248e-08
-3.61066e-07
2.7691e-07
-6.82549e-07
5.10513e-07
-1.11525e-06
7.71057e-07
-1.65103e-06
1.03864e-06
-2.26439e-06
1.2841e-06
-2.91114e-06
1.47091e-06
-3.53251e-06
1.56281e-06
-4.04147e-06
1.52429e-06
-4.35727e-06
1.34908e-06
1.11183e-06
-4.56228e-06
-6.80807e-08
4.76639e-08
-2.59964e-07
2.80208e-07
-5.63433e-07
5.80379e-07
-9.69739e-07
9.16818e-07
-1.4698e-06
1.27111e-06
-2.04386e-06
1.6127e-06
-2.65779e-06
1.89802e-06
-3.26732e-06
2.08044e-06
-3.83036e-06
2.12585e-06
-4.32612e-06
2.02006e-06
-4.73244e-06
1.75539e-06
1.38802e-06
-5.00862e-06
-8.85087e-08
1.36173e-07
-3.14181e-07
5.05881e-07
-6.46758e-07
9.12956e-07
-1.06294e-06
1.333e-06
-1.54499e-06
1.75317e-06
-2.06906e-06
2.13676e-06
-2.6032e-06
2.43217e-06
-3.11196e-06
2.5892e-06
-3.56388e-06
2.57777e-06
-3.93674e-06
2.39292e-06
-4.228e-06
2.04665e-06
1.57826e-06
-4.41824e-06
-9.05677e-08
2.2674e-07
-3.07726e-07
7.23039e-07
-6.15315e-07
1.22054e-06
-9.81163e-07
1.69885e-06
-1.38517e-06
2.15718e-06
-1.80581e-06
2.5574e-06
-2.21939e-06
2.84575e-06
-2.60208e-06
2.97189e-06
-2.93439e-06
2.91009e-06
-3.2024e-06
2.66093e-06
-3.39953e-06
2.24378e-06
1.69411e-06
-3.51538e-06
-8.34327e-08
3.10173e-07
-2.60103e-07
8.99709e-07
-5.00933e-07
1.46137e-06
-7.7271e-07
1.97063e-06
-1.05994e-06
2.4444e-06
-1.34735e-06
2.84481e-06
-1.62131e-06
3.1197e-06
-1.86815e-06
3.21873e-06
-2.07655e-06
3.11849e-06
-2.23657e-06
2.82094e-06
-2.33966e-06
2.34687e-06
1.73004e-06
-2.37559e-06
-8.34286e-08
3.93602e-07
-2.01038e-07
1.01732e-06
-3.43399e-07
1.60373e-06
-4.88775e-07
2.116e-06
-6.34247e-07
2.58987e-06
-7.7234e-07
2.98291e-06
-8.97972e-07
3.24534e-06
-1.00421e-06
3.32497e-06
-1.0838e-06
3.19809e-06
-1.12765e-06
2.86478e-06
-1.1273e-06
2.34653e-06
1.67542e-06
-1.07268e-06
-1.12949e-07
5.0655e-07
-1.65081e-07
1.06945e-06
-1.80947e-07
1.6196e-06
-1.73407e-07
2.10846e-06
-1.60894e-07
2.57736e-06
-1.4338e-07
2.96539e-06
-1.19989e-07
3.22195e-06
-8.63522e-08
3.29133e-06
-3.66764e-08
3.14841e-06
3.86207e-08
2.78949e-06
1.46145e-07
2.239e-06
1.52691e-06
2.94652e-07
-1.98799e-07
7.05349e-07
-1.85692e-07
1.05634e-06
-4.40946e-08
1.478e-06
1.39034e-07
1.92533e-06
3.19094e-07
2.3973e-06
4.89908e-07
2.79458e-06
6.54347e-07
3.05751e-06
8.18861e-07
3.12682e-06
9.89809e-07
2.97746e-06
1.1776e-06
2.60169e-06
1.38528e-06
2.03133e-06
1.29203e-06
1.62016e-06
-3.2625e-07
1.0316e-06
-2.18434e-07
9.48528e-07
9.41841e-08
1.16539e-06
4.44494e-07
1.57502e-06
7.80721e-07
2.06108e-06
1.08967e-06
2.48563e-06
1.37761e-06
2.76957e-06
1.65499e-06
2.84943e-06
1.93e-06
2.70246e-06
2.21427e-06
2.31742e-06
2.50608e-06
1.73952e-06
9.85158e-07
2.81296e-06
-1.34246e-07
1.16585e-06
8.28112e-08
7.3147e-07
4.43912e-07
8.04285e-07
8.34663e-07
1.18427e-06
1.24374e-06
1.652e-06
1.63987e-06
2.08949e-06
2.0166e-06
2.39284e-06
2.37917e-06
2.48687e-06
2.73403e-06
2.3476e-06
3.09337e-06
1.95808e-06
3.45033e-06
1.38256e-06
3.81872e-06
6.16761e-07
-2.4112e-06
3.47521e-07
-2.65911e-06
2.47909e-07
-2.78051e-06
1.21402e-07
-2.76969e-06
-1.08217e-08
-2.57779e-06
-1.91899e-07
-2.24144e-06
-3.36349e-07
-1.80348e-06
-4.37967e-07
-1.30411e-06
-4.99371e-07
-8.03983e-07
-5.00122e-07
-3.75646e-07
-4.28338e-07
-9.20951e-08
-2.83551e-07
-9.20951e-08
-4.68474e-06
6.90183e-07
-4.83695e-06
4.00115e-07
-4.78725e-06
7.17061e-08
-4.51941e-06
-2.78663e-07
-4.09101e-06
-6.20297e-07
-3.52602e-06
-9.01344e-07
-2.86137e-06
-1.10261e-06
-2.12574e-06
-1.23501e-06
-1.36818e-06
-1.25768e-06
-6.7925e-07
-1.11726e-06
-1.82093e-07
-7.80708e-07
-2.74188e-07
-4.66927e-06
7.97171e-07
-4.68682e-06
4.17671e-07
-4.62051e-06
5.38805e-09
-4.46304e-06
-4.36132e-07
-4.21735e-06
-8.65987e-07
-3.83386e-06
-1.28483e-06
-3.24769e-06
-1.68878e-06
-2.52882e-06
-1.95388e-06
-1.7292e-06
-2.05731e-06
-9.31611e-07
-1.91485e-06
-2.82496e-07
-1.42982e-06
-5.56684e-07
-5.14487e-06
9.33419e-07
-5.14261e-06
4.15416e-07
-5.00035e-06
-1.36879e-07
-4.73982e-06
-6.96661e-07
-4.3569e-06
-1.24891e-06
-3.86419e-06
-1.77754e-06
-3.31287e-06
-2.24011e-06
-2.67113e-06
-2.59561e-06
-1.93511e-06
-2.79333e-06
-1.13402e-06
-2.71594e-06
-3.87358e-07
-2.17648e-06
-9.44042e-07
-4.49874e-06
1.01391e-06
-4.46918e-06
3.85862e-07
-4.33219e-06
-2.73872e-07
-4.09206e-06
-9.36795e-07
-3.76178e-06
-1.57919e-06
-3.36718e-06
-2.17214e-06
-2.92051e-06
-2.68677e-06
-2.42261e-06
-3.09351e-06
-1.85176e-06
-3.36418e-06
-1.18595e-06
-3.38175e-06
-4.63097e-07
-2.89934e-06
-1.40714e-06
-3.54342e-06
1.04195e-06
-3.48015e-06
3.22592e-07
-3.33009e-06
-4.23937e-07
-3.09979e-06
-1.1671e-06
-2.80565e-06
-1.87332e-06
-2.47329e-06
-2.5045e-06
-2.12393e-06
-3.03614e-06
-1.77838e-06
-3.43907e-06
-1.42003e-06
-3.72252e-06
-1.0006e-06
-3.80118e-06
-4.54877e-07
-3.44506e-06
-1.86202e-06
-2.34035e-06
1.00671e-06
-2.23315e-06
2.15395e-07
-2.06219e-06
-5.94899e-07
-1.83594e-06
-1.39334e-06
-1.57093e-06
-2.13833e-06
-1.293e-06
-2.78243e-06
-1.03092e-06
-3.29821e-06
-8.25018e-07
-3.64497e-06
-6.78959e-07
-3.86858e-06
-5.57492e-07
-3.92265e-06
-3.20033e-07
-3.68252e-06
-2.18205e-06
-9.64399e-07
8.98428e-07
-8.05094e-07
5.60898e-08
-6.06196e-07
-7.93797e-07
-3.75967e-07
-1.62357e-06
-1.32021e-07
-2.38227e-06
9.82451e-08
-3.0127e-06
2.78799e-07
-3.47876e-06
3.54172e-07
-3.72034e-06
3.02194e-07
-3.81661e-06
1.17329e-07
-3.73778e-06
-3.71701e-08
-3.52802e-06
-2.21922e-06
4.77639e-07
7.15441e-07
6.92058e-07
-1.58328e-07
9.2529e-07
-1.02703e-06
1.17332e-06
-1.87161e-06
1.41558e-06
-2.62453e-06
1.62012e-06
-3.21724e-06
1.73645e-06
-3.59509e-06
1.6958e-06
-3.6797e-06
1.4644e-06
-3.58521e-06
9.882e-07
-3.26158e-06
4.01079e-07
-2.9409e-06
-1.81814e-06
1.86994e-06
4.65659e-07
2.13798e-06
-4.2637e-07
2.41423e-06
-1.30328e-06
2.70232e-06
-2.15969e-06
2.97266e-06
-2.89487e-06
3.1854e-06
-3.42998e-06
3.26627e-06
-3.67596e-06
3.13902e-06
-3.55245e-06
2.75803e-06
-3.20421e-06
2.02968e-06
-2.53323e-06
1.00661e-06
-1.91783e-06
-8.11531e-07
3.12118e-06
1.57432e-07
3.44585e-06
-7.51034e-07
3.78648e-06
-1.64392e-06
4.14569e-06
-2.5189e-06
4.47477e-06
-3.22395e-06
4.72323e-06
-3.67844e-06
4.7908e-06
-3.74353e-06
4.61647e-06
-3.37813e-06
4.1303e-06
-2.71804e-06
3.23029e-06
-1.63322e-06
1.82415e-06
-5.11694e-07
1.01262e-06
4.1945e-06
-2.18343e-07
4.60114e-06
-1.15768e-06
5.04577e-06
-2.08854e-06
5.5037e-06
-2.97684e-06
5.90084e-06
-3.62109e-06
6.17644e-06
-3.95404e-06
6.22303e-06
-3.79012e-06
6.03416e-06
-3.18926e-06
5.49392e-06
-2.17779e-06
4.6027e-06
-7.41998e-07
2.99754e-06
1.09347e-06
4.01016e-06
6.63934e-09
-6.63934e-09
-1.21976e-08
1.88369e-08
-6.07364e-08
4.85388e-08
-1.41982e-07
8.12458e-08
-2.56066e-07
1.14084e-07
-4.01024e-07
1.44958e-07
-5.7159e-07
1.70566e-07
-7.58387e-07
1.86797e-07
-9.48692e-07
1.90306e-07
-1.12861e-06
1.79922e-07
-1.28493e-06
1.56316e-07
1.21607e-07
-1.40654e-06
-4.15764e-08
3.49371e-08
-1.52275e-07
1.29536e-07
-3.31217e-07
2.2748e-07
-5.71965e-07
3.21995e-07
-8.67115e-07
4.09233e-07
-1.20404e-06
4.81883e-07
-1.56219e-06
5.28721e-07
-1.91419e-06
5.38796e-07
-2.23146e-06
5.07575e-07
-2.49117e-06
4.39627e-07
-2.67885e-06
3.44001e-07
2.30829e-07
-2.78807e-06
-8.17765e-08
1.16714e-07
-2.8361e-07
3.3137e-07
-5.74532e-07
5.18401e-07
-9.34282e-07
6.81745e-07
-1.34488e-06
8.19833e-07
-1.78212e-06
9.19122e-07
-2.21285e-06
9.59449e-07
-2.59893e-06
9.24879e-07
-2.90793e-06
8.16569e-07
-3.12358e-06
6.55284e-07
-3.24452e-06
4.64934e-07
2.69852e-07
-3.28354e-06
-1.10872e-07
2.27585e-07
-3.67438e-07
5.87936e-07
-7.22246e-07
8.7321e-07
-1.14396e-06
1.10346e-06
-1.60727e-06
1.28315e-06
-2.08234e-06
1.39419e-06
-2.53159e-06
1.4087e-06
-2.91177e-06
1.30506e-06
-3.18496e-06
1.08976e-06
-3.34211e-06
8.12434e-07
-3.38473e-06
5.0756e-07
2.50322e-07
-3.3652e-06
-1.16589e-07
3.44174e-07
-3.85851e-07
8.57198e-07
-7.55504e-07
1.24286e-06
-1.19049e-06
1.53845e-06
-1.66662e-06
1.75927e-06
-2.15751e-06
1.88507e-06
-2.62603e-06
1.87723e-06
-3.01431e-06
1.69334e-06
-3.25121e-06
1.32665e-06
-3.36279e-06
9.24019e-07
-3.37476e-06
5.19528e-07
1.96925e-07
-3.32136e-06
-1.01293e-07
4.45467e-07
-3.42703e-07
1.09861e-06
-6.8283e-07
1.58299e-06
-1.09121e-06
1.94683e-06
-1.55214e-06
2.2202e-06
-2.04586e-06
2.3788e-06
-2.52528e-06
2.35665e-06
-2.88011e-06
2.04817e-06
-2.92728e-06
1.37382e-06
-2.8955e-06
8.92243e-07
-3.00564e-06
6.29661e-07
3.1429e-07
-3.123e-06
-7.09359e-08
5.16403e-07
-2.47213e-07
1.27489e-06
-5.10325e-07
1.8461e-06
-8.38103e-07
2.27461e-06
-1.22398e-06
2.60607e-06
-1.65402e-06
2.80884e-06
-2.08393e-06
2.78656e-06
-2.38068e-06
2.34492e-06
-2.3701e-06
1.36323e-06
-2.29562e-06
8.17761e-07
-2.31328e-06
6.47329e-07
4.18765e-07
-2.41776e-06
-3.92279e-08
5.55631e-07
-1.24339e-07
1.36e-06
-2.70395e-07
1.99216e-06
-4.70941e-07
2.47515e-06
-7.32478e-07
2.86761e-06
-1.05018e-06
3.12654e-06
-1.3933e-06
3.12969e-06
-1.51992e-06
2.47154e-06
-1.34783e-06
1.19114e-06
-1.24118e-06
7.11105e-07
-1.22296e-06
6.2911e-07
4.60932e-07
-1.26512e-06
-2.44136e-08
5.80044e-07
-4.7377e-09
1.34032e-06
2.58253e-09
1.98484e-06
-2.03819e-08
2.49812e-06
-8.12166e-08
2.92845e-06
-1.66244e-07
3.21157e-06
-1.8328e-07
3.14672e-06
9.50224e-08
2.19323e-06
1.28905e-07
1.15726e-06
1.32279e-07
7.07731e-07
1.59684e-07
6.01706e-07
4.60918e-07
1.59698e-07
-4.81941e-08
6.28238e-07
7.51459e-08
1.21698e-06
2.57814e-07
1.80217e-06
4.32419e-07
2.32351e-06
5.83105e-07
2.77776e-06
7.26027e-07
3.06865e-06
9.17669e-07
2.95508e-06
1.17113e-06
1.93978e-06
1.32303e-06
1.00535e-06
1.45461e-06
5.76151e-07
1.54614e-06
5.10183e-07
4.21651e-07
1.5854e-06
-9.99438e-08
7.28182e-07
1.31373e-07
9.85664e-07
4.85549e-07
1.44799e-06
8.35902e-07
1.97316e-06
1.1551e-06
2.45856e-06
1.45984e-06
2.76391e-06
1.70773e-06
2.70719e-06
1.7918e-06
1.85571e-06
2.02198e-06
7.75166e-07
2.4497e-06
1.48431e-07
2.69084e-06
2.69047e-07
3.73686e-07
2.7388e-06
7.98608e-08
6.48321e-07
3.7983e-07
6.85694e-07
8.12339e-07
1.01548e-06
1.23076e-06
1.55474e-06
1.6316e-06
2.05771e-06
2.02474e-06
2.37078e-06
2.31395e-06
2.41798e-06
2.41119e-06
1.75847e-06
2.69018e-06
4.96182e-07
3.1718e-06
-3.3319e-07
3.41018e-06
3.06584e-08
3.41926e-06
3.64613e-07
-1.48443e-06
7.78941e-08
-1.51359e-06
2.91595e-08
-1.48154e-06
-3.20555e-08
-1.38128e-06
-1.00256e-07
-1.22462e-06
-1.56657e-07
-1.02383e-06
-2.00794e-07
-7.95064e-07
-2.28766e-07
-5.58513e-07
-2.3655e-07
-3.36807e-07
-2.21707e-07
-1.55274e-07
-1.81532e-07
-3.77612e-08
-1.17513e-07
-3.77612e-08
-2.81472e-06
1.04541e-07
-2.74933e-06
-3.62296e-08
-2.59779e-06
-1.83598e-07
-2.37172e-06
-3.26327e-07
-2.07833e-06
-4.50041e-07
-1.73309e-06
-5.46035e-07
-1.35631e-06
-6.05548e-07
-9.72867e-07
-6.19995e-07
-6.08853e-07
-5.85721e-07
-2.97655e-07
-4.9273e-07
-8.03933e-08
-3.34774e-07
-1.18154e-07
-3.25222e-06
7.3226e-08
-3.13505e-06
-1.53405e-07
-2.931e-06
-3.87646e-07
-2.65317e-06
-6.0416e-07
-2.31444e-06
-7.88775e-07
-1.93068e-06
-9.29794e-07
-1.52189e-06
-1.01434e-06
-1.11342e-06
-1.02847e-06
-7.22302e-07
-9.76835e-07
-3.73533e-07
-8.41499e-07
-1.10974e-07
-5.97334e-07
-2.29129e-07
-3.31277e-06
2.07869e-08
-3.18606e-06
-2.80107e-07
-2.97674e-06
-5.96967e-07
-2.6924e-06
-8.88507e-07
-2.34444e-06
-1.13673e-06
-1.94963e-06
-1.3246e-06
-1.53177e-06
-1.43221e-06
-1.13167e-06
-1.42856e-06
-7.58217e-07
-1.35029e-06
-4.14802e-07
-1.18491e-06
-1.33163e-07
-8.78972e-07
-3.62292e-07
-3.2721e-06
-2.84718e-08
-3.20528e-06
-3.46934e-07
-3.04456e-06
-7.57679e-07
-2.76543e-06
-1.16764e-06
-2.4104e-06
-1.49176e-06
-1.99441e-06
-1.74059e-06
-1.53022e-06
-1.8964e-06
-1.11065e-06
-1.84813e-06
-7.55257e-07
-1.70568e-06
-4.38384e-07
-1.50179e-06
-1.55851e-07
-1.16151e-06
-5.18143e-07
-3.17352e-06
2.20485e-08
-3.19556e-06
-3.24898e-07
-3.15193e-06
-8.01307e-07
-3.00348e-06
-1.31609e-06
-2.6994e-06
-1.79585e-06
-2.23526e-06
-2.20473e-06
-1.68719e-06
-2.44446e-06
-1.15593e-06
-2.37939e-06
-7.67334e-07
-2.09428e-06
-4.64693e-07
-1.80443e-06
-1.83436e-07
-1.44276e-06
-7.0158e-07
-2.52192e-06
1.26206e-07
-2.60558e-06
-2.41229e-07
-2.64736e-06
-7.59535e-07
-2.61278e-06
-1.35066e-06
-2.48425e-06
-1.92439e-06
-2.24656e-06
-2.44242e-06
-1.85708e-06
-2.83394e-06
-1.32437e-06
-2.9121e-06
-8.71477e-07
-2.54717e-06
-5.2839e-07
-2.14751e-06
-2.23782e-07
-1.74737e-06
-9.25361e-07
-1.32271e-06
1.83794e-07
-1.41409e-06
-1.49857e-07
-1.48815e-06
-6.8547e-07
-1.50663e-06
-1.33218e-06
-1.51654e-06
-1.91448e-06
-1.56653e-06
-2.39244e-06
-1.67198e-06
-2.72848e-06
-1.67995e-06
-2.90413e-06
-1.14351e-06
-3.08361e-06
-6.28249e-07
-2.66277e-06
-2.62802e-07
-2.11282e-06
-1.18816e-06
1.78635e-07
1.64858e-07
1.06853e-07
-7.80746e-08
3.60604e-08
-6.14677e-07
5.77134e-08
-1.35383e-06
7.96573e-08
-1.93642e-06
4.25796e-08
-2.35536e-06
-1.79487e-07
-2.50641e-06
-7.18481e-07
-2.36514e-06
-8.79126e-07
-2.92297e-06
-4.89118e-07
-3.05278e-06
-1.84807e-07
-2.41713e-06
-1.37297e-06
1.71099e-06
3.92664e-08
1.68736e-06
-5.44361e-08
1.6496e-06
-5.76921e-07
1.7799e-06
-1.48412e-06
1.90732e-06
-2.06384e-06
2.06157e-06
-2.50962e-06
2.27625e-06
-2.72109e-06
2.12799e-06
-2.21687e-06
1.20002e-06
-1.995e-06
4.79852e-07
-2.33261e-06
2.59088e-07
-2.19636e-06
-1.11388e-06
2.9829e-06
-2.04836e-07
3.08189e-06
-1.53426e-07
3.16691e-06
-6.61934e-07
3.51305e-06
-1.83026e-06
3.79296e-06
-2.34376e-06
3.90233e-06
-2.61899e-06
3.9418e-06
-2.76055e-06
3.99796e-06
-2.27303e-06
3.56391e-06
-1.56096e-06
2.44802e-06
-1.21673e-06
1.16794e-06
-9.16278e-07
5.40551e-08
3.71899e-06
-5.04571e-07
4.06849e-06
-5.02921e-07
4.47266e-06
-1.06611e-06
5.03579e-06
-2.3934e-06
5.50591e-06
-2.81388e-06
5.69374e-06
-2.80681e-06
5.59981e-06
-2.66662e-06
5.38471e-06
-2.05794e-06
5.03493e-06
-1.21117e-06
4.13409e-06
-3.15892e-07
2.47407e-06
7.43745e-07
2.52812e-06
3.74521e-06
1.97815e-06
-4.86265e-06
2.88273e-06
1.50043e-06
2.31458e-06
1.06053e-06
2.06097e-06
1.1145e-06
2.13325e-06
1.32488e-06
2.34018e-06
1.77118e-06
2.56225e-06
2.13476e-06
2.75179e-06
2.29844e-06
2.92384e-06
2.25524e-06
3.09958e-06
2.03281e-06
3.36572e-06
1.25535e-06
1.48044e-07
3.87797e-06
5.68222e-06
2.58323e-06
-6.2873e-06
4.98567e-06
2.19698e-06
4.28054e-06
1.76566e-06
3.76324e-06
1.6318e-06
3.47632e-06
1.6118e-06
3.33485e-06
1.91265e-06
3.33639e-06
2.13322e-06
3.4357e-06
2.19914e-06
3.54979e-06
2.14115e-06
3.73571e-06
1.84689e-06
4.1829e-06
8.0816e-07
-6.06056e-07
4.937e-06
6.65632e-06
2.85104e-06
-6.92413e-06
6.23114e-06
2.62217e-06
5.70947e-06
2.28733e-06
5.24817e-06
2.09309e-06
4.86165e-06
1.99832e-06
4.53588e-06
2.23842e-06
4.21222e-06
2.45687e-06
4.05421e-06
2.35715e-06
4.08417e-06
2.11118e-06
4.48885e-06
1.44221e-06
5.32956e-06
-3.25505e-08
-1.69027e-06
6.41377e-06
7.01356e-06
-7.0523e-06
2.88979e-06
6.87017e-06
2.76555e-06
6.59222e-06
2.56529e-06
6.12586e-06
2.55945e-06
5.36494e-06
2.75924e-06
4.39313e-06
3.21023e-06
3.80452e-06
3.04549e-06
3.89328e-06
2.26838e-06
4.64411e-06
1.36035e-06
5.84989e-06
2.36435e-07
7.29177e-06
-1.47443e-06
8.57461e-06
-2.9731e-06
4.49583e-06
-7.09761e-07
5.1833e-06
-1.57388e-06
5.78361e-06
-2.39778e-06
6.26871e-06
-3.04992e-06
6.67767e-06
-3.43949e-06
7.06012e-06
-3.49968e-06
7.30319e-06
-3.55149e-06
7.28358e-06
-3.26398e-06
6.94034e-06
-2.41961e-06
6.28892e-06
-8.27671e-07
5.85715e-06
6.55079e-07
4.35655e-06
5.70996e-06
5.74041e-06
-1.51317e-06
6.53702e-06
-2.37048e-06
7.22356e-06
-3.08433e-06
7.71207e-06
-3.53842e-06
8.06093e-06
-3.78836e-06
8.30943e-06
-3.74817e-06
8.3888e-06
-3.63086e-06
8.24072e-06
-3.1159e-06
7.93281e-06
-2.11171e-06
7.46273e-06
-3.57589e-07
7.19004e-06
9.27771e-07
4.17753e-06
7.36906e-06
7.3613e-06
-2.4607e-06
8.12783e-06
-3.13702e-06
8.64195e-06
-3.59844e-06
8.99024e-06
-3.88671e-06
9.21647e-06
-4.01459e-06
9.27412e-06
-3.80582e-06
9.14262e-06
-3.49936e-06
8.78749e-06
-2.76076e-06
8.44633e-06
-1.77055e-06
8.09464e-06
-5.90093e-09
7.6981e-06
1.32431e-06
4.02772e-06
7.84791e-06
9.55436e-06
-3.44045e-06
9.98943e-06
-3.57209e-06
9.93667e-06
-3.54568e-06
9.64788e-06
-3.59792e-06
9.28038e-06
-3.64709e-06
9.04645e-06
-3.5719e-06
8.85856e-06
-3.31147e-06
8.64511e-06
-2.54731e-06
8.37894e-06
-1.50438e-06
8.03412e-06
3.38922e-07
7.59726e-06
1.76117e-06
7.60112e-06
4.02387e-06
3.9276e-06
3.00623e-06
2.6239e-06
2.01029e-06
1.97831e-06
1.35918e-06
1.83027e-06
1.23416e-06
1.98229e-06
1.41243e-06
2.28128e-06
1.72051e-06
2.64016e-06
1.98265e-06
3.02073e-06
2.07527e-06
3.40981e-06
1.94648e-06
3.81201e-06
1.56227e-06
4.2176e-06
9.96853e-07
2.14483e-07
4.65378e-06
6.48036e-06
3.89494e-06
5.22299e-06
3.26766e-06
4.11326e-06
2.46892e-06
3.40407e-06
1.94335e-06
3.1085e-06
1.708e-06
3.12188e-06
1.70713e-06
3.32416e-06
1.78037e-06
3.63449e-06
1.76494e-06
4.01163e-06
1.56934e-06
4.44588e-06
1.12802e-06
4.9273e-06
5.1543e-07
-3.58284e-07
5.50007e-06
7.5536e-06
4.18924e-06
6.83139e-06
3.98987e-06
5.94787e-06
3.35244e-06
5.15277e-06
2.73845e-06
4.5896e-06
2.27118e-06
4.30251e-06
1.99422e-06
4.26548e-06
1.8174e-06
4.43289e-06
1.59753e-06
4.77593e-06
1.2263e-06
5.27177e-06
6.32175e-07
5.90634e-06
-1.19138e-07
-1.16012e-06
6.70818e-06
7.58197e-06
4.20839e-06
7.34247e-06
4.22937e-06
6.92166e-06
3.77325e-06
6.42122e-06
3.23889e-06
5.94999e-06
2.7424e-06
5.61374e-06
2.33047e-06
5.50271e-06
1.92843e-06
5.66789e-06
1.43235e-06
6.12407e-06
7.70115e-07
6.81224e-06
-5.59965e-08
7.68969e-06
-9.96589e-07
8.61116e-06
-2.08159e-06
5.1345e-06
-6.63871e-07
5.6703e-06
-1.64644e-06
6.24663e-06
-2.61922e-06
6.7825e-06
-3.45982e-06
7.20087e-06
-3.99417e-06
7.44261e-06
-4.15122e-06
7.43659e-06
-3.76298e-06
7.22201e-06
-2.95624e-06
6.76868e-06
-1.74559e-06
6.11317e-06
-8.78335e-08
5.68033e-06
1.50298e-06
4.51e-06
5.26353e-06
6.15842e-06
-1.32222e-06
6.85327e-06
-2.34129e-06
7.51979e-06
-3.28574e-06
8.01611e-06
-3.95614e-06
8.32758e-06
-4.30564e-06
8.42926e-06
-4.2529e-06
8.31191e-06
-3.64563e-06
8.02579e-06
-2.67011e-06
7.63937e-06
-1.35918e-06
7.09145e-06
4.60092e-07
6.85639e-06
1.73804e-06
4.50065e-06
6.86574e-06
7.53358e-06
-2.14762e-06
8.22796e-06
-3.03567e-06
8.75606e-06
-3.81383e-06
9.14682e-06
-4.34691e-06
9.19593e-06
-4.35474e-06
8.94931e-06
-4.00628e-06
8.66377e-06
-3.36009e-06
8.31231e-06
-2.31866e-06
7.94192e-06
-9.88786e-07
7.51982e-06
8.82191e-07
7.19569e-06
2.06217e-06
4.39352e-06
7.30282e-06
9.34055e-06
-2.87702e-06
9.79051e-06
-3.48563e-06
9.77063e-06
-3.79395e-06
9.38043e-06
-3.9567e-06
9.01583e-06
-3.99015e-06
8.67645e-06
-3.6669e-06
8.37795e-06
-3.06158e-06
8.05721e-06
-1.99792e-06
7.71791e-06
-6.4948e-07
7.37888e-06
1.22122e-06
7.00554e-06
2.43551e-06
7.0196e-06
4.37946e-06
3.43027e-06
2.99911e-06
2.212e-06
1.94974e-06
1.70079e-06
1.31549e-06
1.65755e-06
1.22752e-06
1.87576e-06
1.43379e-06
2.21267e-06
1.75258e-06
2.59367e-06
2.01184e-06
2.98921e-06
2.09132e-06
3.38972e-06
1.94709e-06
3.80173e-06
1.54607e-06
4.21607e-06
9.68227e-07
1.71569e-07
4.66126e-06
5.84726e-06
4.01759e-06
4.5958e-06
3.2012e-06
3.61235e-06
2.29894e-06
3.05789e-06
1.78197e-06
2.88807e-06
1.60361e-06
2.98393e-06
1.65672e-06
3.23633e-06
1.75944e-06
3.57853e-06
1.74912e-06
3.97743e-06
1.54819e-06
4.42851e-06
1.09498e-06
4.92657e-06
4.70176e-07
-4.16326e-07
5.51446e-06
6.93592e-06
4.38449e-06
6.19642e-06
3.94071e-06
5.38197e-06
3.11338e-06
4.70488e-06
2.45906e-06
4.26515e-06
2.04335e-06
4.07987e-06
1.842e-06
4.11804e-06
1.72126e-06
4.3405e-06
1.52667e-06
4.72366e-06
1.16503e-06
5.25001e-06
5.68636e-07
5.91705e-06
-1.9686e-07
-1.24314e-06
6.74387e-06
6.99537e-06
4.40872e-06
6.77225e-06
4.16382e-06
6.41227e-06
3.47337e-06
5.99749e-06
2.87384e-06
5.61878e-06
2.42206e-06
5.37282e-06
2.08796e-06
5.34565e-06
1.74844e-06
5.58335e-06
1.28897e-06
6.09514e-06
6.53228e-07
6.82473e-06
-1.60954e-07
7.7363e-06
-1.10843e-06
8.68378e-06
-2.19063e-06
5.14845e-06
-7.05531e-07
5.69181e-06
-1.70104e-06
6.27506e-06
-2.67179e-06
6.81284e-06
-3.51462e-06
7.23143e-06
-4.03968e-06
7.46632e-06
-4.18894e-06
7.45499e-06
-3.77878e-06
7.22494e-06
-2.95921e-06
6.75511e-06
-1.70796e-06
6.05666e-06
-4.35507e-08
5.60353e-06
1.5466e-06
4.68828e-06
4.9254e-06
6.18397e-06
-1.37504e-06
6.88886e-06
-2.40593e-06
7.56138e-06
-3.34431e-06
8.05232e-06
-4.00556e-06
8.36084e-06
-4.3482e-06
8.46035e-06
-4.28844e-06
8.32763e-06
-3.64606e-06
8.02361e-06
-2.65519e-06
7.62512e-06
-1.30948e-06
7.02785e-06
5.53724e-07
6.77197e-06
1.80248e-06
4.74987e-06
6.71039e-06
7.57838e-06
-2.20956e-06
8.27687e-06
-3.10442e-06
8.80848e-06
-3.87592e-06
9.19954e-06
-4.39662e-06
9.23525e-06
-4.38391e-06
8.96355e-06
-4.01674e-06
8.66741e-06
-3.34993e-06
8.29872e-06
-2.2865e-06
7.91789e-06
-9.28649e-07
7.46326e-06
1.00835e-06
7.11512e-06
2.15062e-06
4.64888e-06
7.21611e-06
9.45632e-06
-2.98209e-06
9.87598e-06
-3.52408e-06
9.82414e-06
-3.82408e-06
9.39532e-06
-3.9678e-06
9.01141e-06
-3.99999e-06
8.65788e-06
-3.66322e-06
8.35607e-06
-3.04812e-06
8.02305e-06
-1.95347e-06
7.67222e-06
-5.77826e-07
7.32281e-06
1.35776e-06
6.92733e-06
2.5461e-06
6.94843e-06
4.62779e-06
2.8588e-06
2.71493e-06
1.90074e-06
1.64375e-06
1.69936e-06
1.21687e-06
1.84152e-06
1.41258e-06
2.13172e-06
1.76751e-06
2.5002e-06
2.0023e-06
2.78578e-06
2.1324e-06
2.91268e-06
1.63156e-06
3.19624e-06
2.12622e-07
3.58796e-06
-7.24907e-07
3.6599e-06
-4.12847e-08
3.30809e-07
3.6937e-06
5.39867e-06
4.02664e-06
3.94182e-06
3.1006e-06
2.96182e-06
2.19688e-06
2.69918e-06
1.67522e-06
2.73322e-06
1.73347e-06
2.96115e-06
1.77438e-06
3.18788e-06
1.90567e-06
3.43075e-06
1.38869e-06
3.89149e-06
-2.48117e-07
4.37105e-06
-1.20446e-06
4.5092e-06
-1.79442e-07
6.27616e-08
4.77725e-06
6.70154e-06
4.54121e-06
5.74106e-06
4.06108e-06
4.70876e-06
3.22917e-06
3.94459e-06
2.43938e-06
3.32546e-06
2.3526e-06
3.32822e-06
1.77161e-06
3.59537e-06
1.63853e-06
4.1916e-06
7.92453e-07
4.9374e-06
-9.93913e-07
5.37597e-06
-1.64303e-06
5.87554e-06
-6.79016e-07
-8.25319e-07
6.76362e-06
6.88559e-06
4.60405e-06
6.54026e-06
4.40641e-06
5.94018e-06
3.82925e-06
4.69471e-06
3.68486e-06
3.27787e-06
3.76944e-06
3.29351e-06
1.75597e-06
4.64886e-06
2.83182e-07
6.17404e-06
-7.32727e-07
7.20289e-06
-2.02276e-06
7.50335e-06
-1.9435e-06
7.79902e-06
-9.74686e-07
8.55391e-06
-1.5802e-06
3.9758e-06
-7.86671e-07
5.06825e-06
-1.59536e-06
6.00265e-06
-2.00051e-06
6.48502e-06
-2.87576e-06
6.89039e-06
-3.21925e-06
7.05486e-06
-2.97129e-06
6.91783e-06
-2.52959e-06
6.63657e-06
-1.77668e-06
6.2746e-06
-8.49201e-07
5.72236e-06
2.36355e-07
5.15807e-06
1.30803e-06
2.82354e-06
5.4057e-06
-1.41512e-06
6.40608e-06
-2.59574e-06
7.48623e-06
-3.08066e-06
7.87911e-06
-3.26864e-06
8.01736e-06
-3.3575e-06
7.98049e-06
-2.93442e-06
7.76511e-06
-2.31421e-06
7.46051e-06
-1.47208e-06
7.11962e-06
-5.08314e-07
6.71296e-06
6.43019e-07
6.42498e-06
1.59601e-06
2.96123e-06
7.67569e-06
-2.32719e-06
8.28045e-06
-3.20051e-06
8.58878e-06
-3.389e-06
8.67614e-06
-3.356e-06
8.54072e-06
-3.22208e-06
8.34833e-06
-2.74204e-06
8.09468e-06
-2.06055e-06
7.80221e-06
-1.17961e-06
7.51008e-06
-2.16182e-07
7.20016e-06
9.52937e-07
6.96437e-06
1.8318e-06
3.00146e-06
8.98396e-06
-2.75724e-06
9.00345e-06
-3.21999e-06
8.94171e-06
-3.32726e-06
8.79835e-06
-3.21264e-06
8.55882e-06
-2.98254e-06
8.30459e-06
-2.48781e-06
8.05847e-06
-1.81444e-06
7.8044e-06
-9.25528e-07
7.52693e-06
6.12798e-08
7.27406e-06
1.20581e-06
7.06141e-06
2.04445e-06
3.01057e-06
-2.65407e-06
2.92799e-06
2.61587e-06
-2.85247e-06
2.96394e-06
-3.23435e-06
2.94718e-06
-3.82785e-06
3.15295e-06
-4.37367e-06
3.30506e-06
-4.40521e-06
3.24176e-06
-3.6824e-06
2.32268e-06
-2.59878e-06
1.18477e-06
-1.16979e-06
-6.86351e-08
3.2961e-07
-1.26297e-06
1.41397e-06
-2.55879e-06
-3.25515e-06
1.69602e-06
-2.84298e-06
2.96112e-06
2.80984e-06
-2.98795e-06
3.10891e-06
-3.20409e-06
3.16332e-06
-3.48967e-06
3.43853e-06
-3.3865e-06
3.20188e-06
-2.66848e-06
2.52375e-06
-1.58175e-06
1.23595e-06
-3.71705e-07
-2.52776e-08
6.46813e-07
-1.08715e-06
1.37305e-06
-1.98921e-06
1.63713e-06
-2.82287e-06
-3.0868e-06
1.46879e-06
-2.66686e-06
2.9105e-06
2.71748e-06
-2.5892e-06
3.03125e-06
-2.41217e-06
2.98629e-06
-2.00986e-06
3.03622e-06
-1.59236e-06
2.78438e-06
-8.70004e-07
1.80139e-06
-2.60175e-09
3.68552e-07
7.11875e-07
-7.39754e-07
1.16685e-06
-1.54213e-06
1.38018e-06
-2.20254e-06
1.40381e-06
-2.8465e-06
-2.87044e-06
1.18745e-06
-2.24844e-06
2.40797e-06
2.75097e-06
-1.95624e-06
2.73906e-06
-1.35997e-06
2.39001e-06
-2.33118e-07
1.90936e-06
1.17672e-07
2.43359e-06
3.70673e-07
1.54839e-06
7.92284e-07
-5.30591e-08
1.09512e-06
-1.04259e-06
1.21355e-06
-1.66056e-06
1.19038e-06
-2.17937e-06
1.07079e-06
-2.72691e-06
8.40878e-07
-2.64053e-06
1.15055e-06
-2.89499e-06
4.02387e-07
-2.82393e-06
-1.81636e-07
-2.96166e-06
-6.26791e-07
-3.15276e-06
-9.8626e-07
-3.28762e-06
-1.27393e-06
-3.28422e-06
-1.55013e-06
-3.03527e-06
-1.76901e-06
-2.32844e-06
-2.12496e-06
-1.14843e-06
-2.37821e-06
5.92171e-07
-2.70611e-06
2.08907e-06
3.85886e-06
-2.54109e-06
8.27279e-07
-2.25348e-06
2.07878e-07
-2.20452e-06
-2.89948e-07
-2.46383e-06
-7.39422e-07
-2.70329e-06
-1.18736e-06
-2.83968e-06
-1.63639e-06
-2.83519e-06
-2.07948e-06
-2.59218e-06
-2.46811e-06
-1.9398e-06
-2.80121e-06
-8.15336e-07
-2.9798e-06
7.70758e-07
-3.13626e-06
2.24553e-06
3.70827e-06
-2.98567e-06
5.35543e-07
-1.60157e-06
2.91808e-08
-1.69816e-06
-3.84616e-07
-2.05004e-06
-7.98883e-07
-2.28902e-06
-1.24721e-06
-2.39135e-06
-1.73236e-06
-2.35005e-06
-2.2342e-06
-2.09034e-06
-2.69052e-06
-1.48348e-06
-3.04757e-06
-4.58292e-07
-3.20647e-06
9.29659e-07
-3.23359e-06
2.27265e-06
3.4716e-06
-2.99692e-06
1.88905e-07
-9.496e-07
-1.44692e-07
-1.36456e-06
-4.55478e-07
-1.73925e-06
-8.12739e-07
-1.93176e-06
-1.22232e-06
-1.98177e-06
-1.68008e-06
-1.89228e-06
-2.16268e-06
-1.60774e-06
-2.60954e-06
-1.03662e-06
-2.94382e-06
-1.24011e-07
-3.07746e-06
1.0633e-06
-3.01578e-06
2.21097e-06
-2.69942e-06
3.15524e-06
-2.44681e-06
4.11411e-06
-2.50204e-06
4.2846e-06
-2.61784e-06
3.88904e-06
-2.72531e-06
3.34636e-06
-2.71956e-06
2.73666e-06
-2.50984e-06
2.12074e-06
-2.05929e-06
1.47789e-06
-1.39616e-06
7.69225e-07
-5.77315e-07
-4.87335e-08
2.23334e-07
-8.56646e-07
9.25837e-07
-1.69909e-06
-2.37879e-06
1.22304e-06
-2.79555e-06
3.92398e-06
-2.62442e-06
4.11347e-06
-2.43036e-06
3.69499e-06
-2.17155e-06
3.08755e-06
-1.79525e-06
2.36035e-06
-1.28073e-06
1.60623e-06
-6.56984e-07
8.5414e-07
-1.07882e-08
1.23029e-07
5.53439e-07
-6.1296e-07
9.93257e-07
-1.29646e-06
1.24764e-06
-1.95348e-06
-2.31327e-06
1.18212e-06
-2.70596e-06
3.63302e-06
-2.34017e-06
3.74768e-06
-1.91729e-06
3.27211e-06
-1.43078e-06
2.60104e-06
-8.89343e-07
1.81892e-06
-3.25916e-07
1.0428e-06
1.99448e-07
3.28775e-07
6.33942e-07
-3.11465e-07
9.17273e-07
-8.96292e-07
1.07238e-06
-1.45157e-06
1.13315e-06
-2.01425e-06
-2.16542e-06
9.85308e-07
-2.3097e-06
3.2433e-06
-1.81288e-06
3.25086e-06
-1.2699e-06
2.72913e-06
-7.07846e-07
2.03899e-06
-1.71462e-07
1.28253e-06
2.9144e-07
5.79902e-07
6.43021e-07
-2.2806e-08
8.63016e-07
-5.3146e-07
9.53016e-07
-9.86291e-07
9.4769e-07
-1.44624e-06
8.85039e-07
-1.9516e-06
7.0783e-07
-1.98821e-06
8.41742e-07
-2.49572e-06
1.99255e-07
-2.84314e-06
-4.07498e-07
-3.18719e-06
-9.36007e-07
-3.42819e-06
-1.4169e-06
-3.50926e-06
-1.78971e-06
-3.2941e-06
-2.11639e-06
-2.7349e-06
-2.38441e-06
-1.7299e-06
-2.77991e-06
-2.53982e-07
-2.90823e-06
1.34954e-06
-3.15461e-06
2.68189e-06
4.19933e-06
-2.97448e-06
6.4779e-07
-1.96139e-06
6.98039e-08
-2.26516e-06
-4.59192e-07
-2.6582e-06
-9.93061e-07
-2.89432e-06
-1.5505e-06
-2.95182e-06
-2.08128e-06
-2.76331e-06
-2.56089e-06
-2.25528e-06
-2.96406e-06
-1.32673e-06
-3.17922e-06
-3.88273e-08
-3.3248e-06
1.49513e-06
-3.40252e-06
2.7596e-06
3.97854e-06
-3.18173e-06
4.29069e-07
-1.40516e-06
-5.64137e-08
-1.77967e-06
-5.10409e-07
-2.2042e-06
-9.96646e-07
-2.40809e-06
-1.52607e-06
-2.4224e-06
-2.06808e-06
-2.2213e-06
-2.57938e-06
-1.74399e-06
-2.99089e-06
-9.15215e-07
-3.25883e-06
2.29117e-07
-3.33031e-06
1.56661e-06
-3.27662e-06
2.70591e-06
3.66458e-06
-2.96266e-06
1.50978e-07
-8.48304e-07
-1.88233e-07
-1.44046e-06
-5.44273e-07
-1.84816e-06
-9.56999e-07
-1.99536e-06
-1.42002e-06
-1.95938e-06
-1.90794e-06
-1.73337e-06
-2.37831e-06
-1.27362e-06
-2.76019e-06
-5.33335e-07
-2.99888e-06
4.67806e-07
-3.02949e-06
1.59721e-06
-2.88307e-06
2.5595e-06
-2.49942e-06
3.28093e-06
-2.8025e-06
4.23674e-06
-2.76504e-06
4.12636e-06
-2.81533e-06
3.52366e-06
-2.87382e-06
2.93233e-06
-2.81715e-06
2.36539e-06
-2.55379e-06
1.8246e-06
-2.05612e-06
1.25077e-06
-1.35199e-06
5.84842e-07
-5.20797e-07
-1.77968e-07
3.00857e-07
-9.82608e-07
1.01135e-06
-1.81892e-06
-2.48607e-06
1.30679e-06
-2.88699e-06
3.942e-06
-2.63367e-06
3.87305e-06
-2.40435e-06
3.29433e-06
-2.13113e-06
2.65911e-06
-1.74413e-06
1.97839e-06
-1.2199e-06
1.30036e-06
-5.91605e-07
6.22476e-07
5.22783e-08
-5.90416e-08
6.21387e-07
-7.47076e-07
1.05574e-06
-1.41696e-06
1.30734e-06
-2.07052e-06
-2.41729e-06
1.23856e-06
-2.59141e-06
3.57076e-06
-2.18026e-06
3.4619e-06
-1.75747e-06
2.87154e-06
-1.28953e-06
2.19116e-06
-7.70944e-07
1.45981e-06
-2.29463e-07
7.58884e-07
2.76343e-07
1.16669e-07
6.92706e-07
-4.75404e-07
9.6867e-07
-1.02304e-06
1.1175e-06
-1.56579e-06
1.17765e-06
-2.13067e-06
-2.27004e-06
1.03039e-06
-2.06672e-06
3.13806e-06
-1.56351e-06
2.95869e-06
-1.04941e-06
2.35744e-06
-5.3033e-07
1.67208e-06
-3.72188e-08
9.66698e-07
3.8803e-07
3.33635e-07
7.13885e-07
-2.09186e-07
9.13836e-07
-6.75355e-07
9.93847e-07
-1.10305e-06
9.82182e-07
-1.55412e-06
9.16137e-07
-2.06462e-06
7.39797e-07
-2.09369e-06
8.78918e-07
-2.55422e-06
2.08016e-07
-2.85318e-06
-4.26497e-07
-3.18956e-06
-9.68808e-07
-3.42549e-06
-1.46421e-06
-3.50459e-06
-1.84554e-06
-3.28189e-06
-2.18083e-06
-2.71282e-06
-2.45244e-06
-1.68186e-06
-2.86937e-06
-1.60901e-07
-2.98447e-06
1.47287e-06
-3.25637e-06
2.818e-06
4.44366e-06
-3.07224e-06
6.77798e-07
-1.99345e-06
7.97685e-08
-2.25515e-06
-4.68125e-07
-2.64167e-06
-1.01875e-06
-2.87487e-06
-1.59494e-06
-2.9284e-06
-2.14389e-06
-2.73294e-06
-2.64109e-06
-2.21561e-06
-3.05224e-06
-1.27072e-06
-3.27817e-06
6.50268e-08
-3.42077e-06
1.61547e-06
-3.50407e-06
2.9013e-06
4.20338e-06
-3.2638e-06
4.53259e-07
-1.41632e-06
-4.83625e-08
-1.75353e-06
-5.15097e-07
-2.17494e-06
-1.01377e-06
-2.37619e-06
-1.55831e-06
-2.38386e-06
-2.11821e-06
-2.17304e-06
-2.64881e-06
-1.68501e-06
-3.078e-06
-8.41523e-07
-3.3437e-06
3.30718e-07
-3.41519e-06
1.68697e-06
-3.3518e-06
2.83791e-06
3.84641e-06
-2.99484e-06
1.6394e-07
-8.40463e-07
-1.83865e-07
-1.40572e-06
-5.45834e-07
-1.81297e-06
-9.65041e-07
-1.95699e-06
-1.43669e-06
-1.91222e-06
-1.93602e-06
-1.67371e-06
-2.42025e-06
-1.20078e-06
-2.81431e-06
-4.4746e-07
-3.054e-06
5.70404e-07
-3.07709e-06
1.71006e-06
-2.90857e-06
2.66939e-06
-2.46549e-06
3.40333e-06
-2.91932e-06
4.45112e-06
-2.95389e-06
4.44099e-06
-3.1396e-06
4.01495e-06
-3.19999e-06
3.74525e-06
-2.58444e-06
3.15389e-06
-1.67804e-06
8.49565e-07
-7.28699e-07
-6.66157e-07
-5.19732e-08
-1.40945e-06
-1.29634e-07
-1.9451e-06
-4.46514e-07
-1.62662e-06
-1.20459e-07
-1.30074e-06
-1.79034e-06
8.96736e-08
-2.93374e-06
4.12107e-06
-2.61557e-06
4.12282e-06
-2.21512e-06
3.6145e-06
-1.48779e-06
3.01792e-06
-6.97179e-07
2.36329e-06
-2.58515e-09
1.5497e-07
3.41659e-07
-1.0104e-06
4.35979e-07
-1.50377e-06
2.13117e-07
-1.72224e-06
7.17341e-08
-1.48524e-06
1.69603e-07
-1.39861e-06
-1.70732e-06
8.6586e-08
-2.55247e-06
3.67871e-06
-2.01194e-06
3.58229e-06
-1.36585e-06
2.96841e-06
-5.05465e-07
2.15753e-06
3.00176e-07
1.55764e-06
6.51207e-07
-1.9606e-07
7.09773e-07
-1.06897e-06
6.0632e-07
-1.40032e-06
3.88217e-07
-1.50413e-06
2.76095e-07
-1.37311e-06
2.79361e-07
-1.40188e-06
-1.53187e-06
1.03916e-07
-1.9465e-06
3.15972e-06
-1.31203e-06
2.94783e-06
-6.47122e-07
2.3035e-06
6.62625e-08
1.44415e-06
7.42711e-07
8.81196e-07
9.05373e-07
-3.58722e-07
8.28148e-07
-9.91743e-07
6.62803e-07
-1.23497e-06
4.68999e-07
-1.31033e-06
3.67508e-07
-1.27162e-06
3.31448e-07
-1.36582e-06
1.05623e-07
-1.30605e-06
-1.90843e-07
-2.47672e-06
-5.50857e-07
-2.85998e-06
-8.9688e-07
-2.98124e-06
-1.21035e-06
-2.89917e-06
-1.52174e-06
-2.67116e-06
-1.78265e-06
-2.2269e-06
-2.01505e-06
-1.58204e-06
-2.23486e-06
-7.05711e-07
-2.46604e-06
2.92456e-07
-2.57885e-06
1.31862e-06
-2.70864e-06
2.17425e-06
2.9178e-06
-2.72707e-07
-2.11743e-06
-6.21631e-07
-2.51105e-06
-9.79114e-07
-2.62375e-06
-1.34315e-06
-2.53513e-06
-1.70649e-06
-2.30782e-06
-2.03309e-06
-1.9003e-06
-2.31894e-06
-1.2962e-06
-2.53098e-06
-4.93674e-07
-2.69283e-06
4.54305e-07
-2.7981e-06
1.42389e-06
-2.8607e-06
2.23684e-06
2.86695e-06
-2.80738e-07
-1.73278e-06
-6.09089e-07
-2.1827e-06
-9.48921e-07
-2.28392e-06
-1.30873e-06
-2.17531e-06
-1.67677e-06
-1.93978e-06
-2.02309e-06
-1.55398e-06
-2.32365e-06
-9.95629e-07
-2.55673e-06
-2.60599e-07
-2.707e-06
6.04576e-07
-2.78186e-06
1.49875e-06
-2.79249e-06
2.24747e-06
2.79194e-06
-3.02624e-07
-1.32453e-06
-5.75143e-07
-1.91018e-06
-8.80818e-07
-1.97825e-06
-1.21066e-06
-1.84547e-06
-1.55126e-06
-1.59919e-06
-1.87896e-06
-1.22627e-06
-2.16779e-06
-7.06804e-07
-2.39058e-06
-3.78102e-08
-2.52793e-06
7.41929e-07
-2.57126e-06
1.54208e-06
-2.53275e-06
2.20896e-06
2.66716e-06
-1.74756e-06
2.53927e-06
1.95925e-06
-1.42754e-06
2.41904e-06
-9.30658e-07
1.89313e-06
-3.41024e-07
1.31973e-06
2.19976e-07
1.87259e-06
7.64476e-07
1.00389e-06
1.05755e-06
-3.46131e-07
1.16473e-06
-1.14978e-06
1.12647e-06
-1.62231e-06
9.74087e-07
-2.02698e-06
6.6291e-07
-2.41573e-06
-1.97762e-06
-1.20825e-06
2.31244e-06
1.43508e-06
-9.60286e-07
2.17108e-06
-7.68686e-07
1.70153e-06
-6.29075e-07
1.18012e-06
1.58572e-07
1.08494e-06
8.51152e-07
3.11313e-07
1.11736e-06
-6.1234e-07
1.13643e-06
-1.16884e-06
1.02199e-06
-1.50787e-06
8.05708e-07
-1.8107e-06
4.39257e-07
-2.04928e-06
-1.53836e-06
-6.6895e-07
2.07244e-06
9.08947e-07
-4.60153e-07
1.96229e-06
-3.55617e-07
1.59699e-06
-2.76186e-07
1.10069e-06
4.21839e-07
3.8692e-07
9.64831e-07
-2.31679e-07
1.13523e-06
-7.82739e-07
1.08752e-06
-1.12113e-06
9.28198e-07
-1.34855e-06
6.84714e-07
-1.56721e-06
3.38369e-07
-1.70294e-06
-1.19999e-06
-2.02797e-07
1.81982e-06
4.55424e-07
1.24279e-08
1.74706e-06
1.66605e-07
1.44282e-06
3.4511e-07
9.2218e-07
7.96987e-07
-6.49569e-08
1.09414e-06
-5.28835e-07
1.13946e-06
-8.28055e-07
1.03408e-06
-1.01575e-06
8.46977e-07
-1.16144e-06
5.94546e-07
-1.31478e-06
2.75247e-07
-1.38364e-06
-9.24744e-07
1.39972e-07
1.5602e-06
1.19648e-07
3.64588e-07
1.52245e-06
5.52992e-07
1.25441e-06
8.66349e-07
6.08824e-07
1.08167e-06
-2.80282e-07
1.17498e-06
-6.22138e-07
1.12062e-06
-7.73696e-07
9.74927e-07
-8.70064e-07
7.73581e-07
-9.60095e-07
5.22973e-07
-1.06417e-06
2.30056e-07
-1.09072e-06
-6.94688e-07
3.45804e-07
1.30758e-06
-9.3183e-08
5.7653e-07
1.29172e-06
8.39308e-07
9.91633e-07
1.13792e-06
3.10208e-07
1.22091e-06
-3.63265e-07
1.18671e-06
-5.87939e-07
1.07249e-06
-6.59483e-07
9.06129e-07
-7.03698e-07
7.0202e-07
-7.55985e-07
4.60938e-07
-8.23093e-07
1.94513e-07
-8.24298e-07
-5.00174e-07
4.38859e-07
1.07029e-06
-2.01568e-07
7.02952e-07
1.02763e-06
1.00842e-06
6.86165e-07
1.23257e-06
8.60622e-08
1.23098e-06
-3.6168e-07
1.13517e-06
-4.92131e-07
9.943e-07
-5.18611e-07
8.23243e-07
-5.32641e-07
6.26072e-07
-5.58814e-07
4.01427e-07
-5.98448e-07
1.63435e-07
-5.86307e-07
-3.36739e-07
4.53279e-07
8.55414e-07
-2.38408e-07
7.52158e-07
7.28747e-07
1.07787e-06
3.60458e-07
1.20628e-06
-4.23509e-08
1.15124e-06
-3.06641e-07
1.0306e-06
-3.71491e-07
8.84378e-07
-3.7239e-07
7.20758e-07
-3.69021e-07
5.39496e-07
-3.77551e-07
3.38655e-07
-3.97607e-07
1.33153e-07
-3.80805e-07
-2.03586e-07
4.29094e-07
6.62792e-07
-2.36472e-07
7.77921e-07
3.7992e-07
1.03007e-06
1.08305e-07
1.08266e-06
-9.49359e-08
1.00079e-06
-2.2477e-07
8.76183e-07
-2.46887e-07
7.38699e-07
-2.34906e-07
5.92969e-07
-2.23291e-07
4.36933e-07
-2.21515e-07
2.68294e-07
-2.28968e-07
1.01226e-07
-2.13737e-07
-1.0236e-07
3.84007e-07
5.07366e-07
-2.28581e-07
7.3272e-07
3.12066e-08
8.79025e-07
-3.7999e-08
8.76605e-07
-9.2516e-08
7.85796e-07
-1.33961e-07
6.71228e-07
-1.32319e-07
5.54185e-07
-1.17863e-07
4.36864e-07
-1.0597e-07
3.16033e-07
-1.00685e-07
1.88709e-07
-1.01643e-07
6.68317e-08
-9.18601e-08
-3.55282e-08
4.08752e-07
3.33662e-07
-2.35048e-07
5.87319e-07
-1.47361e-07
6.3631e-07
-8.69895e-08
5.93101e-07
-4.93066e-08
5.08415e-07
-4.92754e-08
4.1852e-07
-4.24238e-08
3.34882e-07
-3.42251e-08
2.57026e-07
-2.81147e-08
1.81045e-07
-2.47039e-08
1.03325e-07
-2.39228e-08
3.19154e-08
-2.04502e-08
-3.61287e-09
5.10386e-07
-1.76723e-07
3.63025e-07
2.76035e-07
2.26729e-07
1.77453e-07
1.3503e-07
1.00805e-07
7.26898e-08
4.79858e-08
2.40631e-08
3.61287e-09
-1.39688e-07
-8.09912e-07
-2.6152e-07
-1.24273e-06
-4.87539e-07
-1.51323e-06
-7.88494e-07
-1.63081e-06
-1.14259e-06
-1.62768e-06
-1.53953e-06
-1.49534e-06
-1.95715e-06
-1.19012e-06
-2.3413e-06
-6.52478e-07
-2.61554e-06
1.5023e-07
-2.69727e-06
1.14504e-06
-2.56846e-06
2.08216e-06
2.78937e-06
-2.20259e-06
-1.43434e-07
-6.66478e-07
-2.79958e-07
-1.10621e-06
-4.8407e-07
-1.30912e-06
-7.43725e-07
-1.37115e-06
-1.04122e-06
-1.33018e-06
-1.36535e-06
-1.17121e-06
-1.69625e-06
-8.5922e-07
-1.98899e-06
-3.59733e-07
-2.17828e-06
3.39517e-07
-2.19272e-06
1.15947e-06
-2.00994e-06
1.89938e-06
2.40305e-06
-1.62363e-06
-1.23232e-07
-5.43246e-07
-2.72599e-07
-9.56841e-07
-4.65626e-07
-1.11609e-06
-6.92412e-07
-1.14437e-06
-9.39321e-07
-1.08327e-06
-1.19417e-06
-9.16368e-07
-1.43802e-06
-6.1537e-07
-1.63479e-06
-1.62963e-07
-1.73327e-06
4.38006e-07
-1.67861e-06
1.10481e-06
-1.45492e-06
1.67569e-06
2.02002e-06
-1.07189e-06
-1.06407e-07
-4.36839e-07
-2.58553e-07
-8.04696e-07
-4.41679e-07
-9.32967e-07
-6.42217e-07
-9.43827e-07
-8.47809e-07
-8.77679e-07
-1.04511e-06
-7.19071e-07
-1.21524e-06
-4.45232e-07
-1.32935e-06
-4.88573e-08
-1.34849e-06
4.5715e-07
-1.23616e-06
9.92479e-07
-9.87032e-07
1.42656e-06
1.65717e-06
-6.24179e-07
-9.44789e-08
-3.4236e-07
-2.43652e-07
-6.55522e-07
-4.16499e-07
-7.6012e-07
-5.96081e-07
-7.64245e-07
-7.69929e-07
-7.03832e-07
-9.23795e-07
-5.65205e-07
-1.03884e-06
-3.30186e-07
-1.09191e-06
4.21481e-09
-1.05324e-06
4.18479e-07
-9.02646e-07
8.41883e-07
-6.44758e-07
1.16867e-06
1.32405e-06
-3.11642e-07
-8.52541e-08
-2.57106e-07
-2.28276e-07
-5.125e-07
-3.9065e-07
-5.97746e-07
-5.53466e-07
-6.01428e-07
-7.03942e-07
-5.53356e-07
-8.27446e-07
-4.41701e-07
-9.05846e-07
-2.51785e-07
-9.19069e-07
1.74376e-08
-8.46057e-07
3.45466e-07
-6.77484e-07
6.73311e-07
-4.25456e-07
9.16646e-07
1.02415e-06
-1.25549e-07
-7.6587e-08
-1.80519e-07
-2.10924e-07
-3.78164e-07
-3.62255e-07
-4.46414e-07
-5.11125e-07
-4.52559e-07
-6.44711e-07
-4.1977e-07
-7.48453e-07
-3.37959e-07
-8.05083e-07
-1.95155e-07
-7.96915e-07
9.27003e-09
-7.08953e-07
2.57504e-07
-5.38814e-07
5.03172e-07
-3.02914e-07
6.80745e-07
7.57148e-07
-3.59154e-08
-6.67444e-08
-1.13775e-07
-1.89059e-07
-2.55849e-07
-3.27506e-07
-3.07967e-07
-4.63304e-07
-3.16762e-07
-5.84102e-07
-2.98972e-07
-6.75782e-07
-2.46278e-07
-7.2193e-07
-1.49008e-07
-7.0658e-07
-6.07931e-09
-6.18392e-07
1.69316e-07
-4.58646e-07
3.43425e-07
-2.45527e-07
4.67627e-07
5.22014e-07
-1.03932e-08
-5.42055e-08
-5.9569e-08
-1.59626e-07
-1.50429e-07
-2.81206e-07
-1.86387e-07
-4.02004e-07
-1.95964e-07
-5.10907e-07
-1.90069e-07
-5.94777e-07
-1.62408e-07
-6.38106e-07
-1.05679e-07
-6.2615e-07
-1.80353e-08
-5.49095e-07
9.2261e-08
-4.09379e-07
2.0371e-07
-2.24909e-07
2.83156e-07
3.19928e-07
-2.28233e-08
-3.80791e-08
-2.14899e-08
-1.20168e-07
-6.83394e-08
-2.18183e-07
-8.83723e-08
-3.18291e-07
-9.58562e-08
-4.11684e-07
-9.66757e-08
-4.87167e-07
-8.69258e-08
-5.30836e-07
-6.20089e-08
-5.28937e-07
-1.99349e-08
-4.72231e-07
3.55555e-08
-3.62145e-07
9.36236e-08
-2.14409e-07
1.3542e-07
1.56487e-07
-5.09677e-08
-1.92098e-08
-2.28014e-09
-7.10276e-08
-1.65215e-08
-1.36326e-07
-2.30738e-08
-2.05863e-07
-2.63198e-08
-2.74306e-07
-2.82319e-08
-3.33875e-07
-2.73574e-08
-3.73937e-07
-2.1947e-08
-3.83046e-07
-1.08252e-08
-3.52687e-07
5.19629e-09
-2.82186e-07
2.31222e-08
-1.83051e-07
3.62857e-08
4.38939e-08
-7.04581e-08
-2.28014e-09
-1.88017e-08
-4.18754e-08
-6.81953e-08
-9.64272e-08
-1.23785e-07
-1.45732e-07
-1.56557e-07
-1.51361e-07
-1.28238e-07
-9.19526e-08
-4.80587e-08
-1.75262e-06
2.79333e-06
-1.2017e-06
2.69993e-06
-6.40519e-07
2.16796e-06
-1.17601e-07
1.51607e-06
3.19326e-07
8.45605e-07
6.36167e-07
2.63061e-07
8.26343e-07
-2.12982e-07
8.99342e-07
-6.04458e-07
8.75741e-07
-9.6269e-07
7.70298e-07
-1.3408e-06
5.41284e-07
-1.72259e-06
-1.44693e-06
-1.16262e-06
2.33232e-06
-6.293e-07
2.16661e-06
-1.24374e-07
1.66303e-06
3.00783e-07
1.09091e-06
6.09431e-07
5.36958e-07
7.95191e-07
7.73007e-08
8.71152e-07
-2.88944e-07
8.59161e-07
-5.92467e-07
7.7663e-07
-8.8016e-07
6.22205e-07
-1.18638e-06
3.44982e-07
-1.44536e-06
-1.10195e-06
-6.3913e-07
1.89956e-06
-1.72488e-07
1.69997e-06
2.40026e-07
1.25052e-06
5.53122e-07
7.77818e-07
7.50425e-07
3.39655e-07
8.42621e-07
-1.48954e-08
8.50312e-07
-2.96635e-07
7.94152e-07
-5.36306e-07
6.84125e-07
-7.70133e-07
5.13584e-07
-1.01584e-06
2.56407e-07
-1.18818e-06
-8.45541e-07
-2.40314e-07
1.5157e-06
1.45377e-07
1.31427e-06
4.58688e-07
9.37206e-07
6.76356e-07
5.6015e-07
7.9441e-07
2.21601e-07
8.2966e-07
-5.01455e-08
8.01698e-07
-2.68673e-07
7.25206e-07
-4.59815e-07
6.04551e-07
-6.49477e-07
4.33008e-07
-8.44293e-07
2.02218e-07
-9.57395e-07
-6.43324e-07
1.7228e-08
1.18683e-06
3.26728e-07
1.00477e-06
5.61394e-07
7.0254e-07
7.11717e-07
4.09827e-07
7.81396e-07
1.51922e-07
7.86703e-07
-5.54524e-08
7.42817e-07
-2.24786e-07
6.59043e-07
-3.76041e-07
5.36723e-07
-5.27158e-07
3.70989e-07
-6.78558e-07
1.64392e-07
-7.50798e-07
-4.78932e-07
1.54417e-07
9.06862e-07
4.04128e-07
7.55063e-07
5.84152e-07
5.22516e-07
6.92824e-07
3.01154e-07
7.36497e-07
1.0825e-07
7.28442e-07
-4.73979e-08
6.79537e-07
-1.75881e-07
5.95598e-07
-2.92102e-07
4.76816e-07
-4.08376e-07
3.2055e-07
-5.22292e-07
1.3598e-07
-5.66228e-07
-3.42951e-07
2.04992e-07
6.65954e-07
4.11182e-07
5.48873e-07
5.55908e-07
3.7779e-07
6.40478e-07
2.16585e-07
6.7138e-07
7.73476e-08
6.58884e-07
-3.49023e-08
6.1085e-07
-1.27847e-07
5.31156e-07
-2.12407e-07
4.19788e-07
-2.97009e-07
2.76011e-07
-3.78516e-07
1.1276e-07
-4.02976e-07
-2.30191e-07
1.98363e-07
4.57198e-07
3.72508e-07
3.74728e-07
4.93459e-07
2.56839e-07
5.63272e-07
1.46771e-07
5.87868e-07
5.27514e-08
5.75359e-07
-2.23935e-08
5.31756e-07
-8.42445e-08
4.59899e-07
-1.4055e-07
3.59852e-07
-1.96962e-07
2.32173e-07
-2.50836e-07
9.14995e-08
-2.62303e-07
-1.38692e-07
1.55594e-07
2.78781e-07
3.02242e-07
2.2808e-07
4.0368e-07
1.55401e-07
4.62026e-07
8.84254e-08
4.82661e-07
3.21161e-08
4.72317e-07
-1.20494e-08
4.35859e-07
-4.77864e-08
3.75491e-07
-8.01815e-08
2.91299e-07
-1.1277e-07
1.84445e-07
-1.43981e-07
6.96813e-08
-1.4754e-07
-6.90103e-08
9.24802e-08
1.35333e-07
2.09628e-07
1.10932e-07
2.90252e-07
7.47771e-08
3.36469e-07
4.22083e-08
3.53153e-07
1.54318e-08
3.46002e-07
-4.89821e-09
3.18998e-07
-2.07825e-08
2.73834e-07
-3.50169e-08
2.10497e-07
-4.94337e-08
1.30082e-07
-6.35664e-08
4.59407e-08
-6.33986e-08
-2.30696e-08
2.76523e-08
3.7223e-08
1.07692e-07
3.08919e-08
1.62112e-07
2.03575e-08
1.93038e-07
1.12827e-08
2.04394e-07
4.07538e-09
2.00586e-07
-1.08966e-09
1.84606e-07
-4.80266e-09
1.57615e-07
-8.02617e-09
1.19503e-07
-1.13216e-08
7.07342e-08
-1.47977e-08
2.13447e-08
-1.4009e-08
-1.72492e-09
-1.08357e-08
2.00562e-08
4.04137e-08
5.16964e-08
5.57718e-08
5.46821e-08
4.98794e-08
4.18533e-08
3.05317e-08
1.57339e-08
1.72492e-09
-1.21219e-07
-7.27085e-07
-2.7601e-07
-1.28567e-06
-5.45262e-07
-1.57891e-06
-8.86551e-07
-1.65407e-06
-1.27287e-06
-1.57306e-06
-1.67975e-06
-1.3265e-06
-2.07042e-06
-8.82956e-07
-2.38295e-06
-2.208e-07
-2.55827e-06
6.43121e-07
-2.53882e-06
1.57777e-06
-2.33116e-06
2.35183e-06
2.86431e-06
-1.91454e-06
-1.26892e-07
-6.00193e-07
-2.84905e-07
-1.12766e-06
-5.20367e-07
-1.34345e-06
-8.06061e-07
-1.36838e-06
-1.11936e-06
-1.25976e-06
-1.43925e-06
-1.00661e-06
-1.73479e-06
-5.87412e-07
-1.95897e-06
3.37574e-09
-2.05492e-06
7.39071e-07
-1.97833e-06
1.50117e-06
-1.72896e-06
2.10247e-06
2.44407e-06
-1.30872e-06
-1.10183e-07
-4.90011e-07
-2.73517e-07
-9.64323e-07
-4.86953e-07
-1.13001e-06
-7.28441e-07
-1.12689e-06
-9.7948e-07
-1.00872e-06
-1.22091e-06
-7.65181e-07
-1.42644e-06
-3.81878e-07
-1.56112e-06
1.3805e-07
-1.57827e-06
7.5622e-07
-1.44719e-06
1.3701e-06
-1.17109e-06
1.82636e-06
2.04077e-06
-7.67796e-07
-9.63542e-08
-3.93656e-07
-2.57281e-07
-8.03397e-07
-4.52522e-07
-9.34771e-07
-6.59523e-07
-9.1989e-07
-8.61467e-07
-8.06775e-07
-1.04009e-06
-5.8656e-07
-1.17257e-06
-2.49391e-07
-1.23102e-06
1.96493e-07
-1.18302e-06
7.08227e-07
-1.00986e-06
1.19694e-06
-7.21738e-07
1.53824e-06
1.66735e-06
-3.4831e-07
-8.67152e-08
-3.06941e-07
-2.40815e-07
-6.49297e-07
-4.19983e-07
-7.55603e-07
-6.00425e-07
-7.39448e-07
-7.65787e-07
-6.41414e-07
-8.9843e-07
-4.53917e-07
-9.77901e-07
-1.6992e-07
-9.81704e-07
2.00296e-07
-8.88615e-07
6.15138e-07
-6.90807e-07
9.99129e-07
-4.04941e-07
1.25238e-06
1.33048e-06
-6.80778e-08
-7.8866e-08
-2.28075e-07
-2.24207e-07
-5.03956e-07
-3.8905e-07
-5.90761e-07
-5.49143e-07
-5.79354e-07
-6.88376e-07
-5.0218e-07
-7.8981e-07
-3.52484e-07
-8.34855e-07
-1.24875e-07
-8.05246e-07
1.70687e-07
-6.87521e-07
4.97413e-07
-4.82021e-07
7.93629e-07
-2.09591e-07
9.79946e-07
1.02798e-06
9.29084e-08
-7.09906e-08
-1.57085e-07
-2.05866e-07
-3.6908e-07
-3.57258e-07
-4.39369e-07
-5.01363e-07
-4.3525e-07
-6.22462e-07
-3.81081e-07
-7.04341e-07
-2.70605e-07
-7.30008e-07
-9.9208e-08
-6.84259e-07
1.24938e-07
-5.58705e-07
3.71859e-07
-3.58692e-07
5.93616e-07
-1.07078e-07
7.28331e-07
7.59866e-07
1.61041e-07
-6.15128e-08
-9.55718e-08
-1.83142e-07
-2.4745e-07
-3.20322e-07
-3.02189e-07
-4.50573e-07
-3.04999e-07
-5.58883e-07
-2.72771e-07
-6.29774e-07
-1.99714e-07
-6.47436e-07
-8.15461e-08
-5.9865e-07
7.61528e-08
-4.77919e-07
2.51128e-07
-2.92907e-07
4.08605e-07
-6.6803e-08
5.02227e-07
5.24243e-07
1.6882e-07
-4.89822e-08
-4.65896e-08
-1.52821e-07
-1.43612e-07
-2.72602e-07
-1.82408e-07
-3.88169e-07
-1.89432e-07
-4.85813e-07
-1.75128e-07
-5.51001e-07
-1.34525e-07
-5.68773e-07
-6.37743e-08
-5.26965e-07
3.43453e-08
-4.21177e-07
1.4534e-07
-2.5926e-07
2.46688e-07
-6.3438e-08
3.06404e-07
3.2171e-07
1.39094e-07
-3.26708e-08
-1.39187e-08
-1.12468e-07
-6.38141e-08
-2.08688e-07
-8.61886e-08
-3.04797e-07
-9.33224e-08
-3.89443e-07
-9.04823e-08
-4.49787e-07
-7.41807e-08
-4.72026e-07
-4.15357e-08
-4.4457e-07
6.88962e-09
-3.62872e-07
6.36418e-08
-2.33202e-07
1.17018e-07
-7.52877e-08
1.4849e-07
1.57804e-07
8.86186e-08
-1.41001e-08
1.81317e-10
-6.32957e-08
-1.46184e-08
-1.27128e-07
-2.23565e-08
-1.94484e-07
-2.59661e-08
-2.57832e-07
-2.71346e-08
-3.07608e-07
-2.44044e-08
-3.32692e-07
-1.64516e-08
-3.22869e-07
-2.93339e-09
-2.73214e-07
1.39866e-08
-1.8702e-07
3.08241e-08
-7.93332e-08
4.08031e-08
4.43455e-08
3.41252e-08
1.81317e-10
-1.44371e-08
-3.67936e-08
-6.27598e-08
-8.98943e-08
-1.14299e-07
-1.3075e-07
-1.33684e-07
-1.19697e-07
-8.8873e-08
-4.80699e-08
-3.72436e-09
-1.45123e-06
2.67475e-06
-9.2267e-07
2.43012e-06
-4.08698e-07
1.84347e-06
6.03498e-08
1.20304e-06
4.46488e-07
5.80559e-07
7.24818e-07
5.53055e-08
8.89019e-07
-3.73387e-07
9.45142e-07
-7.31479e-07
9.1157e-07
-1.06948e-06
7.98338e-07
-1.44089e-06
5.59425e-07
-1.82571e-06
-1.53427e-06
-8.5303e-07
2.21906e-06
-3.58779e-07
1.93587e-06
9.28679e-08
1.39182e-06
4.6249e-07
8.33413e-07
7.24233e-07
3.18816e-07
8.76546e-07
-9.70073e-08
9.29815e-07
-4.26656e-07
9.03071e-07
-7.04734e-07
8.1047e-07
-9.76879e-07
6.47029e-07
-1.27745e-06
3.58316e-07
-1.537e-06
-1.17595e-06
-3.49378e-07
1.80064e-06
7.63842e-08
1.51011e-06
4.34759e-07
1.03345e-06
6.98128e-07
5.70044e-07
8.55647e-07
1.61296e-07
9.19391e-07
-1.6075e-07
9.07653e-07
-4.14918e-07
8.37758e-07
-6.3484e-07
7.17154e-07
-8.56274e-07
5.36609e-07
-1.09691e-06
2.67903e-07
-1.26829e-06
-9.0805e-07
1.73524e-08
1.43498e-06
3.64269e-07
1.16319e-06
6.32114e-07
7.65601e-07
8.08228e-07
3.9393e-07
8.93344e-07
7.61803e-08
9.04348e-07
-1.71755e-07
8.58842e-07
-3.69413e-07
7.68942e-07
-5.44939e-07
6.37125e-07
-7.24457e-07
4.54869e-07
-9.14652e-07
2.12549e-07
-1.02597e-06
-6.95501e-07
2.44309e-07
1.12259e-06
5.20817e-07
8.86686e-07
7.18197e-07
5.68221e-07
8.34377e-07
2.7775e-07
8.76355e-07
3.42023e-08
8.60266e-07
-1.55666e-07
7.99854e-07
-3.09001e-07
7.0271e-07
-4.47796e-07
5.68801e-07
-5.90548e-07
3.91957e-07
-7.37808e-07
1.73917e-07
-8.07931e-07
-5.21585e-07
3.57421e-07
8.58078e-07
5.79272e-07
6.64836e-07
7.28753e-07
4.1874e-07
8.08835e-07
1.97668e-07
8.28385e-07
1.46519e-08
8.00741e-07
-1.28021e-07
7.35938e-07
-2.44198e-07
6.38677e-07
-3.50535e-07
5.08128e-07
-4.59999e-07
3.40651e-07
-5.7033e-07
1.44864e-07
-6.12144e-07
-3.76721e-07
3.88797e-07
6.30323e-07
5.71863e-07
4.8177e-07
6.90951e-07
2.99652e-07
7.50756e-07
1.37863e-07
7.59931e-07
5.47697e-09
7.29098e-07
-9.71882e-08
6.65717e-07
-1.80816e-07
5.72919e-07
-2.57738e-07
4.49895e-07
-3.36975e-07
2.95092e-07
-4.15528e-07
1.21036e-07
-4.38088e-07
-2.55685e-07
3.66368e-07
4.32775e-07
5.20874e-07
3.27264e-07
6.19549e-07
2.00977e-07
6.67247e-07
9.01653e-08
6.71895e-07
8.29339e-10
6.42141e-07
-6.74343e-08
5.83879e-07
-1.22555e-07
4.99413e-07
-1.73271e-07
3.88143e-07
-2.25705e-07
2.49932e-07
-2.77317e-07
9.91011e-08
-2.87257e-07
-1.56584e-07
3.07899e-07
2.6397e-07
4.37512e-07
1.97651e-07
5.19198e-07
1.19291e-07
5.57599e-07
5.17644e-08
5.59968e-07
-1.53989e-09
5.33676e-07
-4.11419e-08
4.83597e-07
-7.24771e-08
4.1151e-07
-1.01184e-07
3.16929e-07
-1.31123e-07
2.0041e-07
-1.60798e-07
7.64494e-08
-1.63297e-07
-8.0135e-08
2.24361e-07
1.28228e-07
3.26975e-07
9.50367e-08
3.90469e-07
5.57969e-08
4.19273e-07
2.29606e-08
4.19934e-07
-2.20124e-09
3.98805e-07
-2.00125e-08
3.59887e-07
-3.35595e-08
3.0452e-07
-4.5817e-08
2.32203e-07
-5.88063e-08
1.43511e-07
-7.21058e-08
5.15891e-08
-7.13746e-08
-2.85458e-08
1.26762e-07
3.55907e-08
1.95781e-07
2.60184e-08
2.37098e-07
1.4479e-08
2.54708e-07
5.35076e-09
2.53828e-07
-1.3214e-09
2.39462e-07
-5.64618e-09
2.14529e-07
-8.62595e-09
1.79935e-07
-1.1223e-08
1.35194e-07
-1.40655e-08
8.03722e-08
-1.72842e-08
2.5355e-08
-1.63574e-08
-3.1908e-09
3.18663e-08
5.78847e-08
7.23637e-08
7.77145e-08
7.63931e-08
7.07469e-08
6.2121e-08
5.0898e-08
3.68325e-08
1.95482e-08
3.1908e-09
-1.22003e-07
-7.1846e-07
-2.75027e-07
-1.2527e-06
-5.4437e-07
-1.54362e-06
-8.87119e-07
-1.61424e-06
-1.27578e-06
-1.52355e-06
-1.68605e-06
-1.26344e-06
-2.08128e-06
-8.05555e-07
-2.39741e-06
-1.31334e-07
-2.56956e-06
7.42556e-07
-2.53712e-06
1.67763e-06
-2.30171e-06
2.43398e-06
2.92509e-06
-1.82348e-06
-1.28781e-07
-5.89679e-07
-2.83764e-07
-1.09771e-06
-5.17168e-07
-1.31022e-06
-8.01298e-07
-1.33011e-06
-1.11257e-06
-1.21228e-06
-1.42951e-06
-9.46505e-07
-1.72084e-06
-5.14222e-07
-1.94102e-06
8.88428e-08
-2.0272e-06
8.28739e-07
-1.93469e-06
1.58511e-06
-1.65993e-06
2.15923e-06
2.45529e-06
-1.19013e-06
-1.11124e-07
-4.78555e-07
-2.71381e-07
-9.37458e-07
-4.81906e-07
-1.09969e-06
-7.20272e-07
-1.09174e-06
-9.6699e-07
-9.6556e-07
-1.20211e-06
-7.11386e-07
-1.39929e-06
-3.17042e-07
-1.52325e-06
2.12807e-07
-1.52776e-06
8.33242e-07
-1.3818e-06
1.43916e-06
-1.08892e-06
1.86635e-06
2.02197e-06
-6.55608e-07
-9.62532e-08
-3.82302e-07
-2.54091e-07
-7.7962e-07
-4.46033e-07
-9.07752e-07
-6.49227e-07
-8.88548e-07
-8.46027e-07
-7.68761e-07
-1.01736e-06
-5.40052e-07
-1.14018e-06
-1.94223e-07
-1.18668e-06
2.59309e-07
-1.12637e-06
7.72931e-07
-9.42911e-07
1.2557e-06
-6.49951e-07
1.57339e-06
1.63775e-06
-2.65726e-07
-8.58137e-08
-2.96488e-07
-2.36701e-07
-6.28732e-07
-4.12319e-07
-7.32135e-07
-5.8867e-07
-7.12197e-07
-7.48793e-07
-6.08638e-07
-8.74426e-07
-4.14418e-07
-9.4497e-07
-1.23679e-07
-9.38312e-07
2.5265e-07
-8.35689e-07
6.70308e-07
-6.33517e-07
1.05353e-06
-3.55039e-07
1.29491e-06
1.30756e-06
-2.48582e-08
-7.73927e-08
-2.19095e-07
-2.19306e-07
-4.86819e-07
-3.80368e-07
-5.71073e-07
-5.36196e-07
-5.56369e-07
-6.70275e-07
-4.74559e-07
-7.65301e-07
-3.19392e-07
-8.02684e-07
-8.6296e-08
-7.64736e-07
2.14703e-07
-6.40379e-07
5.45951e-07
-4.34655e-07
8.47805e-07
-1.77196e-07
1.03745e-06
1.03638e-06
9.39923e-08
-6.91148e-08
-1.4998e-07
-2.00343e-07
-3.55591e-07
-3.47723e-07
-4.23693e-07
-4.87366e-07
-4.16726e-07
-6.03291e-07
-3.58634e-07
-6.79113e-07
-2.4357e-07
-6.97995e-07
-6.74141e-08
-6.45294e-07
1.62002e-07
-5.14547e-07
4.15204e-07
-3.14982e-07
6.48239e-07
-7.67465e-08
7.99216e-07
7.89499e-07
1.70131e-07
-5.9416e-08
-9.05644e-08
-1.77267e-07
-2.3774e-07
-3.10263e-07
-2.90697e-07
-4.35841e-07
-2.91149e-07
-5.38793e-07
-2.55681e-07
-6.03589e-07
-1.78774e-07
-6.14575e-07
-5.64286e-08
-5.59019e-07
1.06446e-07
-4.32665e-07
2.88849e-07
-2.45836e-07
4.6141e-07
-2.67177e-08
5.80098e-07
5.67688e-07
1.95094e-07
-4.69092e-08
-4.36552e-08
-1.47068e-07
-1.3758e-07
-2.62692e-07
-1.75073e-07
-3.73505e-07
-1.80337e-07
-4.65601e-07
-1.63585e-07
-5.24394e-07
-1.1998e-07
-5.3504e-07
-4.5783e-08
-4.85564e-07
5.69699e-08
-3.72029e-07
1.75315e-07
-2.03564e-07
2.92945e-07
-7.1244e-09
3.83658e-07
3.78933e-07
1.8163e-07
-3.09501e-08
-1.27051e-08
-1.07565e-07
-6.09652e-08
-2.00064e-07
-8.25745e-08
-2.91747e-07
-8.8654e-08
-3.71018e-07
-8.43138e-08
-4.2491e-07
-6.60884e-08
-4.39584e-07
-3.11089e-08
-4.03288e-07
2.0674e-08
-3.10993e-07
8.30198e-08
-1.68267e-07
1.5022e-07
8.68569e-10
2.14522e-07
2.28704e-07
1.51098e-07
-1.30881e-08
3.82953e-10
-6.01153e-08
-1.3938e-08
-1.21287e-07
-2.1403e-08
-1.85298e-07
-2.4643e-08
-2.44343e-07
-2.52686e-08
-2.88633e-07
-2.17979e-08
-3.06855e-07
-1.28874e-08
-2.88276e-07
2.09467e-09
-2.26779e-07
2.15236e-08
-1.2209e-07
4.55303e-08
1.39193e-08
7.85133e-08
1.06761e-07
1.35862e-07
3.82942e-10
-1.35551e-08
-3.4958e-08
-5.96011e-08
-8.48696e-08
-1.06668e-07
-1.19555e-07
-1.1746e-07
-9.59367e-08
-5.04065e-08
2.81069e-08
1.34868e-07
-1.27146e-06
2.6077e-06
-6.11583e-07
2.28795e-06
1.51311e-08
1.67678e-06
4.90654e-07
9.68624e-07
9.33173e-07
4.38677e-07
9.73835e-07
-3.99385e-07
8.45228e-07
-8.63135e-07
6.68809e-07
-1.05856e-06
4.92816e-07
-1.13434e-06
3.79281e-07
-1.15809e-06
2.81803e-07
-1.26834e-06
-1.02425e-06
-6.54975e-07
2.07255e-06
-3.6143e-08
1.66911e-06
4.63446e-07
1.17719e-06
7.82295e-07
6.49775e-07
9.92513e-07
2.28459e-07
9.59246e-07
-3.66117e-07
8.16319e-07
-7.20208e-07
6.47377e-07
-8.89614e-07
4.84731e-07
-9.71691e-07
3.53936e-07
-1.02729e-06
1.99455e-07
-1.11386e-06
-8.24791e-07
-1.73222e-07
1.59016e-06
3.26317e-07
1.16957e-06
6.85556e-07
8.17954e-07
8.67537e-07
4.67794e-07
9.66299e-07
1.29696e-07
9.03333e-07
-3.03151e-07
7.67316e-07
-5.84192e-07
6.13262e-07
-7.35559e-07
4.62435e-07
-8.20865e-07
3.2391e-07
-8.88768e-07
1.60343e-07
-9.50291e-07
-6.64448e-07
1.68448e-07
1.15599e-06
5.09353e-07
8.2867e-07
7.44221e-07
5.83085e-07
8.56512e-07
3.55503e-07
8.98843e-07
8.73654e-08
8.32849e-07
-2.37157e-07
7.12455e-07
-4.63797e-07
5.74674e-07
-5.97778e-07
4.34546e-07
-6.80736e-07
2.95041e-07
-7.49264e-07
1.35294e-07
-7.90543e-07
-5.29154e-07
3.35143e-07
7.95988e-07
5.9214e-07
5.71673e-07
7.25692e-07
4.49534e-07
8.01346e-07
2.79849e-07
8.20245e-07
6.84665e-08
7.61622e-07
-1.78534e-07
6.58143e-07
-3.60318e-07
5.35447e-07
-4.75082e-07
4.05154e-07
-5.50444e-07
2.68703e-07
-6.12812e-07
1.17006e-07
-6.38846e-07
-4.12148e-07
3.59366e-07
5.30615e-07
5.70134e-07
3.60905e-07
6.72474e-07
3.47194e-07
7.30184e-07
2.22139e-07
7.42197e-07
5.64532e-08
6.93825e-07
-1.30162e-07
6.05612e-07
-2.72104e-07
4.96247e-07
-3.65718e-07
3.75346e-07
-4.29542e-07
2.44495e-07
-4.81961e-07
1.02517e-07
-4.96869e-07
-3.09631e-07
3.66193e-07
3.34553e-07
4.96919e-07
2.30178e-07
5.99011e-07
2.45101e-07
6.54218e-07
1.66933e-07
6.66288e-07
4.43832e-08
6.27677e-07
-9.15517e-08
5.52536e-07
-1.96963e-07
4.55243e-07
-2.68424e-07
3.4401e-07
-3.1831e-07
2.20969e-07
-3.5892e-07
8.99836e-08
-3.65884e-07
-2.19647e-07
3.4059e-07
1.89056e-07
4.34364e-07
1.36405e-07
5.21732e-07
1.57733e-07
5.74903e-07
1.13762e-07
5.88056e-07
3.12298e-08
5.57511e-07
-6.10061e-08
4.93826e-07
-1.33279e-07
4.08368e-07
-1.82966e-07
3.08118e-07
-2.1806e-07
1.95613e-07
-2.46414e-07
7.76842e-08
-2.47955e-07
-1.41963e-07
2.87882e-07
8.28043e-08
3.67448e-07
5.68385e-08
4.39131e-07
8.60511e-08
4.86263e-07
6.66294e-08
4.99111e-07
1.83818e-08
4.75112e-07
-3.70069e-08
4.22321e-07
-8.04885e-08
3.49733e-07
-1.10378e-07
2.63103e-07
-1.3143e-07
1.65034e-07
-1.48346e-07
6.379e-08
-1.46711e-07
-7.81732e-08
2.24471e-07
9.43113e-09
2.87225e-07
-5.91532e-09
3.42168e-07
3.11088e-08
3.79421e-07
2.93762e-08
3.89992e-07
7.8101e-09
3.71606e-07
-1.862e-08
3.30291e-07
-3.91738e-08
2.72945e-07
-5.30318e-08
2.04036e-07
-6.25214e-08
1.25825e-07
-7.0135e-08
4.66805e-08
-6.7566e-08
-3.14927e-08
1.61521e-07
-1.62282e-08
1.94504e-07
-3.88979e-08
2.24062e-07
1.5504e-09
2.47103e-07
6.33524e-09
2.53491e-07
1.42159e-09
2.4063e-07
-5.75877e-09
2.12619e-07
-1.11621e-08
1.74184e-07
-1.45975e-08
1.28396e-07
-1.67328e-08
7.67112e-08
-1.84505e-08
2.60671e-08
-1.69219e-08
-5.42568e-09
1.1864e-07
7.9742e-08
8.12924e-08
8.76277e-08
8.90493e-08
8.32905e-08
7.21284e-08
5.75308e-08
4.07981e-08
2.23476e-08
5.42568e-09
-2.72194e-07
-1.05233e-06
-5.16826e-07
-1.66555e-06
-7.93317e-07
-1.70176e-06
-1.08578e-06
-1.553e-06
-1.38298e-06
-1.30199e-06
-1.66767e-06
-9.41587e-07
-1.91676e-06
-4.57712e-07
-2.10481e-06
1.50238e-07
-2.2072e-06
8.4432e-07
-2.21137e-06
1.54626e-06
-2.12609e-06
2.12367e-06
2.50033e-06
-1.98026e-07
-8.54308e-07
-4.48072e-07
-1.41551e-06
-7.03911e-07
-1.44592e-06
-9.5929e-07
-1.29763e-06
-1.20791e-06
-1.05337e-06
-1.43766e-06
-7.1184e-07
-1.62997e-06
-2.65401e-07
-1.76292e-06
2.83195e-07
-1.81348e-06
8.9488e-07
-1.76867e-06
1.50144e-06
-1.63654e-06
1.99154e-06
2.29887e-06
-1.59608e-07
-6.94701e-07
-3.9144e-07
-1.18367e-06
-6.23928e-07
-1.21343e-06
-8.44939e-07
-1.07661e-06
-1.04793e-06
-8.50373e-07
-1.22276e-06
-5.37011e-07
-1.35445e-06
-1.33718e-07
-1.42534e-06
3.54092e-07
-1.41693e-06
8.86465e-07
-1.31926e-06
1.40377e-06
-1.14198e-06
1.81426e-06
2.06584e-06
-1.35579e-07
-5.59122e-07
-3.45985e-07
-9.73268e-07
-5.56124e-07
-1.00329e-06
-7.47916e-07
-8.84822e-07
-9.12834e-07
-6.85456e-07
-1.04086e-06
-4.08982e-07
-1.11924e-06
-5.53397e-08
-1.13359e-06
3.68438e-07
-1.07101e-06
8.23883e-07
-9.26342e-07
1.25911e-06
-7.1219e-07
1.60011e-06
1.80908e-06
-1.18642e-07
-4.4048e-07
-3.0946e-07
-7.8245e-07
-4.99875e-07
-8.12875e-07
-6.68157e-07
-7.16539e-07
-8.0383e-07
-5.49783e-07
-8.96445e-07
-3.16367e-07
-9.34443e-07
-1.73415e-08
-9.05694e-07
3.39689e-07
-8.02222e-07
7.2041e-07
-6.23965e-07
1.08085e-06
-3.86942e-07
1.36308e-06
1.54179e-06
-1.05545e-07
-3.34935e-07
-2.79122e-07
-6.08873e-07
-4.52622e-07
-6.39376e-07
-6.02576e-07
-5.66585e-07
-7.17166e-07
-4.35193e-07
-7.85555e-07
-2.47978e-07
-7.96838e-07
-6.05812e-09
-7.40604e-07
2.83455e-07
-6.12318e-07
5.92124e-07
-4.16173e-07
8.84706e-07
-1.71486e-07
1.1184e-06
1.27712e-06
-9.42022e-08
-2.40732e-07
-2.51946e-07
-4.5113e-07
-4.10529e-07
-4.80792e-07
-5.46174e-07
-4.3094e-07
-6.46337e-07
-3.35029e-07
-6.99937e-07
-1.94378e-07
-6.96464e-07
-9.53097e-09
-6.26734e-07
2.13725e-07
-4.8824e-07
4.53631e-07
-2.879e-07
6.84366e-07
-4.78811e-08
8.78378e-07
1.02767e-06
-8.27368e-08
-1.57996e-07
-2.24306e-07
-3.09561e-07
-3.6841e-07
-3.36689e-07
-4.92084e-07
-3.07266e-07
-5.82622e-07
-2.44491e-07
-6.28818e-07
-1.48182e-07
-6.20295e-07
-1.80546e-08
-5.48534e-07
1.41964e-07
-4.11732e-07
3.16829e-07
-2.17593e-07
4.90226e-07
1.03653e-08
6.5042e-07
7.99625e-07
-6.92176e-08
-8.87781e-08
-1.91866e-07
-1.86912e-07
-3.19509e-07
-2.09046e-07
-4.31074e-07
-1.95702e-07
-5.14363e-07
-1.61201e-07
-5.58268e-07
-1.04277e-07
-5.52391e-07
-2.39319e-08
-4.88251e-07
7.78231e-08
-3.6351e-07
1.92088e-07
-1.84342e-07
3.11059e-07
2.8052e-08
4.38026e-07
5.91205e-07
-5.18671e-08
-3.69109e-08
-1.49991e-07
-8.87881e-08
-2.55765e-07
-1.03272e-07
-3.51337e-07
-1.0013e-07
-4.26036e-07
-8.65017e-08
-4.69501e-07
-6.08118e-08
-4.71516e-07
-2.19179e-08
-4.23454e-07
2.97615e-08
-3.21485e-07
9.01189e-08
-1.6801e-07
1.57584e-07
2.49332e-08
2.45082e-07
3.87557e-07
-3.00427e-08
-6.86819e-09
-9.54001e-08
-2.34308e-08
-1.69622e-07
-2.90497e-08
-2.4001e-07
-2.97419e-08
-2.98935e-07
-2.75773e-08
-3.38125e-07
-2.16217e-08
-3.48848e-07
-1.11946e-08
-3.22992e-07
3.90507e-09
-2.55548e-07
2.26753e-08
-1.4401e-07
4.60463e-08
1.60379e-08
8.50342e-08
1.68547e-07
-6.86819e-09
-3.0299e-08
-5.93487e-08
-8.90906e-08
-1.16668e-07
-1.3829e-07
-1.49484e-07
-1.45579e-07
-1.22904e-07
-7.68575e-08
8.17673e-09
)
;

boundaryField
{
    rotor
    {
        type            calculated;
        value           uniform 0;
    }
    stator
    {
        type            calculated;
        value           uniform 0;
    }
    front
    {
        type            empty;
        value           nonuniform 0();
    }
    back
    {
        type            empty;
        value           nonuniform 0();
    }
}


// ************************************************************************* //
