/*--------------------------------*- C++ -*----------------------------------*\
| =========                 |                                                 |
| \\      /  F ield         | OpenFOAM: The Open Source CFD Toolbox           |
|  \\    /   O peration     | Version:  2.4.0                                 |
|   \\  /    A nd           | Web:      www.OpenFOAM.org                      |
|    \\/     M anipulation  |                                                 |
\*---------------------------------------------------------------------------*/
FoamFile
{
    version     2.0;
    format      ascii;
    class       volScalarField;
    location    "4";
    object      p_rgh;
}
// * * * * * * * * * * * * * * * * * * * * * * * * * * * * * * * * * * * * * //

dimensions      [1 -1 -2 0 0 0 0];

internalField   nonuniform List<scalar> 
3072
(
0
-0.00664096
0.0647863
0.455631
1.19719
1.13472
0.329832
-0.212395
-0.228071
-0.221957
-0.191929
-0.133179
1.23648
1.21809
1.19967
1.78861
1.75727
1.36703
1.38963
1.34956
1.39347
1.44832
1.51392
1.58558
2.47145
2.45703
2.45471
2.59043
2.54724
2.662
2.76849
2.87309
2.99087
3.10927
3.22293
3.3259
3.88195
3.86857
3.92176
4.02212
4.14196
4.29542
4.46564
4.64358
4.82479
5.00129
5.16456
5.30604
5.4454
5.41116
5.47492
5.7111
5.9019
6.1129
6.33757
6.56982
6.80218
7.02425
7.22477
7.39531
7.23775
8.13272
7.53933
7.55461
7.79996
8.05815
8.32288
8.59079
8.85593
9.10563
9.32607
9.51288
8.75679
9.91055
10.0416
9.53642
9.81041
10.0949
10.3806
10.6735
10.9343
11.1874
11.4062
11.5928
10.5924
11.8433
11.4045
11.5114
11.868
12.1922
12.4776
12.7624
13.0276
13.2369
13.4212
13.5869
12.3418
12.9915
13.1306
13.6099
14.0256
14.3555
14.5994
14.8128
15.0229
15.2319
15.3731
15.4618
13.9698
14.8237
15.2255
15.7664
16.2424
16.5484
16.7081
16.8202
16.9235
17.0458
17.1507
17.1881
15.3928
16.8259
17.2628
17.8852
18.4278
18.7012
18.7283
18.7093
18.7151
18.7684
18.8191
18.7341
16.2116
18.6168
19.1448
19.7111
20.4015
20.6774
20.5541
20.3883
20.3209
20.3267
20.3473
20.0643
0.222258
0.391406
0.0891093
0.296857
0.119881
0.303791
0.715611
1.82818
1.38471
1.01894
0.846037
1.79353
1.65857
1.69144
1.72051
1.74754
1.65778
1.51385
1.40619
1.7537
1.99097
2.21409
2.05414
2.1091
3.40971
3.45942
3.49439
3.48091
3.40504
3.27842
3.14478
3.16717
3.28895
2.79678
2.61424
3.02087
5.41697
5.49129
5.51399
5.48207
5.38545
5.23502
5.06719
4.91036
5.00784
5.47098
5.49819
5.81034
7.52685
7.61084
7.63352
7.58273
7.43619
7.1754
6.77064
6.19556
6.18243
5.7597
6.6543
6.76344
9.65972
9.758
9.79439
9.75415
9.60217
9.30041
8.77661
7.98534
7.7431
9.52706
10.3896
10.7379
11.7481
11.8648
11.9328
11.9426
11.8637
11.6379
11.1782
10.4077
9.96231
14.0065
13.3119
14.5477
13.7424
13.877
13.9916
14.0849
14.1303
14.1439
13.9278
13.5296
13.1154
16.7499
19.3264
20.3
15.6088
15.7508
15.9242
16.1022
16.299
16.5063
16.713
16.8618
16.8245
18.0363
22.4508
23.2584
17.3281
17.4498
17.6921
17.9256
18.261
18.6538
19.1643
19.8181
20.3693
21.0528
21.9453
25.6995
18.8953
18.934
19.2801
19.5097
19.9621
20.4308
21.089
22.0212
23.0009
24.0067
25.6913
23.6598
20.319
20.156
20.6939
20.8297
21.402
21.8323
22.4969
23.265
24.7752
25.2008
28.0361
26.6591
-1.13412
-1.17401
-1.18525
-1.18073
-1.16463
-1.13258
-1.09586
-1.07958
-1.03663
-0.973704
-0.890782
-0.542609
0.296469
0.277564
0.29045
0.325222
0.375158
0.446145
0.88851
0.778211
0.584558
0.689444
0.779422
0.873395
1.48444
1.49998
1.5581
1.65123
1.76555
2.00785
2.43585
2.08587
2.17685
2.30903
2.42955
2.54729
2.7834
2.83639
2.95338
3.11196
3.27602
3.73906
4.11925
3.81867
3.98805
4.1581
4.31903
4.46843
4.16703
4.27006
4.45557
4.69789
4.93351
5.28471
5.52306
5.69659
5.93143
6.14722
6.3435
6.52033
5.6404
5.80346
6.07123
6.39775
6.73717
7.08259
7.40907
7.71398
7.99577
8.24182
8.45588
8.63841
7.22127
7.47198
7.95386
8.4699
8.64432
9.06801
9.46702
9.82254
10.1394
10.3923
10.5938
10.7594
8.89005
9.27876
9.91454
10.4346
10.6349
11.1259
11.5909
11.9787
12.3204
12.5545
12.7041
12.8163
10.5833
11.2031
11.837
12.3532
12.6559
13.2105
13.7334
14.1244
14.487
14.6748
14.7261
14.7559
12.2489
13.2619
13.7817
14.1411
14.5772
15.2122
15.8155
16.1729
16.5773
16.702
16.5872
16.505
13.6878
15.4084
15.8973
15.9142
16.2365
17.0066
17.7754
18.0282
18.5249
18.5708
18.1854
17.9776
14.3981
17.3642
17.8769
17.2514
17.3688
18.4809
19.4513
19.5817
20.2776
20.2208
19.3786
19.0428
-0.269364
-0.624277
-0.526736
-0.386965
-0.223536
0.0398859
0.454915
1.00633
1.36293
1.44602
1.34811
1.40287
0.942427
1.02422
1.08409
1.11953
1.09894
1.46524
2.07546
2.11057
2.01851
1.97692
1.52221
1.6962
2.65292
2.7492
2.8389
2.90769
2.94604
3.36002
6.21905
8.2793
8.01258
7.8576
8.64671
7.82871
4.60357
4.72245
4.82063
4.90371
4.99933
4.90389
4.85478
4.60336
4.65145
4.87504
5.06062
6.00097
6.67712
6.81262
6.92132
6.99114
7.0226
7.00788
6.94603
6.80628
6.69805
6.64397
6.28076
6.00483
8.8001
8.94272
9.06028
9.14038
9.17961
9.16609
9.09224
8.93676
8.71744
8.49807
8.06656
8.10163
10.9014
11.0364
11.156
11.2449
11.2971
11.3006
11.2397
11.0823
10.8137
10.4814
11.0554
9.89723
12.9152
13.0318
13.147
13.2447
13.3142
13.3556
13.3488
13.2461
13.0382
12.6472
12.5664
11.9962
14.7844
14.8768
14.9876
15.0927
15.1812
15.2758
15.3608
15.3573
15.2722
15.0281
14.8485
15.5753
16.4475
16.5291
16.6547
16.7544
16.8513
17.0024
17.2089
17.3269
17.3834
17.3521
17.3441
21.4328
17.8426
17.9509
18.1016
18.1993
18.2779
18.4694
18.8132
19.0535
19.2121
19.4519
19.7956
21.4697
18.9081
19.1278
19.3263
19.3958
19.4217
19.6337
20.1022
20.4332
20.5632
21.1282
22.132
22.4528
-1.65451
-1.697
-1.72555
-1.74676
-1.76482
-1.78404
-1.79246
-1.76959
-1.6299
-1.66315
-1.66372
-1.57026
-0.200243
-0.228981
-0.237537
-0.230271
-0.0521608
-0.2341
-0.194839
-0.167861
-0.132813
-0.0853885
-0.0233681
0.0528202
1.04505
1.04755
1.08804
1.1528
1.36437
1.21782
1.30991
1.39295
1.47755
1.56852
1.67142
1.79078
2.40238
2.43156
2.51924
2.68885
2.79412
2.9224
3.05363
3.17939
3.30081
3.41983
3.53813
3.65581
3.88691
3.95487
4.13458
4.5347
4.55259
4.75396
4.94335
5.11733
5.27587
5.42073
5.55357
5.67238
5.48141
5.60468
5.97255
6.49295
6.44775
6.71668
6.96157
7.17866
7.36606
7.52615
7.66851
7.79356
7.15639
7.34502
8.06669
8.38684
8.48833
8.80466
9.08782
9.33251
9.52817
9.68219
9.81736
9.94022
8.932
9.2314
10.0417
10.3487
10.5906
10.9649
11.2811
11.5357
11.7168
11.8299
11.9312
12.0403
10.7791
11.235
11.797
12.3043
12.7636
13.1741
13.5
13.743
13.88
13.9087
13.9349
14.0276
12.6584
13.3477
13.8659
14.4732
14.9692
15.3693
15.6618
15.8604
15.9305
15.8468
15.7383
15.8354
14.4112
15.56
15.9779
16.6265
17.1006
17.4412
17.6541
17.7716
17.7401
17.5537
17.2008
17.4002
15.7972
17.758
17.8518
18.5958
19.0367
19.2804
19.3726
19.3889
19.178
18.9561
17.9675
18.6886
-1.4316
-1.2289
-0.907483
-0.367366
0.278071
0.885995
1.25563
1.48981
1.9631
2.2639
2.46781
2.75089
0.147491
0.247671
0.383024
0.965852
1.23808
1.42593
1.77731
2.76412
2.41541
2.11028
1.89184
1.58552
1.93011
2.11742
3.54324
7.01495
7.20837
5.33587
6.00481
5.8198
5.37801
4.65074
3.9992
4.11253
3.78017
4.0543
3.91899
3.77195
3.25773
3.6407
3.55986
3.53278
3.32614
3.42476
4.03587
4.76838
5.76979
5.83345
5.85833
5.83289
5.69832
5.73747
5.74484
5.63555
5.45687
5.24251
4.95077
4.51338
7.89515
7.96645
8.00687
8.00866
7.96575
7.99836
7.94595
7.80196
7.60194
7.27867
6.87309
6.47149
10.0412
10.1121
10.1594
10.1843
10.2008
10.3458
10.3049
10.1899
9.95696
9.54358
9.04675
8.52585
12.1317
12.1849
12.2208
12.2498
12.2963
12.3713
12.4045
12.3726
12.2256
11.9592
11.5056
10.9715
14.1121
14.1262
14.1304
14.1468
14.2317
14.3819
14.5165
14.6293
14.6234
14.5181
14.2232
13.7122
15.9434
15.894
15.8432
15.8232
15.9381
16.2043
16.4603
16.7495
16.9201
17.0702
17.1291
16.8502
17.6015
17.4493
17.3182
17.2382
17.3724
17.8032
18.1732
18.6396
18.9798
19.3959
20.0272
20.3275
19.0708
18.7404
18.4978
18.3546
18.5038
19.1597
19.645
20.2118
20.653
21.1311
22.4536
23.6711
6.56197
6.69238
6.15933
1.68803
-0.666111
-0.680089
-0.6993
-0.685302
-0.65625
-0.581066
-0.505617
-0.358124
7.30716
7.42438
4.69814
0.862302
0.854014
0.88909
0.901136
1.11281
1.17749
1.13516
1.25218
1.37245
4.21201
3.37613
1.93066
2.01681
2.14657
2.26873
2.4854
2.8236
2.68128
2.83184
2.97278
3.09786
3.69868
3.58941
3.51577
3.60426
3.74141
3.87956
4.35597
4.52354
4.58045
4.74051
4.90542
5.05151
5.56042
4.85101
5.06619
5.20629
5.4426
5.67504
6.18286
6.36577
6.49125
6.72149
6.93118
7.11422
7.04458
6.36604
6.63141
6.97018
7.27442
7.57251
7.89299
8.21645
8.4724
8.74577
8.99529
9.21019
8.19493
8.13504
8.45833
8.88355
9.21349
9.55399
9.8973
10.2063
10.4973
10.777
11.0477
11.2938
9.70151
10.0452
10.4495
10.8566
11.2357
11.6021
11.9468
12.2466
12.5017
12.7574
13.0347
13.3049
11.5126
12.0602
12.563
13.0171
13.3432
13.6714
14.0045
14.273
14.4618
14.7359
14.9075
15.2036
13.1722
14.1716
14.7923
15.2526
15.503
15.8105
16.0589
16.2428
16.2868
16.3707
16.7733
17.3801
14.6115
16.2694
17.0262
17.4692
17.4332
17.6451
17.8214
18.0826
17.9238
17.8153
18.1235
18.5857
15.3966
18.0324
18.9443
19.2294
18.9356
19.219
19.3063
19.6834
19.2745
18.8241
19.4014
20.0119
-0.271275
-0.148554
-0.0231734
0.0591158
0.0779811
0.0338825
-0.0464429
-0.102142
0.328691
0.31503
-1.90966
3.86545
1.48771
1.56749
1.61674
1.62633
1.58468
1.51506
1.65246
1.67964
1.29028
0.894899
0.421674
3.02868
3.19516
3.27125
3.29381
3.25523
3.15139
2.99844
2.81926
2.57854
2.35093
2.42074
2.58146
3.58013
5.16991
5.23118
5.22564
5.14321
4.97257
4.7221
4.39807
4.05051
4.22203
4.71251
4.92049
5.28867
7.25109
7.3244
7.31749
7.21721
7.0068
6.68099
6.23392
5.76404
6.39722
7.23456
7.48137
7.71685
9.3786
9.48341
9.5104
9.44598
9.25529
8.90655
8.42161
7.87943
8.25089
10.1838
10.2898
10.5206
11.4928
11.6437
11.7261
11.7088
11.6032
11.3431
10.9154
10.396
10.2116
13.3266
13.1763
13.5016
13.5323
13.7464
13.8909
13.9543
13.9443
13.834
13.6178
13.2853
13.1907
15.7657
16.2143
16.7088
15.4352
15.7191
15.9418
16.0708
16.1865
16.2558
16.3123
16.3809
16.532
17.6557
19.7726
20.4624
17.7582
17.8651
17.9768
18.0039
18.2057
18.4211
18.6987
19.1593
19.794
21.017
23.0116
25.369
18.9626
19.4448
19.847
20.0737
20.0103
20.2445
20.621
21.3456
22.3844
23.8266
24.6358
25.9967
20.38
20.6977
20.9237
21.1117
21.4447
21.7382
22.01
22.8418
24.1569
25.9258
27.458
26.5338
21.4103
21.8477
20.9376
21.1463
22.0013
22.5932
22.3913
21.9027
21.6936
21.6842
21.7491
21.1151
22.974
23.2518
22.0574
22.6875
23.2301
24.0187
23.5937
23.5916
23.0278
22.8524
23.1089
22.3988
23.746
24.1542
22.999
25.5487
33.004
30.818
24.5609
23.7671
24.0252
23.7403
24.3653
23.1263
26.8657
23.9685
24.3002
34.4409
33.8732
36.0129
37.0081
24.8522
25.1249
24.5466
25.0655
23.7797
21.598
21.0259
21.9168
21.8778
22.6208
22.8931
23.4726
23.9276
24.9157
28.2252
27.3644
24.4452
22.9207
21.3299
22.8919
22.6338
23.7063
23.7854
23.9834
23.8635
24.7664
26.6487
27.8736
28.6546
24.2303
23.382
28.2131
24.2496
24.5532
24.7805
24.3641
23.0948
22.6136
27.0977
26.4702
29.3133
25.5797
28.8431
34.7271
31.834
30.4878
23.8484
25.1374
31.2047
28.6736
23.4076
23.9614
30.9703
18.4989
19.5985
19.7655
21.6769
21.859
19.9809
20.6759
20.8234
21.9926
21.6805
20.1857
19.8336
21.6286
20
21.0933
20.7206
20.5452
24.5953
23.2783
20.8256
22.9859
22.1449
20.1191
21.0993
30.8635
21.1912
22.2431
21.6788
23.6289
25.4958
24.2204
25.5951
25.044
24.3054
27.2107
25.2235
32.193
31.6546
20.9467
21.5357
22.5951
25.1776
24.3946
26.1358
28.7566
25.0182
20.9328
21.5642
19.5877
20.0382
20.3609
20.3214
20.2315
20.5083
21.0984
21.3193
21.1522
21.5218
22.3581
23.4324
21.4814
20.9096
20.4351
20.5909
20.6317
20.6678
21.1832
21.6376
22.0888
22.9065
23.6347
22.4524
23.8655
22.4541
21.2237
21.1059
21.3809
21.2889
20.6367
21.3916
21.9407
23.128
23.902
22.7184
23.6357
23.9627
22.2451
21.8771
21.8724
21.9765
21.4209
21.0369
21.762
23.0602
22.6687
23.0508
19.3295
20.156
21.0376
20.7645
20.6944
20.8125
20.7596
20.7435
20.33
20.7351
22.7723
19.9097
21.173
21.5439
21.6601
22.1486
22.0176
21.9613
21.7204
21.5442
21.3044
21.3285
22.0321
20.6031
21.4669
21.9315
22.1816
22.8348
22.9592
22.8192
22.3541
22.1089
21.6995
20.9795
21.212
21.6744
23.2844
23.064
21.3005
22.7939
23.4686
23.3501
23.102
23.2254
23.0586
21.7161
17.9726
18.8601
20.3312
19.7815
19.3343
19.1745
19.369
20.2649
20.9158
21.4077
21.8626
21.8817
23.2069
23.1076
20.3933
20.8989
21.7488
20.6469
19.677
21.0592
22.0875
22.1484
22.8722
21.9521
23.4348
23.8295
23.1546
26.3417
26.4267
27.8384
33.174
36.8992
30.4802
22.0011
23.9047
21.7527
31.7039
30.897
25.5963
28.7818
25.8003
27.3661
34.1939
35.848
37.2998
23.823
24.7787
23.5966
32.9365
32.105
18.7469
20.2501
21.5294
22.205
20.4404
19.9734
20.1425
20.9863
20.1391
18.8926
20.525
21.1274
19.9851
22.8069
24.6704
25.0761
26.1911
27.9929
29.6229
20.4328
21.7353
24.8173
23.908
22.0416
28.9379
26.5457
26.7297
26.4592
27.5196
28.3398
22.63
23.1863
21.3341
20.1199
26.991
23.5707
28.2914
27.5795
26.509
30.4974
36.0214
35.436
26.4735
21.7023
20.8336
24.2923
27.802
19.613
21.6077
21.9457
22.1716
22.2966
22.6305
22.9537
22.8714
23.7298
25.0735
26.8894
28.7122
26.5349
22.7239
23.0654
23.1757
23.2568
23.6909
24.1086
23.7506
26.1585
28.1662
27.9606
27.7728
26.7897
23.9884
23.9889
23.9957
24.0692
24.63
25.3365
24.8807
28.3354
28.6215
28.3511
28.7733
24.7136
25.4653
23.7548
23.9151
24.6168
25.1385
25.5494
29.2671
28.8519
28.0001
27.9502
29.4621
33.6449
27.7213
30.4621
25.3339
24.0535
24.2071
23.8145
24.1947
24.6599
25.4476
29.7702
42.4212
42.1435
23.5221
22.7753
23.2571
23.9834
24.1255
24.0989
24.3942
24.7164
25.0266
24.7953
25.5258
27.3466
24.0197
23.5621
23.7197
24.0528
24.2174
24.3
24.4936
24.7087
24.9029
24.9599
25.3226
25.6095
24.3916
24.0027
23.9963
24.1226
24.2475
24.3608
24.5155
24.6955
24.8571
24.9691
25.2146
25.2687
35.23
26.1966
24.513
25.4805
31.4313
34.3833
28.3515
20.1992
21.3794
26.5909
26.1279
24.6936
25.8823
25.4379
24.9151
24.3526
23.6023
22.6741
21.4328
21.7268
21.933
20.6795
21.3972
23.248
24.4633
25.0393
24.7113
24.2544
23.5666
22.6541
21.9349
22.2166
22.1711
21.5097
22.09
22.9737
24.6929
24.8045
24.5498
24.157
23.588
22.9825
22.4784
22.5339
22.4497
22.0794
22.4253
22.8684
24.9537
24.8398
25.7578
21.8754
20.5471
21.9244
22.9191
23.9765
21.6559
20.6329
20.9593
21.7818
23.5345
22.9667
21.2473
20.9241
21.2356
22.0162
22.5871
22.8359
21.7413
21.2847
21.4914
22.1959
23.1063
22.7022
21.848
21.5751
21.7248
22.1847
22.5131
22.5365
21.901
21.6145
21.7467
22.2123
22.9192
22.6285
22.1278
21.9484
22.0175
22.2781
22.4568
22.4088
22.016
21.8199
21.8027
21.9892
23.4652
24.4247
24.4487
24.1095
23.5405
22.3877
21.7973
21.9933
23.5122
23.493
23.5295
23.412
23.5615
24.1368
24.5416
23.9775
24.1916
24.1237
23.8895
23.9244
24.2563
24.3009
24.1448
23.8623
23.6098
24.1478
24.0774
23.9746
24.178
24.4139
24.3403
24.3615
24.5874
24.6698
24.3828
23.9328
23.8369
24.3535
24.2615
24.1509
23.955
23.828
23.8919
23.976
24.0054
23.9556
23.6882
23.2441
23.0382
22.5133
24.6028
27.1682
25.7273
24.568
23.9561
23.9105
23.8537
22.0975
19.0644
19.5852
23.6796
23.3214
23.409
24.4883
25.3974
25.8276
24.6997
24.239
24.1907
23.6008
22.4908
22.8879
23.2081
22.9548
23.1633
22.3122
22.2958
22.8496
23.4978
24.1758
24.2299
23.2306
22.626
22.4718
22.8833
22.933
23.0257
22.4746
22.2303
22.4091
22.6509
22.7255
22.5528
22.3367
22.3938
22.5067
20.3491
23.2566
33.6319
38.6558
36.6597
32.6423
28.3602
24.9785
22.9877
24.3271
24.252
23.982
22.6044
23.906
27.7434
28.03
34.404
32.2306
29.5924
25.3272
24.4744
22.8809
24.6334
25.5766
23.721
23.4664
28.5809
28.7872
29.9688
31.3253
29.854
26.3303
26.1631
25.3548
24.7628
26.1767
24.3973
25.2106
23.4187
29.3244
27.7999
28.9101
27.8354
25.8347
26.5833
25.3759
24.762
25.6805
26.4437
26.0305
24.388
25.709
30.1779
26.9963
22.0976
23.0163
21.8913
20.462
20.2635
27.4969
26.4657
26.6296
25.5501
25.9945
26.7583
26.0276
24.7101
24.1639
23.1766
25.5466
23.3138
23.8705
26.4627
26.7955
26.2425
26.7587
31.6884
28.7332
25.6715
24.3545
24.2086
22.9759
23.8
27.7597
26.4193
26.9087
26.7132
24.7167
23.8106
23.2882
24.8
23.8694
22.4838
25.2571
26.9884
29.0285
33.7305
36.531
38.8
40.9081
42.4883
33.8201
28.1359
26.9718
26.5003
24.3638
22.5813
24.6856
27.1064
30.3099
31.2264
30.4402
28.9859
27.1843
27.5608
26.979
26.6304
25.5579
24.6173
24.6333
29.0591
29.7534
29.6173
29.2706
28.3944
27.6249
27.6054
26.7871
25.93
25.4038
25.1676
24.8998
29.2687
30.5482
29.6283
29.0503
28.3401
27.8209
27.5973
26.9531
26.2799
25.8145
25.5143
25.1065
24.629
24.2406
24.1378
24.1668
24.2584
24.3753
24.5213
24.6823
24.8284
24.9404
25.0919
24.9399
24.7719
24.3755
24.2167
24.2011
24.2729
24.3879
24.525
24.6715
24.8053
24.911
25.0315
24.9655
24.8521
24.4575
24.2749
24.239
24.2973
24.4045
24.532
24.6651
24.7877
24.8869
24.9918
24.9892
24.8924
24.5122
24.3296
24.2847
24.3312
24.4271
24.543
24.6636
24.7755
24.8684
24.9585
24.9828
24.8993
24.5472
24.3838
24.3369
24.3712
24.4538
24.557
24.6653
24.7669
24.8526
24.9309
24.9634
24.8719
24.5583
24.431
24.389
24.4124
24.4812
24.5715
24.668
24.7599
24.8384
24.9073
24.9421
25.0013
24.5452
24.4658
24.434
24.4493
24.5057
24.5839
24.6698
24.7531
24.8252
24.8867
24.9214
25.4646
24.5987
24.4877
24.4668
24.4781
24.5244
24.5924
24.6696
24.7459
24.8128
24.8687
24.9023
26.6956
24.6479
24.4978
24.4867
24.4969
24.536
24.5962
24.6668
24.7379
24.8012
24.8534
24.8855
26.664
24.9534
24.4922
24.4992
24.5068
24.5405
24.5953
24.6616
24.7296
24.7908
24.8409
24.8722
26.755
25.3273
24.5044
24.5083
24.5099
24.5388
24.5902
24.6544
24.7211
24.7818
24.8317
24.8631
26.8353
25.1945
24.5881
24.5194
24.5091
24.5336
24.5831
24.6468
24.7136
24.7748
24.8257
24.8589
24.883
24.6761
24.4193
24.0671
23.6006
23.1622
22.7863
22.732
22.6461
22.4199
22.5947
22.8094
24.6776
24.5045
24.2878
23.9831
23.6024
23.2583
22.9616
22.8558
22.7643
22.6158
22.6864
22.7766
24.4742
24.3494
24.1704
23.9074
23.5932
23.3088
23.0623
22.9345
22.8417
22.7269
22.7366
22.7569
24.3234
24.2292
24.0764
23.8485
23.5814
23.3364
23.1224
22.986
22.8897
22.7899
22.764
22.7444
24.2136
24.141
24.0065
23.8059
23.5723
23.3542
23.1614
23.0222
22.9216
22.827
22.7799
22.7367
24.1328
24.077
23.9568
23.7768
23.568
23.3682
23.1894
23.0497
22.9448
22.8516
22.7903
22.733
24.0751
24.0315
23.9229
23.7585
23.5673
23.3806
23.211
23.0717
22.9631
22.8691
22.7985
22.7322
24.0355
24.0001
23.9
23.7476
23.569
23.3914
23.228
23.0894
22.9779
22.8823
22.8055
22.7335
24.0108
23.9805
23.886
23.7418
23.5716
23.4002
23.241
23.1029
22.9894
22.8922
22.8113
22.7355
23.9986
23.9707
23.8793
23.7396
23.5744
23.4066
23.2498
23.1121
22.9972
22.8988
22.8154
22.7374
23.9968
23.97
23.8793
23.7407
23.577
23.4106
23.2547
23.117
23.0014
22.9024
22.8176
22.7384
24.0022
23.9761
23.8843
23.7441
23.5794
23.4123
23.2562
23.1183
23.0024
22.9033
22.8183
22.7387
22.8188
22.6059
22.2933
22.1557
22.1751
22.3119
22.4005
22.328
22.0581
21.8762
21.7048
21.0548
22.7582
22.5962
22.3837
22.2692
22.2591
22.3206
22.35
22.2684
22.0666
21.8999
21.7605
21.4409
22.7193
22.589
22.4315
22.3312
22.301
22.3159
22.3087
22.2261
22.0675
21.9262
21.8281
21.6858
22.6937
22.583
22.4571
22.366
22.3223
22.3084
22.2791
22.1995
22.0737
21.9574
21.888
21.8219
22.677
22.5787
22.4717
22.387
22.3344
22.3033
22.2605
22.1853
22.0827
21.9894
21.9383
21.9061
22.6671
22.5767
22.4816
22.4013
22.3438
22.3006
22.2506
22.1796
22.0935
22.0172
21.9784
21.9634
22.6621
22.5768
22.4893
22.4123
22.3515
22.301
22.2464
22.1789
22.1038
22.039
22.0076
22.0013
22.6604
22.5784
22.4958
22.4212
22.3584
22.303
22.2455
22.1801
22.1119
22.0543
22.0266
22.0241
22.6606
22.5807
22.5013
22.4282
22.364
22.3054
22.2457
22.1814
22.1169
22.0631
22.0366
22.0351
22.6614
22.5829
22.5055
22.4334
22.3681
22.3073
22.2459
22.1815
22.1184
22.066
22.0391
22.037
22.6619
22.5844
22.5083
22.4367
22.3707
22.3084
22.2453
22.18
22.1166
22.0637
22.0354
22.032
22.6621
22.5851
22.5097
22.4384
22.3719
22.3084
22.2441
22.1775
22.1126
22.058
22.0281
22.0231
24.791
24.5882
24.3576
24.2179
24.0746
23.9909
23.9932
24.0037
23.968
23.8657
23.6476
23.2996
24.8266
24.6108
24.3853
24.2483
24.1314
24.0553
24.0474
24.0297
23.9708
23.85
23.636
23.3351
24.6785
24.5568
24.3776
24.256
24.157
24.0913
24.0619
24.0213
23.9436
23.8128
23.6091
23.3468
24.5824
24.5005
24.3596
24.2536
24.1661
24.103
24.058
24.0006
23.9105
23.776
23.5844
23.353
24.5146
24.4572
24.3439
24.2501
24.1689
24.1045
24.048
23.9785
23.8805
23.7457
23.5657
23.3568
24.4647
24.4267
24.3355
24.2498
24.1713
24.1037
24.0384
23.9602
23.8572
23.7234
23.5536
23.362
24.4305
24.4074
24.3329
24.2529
24.1752
24.1039
24.0316
23.9473
23.8412
23.709
23.5474
23.3686
24.4097
24.3969
24.334
24.2583
24.1805
24.1056
24.0282
23.9396
23.8315
23.7009
23.5457
23.3761
24.3996
24.393
24.3377
24.2646
24.1862
24.1084
24.0273
23.9358
23.8267
23.6975
23.5469
23.3835
24.398
24.3946
24.3433
24.2711
24.1916
24.1115
24.028
23.9347
23.8251
23.6969
23.5494
23.3899
24.4029
24.4013
24.3512
24.2778
24.1964
24.1145
24.0295
23.9354
23.8256
23.6981
23.5523
23.3949
24.4115
24.4113
24.3602
24.2841
24.2002
24.1169
24.0313
23.9371
23.8272
23.7002
23.5551
23.3981
22.9933
22.9204
22.8936
22.5855
22.4201
22.4303
22.4473
22.3641
22.2506
22.255
22.2773
21.778
23.0592
22.929
22.8484
22.6436
22.5158
22.4865
22.4616
22.3742
22.2813
22.2703
22.2824
22.0769
23.0991
22.9466
22.8394
22.682
22.5683
22.5143
22.4661
22.3819
22.3044
22.2857
22.3063
22.2428
23.1276
22.968
22.8468
22.7108
22.6028
22.5337
22.4728
22.3942
22.3295
22.3103
22.3355
22.3279
23.1518
22.9905
22.8615
22.7348
22.6292
22.5512
22.4834
22.4112
22.3568
22.3403
22.3641
22.3798
23.1723
23.0124
22.8792
22.7562
22.6515
22.5684
22.4974
22.4303
22.3829
22.3682
22.3894
22.4152
23.1902
23.0325
22.8971
22.7754
22.6708
22.5848
22.5122
22.4486
22.4051
22.3905
22.4082
22.4374
23.2057
23.0504
22.9137
22.7922
22.6872
22.5993
22.5256
22.4636
22.4215
22.4055
22.4189
22.4478
23.2185
23.0649
22.9275
22.8057
22.7002
22.6108
22.5358
22.4739
22.4313
22.4127
22.4217
22.4485
23.2282
23.0755
22.9375
22.8152
22.7091
22.6184
22.5418
22.4788
22.4342
22.4125
22.4175
22.4419
23.2345
23.0819
22.9432
22.8204
22.7136
22.6218
22.5435
22.4783
22.4308
22.4056
22.4075
22.4306
23.2378
23.0845
22.945
22.8218
22.7145
22.6216
22.5417
22.4741
22.4234
22.395
22.395
22.4178
25.2731
25.5304
24.5587
28.1748
28.0242
27.0006
26.1368
25.8516
26.3614
25.1933
24.4425
25.2116
25.6018
25.6682
25.4437
27.0189
27.6635
26.9281
26.2635
25.9931
26.0661
25.2499
24.5729
24.7231
25.7748
25.8188
25.7943
25.9046
27.1808
26.747
26.2393
25.9856
25.8907
25.3073
24.6995
24.6312
25.9206
25.9558
25.9884
26.0993
26.5657
26.5875
26.1915
25.9446
25.7758
25.2949
24.8204
24.6791
26.0391
26.0653
26.122
26.3617
25.91
26.4536
26.1153
25.8889
25.6899
25.3035
24.9097
24.7238
26.1257
26.1454
26.2075
26.41
25.9849
26.2015
26.0212
25.8319
25.6341
25.3109
24.9703
24.7599
26.1845
26.2005
26.2615
26.4123
26.3233
25.8473
25.9338
25.7803
25.5947
25.3161
25.0134
24.7896
26.222
26.2361
26.2952
26.4208
26.5277
25.7192
25.8837
25.7358
25.5677
25.322
25.0458
24.8148
26.2431
26.2562
26.3139
26.4266
26.5557
26.001
25.7868
25.6957
25.551
25.3299
25.0715
24.8364
26.2518
26.2637
26.3199
26.4266
26.5569
26.3788
25.5881
25.6533
25.5454
25.3417
25.0936
24.8555
26.2515
26.2611
26.3151
26.4204
26.5714
26.6306
25.4585
25.617
25.5545
25.359
25.1143
24.873
26.246
26.2524
26.3038
26.411
26.5985
27.0295
25.8498
25.604
25.5732
25.3789
25.1326
24.8878
26.0196
26.6297
26.2042
26.7413
29.5148
28.6992
28.187
25.8474
25.8522
24.9826
25.3607
22.6191
24.9815
25.4499
25.3187
23.6038
23.7098
25.6905
29.4489
24.7625
21.7608
21.6584
22.886
23.0038
24.4982
24.2784
24.0738
23.846
23.9749
23.9826
21.6845
21.4214
21.7475
21.8641
22.449
22.7415
24.5078
24.264
24.0652
23.9092
23.8422
23.4778
22.031
21.5878
21.8141
22.0087
22.4661
22.614
24.5388
24.3072
24.112
23.9459
23.748
23.2856
22.3065
21.8367
21.9401
22.1143
22.4667
22.5579
24.5621
24.3347
24.1286
23.9364
23.6833
23.2063
22.4848
22.0465
22.0662
22.1886
22.46
22.5206
24.5809
24.3533
24.1345
23.9152
23.6308
23.1765
22.6026
22.2172
22.1725
22.2423
22.4541
22.4971
24.5974
24.3675
24.138
23.8987
23.5996
23.1741
22.6888
22.3439
22.2553
22.2858
22.4406
22.4815
24.6125
24.3798
24.1426
23.8897
23.5843
23.1841
22.7517
22.4318
22.3123
22.3119
22.4284
22.4666
24.6267
24.3919
24.1498
23.8889
23.5815
23.1983
22.7943
22.4854
22.3425
22.3202
22.4156
22.4509
24.6407
24.4045
24.16
23.8955
23.5876
23.2125
22.818
22.5086
22.3469
22.3116
22.4014
22.4355
24.6531
24.4165
24.1714
23.9063
23.5989
23.2245
22.8268
22.5092
22.333
22.2913
22.3878
22.4216
26.393
29.9755
29.4107
28.9412
28.348
27.8946
27.5593
27.0131
26.4795
26.047
25.7097
25.2574
28.0214
29.3997
29.2015
28.8355
28.3351
27.9084
27.5467
27.0749
26.5956
26.1809
25.8187
25.3479
28.5753
28.0839
28.964
28.7604
28.3199
27.9049
27.5291
27.0989
26.6559
26.2578
25.8649
25.3945
28.1754
27.7371
27.9425
28.4024
28.3067
27.8974
27.5168
27.1117
26.6918
26.2982
25.8891
25.408
27.9375
27.6616
27.5525
27.3599
27.3351
27.4139
27.2748
26.9945
26.637
26.2958
25.8842
25.3911
27.7864
27.6054
27.4962
27.2626
27.0419
26.848
26.6849
26.5544
26.4087
26.2729
26.0592
25.3916
27.6853
27.5618
27.456
27.2522
27.0504
26.8636
26.6979
26.5566
26.4362
26.3915
26.38
26.1897
27.6182
27.5285
27.4266
27.2446
27.0567
26.8772
26.7165
26.5828
26.479
26.4461
26.4735
26.7077
27.5764
27.5056
27.4068
27.2397
27.061
26.8861
26.7285
26.5999
26.507
26.4871
26.5386
26.8104
27.5546
27.4932
27.3957
27.2375
27.064
26.8911
26.734
26.607
26.5198
26.5068
26.57
26.7846
27.5493
27.4904
27.3925
27.2383
27.0663
26.8924
26.7334
26.6047
26.5186
26.5082
26.5765
26.7718
27.556
27.4945
27.3952
27.2411
27.0678
26.891
26.7284
26.5961
26.508
26.4981
26.5719
26.8045
)
;

boundaryField
{
    rotor
    {
        type            zeroGradient;
    }
    stator
    {
        type            zeroGradient;
    }
    front
    {
        type            empty;
    }
    back
    {
        type            empty;
    }
}


// ************************************************************************* //
