/*--------------------------------*- C++ -*----------------------------------*\
| =========                 |                                                 |
| \\      /  F ield         | OpenFOAM: The Open Source CFD Toolbox           |
|  \\    /   O peration     | Version:  v1606+                                |
|   \\  /    A nd           | Web:      www.OpenFOAM.com                      |
|    \\/     M anipulation  |                                                 |
\*---------------------------------------------------------------------------*/
FoamFile
{
    version     2.0;
    format      ascii;
    class       surfaceScalarField;
    location    "1.25";
    object      alphaPhi;
}
// * * * * * * * * * * * * * * * * * * * * * * * * * * * * * * * * * * * * * //

dimensions      [0 3 -1 0 0 0 0];

internalField   nonuniform List<scalar> 
5952
(
-2.3408e-20
6.21608e-22
-9.98716e-19
9.14871e-20
-8.23007e-18
1.52721e-18
-2.84207e-17
8.26049e-18
-1.50314e-09
1.50314e-09
-3.65476e-08
6.41444e-09
-4.22078e-08
5.66019e-09
-4.42483e-08
2.0405e-09
-4.41517e-08
-9.66031e-11
-9.97927e-17
1.35192e-10
-1.02573e-16
2.7803e-18
3.61539e-18
-1.80156e-16
2.43362e-21
-2.69021e-22
4.70809e-20
1.42268e-19
1.69937e-19
1.67508e-18
-1.02459e-11
1.02459e-11
-1.87819e-08
3.70315e-08
-4.23284e-08
1.80648e-07
-2.34682e-09
3.18241e-09
-4.50399e-10
4.58093e-12
-3.40803e-10
-2.37796e-11
-4.16031e-13
-7.0339e-13
-2.36909e-16
2.85782e-14
9.32409e-18
-3.27887e-16
-1.82412e-19
3.13912e-20
-4.51982e-18
6.37213e-19
-1.57708e-17
7.82584e-18
-1.19633e-08
1.89138e-09
-1.03032e-07
1.2059e-07
-1.11986e-07
1.81538e-07
-6.00733e-11
4.22221e-08
-5.54924e-11
6.94883e-17
-5.19234e-11
-5.32649e-14
-2.89953e-14
8.0328e-12
-4.5383e-16
4.23972e-17
4.45309e-17
-4.82647e-16
-3.41402e-19
3.29277e-17
-7.39043e-18
3.86104e-18
-1.86597e-17
1.38689e-17
-4.15657e-08
4.21876e-09
-1.41182e-07
1.08065e-07
-1.38332e-07
1.87521e-07
-4.64079e-11
4.52595e-08
-4.64079e-11
9.67268e-17
-4.44748e-11
9.76809e-12
-4.17262e-16
1.14633e-11
-4.52732e-16
7.16886e-17
7.56686e-17
-5.33918e-16
-2.43911e-15
1.97576e-16
4.45611e-15
1.70492e-14
4.44075e-15
3.49245e-17
-3.27948e-08
1.96184e-09
-1.37162e-07
8.27127e-08
-1.06277e-07
1.47034e-07
-1.48302e-11
1.61025e-08
-1.48303e-11
1.24431e-16
-1.20992e-11
8.03883e-12
-8.22377e-15
7.47542e-12
-3.27925e-16
-7.81981e-15
7.41651e-17
-3.07895e-13
-5.77911e-15
1.81517e-16
7.58081e-15
4.78989e-14
1.34125e-14
-5.69806e-15
-2.34331e-09
-9.73847e-13
-4.75674e-08
2.89196e-09
-3.52789e-08
3.649e-08
-1.02015e-16
4.52866e-09
-1.22254e-16
1.44511e-16
-1.50624e-16
8.03886e-12
-1.96274e-13
7.67154e-12
-1.04471e-11
1.5436e-13
7.00767e-12
-1.08327e-11
1.2127e-16
1.26189e-17
2.51976e-15
2.78019e-14
2.95821e-14
3.37765e-13
-1.01546e-11
1.11578e-13
-3.61806e-09
-1.73134e-10
-7.14077e-11
-4.25246e-09
-6.58562e-11
4.31646e-09
-7.00301e-10
3.24066e-10
-1.89722e-09
4.74364e-09
-1.19144e-16
8.13443e-09
-1.34987e-12
1.62984e-16
5.24935e-11
-2.76441e-12
-2.4045e-15
2.40814e-15
-3.32796e-14
1.3737e-14
2.36917e-14
1.16874e-13
1.35086e-13
1.467e-16
3.23503e-10
1.58404e-11
-2.3812e-09
2.68947e-08
-1.031e-11
4.85765e-08
-1.06704e-10
1.99568e-10
-1.11469e-09
7.94916e-09
-2.44846e-09
1.58202e-08
-5.06373e-09
9.14203e-09
3.36199e-09
-1.4628e-09
-1.06958e-13
9.62587e-13
-1.59005e-15
5.82501e-14
-3.84755e-17
1.15297e-13
-1.33384e-17
1.32736e-16
1.58467e-11
-6.30563e-15
2.92419e-08
1.74449e-08
5.11856e-08
6.25939e-08
1.91004e-08
5.15453e-08
2.22059e-10
2.94993e-08
4.19641e-09
9.65481e-09
2.58314e-09
1.57242e-09
2.26781e-09
2.19361e-10
5.4606e-14
9.07479e-13
1.12585e-13
3.15423e-16
-9.44695e-13
2.49246e-12
3.44681e-12
2.05529e-11
2.67665e-13
4.59373e-13
1.74452e-08
7.0124e-18
9.58954e-08
1.88621e-08
1.29784e-07
4.36375e-08
4.73657e-08
5.64954e-08
-2.33112e-09
9.90057e-09
3.99143e-16
-7.58704e-10
2.26781e-09
4.38598e-16
-7.72913e-18
2.50778e-13
5.4992e-16
2.11318e-16
7.44333e-13
2.03277e-14
2.09794e-11
2.76706e-11
2.05837e-11
2.09178e-12
2.05837e-11
-9.05283e-17
2.70552e-08
-1.06108e-10
1.43923e-07
7.06751e-10
1.16052e-07
9.89317e-09
-6.64433e-09
1.90637e-08
2.00009e-08
7.11363e-09
8.89221e-08
8.58861e-08
3.65647e-16
2.50372e-13
5.25414e-16
8.19987e-17
6.18371e-16
2.02043e-14
6.94446e-11
-5.99341e-09
5.69926e-16
7.15357e-11
6.41003e-16
-8.81186e-16
7.85698e-16
-1.06108e-10
7.06751e-10
-1.3755e-16
5.9636e-09
-1.11933e-13
2.40848e-09
1.8939e-10
2.71619e-10
6.28183e-11
2.82043e-06
2.48894e-07
-1.97894e-16
2.12205e-18
-5.80688e-16
-6.36854e-18
-3.66328e-08
-9.92064e-10
-2.92833e-08
-7.34951e-09
-2.05806e-08
-8.70267e-09
-3.31006e-09
-5.03913e-09
-2.03647e-09
-1.27302e-09
-1.23974e-09
-7.96729e-10
-6.57151e-10
3.00941e-10
-8.14667e-10
4.12386e-09
-7.57334e-11
-2.36939e-09
-7.60546e-10
-3.85375e-16
-2.83044e-18
-2.47433e-16
-1.41823e-16
-2.12229e-08
-2.67887e-11
-3.51131e-08
-4.82504e-11
-2.22063e-08
-5.0158e-11
-1.11219e-08
-6.70973e-11
-1.62953e-11
-2.5278e-11
1.22426e-08
-1.47352e-09
8.32938e-08
-1.97031e-08
6.54272e-08
2.34396e-08
1.54068e-08
1.61176e-08
7.43776e-09
-2.47275e-15
5.08441e-18
-7.17533e-16
-2.64344e-13
-1.18775e-16
-2.67893e-11
-1.0527e-16
-4.82504e-11
-8.73436e-17
-5.01581e-11
-6.70972e-11
-4.93192e-17
-6.86804e-11
-1.60714e-12
1.40222e-09
-4.80509e-17
1.37075e-08
-1.99961e-09
3.9913e-08
-1.00744e-09
4.96041e-08
6.42657e-09
5.70418e-08
-5.18974e-15
4.58205e-15
-3.03807e-11
-4.65863e-17
-1.11036e-10
-2.16766e-12
-8.50729e-11
-1.02442e-12
-5.27416e-12
-1.1602e-11
-6.91071e-17
-5.27419e-12
-4.31548e-17
-1.60717e-12
-2.68104e-17
-6.20016e-17
-1.02015e-09
-9.79454e-10
2.04437e-08
-1.68871e-08
4.60821e-09
2.3712e-09
4.7772e-08
-5.02659e-16
5.24976e-13
-5.69898e-16
-4.61287e-17
-2.16757e-12
-1.5649e-16
-5.43052e-12
-5.22766e-12
-3.27748e-12
-2.98128e-11
-3.95378e-12
-2.9997e-11
5.94005e-13
-1.28346e-11
5.93993e-13
-4.67786e-17
-1.60388e-09
-3.4311e-17
8.65604e-09
-1.13608e-08
5.67607e-09
2.08637e-08
6.90854e-08
-3.17365e-13
2.84658e-12
-5.00229e-16
-3.16379e-13
-1.11292e-15
-1.79123e-16
-9.30701e-12
7.21557e-13
-2.91294e-11
-2.99302e-11
-1.54279e-11
-3.83559e-11
-1.97277e-16
-2.39816e-11
-8.32661e-18
-2.35734e-16
8.27935e-18
-5.09169e-17
4.99091e-08
-4.32805e-08
7.70023e-08
7.58824e-08
4.22975e-07
-2.64812e-12
4.11892e-11
-1.28979e-14
4.84268e-12
-5.42742e-13
5.29532e-13
-1.26932e-11
1.50604e-11
-1.43529e-11
-3.61222e-13
-2.22694e-11
-3.07101e-11
-1.14392e-12
-1.28845e-13
-7.33302e-18
-1.14441e-12
7.94434e-18
-6.61943e-17
1.31586e-07
-6.81288e-08
1.2896e-07
3.746e-07
7.31081e-07
-5.57698e-10
2.82241e-10
-2.38535e-10
-1.40188e-10
-1.02307e-10
-6.2515e-10
-5.41598e-13
-4.22696e-10
-9.02585e-13
-2.18602e-16
-2.65554e-16
-2.57082e-16
-1.28878e-13
-2.34025e-16
5.0719e-14
-1.00403e-15
5.07826e-14
-1.29776e-16
1.33414e-07
-4.19021e-08
1.41667e-07
6.17999e-07
8.72748e-07
4.02027e-10
3.40009e-10
7.64299e-10
2.18503e-10
4.67494e-10
5.34432e-10
1.06723e-16
2.34957e-10
1.01457e-16
-2.15276e-16
7.05417e-17
-2.26733e-16
4.53936e-17
-2.09358e-16
1.63574e-17
-1.77883e-16
4.64874e-17
-1.59787e-16
3.24486e-08
-1.99312e-10
3.99334e-08
6.89546e-07
9.12681e-07
4.18937e-16
3.40009e-10
4.05469e-16
2.18503e-10
3.69783e-16
5.34432e-10
3.19178e-16
2.34957e-10
2.93647e-16
-2.10703e-16
2.34432e-16
-1.77127e-16
1.62983e-16
-1.41783e-16
7.01346e-17
-8.76884e-17
2.43438e-18
-9.67409e-17
1.57766e-08
-1.59759e-08
8.18989e-08
6.4016e-07
9.9458e-07
3.31238e-07
-7.25383e-08
5.32358e-07
-3.11211e-07
5.58166e-07
-5.02137e-07
3.80855e-07
-5.48843e-07
1.71964e-07
-5.04693e-07
3.13788e-08
-3.32863e-07
1.90889e-08
-1.96411e-08
1.77612e-08
1.00483e-08
2.85815e-08
1.20575e-08
-6.22431e-08
-9.7975e-08
-1.23229e-08
5.56584e-07
9.82257e-07
4.08865e-06
-1.56156e-07
4.01778e-06
-2.40331e-07
3.87262e-06
-3.56985e-07
3.68091e-06
-5.10415e-07
2.97606e-06
-6.63938e-07
1.82667e-06
-7.55294e-07
7.77119e-07
-4.58499e-07
7.52709e-07
4.8179e-08
8.10873e-07
8.02667e-07
4.27041e-07
2.74658e-07
2.07978e-07
3.00707e-07
1.12751e-06
1.04737e-27
-8.03202e-25
-1.83293e-25
1.02462e-26
-1.62652e-23
4.16932e-25
-5.83859e-22
1.54726e-23
-9.9061e-21
3.49401e-22
-9.39327e-20
4.32164e-21
-5.47654e-19
3.23989e-20
-2.11799e-18
2.10294e-19
-5.06559e-18
5.16924e-19
-6.12705e-18
1.06129e-18
-7.35606e-18
1.23377e-18
1.56945e-17
-1.88901e-17
-6.90085e-22
7.7178e-24
-5.05019e-20
1.7777e-21
-1.09788e-18
6.72203e-20
-1.06214e-17
9.4674e-19
-5.44862e-17
6.64948e-18
-1.60387e-16
2.66801e-17
-2.78588e-16
6.46701e-17
-2.53855e-16
9.70438e-17
-3.68632e-17
4.92413e-17
-1.12156e-12
1.12151e-12
-1.57085e-11
9.25927e-12
4.15969e-12
-1.76079e-11
-7.47056e-21
2.39097e-22
-3.6242e-19
3.24541e-20
-4.75063e-18
6.61707e-19
-2.896e-17
5.3548e-18
-9.97973e-17
2.34288e-17
-2.09547e-16
6.30851e-17
-2.8486e-16
1.09335e-16
-2.91019e-16
1.26948e-16
-1.54558e-13
1.54606e-13
-6.47169e-11
2.64178e-11
-6.75641e-11
3.7386e-11
1.9074e-12
-3.91739e-12
-3.12588e-20
2.1381e-21
-9.82684e-19
1.65257e-19
-9.2902e-18
2.21554e-18
-4.37896e-17
1.2886e-17
-1.23717e-16
4.34804e-17
-2.26695e-16
9.59507e-17
-2.95984e-16
1.45462e-16
-3.97378e-16
1.63017e-16
-3.47613e-11
4.73588e-12
-8.88581e-11
3.6235e-11
-7.83032e-11
3.17079e-11
6.43235e-12
-4.20233e-15
-7.95e-20
9.86331e-21
-1.80766e-18
4.92265e-19
-1.33527e-17
4.77503e-18
-5.22832e-17
2.16446e-17
-1.2995e-16
6.05729e-17
-2.21424e-16
1.17571e-16
-2.7913e-16
1.66304e-16
-3.60711e-16
1.81389e-16
-3.60144e-11
2.70175e-12
-8.40982e-11
2.28261e-11
-8.01971e-11
2.25044e-11
4.53177e-12
-6.28359e-16
-1.52435e-19
2.99383e-20
-2.65522e-18
1.04954e-18
-1.59908e-17
7.86724e-18
-5.36297e-17
2.9086e-17
-1.20187e-16
6.97124e-17
-1.951e-16
1.21939e-16
-2.43618e-16
1.64867e-16
-3.00918e-16
1.79961e-16
-9.14836e-12
5.00906e-15
-3.65211e-11
-1.08661e-15
-2.70063e-11
5.30238e-13
7.43869e-13
-3.07411e-16
-2.30967e-19
6.38479e-20
-3.21866e-18
1.6903e-18
-1.64667e-17
1.03587e-17
-5.05354e-17
3.27804e-17
-1.22431e-16
7.22508e-17
-2.71005e-16
1.36775e-16
-5.47541e-16
2.52907e-16
-5.49327e-15
1.6369e-15
-4.80708e-15
-1.50036e-15
-6.08315e-15
1.68345e-16
-5.2195e-14
3.9828e-16
-1.49018e-15
-3.34692e-14
-2.70938e-19
9.9406e-20
-3.03639e-18
2.03027e-18
-1.31232e-17
1.04119e-17
-3.51939e-17
2.85369e-17
-7.78052e-17
5.61162e-17
-1.92673e-16
9.82179e-17
-6.17168e-16
2.0482e-16
-8.76938e-16
6.0053e-16
-1.05556e-16
8.39293e-16
-6.74924e-17
1.19515e-16
-5.17133e-17
1.05083e-16
1.02144e-16
-1.64952e-15
-8.44096e-19
2.28728e-18
-3.42779e-18
6.25071e-18
-8.61846e-18
1.24374e-17
-1.59082e-17
2.12882e-17
-2.50521e-17
3.09311e-17
-3.50852e-17
4.12664e-17
-1.51264e-17
5.1332e-17
-6.41958e-18
6.46349e-16
4.6337e-18
7.73557e-16
1.61173e-17
1.62582e-16
8.35178e-17
7.16305e-17
7.34594e-17
9.40207e-17
-2.14901e-18
6.79255e-18
-4.62102e-18
1.51041e-17
-4.89528e-18
1.83931e-17
-3.62308e-18
1.66663e-17
-2.0827e-18
1.36028e-17
6.46003e-19
1.26862e-17
4.83983e-17
2.5373e-18
1.89498e-11
8.61603e-12
2.65058e-11
1.12149e-10
3.59782e-11
8.50292e-11
9.15291e-18
3.59783e-11
7.2524e-17
9.84877e-18
-2.50974e-18
9.76791e-18
-2.53402e-18
1.93758e-17
1.0504e-18
1.76285e-17
3.73497e-18
9.74388e-18
4.66944e-18
5.4031e-18
5.77724e-18
3.61231e-18
6.59507e-18
9.57638e-19
4.0297e-11
-3.16809e-11
7.42442e-08
1.17987e-08
2.40987e-07
-2.13339e-09
2.26734e-07
-9.15886e-09
2.16911e-08
4.63634e-08
2.40004e-20
9.74391e-18
3.50202e-20
1.93648e-17
6.35642e-20
1.76e-17
1.55605e-18
5.28909e-19
1.18756e-18
2.4352e-19
4.78715e-19
6.20637e-20
5.5081e-17
-4.92889e-18
1.4263e-07
2.1583e-09
5.79238e-07
-2.53213e-07
1.04004e-06
-6.63734e-07
1.67988e-06
-2.14232e-07
2.54442e-06
-4.5531e-08
-1.10389e-13
1.10436e-13
-7.60275e-13
6.61105e-14
-7.92093e-13
3.20441e-14
-8.95555e-14
-1.9471e-17
-8.96178e-14
-9.29282e-18
-3.41105e-13
-7.62482e-14
-1.04576e-14
-8.73449e-13
-2.8608e-15
-5.83356e-15
-1.73065e-15
6.08756e-16
-5.01885e-18
5.43282e-16
-2.58095e-20
-4.55761e-18
-3.77116e-19
-2.19283e-11
3.11901e-12
-3.2272e-14
7.98333e-13
-2.73129e-16
8.75986e-18
-3.21864e-16
-7.56395e-18
-3.46645e-16
-2.93822e-17
-3.29653e-12
-1.33512e-16
-1.04725e-11
-7.85553e-13
-2.39029e-12
-1.24218e-11
-7.42965e-14
-9.58019e-12
-1.11009e-16
-6.86756e-13
-9.14456e-19
-1.21024e-16
-5.1549e-18
-9.96776e-13
3.92747e-15
-6.49738e-14
-1.71784e-15
-3.49825e-16
2.32225e-16
-3.68986e-16
-2.73483e-17
-2.70102e-16
-5.50978e-17
-2.93384e-16
-6.74642e-17
-7.85774e-13
-8.34828e-17
-4.14956e-11
-3.39347e-11
-6.63344e-11
-6.90417e-11
-1.286e-11
-7.75194e-11
-2.652e-13
-2.47947e-11
-2.65212e-13
-2.98289e-16
4.6801e-17
-2.08483e-15
4.15533e-17
-5.79955e-16
8.88946e-17
-3.9533e-16
-4.68153e-17
-2.7702e-16
-6.77849e-17
-2.30194e-16
-7.53776e-17
-2.36337e-16
-8.22727e-17
-9.55512e-11
-6.99607e-12
-8.61701e-11
-7.98534e-11
-4.39462e-11
-1.18313e-10
-8.77923e-12
-8.36463e-11
-1.99185e-11
-6.62348e-16
5.49695e-17
-8.74232e-16
1.204e-16
-6.15693e-16
4.84587e-17
-3.1508e-16
-3.47821e-17
-2.03281e-16
-6.34638e-17
-1.5046e-16
-6.74801e-17
-1.28148e-16
-6.80239e-17
-6.99609e-12
-7.07848e-17
-4.66291e-11
-5.33998e-13
-4.9353e-11
-3.69932e-11
-1.70465e-11
-7.35248e-11
-3.61803e-11
-2.84158e-16
5.95246e-17
-3.69313e-16
7.04183e-17
-2.85697e-16
2.81281e-17
-1.85124e-16
-1.66465e-17
-1.1385e-16
-3.83578e-17
-7.76356e-17
-5.53854e-17
-5.95143e-17
-6.47628e-17
-5.45423e-17
-7.89009e-17
-5.33884e-13
-1.1142e-16
-1.77813e-11
-1.31295e-16
-4.18683e-12
-5.36149e-12
1.38318e-12
-1.47259e-16
1.10856e-14
-8.88897e-17
3.54042e-17
-6.92315e-17
1.14957e-17
-5.63022e-17
-2.16409e-17
-4.47257e-17
-5.21219e-17
-3.30626e-17
-7.57513e-17
-2.93684e-17
-7.97078e-17
-3.45314e-17
-8.09704e-17
-3.12484e-17
-1.27756e-16
-2.51064e-17
-1.65038e-16
-2.62563e-12
-2.73596e-12
-4.86839e-11
-6.73891e-17
-2.79458e-17
-1.59696e-17
3.5472e-17
-1.54727e-17
1.45246e-17
-1.28479e-17
-2.07045e-17
-1.11819e-18
-6.33092e-17
1.23145e-17
-9.65365e-17
1.36092e-17
-1.03841e-16
6.90803e-18
-9.56663e-17
-6.11862e-19
-9.34999e-17
4.77862e-15
-4.94891e-15
-4.73659e-12
-2.50855e-16
-1.01591e-10
2.53665e-17
1.37605e-17
7.97567e-17
2.31361e-17
6.6722e-17
2.17731e-17
4.81429e-17
-8.12736e-19
5.85882e-17
-5.61033e-17
8.35705e-17
-1.1134e-16
8.78067e-17
-1.28732e-16
6.27321e-17
-1.0552e-16
3.61413e-17
-9.93784e-17
8.55074e-16
-1.86823e-15
5.2126e-16
-4.15854e-17
-9.81361e-11
1.06799e-17
1.31689e-17
1.15732e-17
2.20033e-17
1.07048e-17
2.28809e-17
8.71043e-18
1.16851e-18
9.47504e-17
7.54519e-16
1.51649e-16
-2.13728e-16
1.95776e-16
-2.22308e-16
1.56607e-16
-1.08768e-16
1.03297e-16
-8.41706e-17
1.07443e-15
-3.78743e-16
1.5229e-15
-3.58515e-16
-1.3549e-13
5.71579e-08
4.88451e-09
2.23278e-07
-8.35492e-08
5.05365e-07
1.47851e-07
6.14566e-07
4.25946e-07
4.50794e-07
-7.82193e-07
1.49395e-07
-4.15685e-07
1.60647e-07
-2.22536e-07
1.25931e-07
-1.29218e-07
1.11728e-08
-5.53535e-08
5.93282e-16
1.04213e-08
2.75763e-16
-1.14032e-17
-1.35227e-13
2.71202e-06
-1.14947e-07
2.88401e-06
-2.88084e-07
3.08494e-06
1.30867e-07
3.39286e-06
2.62335e-07
3.25548e-06
-4.52301e-07
2.00541e-06
-8.05594e-07
1.79169e-06
-4.98848e-07
1.78657e-06
-5.90087e-08
1.04002e-06
6.34658e-08
2.37876e-08
5.24578e-08
-5.51784e-13
2.37882e-08
2.24014e-12
4.0149e-31
-6.72123e-29
-2.03506e-27
1.83791e-28
-2.01477e-26
5.02395e-27
-1.64193e-25
1.78311e-26
-4.94093e-24
8.84324e-26
-8.44749e-23
1.92671e-24
-7.73301e-22
2.63301e-23
-3.95586e-21
2.05475e-22
-1.22556e-20
9.30838e-22
-2.70498e-20
2.59083e-21
-4.88565e-20
5.09955e-21
7.98286e-21
-7.76714e-20
-2.64924e-26
5.41737e-28
-1.57247e-24
5.85449e-26
-4.28517e-23
1.83524e-24
-5.87839e-22
3.27032e-23
-4.27647e-21
3.2543e-22
-1.80853e-20
1.86415e-21
-4.99637e-20
6.62941e-21
-1.04074e-19
1.61645e-20
-1.82525e-19
3.05603e-20
-2.85372e-19
4.89654e-20
-4.10579e-19
6.89663e-20
8.63372e-20
-5.52848e-19
-1.02594e-24
3.11667e-26
-5.69989e-23
4.28693e-24
-8.64272e-22
9.62698e-23
-6.02461e-21
8.76318e-22
-2.42875e-20
4.30637e-21
-6.64764e-20
1.35348e-20
-1.39771e-19
3.11511e-20
-2.45802e-19
5.82141e-20
-3.83228e-19
9.40256e-20
-5.48605e-19
1.35805e-19
-7.35705e-19
1.77506e-19
2.09494e-19
-9.33961e-19
-1.77774e-23
1.33881e-24
-4.84217e-22
8.45921e-23
-4.10769e-21
9.63193e-22
-1.83517e-20
4.89125e-21
-5.41674e-20
1.53089e-20
-1.20199e-19
3.50766e-20
-2.18558e-19
6.56093e-20
-3.45846e-19
1.07369e-19
-4.96468e-19
1.59597e-19
-6.63897e-19
2.18426e-19
-8.39978e-19
2.74806e-19
3.1465e-19
-1.01393e-18
-1.08182e-22
1.80573e-23
-1.74671e-21
5.72967e-22
-1.01192e-20
3.88131e-21
-3.42754e-20
1.33735e-20
-8.27615e-20
3.14022e-20
-1.58507e-19
5.82041e-20
-2.57624e-19
9.35852e-20
-3.72183e-19
1.38503e-19
-4.93847e-19
1.93936e-19
-6.15499e-19
2.57055e-19
-7.30667e-19
3.17767e-19
3.5927e-19
-8.32624e-19
-3.31891e-22
9.89108e-23
-3.76797e-21
1.89452e-21
-1.69183e-20
9.1279e-21
-4.71602e-20
2.42202e-20
-9.80001e-20
4.61431e-20
-1.66861e-19
7.21297e-20
-2.46254e-19
1.01419e-19
-3.26568e-19
1.36701e-19
-3.99254e-19
1.82187e-19
-4.58932e-19
2.38362e-19
-5.03156e-19
2.96522e-19
3.3847e-19
-5.30701e-19
-6.37132e-22
2.90233e-22
-5.51249e-21
3.84778e-21
-2.02635e-20
1.45305e-20
-4.81619e-20
3.16083e-20
-8.81034e-20
5.07944e-20
-1.35295e-19
6.82247e-20
-1.8284e-19
8.4069e-20
-2.228e-19
1.0273e-19
-2.48113e-19
1.31158e-19
-2.55539e-19
1.74143e-19
-2.47235e-19
2.27328e-19
2.74292e-19
-2.2934e-19
-8.10985e-22
5.18634e-22
-5.34061e-21
5.13247e-21
-1.5795e-20
1.57105e-20
-3.12473e-20
2.83061e-20
-4.92711e-20
3.8333e-20
-6.71064e-20
4.4138e-20
-8.02478e-20
4.74387e-20
-8.44189e-20
5.16459e-20
-7.36712e-20
6.3896e-20
-4.42139e-20
9.16219e-20
2.12523e-22
1.365e-19
1.86397e-19
4.27127e-20
-8.05226e-20
5.63092e-20
-4.57709e-19
5.36309e-19
-8.6253e-19
1.65704e-18
-9.3654e-21
2.18396e-18
-5.5791e-21
1.90602e-20
-2.40981e-21
1.04409e-20
1.14181e-21
1.3559e-20
5.32551e-21
4.12766e-21
8.2448e-21
6.11658e-20
1.17067e-20
8.75553e-20
2.71186e-19
9.80874e-20
1.23115e-19
2.93239e-19
-7.15506e-20
8.76925e-20
-1.6864e-19
5.39949e-19
1.04245e-19
1.53203e-18
3.19067e-19
7.38729e-19
1.5187e-20
5.12431e-19
1.81473e-20
4.34415e-21
1.09141e-11
3.09439e-13
3.07933e-11
-1.67638e-18
1.81523e-11
-6.62982e-12
3.23262e-12
9.83191e-14
6.05261e-18
3.2326e-12
5.58005e-18
6.01136e-19
1.92835e-24
8.76802e-20
3.81345e-23
5.39904e-19
6.92796e-22
1.53379e-18
7.42029e-19
1.97183e-22
4.66596e-13
-2.61299e-16
2.09419e-12
-5.45326e-17
1.38088e-13
-9.97826e-18
1.225e-12
-3.57925e-12
9.28879e-10
-3.49342e-11
1.10165e-09
-1.39812e-12
5.27776e-10
1.10714e-10
4.6187e-11
7.3209e-11
6.73542e-12
-8.53335e-17
3.39475e-12
-1.67349e-17
4.76292e-17
-4.32966e-15
4.65116e-17
-1.1086e-18
1.93055e-15
6.71915e-15
1.19631e-15
-5.00779e-15
4.71945e-16
-3.1779e-17
1.12366e-10
-2.6052e-17
3.65732e-10
-1.8277e-12
6.68277e-10
-5.6935e-12
4.2613e-09
9.88586e-11
5.3241e-09
5.11489e-10
-1.12929e-19
1.04272e-20
-1.53229e-19
1.13503e-20
-1.96156e-19
9.64494e-21
-2.37298e-19
3.49841e-21
-2.62012e-19
-1.70335e-20
-2.50603e-19
-5.25586e-20
-2.06965e-19
-8.38819e-20
-1.40759e-19
-1.05705e-19
-6.96927e-20
-1.09217e-19
-1.72538e-20
-8.67502e-20
-1.25832e-22
-4.18266e-20
-2.25569e-21
-7.02186e-19
9.51408e-20
-8.4321e-19
8.85506e-20
-9.56051e-19
6.06062e-20
-1.01644e-18
4.61707e-21
-1.01379e-18
-7.5692e-20
-9.47115e-19
-1.75543e-19
-8.11491e-19
-2.81137e-19
-6.11148e-19
-3.77998e-19
-3.68483e-19
-4.33823e-19
-1.40187e-19
-3.94577e-19
-7.70558e-21
-2.40153e-19
-3.7125e-20
-1.12763e-18
2.19595e-19
-1.29685e-18
1.95699e-19
-1.42053e-18
1.29163e-19
-1.48548e-18
1.88163e-20
-1.49349e-18
-1.20571e-19
-1.45253e-18
-2.89868e-19
-1.34545e-18
-5.06775e-19
-1.13049e-18
-7.84104e-19
-7.74481e-19
-1.04734e-18
-3.59425e-19
-1.03917e-18
-4.90204e-20
-6.9625e-19
-1.64983e-19
-1.173e-18
3.21729e-19
-1.30554e-18
2.82504e-19
-1.40565e-18
1.9033e-19
-1.47693e-18
4.68763e-20
-1.55252e-18
-1.1799e-19
-1.66656e-18
-3.37361e-19
-1.79545e-18
-7.28716e-19
-1.77223e-18
-1.47325e-18
-1.33243e-18
-2.45862e-18
-6.77607e-19
-2.54185e-18
-1.32285e-19
-1.71266e-18
-4.15898e-19
-9.15501e-19
3.632e-19
-9.78862e-19
3.17503e-19
-1.03459e-18
2.21069e-19
-1.11479e-18
8.06849e-20
-1.28841e-18
-7.37577e-20
-1.69108e-18
-2.98839e-19
-2.39074e-18
-9.31316e-19
-2.97728e-18
-2.76029e-18
-2.3616e-18
-6.00282e-18
-1.22446e-18
-6.36251e-18
-2.47612e-19
-4.30422e-18
-8.55189e-19
-5.40706e-19
3.42911e-19
-5.3682e-19
2.9798e-19
-5.37189e-19
2.09219e-19
-5.9244e-19
9.4902e-20
-8.10008e-19
-2.16632e-20
-1.49998e-18
-1.70018e-19
-3.12949e-18
-9.08399e-19
-5.16697e-18
-4.49993e-18
-4.29854e-18
-1.34379e-17
-2.30005e-18
-1.49763e-17
-3.92781e-19
-1.0781e-17
-1.89679e-18
-2.06821e-19
2.89981e-19
-1.8087e-19
2.56353e-19
-1.528e-19
1.7635e-19
-1.47359e-19
8.02441e-20
-2.61499e-19
1.72433e-22
-8.30187e-19
-2.97788e-20
-3.02853e-18
-3.73431e-19
-7.26107e-18
-5.26621e-18
-6.72489e-18
-2.45235e-17
-4.05011e-18
-3.03003e-17
-6.47263e-19
-2.42392e-17
-5.08527e-18
7.685e-20
2.1863e-19
8.93058e-20
2.13527e-19
7.58333e-20
1.62976e-19
4.4431e-20
8.32871e-20
1.08769e-20
1.08202e-20
-1.63786e-20
-3.29909e-20
-7.52777e-19
-3.21145e-19
-4.66981e-18
-4.60006e-18
-6.38952e-18
-3.26994e-17
-5.16074e-18
-4.98691e-17
-1.11934e-18
-4.55374e-17
-1.35926e-17
3.16493e-19
1.43421e-19
3.37202e-19
1.54536e-19
3.25038e-19
1.37196e-19
2.71107e-19
8.93422e-20
1.89486e-19
2.99927e-20
1.14679e-19
-2.11852e-20
3.2487e-19
-5.81073e-18
1.74104e-18
-1.1803e-17
3.41545e-18
-3.32147e-17
-8.52239e-19
-6.28145e-17
-1.03377e-18
-6.85345e-17
-3.02016e-17
6.31704e-19
1.38943e-18
5.99922e-19
1.24482e-19
5.39583e-19
1.10491e-19
4.73208e-19
8.1026e-20
3.97369e-19
4.07554e-20
3.17646e-19
-2.25886e-21
1.9668e-17
-1.55849e-16
1.75363e-17
-1.63002e-16
2.33254e-17
-4.63852e-17
1.85451e-17
-6.23514e-17
5.8479e-18
-7.80464e-17
-4.79018e-17
3.69694e-12
1.28551e-10
7.54699e-19
3.69689e-12
7.58018e-19
1.11721e-19
1.70866e-18
1.97544e-19
8.43477e-19
6.77501e-20
4.81874e-19
1.23946e-20
1.38933e-15
-5.06293e-15
6.12729e-16
-3.21496e-15
8.94535e-17
3.28953e-16
6.13952e-17
-5.26695e-17
3.17094e-17
-5.82023e-17
-1.78156e-17
3.60431e-09
3.72727e-10
3.36019e-10
1.05003e-09
5.50187e-11
7.42946e-12
1.19827e-17
5.50187e-11
-1.89026e-15
1.90133e-15
1.14166e-13
6.87347e-15
1.37688e-13
-2.48679e-17
1.76917e-14
7.22699e-16
1.15478e-14
-6.7731e-15
1.62381e-16
1.12854e-14
1.03589e-16
-8.48732e-18
8.57326e-17
-2.45273e-08
2.45273e-08
-9.47448e-08
7.02174e-08
-1.90473e-07
9.57287e-08
-2.90193e-07
9.97199e-08
-3.73729e-07
8.35354e-08
-4.23281e-07
4.95517e-08
-4.31089e-07
7.82034e-09
-3.98991e-07
-3.21194e-08
-3.66238e-07
-3.27536e-08
-3.51356e-07
-1.48814e-08
-3.53383e-07
2.02723e-09
-1.20527e-08
-3.41331e-07
-8.69072e-08
1.11435e-07
-2.67272e-07
2.50582e-07
-4.9084e-07
3.19297e-07
-7.17132e-07
3.26141e-07
-9.06717e-07
2.73101e-07
-1.01771e-06
1.60632e-07
-1.02129e-06
1.0929e-08
-9.29487e-07
-1.23944e-07
-7.93483e-07
-1.32208e-07
-7.26055e-07
-3.94518e-08
-7.38224e-07
3.79127e-08
-3.47874e-08
-6.98937e-07
-1.21538e-07
2.32973e-07
-3.77448e-07
5.06491e-07
-6.98344e-07
6.40377e-07
-1.03831e-06
6.65964e-07
-1.35101e-06
5.85942e-07
-1.57689e-06
3.86019e-07
-1.65932e-06
9.43468e-08
-1.55869e-06
-1.77196e-07
-1.02218e-06
-2.36106e-07
-7.28141e-07
-1.3902e-07
-5.6635e-07
-1.36286e-07
-3.29982e-07
-4.03729e-07
-1.25105e-07
3.58078e-07
-3.91972e-07
7.73358e-07
-7.371e-07
9.85605e-07
-1.11536e-06
1.04456e-06
-1.47377e-06
9.44413e-07
-1.69659e-06
6.08552e-07
-1.50264e-06
9.82517e-08
-9.9819e-07
-5.79569e-08
-6.98361e-07
-8.09083e-08
-4.3924e-07
-1.20489e-07
-4.47429e-07
-2.56186e-07
-4.09164e-07
-3.28191e-07
-8.25755e-08
4.40654e-07
-2.72202e-07
9.62986e-07
-5.21239e-07
1.23468e-06
-7.83917e-07
1.30727e-06
-1.00896e-06
1.16949e-06
-5.9196e-07
4.25314e-07
-8.62974e-08
1.28662e-08
-4.7097e-09
-3.73012e-17
-2.70187e-08
-4.74779e-17
-9.128e-08
-6.31936e-17
-5.83497e-08
-6.14445e-17
-7.17108e-17
-4.00795e-08
-2.12014e-08
4.61855e-07
-8.73922e-08
1.02918e-06
-1.76496e-07
1.32378e-06
-2.5584e-07
1.38662e-06
-2.50592e-07
1.13971e-06
-1.28662e-08
1.84017e-07
-1.49249e-17
5.86346e-18
-1.59454e-17
-3.1887e-17
-1.86888e-17
-4.91283e-17
-1.9449e-17
-5.80396e-17
-2.07667e-17
-6.45206e-17
-6.40342e-17
-2.40496e-17
2.96786e-08
4.32176e-07
8.50435e-08
9.73812e-07
1.6704e-07
1.24179e-06
3.08262e-07
1.2454e-06
3.71051e-07
9.32105e-07
2.7108e-10
1.72769e-07
7.8288e-17
2.7108e-10
5.78384e-17
-1.49616e-17
3.0166e-17
-3.9018e-17
9.94377e-18
-5.55393e-17
-1.68556e-18
-7.12065e-17
-7.04159e-17
-9.80007e-18
4.971e-08
3.82466e-07
1.80452e-07
8.4307e-07
3.66611e-07
1.05563e-06
6.07006e-07
1.005e-06
8.28909e-07
7.10202e-07
1.22474e-07
2.49066e-07
1.56609e-16
1.83899e-08
1.32231e-16
7.08991e-19
9.5178e-17
-1.11513e-17
5.28503e-17
-2.53016e-17
3.01586e-17
-6.94844e-17
-7.0519e-17
1.02476e-17
4.49889e-08
3.37478e-07
2.11659e-07
6.764e-07
4.4307e-07
8.24217e-07
7.00575e-07
7.47496e-07
9.33675e-07
4.77102e-07
7.24343e-07
1.63552e-07
1.47863e-10
1.23243e-07
1.98983e-16
1.47863e-10
1.40492e-16
1.42148e-17
8.29143e-17
1.93109e-17
7.9556e-17
-9.16361e-17
-6.32084e-17
5.07265e-17
4.50257e-08
2.92452e-07
2.47406e-07
4.7402e-07
5.00146e-07
5.71477e-07
7.14762e-07
5.3288e-07
8.42417e-07
3.49447e-07
1.03393e-06
-2.79601e-08
6.66219e-07
3.31799e-08
2.62049e-08
-1.97569e-08
-2.70389e-10
2.64752e-08
3.27141e-09
6.53039e-08
4.60532e-09
-7.2812e-08
-3.94992e-10
1.40605e-09
1.15854e-07
1.76597e-07
4.16591e-07
1.73283e-07
7.19386e-07
2.68681e-07
9.12345e-07
3.39922e-07
8.98815e-07
3.62976e-07
8.22975e-07
4.78798e-08
5.4876e-07
2.59205e-07
5.64719e-07
-1.34576e-07
5.50105e-07
-9.16665e-08
4.66779e-07
-6.84214e-08
5.14823e-07
-2.63985e-07
-1.12091e-07
5.00488e-07
1.28216e-07
-8.27329e-12
2.50713e-07
-4.03689e-14
4.46665e-07
-2.26808e-18
7.94505e-07
7.95644e-09
1.13008e-06
2.66487e-08
1.20794e-06
6.49121e-08
1.11827e-06
3.7444e-07
1.06788e-06
-1.49401e-07
9.80855e-07
-1.90934e-07
9.23088e-07
-6.1536e-08
1.49043e-06
-1.72903e-08
2.06244e-06
-1.27309e-07
-3.18136e-07
-2.31946e-08
-2.68323e-07
-4.97502e-08
-1.96788e-07
-7.15578e-08
-1.24379e-07
-7.24093e-08
-6.58426e-08
-5.85249e-08
-2.83324e-08
-3.75102e-08
-1.55879e-08
-1.27499e-08
-1.90791e-08
3.48379e-09
-2.80236e-08
8.94453e-09
-3.19076e-08
3.88402e-09
-1.78888e-08
-1.40188e-08
-1.78888e-08
-6.45972e-07
-1.12315e-07
-5.22656e-07
-2.08487e-07
-3.47534e-07
-2.4668e-07
-2.04955e-07
-2.14988e-07
-1.01851e-07
-1.61629e-07
-3.82061e-08
-1.01148e-07
-9.86583e-09
-4.10451e-08
-1.58231e-08
9.41684e-09
-3.71491e-08
3.02706e-08
-5.4135e-08
2.08699e-08
-2.8456e-08
-3.96978e-08
-4.63449e-08
-3.52174e-07
-4.1935e-07
-2.50946e-07
-4.06285e-07
-1.18274e-07
-3.79351e-07
-1.49786e-08
-3.18284e-07
5.75158e-08
-2.34123e-07
1.02606e-07
-1.46239e-07
1.23326e-07
-6.19686e-08
1.09338e-07
1.96456e-08
4.45689e-08
8.91717e-08
-4.42837e-08
1.09723e-07
-4.03926e-08
-4.08023e-08
-8.54175e-08
-1.20134e-07
-5.02327e-07
1.9647e-08
-5.51961e-07
1.26074e-07
-4.94969e-07
1.86009e-07
-3.78219e-07
2.17268e-07
-2.65382e-07
2.28558e-07
-1.57529e-07
2.28428e-07
-6.18385e-08
2.11093e-07
1.91017e-08
1.78629e-07
6.59134e-08
1.83979e-07
1.03539e-07
1.16746e-07
3.9255e-08
4.22726e-08
-7.24507e-08
-7.27473e-09
-4.31919e-08
-1.70569e-07
1.1112e-07
-4.72355e-07
2.2152e-07
-4.88619e-07
2.7715e-07
-3.21012e-07
2.93576e-07
-1.73955e-07
2.87797e-07
-5.60596e-08
2.64657e-07
4.22408e-08
1.87106e-07
1.2822e-07
1.15181e-07
1.73356e-07
2.58374e-08
1.28599e-07
6.81099e-08
-7.27473e-09
-5.79752e-17
-1.02322e-08
-5.38108e-17
-7.60529e-09
-2.02185e-08
1.43303e-07
-2.76221e-07
2.53494e-07
-4.06565e-07
3.04821e-07
-2.25282e-07
3.16627e-07
-6.78665e-08
2.85323e-07
7.35429e-08
1.94419e-07
2.19123e-07
8.42879e-08
2.96775e-07
-6.19851e-10
2.53603e-07
7.5364e-08
-1.36903e-17
-6.28335e-17
-1.77903e-17
-5.36932e-17
-2.02185e-08
-5.69378e-17
-1.70288e-08
-1.59334e-09
9.32923e-08
-1.03933e-07
2.47399e-07
-2.70568e-07
3.40067e-07
-1.60535e-07
3.50921e-07
6.26868e-08
2.67948e-07
3.02093e-07
1.79709e-07
3.83359e-07
8.50086e-08
3.50831e-07
1.7336e-07
-2.19823e-18
-6.9644e-17
-1.35534e-17
-5.1963e-17
-2.36679e-17
-6.7723e-17
-1.59334e-09
-8.08438e-17
-6.62845e-09
-1.01488e-09
8.96223e-08
-1.76125e-08
3.28056e-07
-2.47225e-07
3.93563e-07
-2.8226e-09
3.01458e-07
3.94197e-07
1.92051e-07
4.9046e-07
6.27598e-08
4.78369e-07
2.36138e-07
2.67545e-17
-6.66358e-17
2.6807e-18
-2.93405e-17
-2.45001e-17
-7.77141e-17
-4.6026e-17
-7.0508e-17
-3.84368e-17
-1.01488e-09
-1.72538e-08
-3.58683e-10
2.38952e-08
-2.2059e-08
2.33878e-07
-5.05861e-08
2.5562e-07
3.72453e-07
1.76137e-07
5.69434e-07
4.79099e-08
6.04978e-07
2.80663e-07
5.36823e-10
-1.49105e-08
-7.29589e-13
5.37552e-10
2.91986e-11
1.16441e-10
-1.42923e-09
-4.12202e-09
-6.10311e-10
-8.67395e-09
-2.5173e-10
-2.06857e-09
-1.59957e-08
-8.08971e-09
1.29499e-08
-1.26074e-07
1.66082e-07
1.94164e-07
2.03277e-07
5.31707e-07
3.96809e-08
7.6953e-07
3.14245e-07
4.46547e-07
-6.27111e-08
8.64923e-09
5.31813e-08
2.20877e-10
2.45499e-08
4.16798e-09
-9.73641e-10
1.90363e-09
-7.3965e-17
1.22958e-10
-2.90246e-17
-2.64199e-08
-5.07468e-08
3.36314e-08
-4.92563e-07
1.32671e-08
2.52261e-08
3.38362e-07
1.10817e-07
1.98733e-07
9.09159e-07
5.12979e-07
1.80668e-06
2.76365e-07
7.35184e-07
6.23661e-07
9.73641e-10
3.12065e-07
7.28825e-17
-1.74995e-17
6.60577e-17
-6.16706e-17
1.04595e-16
-7.30317e-17
3.7184e-07
-5.87077e-17
6.87907e-07
-3.66533e-09
1.44651e-07
7.38143e-07
5.85533e-07
-2.902e-07
6.20497e-07
5.41453e-07
1.04415e-06
4.84817e-07
1.23143e-07
-1.03378e-06
6.67861e-07
1.82725e-07
1.31075e-06
1.83397e-07
1.33439e-06
-1.54693e-07
7.6939e-07
-5.34807e-07
8.11679e-08
-5.57504e-07
2.11799e-09
-1.18793e-07
1.21946e-15
2.11799e-09
4.37163e-15
-1.14972e-13
2.0006e-10
3.69775e-13
3.16837e-06
1.60339e-07
9.83453e-08
5.0014e-06
2.92411e-06
7.91792e-08
-3.53602e-06
3.52676e-06
1.57749e-07
4.37286e-06
1.03907e-08
4.40056e-06
-1.64538e-07
4.44174e-06
-5.93849e-07
4.48691e-06
-5.84807e-07
1.31217e-06
-5.5318e-07
1.92188e-08
-3.70563e-07
8.84785e-09
1.03824e-08
5.84592e-07
7.56351e-08
1.0464e-06
2.42121e-07
-2.2768e-08
1.41947e-06
2.23299e-06
-4.24681e-08
-3.12141e-06
2.4021e-06
-3.813e-08
2.6612e-06
-2.21948e-07
4.78423e-06
-3.89898e-07
5.68722e-06
-7.17988e-07
5.69976e-06
-6.1205e-07
5.48811e-06
-3.25114e-07
5.00662e-06
-2.19544e-07
1.37578e-06
2.74013e-07
7.5377e-07
5.57342e-07
8.88125e-07
2.21974e-07
-2.17843e-07
2.82024e-06
2.86808e-06
-2.60221e-06
-3.36295e-07
3.29194e-06
-4.34038e-07
5.44495e-06
-4.86042e-07
6.01486e-06
-4.69214e-07
5.22905e-06
-7.57099e-07
5.63997e-06
-8.98802e-07
5.58527e-06
-3.94578e-07
5.61263e-06
1.84694e-07
5.49041e-06
7.54291e-07
5.43845e-06
7.76631e-07
5.81483e-06
3.85986e-07
6.37001e-06
-3.38131e-07
4.94784e-06
-9.23954e-08
4.75517e-06
-4.6912e-08
4.61034e-06
-2.12162e-07
4.49785e-06
-3.9792e-07
4.35875e-06
-5.24838e-07
4.1052e-06
-5.01751e-07
3.49374e-06
-2.896e-07
2.99942e-06
3.43334e-07
3.06581e-06
1.15276e-06
2.70784e-06
9.26307e-07
1.68583e-06
1.04268e-06
9.89653e-07
1.66572e-06
3.68205e-06
-3.8537e-07
4.81601e-06
-4.06054e-07
4.96717e-06
-3.63324e-07
4.98342e-06
-4.16086e-07
4.87812e-06
-4.18239e-07
4.60398e-06
-2.26823e-07
4.26209e-06
5.22933e-08
3.02359e-06
2.90879e-07
3.66015e-06
9.05615e-07
3.84266e-06
1.16566e-06
3.69542e-06
1.24129e-06
1.26022e-06
3.53369e-06
5.20659e-06
-8.05936e-07
5.3757e-06
-5.75162e-07
5.46093e-06
-4.60004e-07
5.48968e-06
-4.38267e-07
5.43623e-06
-3.71359e-07
5.34918e-06
-1.31823e-07
5.19595e-06
2.05521e-07
3.55966e-06
7.53901e-07
3.05941e-06
1.03907e-06
4.2397e-06
1.04923e-06
4.24289e-06
1.41792e-06
1.56541e-06
3.93771e-06
6.22945e-06
-6.6537e-07
6.04563e-06
-3.91347e-07
6.00184e-06
-4.16215e-07
5.98248e-06
-4.21083e-07
5.88504e-06
-2.75234e-07
5.69695e-06
5.7591e-08
5.42161e-06
4.80867e-07
4.57472e-06
9.84273e-07
4.49778e-06
1.24185e-06
4.99963e-06
1.19483e-06
4.85407e-06
1.56347e-06
4.41233e-06
2.00715e-06
6.08185e-07
1.00561e-06
1.06977e-07
6.75407e-07
1.02197e-08
5.01745e-08
4.63853e-17
1.02197e-08
4.8184e-19
4.66882e-17
4.64156e-19
1.02452e-20
7.08818e-08
-7.08818e-08
1.50706e-06
-2.4262e-07
2.58357e-06
-5.68185e-07
2.77376e-06
-8.52764e-07
2.28973e-06
-5.57215e-07
-2.58317e-07
2.67896e-06
3.27522e-06
1.26408e-06
9.61759e-07
1.16892e-06
5.21482e-07
3.43647e-07
7.61554e-07
-5.30815e-09
6.30062e-07
-4.80183e-08
8.53832e-07
-1.50642e-08
2.11721e-06
-4.31046e-07
3.51012e-06
-7.63911e-07
3.72766e-06
-7.84508e-07
3.73987e-06
-8.66189e-07
3.82276e-06
-6.38892e-07
-1.41762e-07
3.2958e-06
3.46503e-06
1.73675e-06
2.64217e-06
1.14701e-06
2.70285e-06
3.42647e-07
2.62645e-06
-3.7594e-07
1.07376e-06
-6.0932e-07
2.79766e-06
-3.44127e-07
4.7809e-06
-6.45661e-07
4.78468e-06
-7.72894e-07
4.63062e-06
-6.3757e-07
4.05837e-06
-5.75303e-07
1.88249e-06
-1.74324e-07
-5.13505e-09
6.10975e-08
4.08175e-06
2.06733e-06
4.28473e-06
9.44034e-07
4.46982e-06
-1.41184e-09
3.7357e-06
-7.84336e-10
1.84419e-06
-7.19689e-17
7.71743e-07
-7.85146e-17
1.05846e-06
-2.795e-12
1.87228e-06
-8.21067e-12
1.74712e-06
-5.6241e-12
9.07455e-07
-3.726e-13
3.26391e-08
-2.81741e-14
-7.66472e-13
-2.78925e-13
2.94095e-06
-3.55171e-07
3.67266e-06
-2.69456e-07
3.95912e-06
4.87868e-09
3.88222e-06
3.06169e-07
3.68726e-06
-3.21869e-07
3.70397e-06
-3.2867e-07
3.07167e-06
-7.86796e-08
2.77989e-06
2.59179e-07
2.57625e-06
3.0041e-07
1.53925e-06
1.9922e-07
2.57317e-09
1.81763e-07
2.57541e-09
6.08668e-16
1.13633e-06
-3.57374e-08
5.98354e-07
-2.39915e-17
7.95259e-07
-4.6724e-15
1.25868e-06
-7.71593e-17
3.11964e-06
-1.65987e-17
4.16053e-06
-9.59336e-08
3.73056e-06
3.51287e-07
3.25988e-06
7.29865e-07
2.74547e-06
8.14817e-07
2.51355e-06
4.31144e-07
4.49666e-07
-8.55706e-08
2.01242e-08
8.08922e-16
6.62223e-16
4.15394e-18
5.02189e-16
3.96236e-18
5.88724e-16
-4.63928e-15
4.6369e-16
3.60638e-17
4.81028e-16
7.65292e-18
3.06144e-06
5.57566e-08
4.12375e-06
4.70747e-07
3.84088e-06
1.01274e-06
3.46719e-06
1.18851e-06
3.30816e-06
5.90164e-07
2.53407e-06
-2.47805e-07
-5.51967e-08
-7.5646e-08
-3.12523e-14
7.37301e-16
1.14912e-13
3.14647e-15
1.04636e-13
6.15672e-15
2.01963e-14
1.16225e-15
3.56553e-16
1.98039e-14
6.44697e-08
-8.71302e-09
3.67618e-06
3.2038e-08
4.37761e-06
5.84108e-07
4.28788e-06
4.79629e-07
2.32643e-06
3.06068e-08
1.51755e-07
-5.84051e-16
2.33579e-07
-9.58466e-13
5.1039e-16
1.82119e-17
5.33851e-16
-4.55287e-17
5.80827e-16
-7.32712e-17
-2.21603e-15
2.89602e-15
1.70337e-13
-4.90314e-13
4.15204e-16
-9.54265e-17
3.31531e-16
-6.44106e-17
3.42511e-16
-4.50611e-17
1.59864e-10
-9.67456e-14
3.13762e-09
2.10665e-11
2.28182e-09
7.87076e-12
9.9847e-11
2.13277e-09
8.46127e-16
-3.85298e-17
9.1851e-16
-3.25073e-16
-1.35401e-12
1.35485e-12
3.73727e-11
-8.01903e-10
-3.61577e-15
-5.17392e-13
6.51841e-16
-4.53638e-15
5.88412e-16
-7.90428e-17
9.48265e-16
-4.07383e-16
-3.84598e-13
-9.74397e-13
3.88501e-11
-1.48146e-13
1.19745e-11
-9.79554e-14
8.22245e-17
1.11821e-10
-2.29104e-08
-5.27356e-08
7.01945e-08
-8.51166e-08
4.75351e-08
-4.81266e-08
5.68805e-14
-2.51089e-09
-3.22362e-14
-9.87071e-15
1.97635e-13
-2.9611e-13
1.97222e-13
-8.18844e-17
1.17219e-11
6.99841e-12
4.11808e-11
2.60088e-13
2.39673e-11
3.42057e-12
1.11802e-11
7.44299e-13
1.18149e-16
1.11801e-11
5.7299e-07
-4.81827e-12
6.8809e-07
-1.54542e-13
1.98274e-07
-6.29024e-12
-9.22453e-13
-1.57205e-10
-1.00968e-12
-3.33786e-15
2.13166e-12
2.88571e-14
2.48965e-12
-3.57533e-13
1.01511e-10
-2.57623e-10
9.50941e-16
1.01769e-10
-4.47948e-15
3.42581e-12
3.23894e-13
1.27487e-14
2.8902e-14
2.95138e-13
8.68091e-09
1.25482e-10
1.24903e-08
2.3672e-09
1.29336e-08
1.96573e-09
4.81274e-09
8.05033e-10
1.29603e-10
2.61016e-10
1.00535e-14
1.296e-10
9.80003e-15
1.47706e-16
4.75955e-15
5.87277e-15
3.45029e-12
2.41631e-14
1.33147e-11
2.69783e-13
1.43127e-11
-3.15898e-13
1.02411e-12
4.93932e-12
3.99435e-09
7.77372e-11
1.90243e-08
8.27052e-10
7.49404e-09
2.39919e-10
7.79765e-09
7.44041e-11
7.24604e-09
6.40502e-10
7.97851e-09
4.19449e-10
2.01685e-09
5.78865e-10
6.17456e-11
-9.44325e-10
1.30647e-12
-1.25045e-10
4.1017e-11
2.66708e-11
1.20686e-10
1.04322e-12
9.55584e-12
1.41773e-10
6.41371e-09
4.87659e-10
9.57734e-09
6.52121e-11
3.32938e-09
-3.82419e-12
5.89704e-10
-3.41146e-11
1.23009e-09
1.2434e-15
5.28807e-08
3.04294e-10
6.55338e-08
-1.38837e-11
6.91069e-08
-2.30127e-09
1.21305e-08
-3.82187e-09
-2.56418e-10
-3.13741e-09
3.9125e-11
-6.09885e-10
9.47608e-14
4.87842e-11
4.08942e-10
3.55079e-10
6.99129e-10
6.16987e-11
1.68937e-10
-1.06012e-10
1.55231e-12
2.02503e-13
5.61005e-14
2.4915e-15
3.04242e-10
-1.4628e-14
4.76311e-08
-1.77872e-17
8.67357e-08
-1.02299e-17
8.34146e-08
-2.08386e-17
8.06153e-08
-5.62925e-18
-9.39642e-14
-4.58924e-17
2.55966e-16
-3.41378e-18
9.99059e-18
-3.33398e-12
9.83227e-18
-4.03688e-14
1.0142e-17
-2.57787e-18
7.95681e-09
-3.69315e-13
1.90215e-08
-3.22962e-12
8.39423e-08
-1.28023e-14
5.21002e-07
-2.89626e-11
3.74086e-07
-1.61664e-12
1.78744e-07
-1.39451e-11
3.62267e-08
-5.01884e-14
1.89364e-08
-2.93744e-17
-1.03359e-17
1.59209e-06
2.02553e-11
-2.88869e-12
7.47201e-13
-1.13669e-12
6.1216e-17
-7.5334e-18
1.91293e-11
-4.18355e-16
1.593e-11
-5.00018e-16
2.34574e-11
1.06425e-12
2.95558e-16
-5.50553e-12
1.75443e-16
-1.61652e-12
1.65383e-16
-1.39451e-11
1.54388e-16
-5.01783e-14
1.3998e-16
-1.68362e-17
-5.85654e-18
1.355e-16
4.83142e-11
-8.51994e-15
1.23291e-14
-3.04482e-13
-6.16254e-15
1.82888e-14
2.36718e-14
-5.31377e-14
1.34944e-15
1.27947e-14
1.06539e-12
8.61858e-18
5.98478e-10
8.64868e-12
5.75899e-10
2.77892e-11
5.60352e-10
2.62567e-11
3.21919e-16
2.21861e-11
2.09559e-16
1.39296e-17
8.67423e-18
1.95028e-16
1.01622e-15
-9.46489e-15
1.69379e-12
-1.22231e-12
2.85544e-12
-9.45342e-13
3.0226e-12
-7.61165e-14
2.31653e-12
9.60981e-14
1.02423e-12
1.38315e-17
2.26504e-11
1.55914e-12
8.34311e-12
8.79875e-11
1.31827e-16
3.45996e-11
1.2489e-16
2.21861e-11
1.1378e-16
2.50397e-17
1.0058e-16
2.18734e-17
1.93352e-06
4.9046e-07
1.12704e-06
1.53212e-06
6.01772e-09
3.86482e-07
8.8253e-17
-7.95377e-09
1.36136e-16
-1.08913e-16
1.52091e-16
-1.34663e-16
1.71055e-16
-1.032e-16
2.07424e-07
-2.40425e-09
2.98635e-06
7.49117e-07
2.71312e-06
-1.6958e-08
2.00931e-06
8.07419e-07
4.78909e-07
1.82499e-06
-1.84859e-08
1.95942e-06
1.36365e-06
3.68525e-07
2.55759e-07
2.65234e-16
1.10952e-10
3.00637e-16
-1.49874e-16
2.65335e-16
-1.71371e-16
1.76438e-09
-1.76438e-09
8.0378e-08
-9.04825e-09
3.37624e-06
3.18135e-07
3.3409e-06
3.68119e-08
3.64672e-06
5.0162e-07
3.30056e-07
2.16083e-07
2.14778e-08
9.10811e-07
4.99324e-08
2.6739e-07
1.30514e-08
-1.87305e-10
5.29088e-08
1.64425e-10
-3.5173e-10
2.29296e-08
-3.75178e-08
3.48492e-08
-6.82808e-08
6.7004e-08
-9.91997e-08
8.10203e-07
6.7396e-09
2.9103e-06
-1.03235e-07
3.53647e-06
1.10244e-07
2.77509e-08
1.12296e-16
2.14778e-08
1.9202e-08
3.07304e-08
7.42222e-07
-4.55648e-07
2.16912e-06
-1.0083e-06
3.0126e-06
-8.04631e-07
3.38414e-06
-5.38344e-07
3.48374e-06
-3.47391e-07
3.10682e-06
-4.24398e-07
2.84072e-06
-2.64993e-08
2.63338e-06
-1.86934e-07
2.41659e-06
6.80843e-08
-1.29914e-07
-1.9639e-06
-4.33092e-07
2.1693e-06
-1.74304e-06
-5.29195e-07
-1.89904e-06
-2.20786e-07
-2.02245e-06
-1.1652e-07
-2.25397e-06
-2.96211e-07
-2.63617e-06
-4.05452e-07
-2.78804e-06
-1.75156e-07
-2.9004e-06
3.66893e-07
-2.65493e-06
4.99367e-07
-2.28789e-06
3.552e-07
-2.10452e-06
1.41196e-07
-1.46694e-08
-2.35504e-06
-3.60193e-07
-2.77584e-14
8.42433e-08
-5.53551e-07
-3.10628e-13
-4.48965e-07
-1.51507e-18
-3.2786e-07
-2.56606e-18
-4.3062e-07
-6.84569e-18
-7.83534e-07
-5.83032e-18
-1.04997e-06
-1.29971e-16
-8.70663e-07
-8.85575e-16
-4.34765e-07
8.32549e-17
-1.43507e-07
1.00719e-16
-1.08857e-08
7.24768e-17
-3.9527e-18
-2.55551e-08
-8.35278e-18
-2.77554e-14
5.32268e-18
-1.07403e-17
-3.10626e-13
-1.18977e-17
-3.57737e-19
-1.26078e-17
-1.85597e-18
-1.38934e-17
-5.56009e-18
-1.554e-17
-4.18371e-18
-1.46878e-16
1.36887e-18
-1.79014e-16
3.65889e-17
-1.6778e-16
5.86877e-17
-1.24612e-16
4.85061e-17
-7.25096e-17
2.0094e-17
-3.75019e-18
-7.24446e-17
-1.10812e-12
5.67685e-13
7.66432e-13
-8.94627e-18
4.40194e-12
-3.59392e-17
2.66335e-17
-5.49056e-17
2.15523e-18
-7.3451e-17
7.6962e-19
-8.88136e-17
3.80903e-18
-9.98195e-17
1.53507e-17
-9.94437e-17
3.07419e-17
-8.92428e-17
3.61538e-17
-7.34135e-17
2.6145e-17
-4.5949e-17
9.87936e-18
-4.95095e-17
-5.31932e-20
-2.80835e-06
-1.7622e-07
-3.06405e-06
-2.19459e-07
-3.22007e-06
-3.343e-07
-3.3403e-06
-3.30988e-07
-3.53508e-06
-8.04485e-08
-3.71465e-06
2.37161e-07
-3.85799e-06
6.24201e-07
-3.8984e-06
1.02469e-06
-3.82681e-06
1.19135e-06
-3.64846e-06
9.74493e-07
-3.16881e-06
6.48486e-07
2.33494e-07
-2.01434e-06
-1.75477e-07
-3.96753e-14
-6.77888e-07
-4.93088e-13
-1.51237e-06
-2.63483e-08
-2.16251e-06
-4.47174e-08
-2.44406e-06
1.54601e-08
-2.43013e-06
1.10456e-07
-2.31083e-06
1.4207e-07
-1.99357e-06
1.56334e-07
-1.21601e-06
1.85719e-08
-5.48751e-07
-9.86772e-10
-1.23383e-07
4.41067e-16
-1.2069e-10
-1.30725e-08
-6.22994e-17
-3.96852e-14
-8.69657e-17
-4.93063e-13
-2.6348e-08
-2.75636e-13
-1.03859e-07
-7.84668e-15
-1.74456e-07
-1.41045e-13
-1.63849e-07
7.38722e-14
-8.03346e-08
-3.94677e-09
-1.98134e-08
-4.44266e-09
-6.16982e-16
-1.24144e-09
-4.87089e-16
-9.86772e-10
-3.9602e-16
1.9921e-16
-1.89778e-13
-1.20501e-10
-3.22562e-13
-1.85237e-15
-1.14751e-12
-1.6672e-13
-3.02568e-13
-6.19648e-14
-3.33322e-13
-8.5718e-15
-3.4634e-13
-1.25064e-15
-4.16502e-13
1.59296e-14
-3.85935e-09
-8.63586e-11
-3.98528e-09
-2.78839e-10
-3.01121e-09
2.02307e-09
-5.64494e-13
9.85379e-10
-5.6427e-13
1.27082e-16
-9.77185e-12
2.28636e-13
-4.86218e-07
1.12594e-08
-1.23388e-09
-4.20164e-09
-9.09791e-17
-2.64572e-09
-8.60707e-17
-7.84336e-10
-9.7738e-17
-6.03016e-17
-9.63698e-17
-7.98828e-17
-6.90959e-18
-2.7935e-12
-7.05396e-18
-8.21066e-12
-7.12148e-18
-5.62409e-12
-8.85176e-18
-3.72607e-13
-2.81739e-14
1.04701e-19
-5.25887e-16
-2.19628e-14
-3.17745e-09
-1.17507e-11
-3.61261e-09
-9.6157e-10
-2.27185e-09
-2.42311e-09
-8.06148e-14
-1.7985e-09
-1.24799e-16
-8.05504e-14
-1.56755e-16
-8.04873e-17
-1.22569e-11
5.81039e-13
-1.38691e-11
-1.6981e-12
-1.09692e-11
-2.12685e-12
-1.64645e-15
-2.43081e-13
-1.65639e-15
2.23533e-19
2.1608e-17
-1.51761e-16
-1.6779e-09
7.34883e-11
-3.10245e-09
-3.72231e-10
-2.92035e-09
-2.42119e-10
-2.32102e-10
-1.02472e-09
-4.82719e-14
-2.32046e-10
-1.62476e-16
-4.82302e-14
-9.6569e-13
1.54653e-12
-9.62218e-12
-5.21958e-15
-1.1547e-11
-2.92821e-13
-5.73503e-17
-4.46856e-14
-4.771e-17
1.94968e-19
-5.39207e-20
-7.16927e-17
-7.78319e-12
1.9808e-15
-2.79458e-10
-1.52593e-15
-7.80256e-11
-4.6489e-15
-3.23423e-10
-2.28728e-11
-3.60481e-11
-4.45576e-11
-3.27107e-11
-9.40722e-11
-2.00543e-14
-2.47573e-11
-1.51085e-14
-1.6515e-15
-2.7327e-13
-1.99614e-15
-1.46526e-13
-6.80679e-15
-4.86853e-18
-3.28935e-17
-1.22031e-17
1.72508e-19
-7.97544e-15
-4.36111e-17
-3.98994e-15
8.34581e-17
1.7832e-15
2.37997e-16
3.88393e-13
-4.27422e-13
-1.55853e-08
4.76836e-09
-2.55198e-07
1.73006e-08
-2.71969e-07
9.82025e-10
-1.73443e-07
9.48358e-17
-3.06068e-08
-2.41649e-16
-9.35757e-19
-1.31426e-16
-8.06852e-19
-5.80786e-16
-9.58469e-13
-9.3901e-19
-1.87916e-16
-1.18767e-17
-2.41583e-16
-6.89578e-16
-1.31207e-17
6.22545e-18
-1.6804e-09
2.27406e-11
-1.65246e-09
5.37637e-13
-9.82025e-10
4.53976e-17
-1.58011e-16
2.49156e-17
-1.58132e-16
2.39577e-17
-7.01583e-16
4.1356e-18
4.63873e-17
-7.31014e-15
1.7096e-13
-1.71683e-13
-4.54881e-13
-1.37487e-12
-1.15011e-16
-5.58343e-18
2.66778e-14
-1.33684e-16
-8.58078e-13
-3.98095e-18
-5.37673e-13
1.16782e-16
-5.30022e-17
2.97139e-18
-6.90893e-17
6.67657e-18
-1.11399e-16
9.96195e-18
-1.16987e-16
1.20658e-17
-7.66597e-17
-6.65613e-17
-3.08418e-13
-2.7379e-15
-3.0289e-13
-2.49492e-18
-2.68555e-17
-1.04804e-17
-2.5934e-17
-6.23764e-21
-2.26509e-19
-1.26592e-20
-1.63547e-17
-1.95931e-20
-6.80528e-18
-7.01499e-21
-1.97956e-17
3.96747e-19
-7.45005e-17
2.31874e-18
-3.67047e-16
1.0171e-17
-1.65863e-15
3.4964e-17
-4.05675e-15
-2.46213e-18
-5.05993e-18
-5.24907e-17
-5.58822e-18
-2.46585e-18
-2.2322e-17
-1.05734e-17
-2.4087e-13
-4.5774e-12
-3.85389e-17
-5.11671e-12
-9.31636e-12
-2.17546e-12
1.41044e-13
-1.13296e-14
2.08753e-15
-2.18467e-15
4.21721e-11
-4.22253e-11
-2.43361e-09
-7.3078e-10
-6.69095e-09
-1.2678e-10
-4.43285e-09
1.6637e-09
-3.19199e-10
1.29598e-09
-3.19186e-10
2.24137e-16
5.35181e-10
-4.61432e-09
-2.57984e-12
-7.80176e-18
-4.23791e-12
-5.7486e-17
-3.72746e-15
-1.51707e-14
-7.70263e-16
-1.30979e-14
-4.4576e-15
-3.69406e-16
-1.24193e-09
-1.12804e-11
-7.47047e-09
-4.80091e-10
-8.43941e-09
8.4622e-10
-8.72495e-09
1.89855e-09
-7.22348e-10
1.62697e-09
-7.22348e-10
1.84761e-16
3.67793e-12
-1.73847e-09
-1.21719e-17
-1.48141e-17
-1.50242e-17
-4.24973e-17
-1.5144e-14
-5.61163e-17
7.93835e-15
-8.82121e-17
5.41195e-13
-5.32402e-13
-3.16505e-10
-5.87937e-12
-4.29227e-09
-2.923e-12
-6.81524e-09
3.15813e-10
-3.46253e-09
4.60656e-10
-1.81544e-12
2.70328e-11
-1.81194e-12
-2.75591e-15
-1.44977e-13
-9.99169e-18
-6.72333e-17
-2.93287e-17
-9.78706e-17
-4.61083e-17
-1.85379e-16
-3.85667e-17
8.90694e-15
-8.58733e-15
-1.06921e-11
-1.42798e-13
-4.72064e-11
-8.39275e-13
-1.24231e-10
1.96979e-13
-2.51672e-10
8.3855e-16
-2.73924e-11
-2.28171e-16
-3.70698e-13
-1.51006e-16
-1.89972e-13
1.48916e-13
-9.61796e-18
-7.30074e-15
-4.48811e-09
9.24257e-10
-5.69808e-09
5.76281e-10
-1.20001e-10
2.41605e-10
-1.19799e-10
5.83043e-18
-2.74239e-12
1.47149e-13
-3.01739e-17
-6.10216e-18
-2.67089e-17
-1.43885e-17
-2.51682e-17
-1.74721e-17
-2.45964e-17
-1.57089e-17
-2.52547e-17
-1.02446e-17
-5.92671e-17
-6.17806e-18
-2.41435e-18
-7.99216e-17
-1.72438e-09
-4.34051e-17
-5.75852e-10
1.69026e-19
-1.02124e-14
3.58342e-17
-1.02198e-14
-2.4856e-19
-4.63028e-17
-1.43215e-16
-5.10033e-17
-1.37156e-17
-4.48988e-17
-1.98021e-17
-3.91528e-17
-2.07937e-17
-3.62152e-17
-1.60396e-17
-3.73718e-17
-8.16323e-18
-4.61964e-17
-1.13122e-18
2.7424e-18
-6.53339e-17
-5.20591e-17
-8.55724e-19
-5.19165e-17
-1.28604e-18
-2.86638e-17
-1.70427e-18
-3.82926e-17
-4.01009e-18
-4.10396e-17
-9.1947e-18
-4.17875e-17
-1.6218e-17
-4.0352e-17
-2.18935e-17
-3.78607e-17
-2.20427e-17
-3.75374e-17
-1.52509e-17
-4.44363e-17
-4.23235e-18
-6.50726e-17
6.62998e-18
6.77223e-16
-1.04464e-16
-9.59757e-18
-1.73161e-18
-1.47558e-17
-1.77386e-18
-1.98517e-17
-2.38218e-18
-2.58529e-17
-4.3839e-18
-3.18904e-17
-8.85723e-18
-3.68208e-17
-1.53075e-17
-3.94153e-17
-2.12553e-17
-3.94967e-17
-2.23591e-17
-4.08134e-17
-1.51808e-17
-5.27172e-17
-2.64431e-19
-2.9248e-16
1.68912e-17
-5.87103e-08
4.84859e-08
-7.112e-13
-4.93411e-17
-6.45391e-12
3.68631e-13
-3.97027e-12
2.44336e-13
7.0527e-14
3.66362e-13
-7.68257e-17
1.667e-13
-8.58137e-17
2.47437e-17
-1.10999e-08
1.11015e-08
-1.58048e-07
1.10597e-07
-4.60038e-07
3.0518e-07
-8.39925e-07
5.48771e-07
-1.3515e-06
7.999e-07
9.15417e-07
-1.86042e-06
-9.14394e-17
-1.23153e-17
-1.16026e-16
3.68639e-13
-1.53114e-16
2.44336e-13
-3.00471e-08
3.00474e-08
-2.70376e-07
1.14878e-07
-7.85007e-07
3.15231e-07
-1.41636e-06
4.98013e-07
-1.89503e-06
5.17298e-07
-2.2152e-06
6.47791e-07
-2.38901e-06
7.97552e-07
-2.3786e-06
8.50035e-07
6.76305e-07
-2.13948e-06
-2.32349e-09
2.1362e-09
-1.09653e-07
-7.92908e-08
-6.7066e-07
3.92792e-08
-1.41453e-06
3.44329e-07
-1.90751e-06
4.25603e-07
-2.06868e-06
4.21897e-07
-2.04418e-06
4.73508e-07
-2.01674e-06
4.89861e-07
-1.96978e-06
6.00832e-07
-1.87809e-06
7.05861e-07
-1.74458e-06
7.16526e-07
4.97617e-07
-1.56589e-06
-9.06033e-07
3.32873e-08
-1.47341e-06
-1.17175e-07
-1.81001e-06
1.96515e-07
-1.88527e-06
3.82242e-07
-1.84573e-06
3.86063e-07
-1.7607e-06
3.3687e-07
-1.64516e-06
3.57965e-07
-1.54e-06
3.84707e-07
-1.41571e-06
4.76542e-07
-1.26142e-06
5.51571e-07
-1.09393e-06
5.49031e-07
-1.07225e-06
4.75934e-07
-2.00973e-06
6.55163e-07
-1.86331e-06
-2.08829e-07
-1.7657e-06
-5.53256e-07
-2.0224e-06
-7.51607e-07
-2.19911e-06
-6.27919e-07
-2.30721e-06
-4.30243e-07
-2.37627e-06
-2.78332e-07
-2.56854e-06
-2.32125e-07
-2.45935e-06
-2.88127e-08
-1.76895e-06
-1.52704e-07
-1.94188e-06
2.84747e-07
-2.7477e-08
-1.569e-06
8.46759e-08
-1.39717e-06
-3.8066e-07
-1.38885e-06
-5.61577e-07
-1.51998e-06
-6.20471e-07
-1.6231e-06
-5.24797e-07
-1.67939e-06
-3.73955e-07
-1.7159e-06
-2.41824e-07
-1.78556e-06
-1.6247e-07
-1.52183e-06
-7.29661e-08
-2.8643e-07
-4.051e-07
-2.7691e-08
-1.31163e-09
4.43867e-09
-1.15818e-06
-3.2304e-07
-1.02764e-06
-5.112e-07
-1.04165e-06
-5.47567e-07
-1.12601e-06
-5.36104e-07
-1.19845e-06
-4.52362e-07
-1.23405e-06
-3.38359e-07
-1.23208e-06
-2.4379e-07
-1.18458e-06
-2.09971e-07
-9.45019e-07
-3.12527e-07
-3.55399e-07
-6.83415e-07
-4.43867e-09
7.13148e-09
6.81912e-18
-7.67607e-07
-6.27678e-07
-7.22401e-07
-5.56405e-07
-7.70073e-07
-4.99895e-07
-8.49851e-07
-4.56326e-07
-9.17003e-07
-3.8521e-07
-9.49557e-07
-3.05804e-07
-9.39708e-07
-2.53639e-07
-8.8412e-07
-2.65558e-07
-8.10116e-07
-3.86531e-07
-6.46523e-07
-5.6817e-07
-5.67691e-13
-3.26351e-08
4.25072e-18
-2.51943e-11
3.42628e-12
4.66358e-12
-4.64361e-11
2.58221e-11
-3.34081e-17
7.24982e-12
-3.13426e-17
1.63655e-18
-3.83438e-17
3.98746e-18
-4.67495e-17
5.61968e-18
-5.03543e-17
1.17988e-17
-4.44085e-17
1.8453e-17
-3.17835e-17
1.70998e-17
-1.65881e-17
7.22054e-18
-4.71558e-18
-5.99544e-19
-1.55376e-19
-2.2961e-11
4.37777e-18
3.19061e-18
-1.83028e-11
2.26999e-11
-1.5399e-17
2.00147e-12
-1.60816e-17
2.50645e-18
-1.78025e-17
4.18264e-18
-2.01145e-17
4.24691e-18
-2.06026e-17
6.61914e-18
-1.61311e-17
8.79543e-18
-8.2935e-18
6.22854e-18
-1.47574e-18
2.11561e-19
-4.07315e-20
-5.70173e-19
-1.0476e-19
-2.76687e-12
3.38484e-18
2.76687e-12
-6.48291e-13
1.95151e-17
-8.32704e-18
2.0544e-17
-8.94503e-18
3.18612e-18
-8.85756e-18
3.9365e-18
-7.93626e-18
3.00256e-18
-6.87588e-18
3.2479e-18
-4.50258e-18
3.41729e-18
-1.48732e-18
1.60217e-18
-1.56342e-19
-4.70496e-19
-1.04483e-22
-5.17866e-19
-1.17841e-19
-3.28931e-18
2.91909e-18
3.75505e-18
-5.28473e-18
1.87215e-17
-2.36362e-18
1.80007e-17
-2.86527e-18
3.6829e-18
-5.21372e-18
6.27626e-18
-4.07229e-18
2.51715e-18
-2.45207e-18
2.11312e-18
-1.05514e-18
1.50444e-18
-1.55627e-19
2.42435e-19
1.3494e-19
-6.70127e-19
6.27451e-20
-4.97462e-19
-8.86481e-20
-5.05788e-19
2.20637e-18
1.21852e-18
-4.66087e-19
2.03313e-17
-1.12017e-18
1.84438e-17
-4.74131e-14
4.74157e-14
-3.08173e-18
7.4261e-14
-1.9011e-18
2.0088e-18
-6.55322e-19
1.56726e-18
1.78857e-19
7.919e-19
5.58087e-19
-2.2435e-19
3.56179e-19
-6.555e-19
7.92474e-20
-3.55677e-19
-4.88228e-20
3.09293e-19
1.52937e-18
3.67705e-19
1.53249e-17
5.28316e-18
-3.83784e-14
3.06014e-12
-2.65308e-13
5.26149e-12
-7.36076e-17
2.63116e-12
1.74595e-16
7.56772e-16
1.15455e-17
8.37036e-18
1.82108e-18
2.67833e-19
1.02063e-18
-4.28194e-19
4.07975e-19
-4.72602e-19
6.61496e-20
-1.89936e-19
-1.97472e-20
-1.54509e-13
4.47926e-08
5.79065e-08
-1.54508e-13
4.687e-18
3.31703e-13
2.33102e-12
9.22604e-13
5.58978e-12
2.7341e-13
2.86248e-13
1.11531e-18
1.22567e-14
5.54875e-18
6.22416e-19
2.92243e-18
-1.25024e-19
1.17963e-18
-3.09892e-19
3.33014e-19
-2.33211e-19
4.09169e-20
-7.22695e-20
-5.61372e-21
-3.11348e-14
-1.00838e-08
2.16722e-07
-3.11339e-14
3.66495e-18
3.39104e-13
3.24302e-15
9.80789e-13
5.32397e-13
-1.22382e-14
-1.35258e-14
9.46947e-18
2.18727e-18
4.5091e-18
-1.15233e-20
2.07567e-18
-1.5997e-19
7.92607e-19
-1.61365e-19
1.8998e-19
-8.26815e-20
1.84439e-20
-1.84277e-20
-1.01703e-21
-1.43392e-18
-1.41087e-07
3.98225e-07
-3.87206e-19
2.76263e-18
3.21875e-15
1.63647e-17
1.35571e-14
9.43457e-18
9.5286e-18
5.75568e-18
5.57214e-18
6.28205e-19
3.10137e-18
-7.29029e-20
1.41731e-18
-8.30951e-20
4.45325e-19
-4.87842e-20
8.10995e-20
-1.64029e-20
5.78532e-21
-2.44764e-21
-9.0451e-23
-1.21334e-07
-2.87522e-07
4.65042e-07
-1.35872e-17
7.58594e-08
2.06885e-19
2.5707e-18
3.60619e-18
5.34151e-18
5.00306e-18
1.73883e-18
3.85211e-18
1.85858e-19
2.0117e-18
-2.77729e-20
7.12418e-19
-1.44154e-20
1.61394e-19
-4.78855e-21
2.04094e-20
-9.46723e-22
9.90737e-22
-8.28413e-23
-1.85938e-24
-2.85267e-07
-2.82166e-07
4.36388e-07
-1.6851e-18
9.02019e-08
-2.54675e-19
1.14027e-18
1.04392e-18
8.06705e-19
2.65703e-18
3.74597e-19
1.72525e-18
1.81003e-20
6.4371e-19
-7.41524e-22
1.49093e-19
-1.03063e-22
2.09195e-20
-1.12029e-23
1.58434e-21
-7.94856e-25
4.53968e-23
-4.17769e-26
-1.1726e-27
-4.53811e-07
2.53965e-07
-1.40727e-18
-2.66999e-19
2.95455e-19
4.92228e-19
1.29328e-19
1.73375e-20
1.37231e-21
6.48977e-23
1.71779e-24
2.9059e-26
-1.82927e-15
-1.44333e-17
-2.55499e-13
-6.59501e-16
-4.85641e-13
-1.39368e-14
-2.36535e-13
6.35643e-14
4.68423e-15
6.21153e-14
5.271e-13
3.27023e-13
-7.30575e-10
1.33587e-10
-1.84937e-09
1.20034e-10
-6.83659e-10
3.48212e-10
-5.43084e-15
2.55322e-12
-5.54828e-15
8.59575e-17
-6.84907e-16
-2.08002e-15
-9.11666e-18
-4.76326e-18
-6.78908e-16
-1.08568e-17
-2.1055e-14
1.27466e-17
2.0785e-16
-6.22205e-17
9.68064e-15
8.40852e-15
-4.57165e-11
5.79347e-12
-2.60713e-11
4.82194e-13
-1.57407e-11
5.26846e-17
-2.55333e-12
3.49898e-17
-1.93579e-16
5.34313e-17
-4.0988e-16
1.75245e-16
3.17375e-16
-7.88075e-16
-1.52983e-17
-4.75781e-20
-5.70953e-17
-9.27981e-20
-7.54785e-17
1.27189e-17
-1.93158e-16
3.74379e-17
-9.54188e-13
7.17326e-14
-4.82171e-13
2.82409e-15
-2.50825e-17
4.18858e-17
-1.69576e-17
3.61259e-17
-2.036e-17
2.87272e-17
-3.6439e-17
3.86824e-17
-4.96548e-17
7.48446e-17
1.00433e-16
-5.04963e-17
-7.4364e-19
-1.8748e-22
-1.51963e-17
4.25799e-19
-2.43013e-16
9.02783e-18
-4.56385e-15
2.15398e-16
-2.80714e-15
1.30853e-17
-1.31143e-17
2.35425e-17
-7.42664e-18
2.88194e-17
-3.12394e-18
2.37647e-17
-5.11763e-19
1.79504e-17
1.85409e-18
1.75901e-17
5.33066e-18
2.06592e-17
1.57687e-17
7.71415e-18
-2.27931e-20
4.48866e-22
-6.25094e-19
4.13974e-20
-7.65612e-18
8.39732e-19
-3.95441e-18
1.30679e-17
-3.83077e-18
9.57955e-18
-2.07005e-18
1.50138e-17
8.10986e-19
1.88586e-17
2.80824e-18
1.33721e-17
4.10816e-18
1.05239e-17
5.58167e-18
9.09871e-18
6.63691e-18
7.15928e-18
3.81307e-18
5.67862e-18
-4.6663e-22
2.16929e-23
-1.46745e-20
2.30183e-21
-1.90893e-19
5.32341e-20
-3.08203e-19
9.43324e-19
3.70209e-19
4.30893e-18
1.28003e-18
5.0812e-18
3.05014e-18
7.23489e-18
3.53704e-18
5.75302e-18
4.50489e-18
5.21651e-18
5.59714e-18
4.61877e-18
5.94348e-18
3.41969e-18
1.92263e-18
5.25488e-18
-2.03742e-24
6.0964e-25
2.4476e-24
8.41898e-23
3.51465e-22
2.18534e-21
1.7655e-20
5.46093e-20
2.39402e-19
4.82708e-19
6.14337e-19
9.1414e-19
1.3781e-18
1.58041e-18
1.81524e-18
1.61848e-18
2.56689e-18
1.74092e-18
3.29514e-18
1.64911e-18
3.57706e-18
1.26877e-18
7.53606e-19
3.32475e-18
1.96721e-27
1.14452e-26
7.71397e-25
2.34731e-24
3.93351e-23
6.67679e-23
1.77372e-21
2.2125e-21
2.81725e-20
2.77422e-20
1.12913e-19
9.1439e-20
3.02719e-19
2.01849e-19
5.09589e-19
2.75546e-19
8.19008e-19
3.45871e-19
1.09917e-18
3.47887e-19
1.20971e-18
2.73536e-19
1.60027e-19
1.10316e-18
5.50253e-29
1.3626e-28
2.93697e-26
4.26976e-26
1.57778e-24
1.33995e-24
8.52896e-23
5.62157e-23
1.69663e-21
9.23789e-22
1.06714e-20
4.9599e-21
3.65261e-20
1.43662e-20
7.90371e-20
2.57039e-20
1.41964e-19
3.65332e-20
1.96563e-19
3.82526e-20
2.12769e-19
2.98125e-20
1.6252e-20
1.78966e-19
6.54128e-31
8.043e-31
5.29017e-28
3.93498e-28
3.17633e-26
1.36235e-26
2.14561e-24
7.21346e-25
5.48381e-23
1.53989e-23
5.05741e-22
1.234e-22
2.2489e-21
4.71527e-22
6.06748e-21
1.0649e-21
1.18939e-20
1.66577e-21
1.66488e-20
1.77769e-21
1.70953e-20
1.33255e-21
6.43648e-22
1.24197e-20
2.90513e-33
1.35377e-33
3.69125e-30
1.05732e-30
2.48131e-28
3.88779e-29
2.17149e-26
2.65361e-27
7.2729e-25
7.35425e-26
9.27513e-24
8.25141e-25
5.31185e-23
4.11609e-24
1.72292e-22
1.13273e-23
3.60839e-22
1.91024e-23
4.98454e-22
2.04026e-23
4.63891e-22
1.43295e-23
5.80805e-24
2.65953e-22
2.04114e-36
4.19744e-33
2.98929e-31
3.48337e-29
1.53089e-27
2.59626e-26
1.87534e-25
7.10545e-25
1.56246e-24
2.06826e-24
1.63091e-24
6.27094e-25
-1.92041e-16
5.31209e-17
-2.16447e-16
-1.46238e-15
-2.78567e-16
-4.6269e-15
-2.28554e-11
-1.77331e-14
-1.79534e-10
-1.63854e-11
-1.01128e-10
-4.56301e-12
-4.05831e-12
-2.04987e-11
-1.38989e-14
-4.03757e-12
-8.55257e-15
-1.71924e-18
-2.84654e-16
-2.51644e-17
-1.56913e-16
-4.69272e-17
-1.96914e-19
-2.2462e-15
2.98642e-16
-1.73948e-15
-1.88303e-16
2.78839e-15
-1.34573e-16
-1.6245e-14
-9.56735e-16
-7.37457e-12
-8.64375e-16
-1.16599e-11
-1.10115e-13
-1.36617e-11
-2.43447e-12
-6.36084e-13
-3.13827e-12
-4.54856e-18
-6.36106e-13
-5.23673e-17
-2.97496e-18
-6.55906e-20
-6.62509e-18
-8.58738e-20
-2.32659e-17
6.10766e-17
-2.39062e-17
-7.82087e-18
-6.67732e-17
-3.88484e-17
-9.41285e-17
-1.03764e-16
-1.19639e-16
-2.4551e-16
-1.0946e-13
-2.65465e-16
-1.16071e-12
-1.28839e-18
-1.01718e-12
-3.51486e-17
-5.96806e-15
-1.21712e-17
-1.3476e-18
-5.99451e-15
-2.40356e-21
-8.17826e-17
-5.71815e-19
9.42075e-18
8.26874e-18
1.11455e-17
-5.0574e-19
9.82973e-18
-2.1465e-18
1.65231e-18
-3.90895e-18
-3.56871e-17
-5.21126e-18
-2.3192e-19
-6.41573e-18
-2.42181e-19
-1.28376e-18
-1.57258e-19
-3.5315e-17
8.27443e-21
-1.23399e-17
5.44157e-16
-9.21284e-19
6.12504e-18
-4.28614e-20
-1.35181e-21
4.20286e-18
1.2609e-18
3.4328e-18
-1.48982e-19
3.49524e-18
-3.41563e-19
3.91893e-18
-2.83814e-19
4.10312e-18
-2.45709e-19
1.81502e-18
-1.87762e-19
8.98758e-19
-8.20442e-20
2.15725e-17
-6.61029e-19
5.46316e-18
-5.71996e-19
2.4563e-19
-1.46414e-19
5.14031e-21
-1.59975e-20
-4.77587e-22
3.90739e-18
6.43395e-19
2.33963e-18
-6.04362e-20
1.15724e-18
-1.3913e-19
6.11816e-19
-7.43809e-20
4.30761e-19
-2.52361e-20
2.97685e-19
-8.00267e-21
1.15966e-19
-2.00822e-21
6.79469e-19
-3.95983e-22
4.02964e-19
-2.48763e-22
5.53984e-20
-9.53301e-23
2.42001e-21
-1.51892e-23
-6.05124e-25
2.64171e-18
2.69833e-19
1.6883e-18
-1.32961e-20
7.68185e-19
-3.51345e-20
2.58901e-19
-1.94261e-20
7.02814e-20
-6.09255e-21
1.93542e-20
-1.32019e-21
4.07583e-21
-2.25516e-22
5.90058e-22
-3.30326e-23
2.28764e-22
-4.14044e-24
4.56038e-23
-4.14531e-25
2.79019e-24
-2.96292e-26
-8.72e-28
8.58903e-19
5.65794e-20
5.83271e-19
-1.20405e-21
2.88109e-19
-3.62772e-21
9.91216e-20
-2.16028e-21
2.43498e-20
-7.24315e-22
4.41421e-21
-1.65677e-22
6.04702e-22
-2.90183e-23
6.27748e-23
-4.13727e-24
4.77764e-24
-4.69201e-25
2.46303e-25
-3.76398e-26
6.66539e-27
-1.68392e-27
-2.28523e-29
1.25002e-19
5.30231e-21
8.31447e-20
-3.21237e-23
4.3355e-20
-1.17984e-22
1.58433e-20
-7.01116e-23
4.07735e-21
-2.33106e-23
7.55544e-22
-5.27668e-24
1.02328e-22
-9.03432e-25
1.00733e-23
-1.22261e-25
6.86873e-25
-1.26468e-26
2.82751e-26
-8.8935e-28
4.77375e-28
-3.29417e-29
-3.32586e-31
7.13005e-21
1.84707e-22
4.23686e-21
-5.8923e-26
2.13867e-21
-7.40336e-25
7.6356e-22
-3.86895e-25
1.90711e-22
-1.0924e-25
3.391e-23
-2.08456e-26
4.34073e-24
-2.97624e-27
3.95976e-25
-3.27937e-28
2.44022e-26
-2.6761e-29
8.77909e-28
-1.44663e-30
1.22839e-29
-4.02243e-32
-3.25335e-34
1.11847e-22
1.40876e-24
5.29852e-23
1.31888e-25
2.28391e-23
-1.74476e-28
6.8299e-24
-5.89477e-29
1.40267e-24
-9.19163e-30
2.02407e-25
-9.33551e-31
2.07865e-26
-6.91219e-32
1.50183e-27
-3.81769e-33
7.21529e-29
-1.50704e-34
1.98145e-30
-4.26398e-36
2.08103e-32
-3.72582e-37
-1.5464e-38
1.55152e-25
4.63304e-26
1.18923e-26
1.90488e-27
1.9862e-28
1.41863e-29
7.10056e-31
2.46657e-32
5.62472e-34
7.94131e-36
2.60231e-37
-1.8353e-20
-1.76096e-22
-1.03544e-19
-6.88072e-22
-4.76149e-19
-1.29038e-21
-2.0013e-18
-7.59207e-22
-7.29062e-18
1.3888e-19
-2.16038e-17
1.06013e-18
-4.67849e-17
3.65128e-18
-5.65163e-17
5.84061e-18
-7.22961e-18
2.8133e-20
-5.76219e-18
-4.49227e-19
-2.01903e-17
-1.01562e-18
-1.62981e-18
-4.93993e-17
-6.84394e-22
-5.3157e-24
-4.42973e-21
-3.73207e-23
-1.7725e-20
-1.11768e-22
-6.84045e-20
1.70877e-22
-2.52066e-19
9.31455e-21
-6.58863e-19
5.72331e-20
-1.13496e-18
1.64847e-19
-1.57636e-18
2.2323e-19
-2.26017e-18
1.05585e-19
-2.75042e-18
-4.1952e-20
-3.39126e-18
-1.84668e-19
-4.17511e-19
-5.33005e-18
-4.12417e-23
-6.91577e-26
-4.10405e-22
-5.31685e-25
-2.05442e-21
-1.45429e-24
-7.54261e-21
2.7717e-22
-2.15438e-20
2.10723e-21
-4.88177e-20
8.15614e-21
-9.31214e-20
1.92303e-20
-1.70953e-19
2.98283e-20
-3.22328e-19
2.8503e-20
-5.67251e-19
-1.15465e-21
-8.98978e-19
-1.39039e-20
-3.49606e-20
-1.28739e-18
-1.56695e-24
9.57838e-27
-2.55473e-23
8.48439e-25
-2.03625e-22
7.27356e-24
-9.5231e-22
8.00494e-23
-2.99813e-21
5.15901e-22
-6.89793e-21
1.93558e-21
-1.26711e-20
4.47397e-21
-2.00933e-20
6.84499e-21
-3.0383e-20
6.69041e-21
-4.63403e-20
2.30482e-21
-7.10401e-20
-1.56031e-21
-4.02063e-21
-1.09399e-19
-5.40316e-26
2.4585e-27
-1.08541e-24
1.16641e-25
-1.19076e-23
1.07824e-24
-7.35702e-23
1.10629e-23
-2.82051e-22
7.89176e-23
-7.39359e-22
3.39652e-22
-1.48032e-21
8.97481e-22
-2.46577e-21
1.55904e-21
-3.65764e-21
1.77131e-21
-5.03644e-21
1.03052e-21
-6.38757e-21
-1.49079e-22
-6.21321e-22
-7.78865e-21
-1.04741e-27
1.38658e-28
-2.27999e-26
7.77119e-27
-3.24337e-25
7.5944e-26
-2.49006e-24
8.51201e-25
-1.06007e-23
7.12494e-24
-2.73011e-23
3.62918e-23
-4.97577e-23
1.11699e-22
-7.76318e-23
2.26149e-22
-1.28613e-22
3.10606e-22
-2.37474e-22
2.51175e-22
-3.96707e-22
-3.48264e-24
-7.26516e-23
-5.33573e-22
1.89737e-31
4.70526e-30
2.26234e-29
3.34477e-28
2.97563e-28
3.29169e-27
5.7712e-27
4.09909e-26
9.16594e-26
4.20384e-25
8.16961e-25
2.60868e-24
4.02969e-24
9.32998e-24
1.24127e-23
2.09092e-23
2.65431e-23
3.10459e-23
4.55202e-23
3.11351e-23
6.23034e-23
7.00903e-24
-4.92519e-24
5.46374e-23
2.5562e-32
1.05638e-31
3.47798e-30
9.41503e-30
5.35077e-29
9.40266e-29
9.32675e-28
1.3104e-27
1.37369e-26
1.6764e-26
1.21677e-25
1.27579e-25
6.09066e-25
5.24183e-25
1.8989e-24
1.26778e-24
4.14657e-24
1.96856e-24
7.17986e-24
2.01257e-24
1.27962e-23
9.57475e-25
-1.74487e-25
1.85285e-23
6.81793e-34
1.35178e-33
1.15331e-31
1.52302e-31
1.83784e-30
1.5523e-30
3.65908e-29
2.49115e-29
6.70829e-28
4.07746e-28
7.10211e-27
3.82853e-27
3.95254e-26
1.79508e-26
1.29156e-25
4.6363e-26
2.84546e-25
7.37371e-26
4.80406e-25
7.56369e-26
8.80859e-25
4.68539e-26
-2.75142e-27
1.5994e-24
7.98285e-36
7.75724e-36
1.68616e-33
1.13159e-33
2.77574e-32
1.18428e-32
6.57254e-31
2.27445e-31
1.55503e-29
4.86786e-30
2.01176e-28
5.6672e-29
1.25959e-27
3.0277e-28
4.32399e-27
8.30797e-28
9.47613e-27
1.33123e-27
1.53954e-26
1.35091e-27
2.68172e-26
9.29109e-28
-1.23441e-29
5.47855e-26
3.2958e-38
1.07626e-38
8.83624e-36
2.21423e-36
1.51134e-34
2.39182e-35
4.40979e-33
5.78166e-34
1.37028e-31
1.66122e-32
2.18881e-30
2.42989e-31
1.55253e-29
1.49019e-30
5.59981e-29
4.35111e-30
1.20492e-28
6.95369e-30
1.83542e-28
6.83573e-30
2.79011e-28
4.72015e-30
-3.40411e-33
5.79215e-28
1.69067e-41
6.34628e-39
1.14626e-37
4.33224e-36
1.82667e-34
3.70041e-33
3.03406e-32
1.16168e-31
2.43986e-31
3.35801e-31
3.68848e-31
6.43588e-31
-8.0594e-17
-2.94935e-18
-7.53213e-17
-8.98996e-18
-1.55493e-16
-2.16108e-17
-2.43293e-13
-5.19794e-16
-3.21126e-13
-3.59146e-18
-1.96647e-13
-1.64344e-16
-3.29993e-16
6.76808e-17
-3.67562e-16
1.28691e-16
-7.99484e-16
1.86587e-16
-1.92102e-14
9.28324e-16
-3.46852e-15
-1.91252e-15
-1.01605e-17
-1.29286e-17
-7.08903e-19
-4.52349e-17
-9.8018e-19
-1.00049e-16
-1.33116e-18
-1.92618e-17
-1.94402e-18
-4.57034e-17
-2.16593e-18
-2.48911e-16
3.80112e-18
-8.69065e-16
7.14276e-17
-1.16415e-15
4.05872e-16
-1.25837e-15
6.63394e-16
-8.2988e-16
6.14143e-16
-1.69822e-17
1.12459e-17
-1.34049e-20
-1.79637e-18
-6.62285e-20
-2.79928e-18
-1.03785e-19
-5.76109e-18
-1.49444e-19
-1.55565e-17
-2.07046e-19
-4.51319e-17
-1.86479e-19
-1.24721e-16
5.82458e-18
-3.26122e-16
4.40691e-17
-4.64261e-16
1.78769e-16
-3.80786e-16
2.95393e-16
-8.12597e-17
1.68737e-16
-2.30249e-21
-1.09296e-18
-1.79925e-20
-1.7146e-19
-6.18592e-21
-2.87818e-19
-7.77648e-21
-5.89934e-19
-9.62863e-21
-1.64295e-18
-1.27769e-20
-5.98012e-18
-1.09603e-20
-2.04138e-17
9.8463e-19
-5.41673e-17
8.62043e-18
-7.68424e-17
3.51424e-17
-4.28539e-17
5.60744e-17
-4.50692e-19
1.19567e-17
8.96414e-20
-5.28648e-20
-1.8843e-21
-9.92328e-21
-9.07397e-22
-1.47636e-20
-8.36959e-22
-3.02614e-20
-5.90957e-22
-9.41749e-20
-4.37195e-22
-4.18041e-19
-3.77346e-22
-1.63465e-18
8.16943e-20
-4.38089e-18
8.37817e-19
-5.32088e-18
3.56354e-18
-1.02708e-18
4.98543e-18
5.48696e-19
-1.28479e-20
1.05132e-20
-6.30851e-21
-2.06053e-22
-5.78791e-22
-1.2266e-22
-5.5043e-22
-1.01592e-22
-6.78728e-22
-4.62182e-23
-2.17029e-21
-1.32903e-23
-1.44263e-20
-4.73875e-24
-6.72609e-20
3.42381e-21
-1.58448e-19
4.66039e-20
-8.62975e-20
1.99997e-19
1.07185e-19
2.04327e-19
4.00885e-20
-6.03847e-22
1.46469e-21
-1.39398e-22
-4.81505e-24
1.72782e-23
-1.04027e-23
-6.39853e-24
-8.51557e-24
-6.64504e-24
-2.44693e-24
-9.79485e-24
-3.07147e-25
-1.40969e-22
-1.09045e-26
-9.18995e-22
5.56483e-23
-1.89115e-22
1.47194e-21
4.20822e-21
6.46839e-21
1.0856e-20
3.32313e-21
9.31842e-22
-1.35102e-23
3.63845e-23
-1.94735e-24
-5.76422e-26
1.59418e-23
-4.40332e-25
7.47398e-24
-3.52678e-25
1.40257e-24
-7.13743e-26
1.45206e-25
-4.76947e-27
1.08448e-26
-8.53231e-29
7.37187e-25
2.24986e-25
4.09985e-23
2.38089e-23
2.76022e-22
1.12387e-22
3.0736e-22
8.58061e-24
1.90105e-23
-1.41181e-25
5.87916e-25
-1.47551e-26
-3.46546e-28
1.56743e-24
-7.53192e-27
7.98424e-25
-5.35013e-27
1.29095e-25
-1.02829e-27
9.19256e-27
-6.98568e-29
3.36174e-28
-1.57208e-30
3.61072e-27
1.93556e-28
8.91766e-25
1.6243e-25
6.04661e-24
8.83054e-25
3.38361e-24
-7.34731e-28
2.13544e-25
-5.02346e-28
5.42947e-27
-4.29973e-29
-8.12087e-31
5.09502e-26
-3.49701e-29
2.33187e-26
-1.95786e-29
3.7396e-27
-3.46679e-30
2.81356e-28
-2.35632e-31
1.22557e-29
-5.65137e-33
2.27259e-30
3.81195e-32
5.61587e-27
3.75399e-28
4.87736e-26
2.33244e-27
1.32577e-26
-1.26872e-30
9.11727e-28
-4.23396e-31
2.06523e-29
-2.85103e-32
-4.21749e-34
4.39324e-28
-1.25325e-32
1.57091e-28
-4.32904e-33
2.37159e-29
-4.45676e-34
1.83408e-30
-1.74672e-35
8.51308e-32
-2.33312e-37
2.9388e-33
2.04801e-35
9.23844e-30
1.83722e-31
1.10769e-28
1.02762e-30
1.68432e-29
-1.75921e-34
1.01504e-30
-2.64229e-35
1.93449e-32
-9.4335e-37
-7.707e-39
2.98522e-31
6.39787e-32
5.75399e-33
2.705e-34
7.81378e-36
2.56547e-37
1.86028e-33
2.74781e-32
2.38536e-33
8.38217e-35
9.08623e-37
-2.4148e-18
-2.37626e-19
-5.78935e-18
-6.55839e-19
-1.05565e-17
-1.43654e-18
-1.69329e-17
-3.05308e-18
-2.45502e-17
-6.50095e-18
-3.24117e-17
-1.19563e-17
-3.88943e-17
-1.80845e-17
-4.23888e-17
-2.11915e-17
-4.46299e-17
-1.61735e-17
-5.956e-17
6.62176e-19
-4.40368e-11
4.40368e-11
4.02598e-07
-7.88679e-07
-4.78766e-19
-2.98678e-20
-1.9698e-18
-1.60362e-19
-5.03003e-18
-5.65997e-19
-1.01124e-17
-1.51198e-18
-1.72973e-17
-3.66151e-18
-2.6036e-17
-7.54048e-18
-3.49738e-17
-1.28783e-17
-4.19325e-17
-1.75689e-17
-4.71241e-17
-1.70884e-17
-5.71628e-17
-4.31962e-18
-5.00703e-08
2.9136e-09
5.48991e-07
-5.88718e-07
-9.06537e-20
-2.91903e-21
-5.7465e-19
-2.775e-20
-2.0284e-18
-1.51898e-19
-5.11951e-18
-5.28026e-19
-1.03015e-17
-1.53915e-18
-1.75194e-17
-3.73001e-18
-2.61356e-17
-7.4213e-18
-3.45132e-17
-1.192e-17
-3.93242e-17
-1.48909e-17
-3.50395e-17
-1.10725e-17
-3.90314e-08
2.54391e-09
5.45684e-07
-2.99418e-07
-1.38425e-20
-1.8644e-22
-1.3136e-19
-3.09344e-21
-6.3928e-19
-2.6387e-20
-2.04982e-18
-1.24614e-19
-4.90619e-18
-4.6906e-19
-9.42785e-18
-1.44625e-18
-1.5358e-17
-3.59467e-18
-2.17802e-17
-7.15217e-18
-2.65816e-17
-1.15672e-17
-2.55712e-17
-1.40337e-17
-2.83014e-08
-9.77915e-11
4.84093e-07
-2.0826e-07
-1.46032e-21
-6.5713e-24
-2.11043e-20
-1.92024e-22
-1.45211e-19
-2.66816e-21
-6.15922e-19
-1.81136e-20
-1.84339e-18
-9.5727e-20
-4.21598e-18
-4.14898e-19
-7.89095e-18
-1.41704e-18
-1.27497e-17
-3.74553e-18
-1.81733e-17
-7.97361e-18
-2.09882e-17
-1.35125e-17
-2.82328e-08
-9.6523e-10
3.84168e-07
-1.71914e-07
-9.1733e-23
-9.81955e-26
-2.08582e-21
-5.29546e-24
-2.12065e-20
-1.33151e-22
-1.26461e-19
-1.4118e-21
-5.11794e-19
-1.16299e-20
-1.52167e-18
-7.96563e-20
-3.56932e-18
-4.17487e-19
-7.10906e-18
-1.60464e-18
-1.27886e-17
-4.6788e-18
-1.79155e-17
-1.11247e-17
-1.87258e-08
-5.64589e-10
2.48071e-07
-1.42406e-07
-2.77179e-24
-3.75205e-28
-1.05511e-22
-3.81725e-26
-1.70808e-21
-2.12379e-24
-1.55866e-20
-3.8995e-23
-9.41967e-20
-5.78348e-22
-4.07151e-19
-7.51926e-21
-1.34216e-18
-7.37166e-20
-3.60215e-18
-4.97615e-19
-9.00138e-18
-2.30709e-18
-1.5154e-17
-7.05819e-18
-2.26134e-09
-4.66032e-12
1.22274e-07
-1.46972e-07
-2.47144e-26
-2.90336e-31
-1.72348e-24
-2.94456e-29
-4.92984e-23
-6.52193e-27
-7.79536e-22
-2.39774e-25
-8.31814e-21
-7.78022e-24
-6.43937e-20
-2.54284e-22
-3.71428e-19
-6.46232e-21
-1.61927e-18
-1.0299e-19
-5.32387e-18
-9.24748e-19
-1.2868e-17
-4.38185e-18
-4.66033e-12
-8.57233e-18
4.63728e-08
-1.05377e-07
-3.5498e-29
2.91721e-31
-5.06352e-27
1.80006e-29
-3.06748e-25
-1.50085e-30
-1.001e-23
-1.55e-28
-2.47421e-22
-1.79094e-26
-4.89975e-21
-2.8693e-24
-6.94771e-20
-3.17988e-22
-6.19515e-19
-1.53099e-20
-3.25608e-18
-2.96351e-19
-1.00445e-17
-2.35966e-18
-1.8236e-17
-7.19906e-18
4.49375e-09
-1.02051e-07
-1.0289e-32
4.1451e-33
-4.89326e-31
1.22577e-31
-1.48841e-28
-2.35376e-34
-1.71727e-26
-3.31593e-32
-2.02949e-24
-1.64111e-30
-1.92627e-22
-6.2097e-27
-9.37404e-21
-6.20502e-24
-1.97986e-19
-1.09563e-21
-1.79778e-18
-5.37381e-20
-7.47581e-18
-8.88981e-19
-1.54439e-17
-5.12249e-18
-2.94556e-08
-1.01553e-07
2.10015e-35
1.62047e-35
8.04622e-34
4.00838e-34
2.40621e-33
2.68786e-34
9.05733e-32
1.88541e-32
-6.15593e-28
-1.78156e-34
-2.21832e-24
-1.17519e-33
-5.96061e-22
-2.44338e-27
-3.74671e-20
-5.15178e-24
-7.20417e-19
-1.37281e-21
-4.81845e-18
-1.0146e-19
-1.27934e-17
-2.10616e-18
-1.78061e-08
-1.4969e-07
4.27737e-38
1.66767e-36
4.13138e-36
2.6602e-34
3.24964e-33
6.87024e-34
-1.87879e-24
-9.31351e-22
-8.22127e-20
-1.69924e-18
-6.65007e-18
-1.30889e-07
-1.30539e-06
2.44452e-07
-1.49458e-06
7.20085e-08
-1.60299e-06
3.04925e-07
-1.59595e-06
3.75204e-07
-1.5067e-06
2.96816e-07
-1.37904e-06
2.09211e-07
-1.22964e-06
2.08556e-07
-1.08392e-06
2.38989e-07
-9.19127e-07
3.11752e-07
-7.18358e-07
3.50803e-07
-4.3491e-07
2.65582e-07
4.10243e-08
-9.52602e-07
6.08335e-07
-1.20545e-06
3.24853e-07
-1.2939e-06
3.93383e-07
-1.25837e-06
3.39666e-07
-1.14932e-06
1.87767e-07
-1.01053e-06
7.04242e-08
-8.58148e-07
5.61734e-08
-7.08881e-07
8.9722e-08
-5.47563e-07
1.50434e-07
-3.62376e-07
1.65616e-07
-1.60538e-07
6.37441e-08
-1.19514e-07
-6.49652e-07
9.5857e-07
-8.97096e-07
5.72297e-07
-9.67251e-07
4.63538e-07
-9.18521e-07
2.90936e-07
-8.10513e-07
7.97583e-08
-6.84051e-07
-5.60376e-08
-5.52272e-07
-7.56057e-08
-4.2524e-07
-3.73102e-08
-2.94545e-07
1.97393e-08
-1.59961e-07
3.10313e-08
-4.55205e-08
-5.06963e-08
-1.65034e-07
-4.09768e-07
1.16008e-06
-6.07084e-07
7.69614e-07
-6.53293e-07
5.09747e-07
-6.00757e-07
2.384e-07
-5.08159e-07
-1.284e-08
-4.09536e-07
-1.5466e-07
-3.12275e-07
-1.72867e-07
-2.2103e-07
-1.28555e-07
-1.31286e-07
-7.00047e-08
-4.8291e-08
-5.19634e-08
2.3518e-09
-1.01339e-07
-1.62682e-07
-2.41554e-07
1.22972e-06
-3.54061e-07
8.8212e-07
-3.70022e-07
5.25708e-07
-3.19039e-07
1.87417e-07
-2.50653e-07
-8.12265e-08
-1.87558e-07
-2.17755e-07
-1.30795e-07
-2.2963e-07
-7.9319e-08
-1.80032e-07
-2.9937e-08
-1.19387e-07
1.09628e-08
-9.28633e-08
2.4766e-08
-1.15142e-07
-1.37916e-07
-1.13756e-07
1.20107e-06
-1.44087e-07
9.12451e-07
-1.28903e-07
5.10525e-07
-8.27447e-08
1.41259e-07
-4.15536e-08
-1.22418e-07
-1.61086e-08
-2.432e-07
4.53358e-10
-2.46192e-07
1.45482e-08
-1.94126e-07
2.96547e-08
-1.34493e-07
3.95079e-08
-1.02716e-07
3.04036e-08
-1.06038e-07
-1.07513e-07
-2.46467e-08
1.07874e-06
1.625e-08
8.71555e-07
6.12724e-08
4.65503e-07
1.01417e-07
1.01114e-07
1.15093e-07
-1.36093e-07
1.05305e-07
-2.33412e-07
8.72726e-08
-2.2816e-07
7.12239e-08
-1.78078e-07
6.06887e-08
-1.23958e-07
5.01671e-08
-9.21948e-08
2.95255e-08
-8.53963e-08
-7.79872e-08
2.58885e-08
8.83303e-07
1.22632e-07
7.74812e-07
1.9429e-07
3.93844e-07
2.28209e-07
6.71958e-08
2.17758e-07
-1.25643e-07
1.79536e-07
-1.9519e-07
1.35559e-07
-1.84183e-07
9.85837e-08
-1.41102e-07
7.18851e-08
-9.72594e-08
5.02708e-08
-7.05805e-08
2.5787e-08
-6.09124e-08
-5.22002e-08
2.1852e-08
6.47187e-07
1.68669e-07
6.27995e-07
2.65338e-07
2.97174e-07
2.9398e-07
3.85544e-08
2.65258e-07
-9.69212e-08
2.08491e-07
-1.38422e-07
1.50015e-07
-1.25706e-07
1.02918e-07
-9.4006e-08
6.94119e-08
-6.37532e-08
4.42852e-08
-4.54539e-08
2.09384e-08
-3.75655e-08
-3.12618e-08
-3.48145e-08
4.44067e-07
1.58403e-07
4.34777e-07
2.74093e-07
1.81485e-07
2.96666e-07
1.59808e-08
2.57816e-07
-5.8071e-08
1.95399e-07
-7.60053e-08
1.35709e-07
-6.60164e-08
8.96598e-08
-4.79568e-08
5.78205e-08
-3.19138e-08
3.50172e-08
-2.26506e-08
1.58551e-08
-1.84034e-08
-1.54068e-08
-1.40177e-07
2.4971e-07
1.05825e-07
1.88776e-07
2.20724e-07
6.65855e-08
2.34201e-07
2.50395e-09
1.96376e-07
-2.02464e-08
1.4408e-07
-2.3709e-08
9.74626e-08
-1.93991e-08
6.30801e-08
-1.35743e-08
4.00171e-08
-8.85075e-09
2.38011e-08
-6.43457e-09
1.071e-08
-5.31236e-09
-4.69673e-09
-1.55642e-07
3.31337e-08
9.97192e-08
1.02223e-07
8.19768e-08
5.82678e-08
3.88687e-08
2.52944e-08
1.64437e-08
1.00091e-08
4.69673e-09
-3.36786e-07
-2.90893e-07
-4.73985e-07
-4.19206e-07
-5.6686e-07
-4.0702e-07
-6.53968e-07
-3.69219e-07
-7.22023e-07
-3.17155e-07
-7.56218e-07
-2.71609e-07
-7.49106e-07
-2.60752e-07
-7.06078e-07
-3.08586e-07
-6.71499e-07
-4.2111e-07
-6.00289e-07
-5.26755e-07
-4.66358e-12
-6.26063e-08
3.30457e-18
-1.61327e-07
-1.29566e-07
-3.10118e-07
-2.70416e-07
-4.18287e-07
-2.9885e-07
-5.06983e-07
-2.80523e-07
-5.74212e-07
-2.49926e-07
-6.11104e-07
-2.34718e-07
-6.12212e-07
-2.59644e-07
-5.83031e-07
-3.37766e-07
-5.52731e-07
-4.5141e-07
-5.67223e-07
-5.07066e-07
-8.42077e-16
-1.02841e-07
3.62019e-17
-9.12691e-08
-3.82965e-08
-2.08219e-07
-1.53465e-07
-3.07382e-07
-1.99687e-07
-3.89275e-07
-1.9863e-07
-4.52302e-07
-1.86899e-07
-4.91346e-07
-1.95674e-07
-5.03088e-07
-2.47902e-07
-4.9069e-07
-3.50163e-07
-4.68349e-07
-4.73751e-07
-4.54416e-07
-5.20999e-07
-1.23726e-07
-1.98874e-07
4.62711e-08
-5.37761e-08
1.54796e-08
-1.39094e-07
-6.8147e-08
-2.20344e-07
-1.18438e-07
-2.90117e-07
-1.28858e-07
-3.46001e-07
-1.31014e-07
-3.85667e-07
-1.56008e-07
-4.08222e-07
-2.25348e-07
-4.15606e-07
-3.42779e-07
-4.11522e-07
-4.77836e-07
-3.9192e-07
-5.40601e-07
-1.57198e-07
-3.20606e-07
9.93446e-08
-2.94185e-08
4.48981e-08
-8.77437e-08
-9.82182e-09
-1.49102e-07
-5.70795e-08
-2.04347e-07
-7.36121e-08
-2.51036e-07
-8.43254e-08
-2.89238e-07
-1.17805e-07
-3.20742e-07
-1.93844e-07
-3.47953e-07
-3.15568e-07
-3.69133e-07
-4.56655e-07
-3.67951e-07
-5.41783e-07
-2.35074e-07
-4.12689e-07
7.7389e-08
-1.25247e-08
5.74227e-08
-4.78063e-08
2.54598e-08
-8.98556e-08
-1.50302e-08
-1.30051e-07
-3.34163e-08
-1.66407e-07
-4.79695e-08
-2.00992e-07
-8.32209e-08
-2.38187e-07
-1.56649e-07
-2.81992e-07
-2.71764e-07
-3.29158e-07
-4.0949e-07
-3.56481e-07
-5.14459e-07
-2.98318e-07
-4.70451e-07
-7.81206e-08
-5.4563e-10
5.79684e-08
-1.65876e-08
4.15018e-08
-4.12442e-08
9.62647e-09
-6.71888e-08
-7.47174e-09
-9.29939e-08
-2.21644e-08
-1.22195e-07
-5.40199e-08
-1.61348e-07
-1.17496e-07
-2.16666e-07
-2.16445e-07
-2.86583e-07
-3.39574e-07
-3.48206e-07
-4.52836e-07
-3.36288e-07
-4.82369e-07
-2.59079e-07
8.39939e-09
4.9569e-08
6.86002e-09
4.30411e-08
-3.34533e-09
1.98318e-08
-1.68727e-08
6.05559e-09
-3.28214e-08
-6.21569e-09
-5.55596e-08
-3.12817e-08
-9.30612e-08
-7.99941e-08
-1.53616e-07
-1.5589e-07
-2.39206e-07
-2.53983e-07
-3.33671e-07
-3.58372e-07
-3.83864e-07
-4.32177e-07
-3.70088e-07
1.37644e-08
3.58046e-08
2.25394e-08
3.42662e-08
2.29833e-08
1.93879e-08
1.91046e-08
9.93421e-09
1.14228e-08
1.46614e-09
-4.60741e-09
-1.52515e-08
-3.72653e-08
-4.73362e-08
-9.6086e-08
-9.70698e-08
-1.86479e-07
-1.6359e-07
-3.01649e-07
-2.43201e-07
-4.07787e-07
-3.26038e-07
-3.63767e-07
1.56497e-08
2.0155e-08
2.96016e-08
2.03143e-08
3.63522e-08
1.26373e-08
3.87146e-08
7.57182e-09
3.7066e-08
3.1147e-09
2.72874e-08
-5.47284e-09
1.67145e-09
-2.17203e-08
-4.80941e-08
-4.73043e-08
-1.29873e-07
-8.18111e-08
-2.45229e-07
-1.27846e-07
-3.79084e-07
-1.92183e-07
-2.77809e-07
1.35701e-08
6.58493e-09
2.7094e-08
6.79034e-09
3.52847e-08
4.44661e-09
3.9978e-08
2.87852e-09
4.15143e-08
1.57834e-09
3.69305e-08
-8.89038e-10
2.07526e-08
-5.54245e-09
-1.36676e-08
-1.28841e-08
-7.26377e-08
-2.2841e-08
-1.62706e-07
-3.77771e-08
-2.89254e-07
-6.56349e-08
-1.30675e-07
6.58492e-09
1.33753e-08
1.78219e-08
2.07004e-08
2.22787e-08
2.13897e-08
1.58472e-08
2.9631e-09
-1.98779e-08
-5.7655e-08
-1.2329e-07
)
;

boundaryField
{
    rotor
    {
        type            calculated;
        value           uniform 0;
    }
    stator
    {
        type            calculated;
        value           uniform 0;
    }
    front
    {
        type            empty;
        value           nonuniform 0();
    }
    back
    {
        type            empty;
        value           nonuniform 0();
    }
}


// ************************************************************************* //
