/*--------------------------------*- C++ -*----------------------------------*\
| =========                 |                                                 |
| \\      /  F ield         | OpenFOAM: The Open Source CFD Toolbox           |
|  \\    /   O peration     | Version:  2.4.0                                 |
|   \\  /    A nd           | Web:      www.OpenFOAM.org                      |
|    \\/     M anipulation  |                                                 |
\*---------------------------------------------------------------------------*/
FoamFile
{
    version     2.0;
    format      ascii;
    class       surfaceScalarField;
    location    "1.1";
    object      phiAlpha;
}
// * * * * * * * * * * * * * * * * * * * * * * * * * * * * * * * * * * * * * //

dimensions      [0 3 -1 0 0 0 0];

internalField   nonuniform List<scalar> 
5952
(
-6.34913e-22
3.19878e-23
-2.3094e-20
2.33348e-21
-5.27073e-19
2.97155e-20
-4.83754e-18
4.17434e-19
-7.62453e-18
2.96681e-18
-2.45678e-17
1.6943e-17
-2.32134e-09
2.32134e-09
-2.40278e-10
2.31305e-09
-1.45674e-08
1.40646e-09
-4.23736e-08
2.51339e-09
-4.2091e-08
-2.82583e-10
1.27326e-10
-8.20786e-16
-1.22187e-20
1.61348e-21
-1.84017e-19
4.56326e-20
-1.54674e-18
3.00153e-19
-1.08913e-17
1.62617e-18
-3.036e-17
9.46331e-18
-1.51656e-08
3.17706e-09
-1.03579e-07
7.82649e-08
-3.17017e-09
8.96698e-08
-1.76371e-09
7.11107e-18
-1.18602e-09
-3.11241e-11
-1.35296e-10
-8.68196e-13
-6.44468e-12
-8.44813e-13
-1.66194e-19
3.43735e-20
-2.33087e-19
7.07782e-19
-4.52325e-19
4.48098e-19
-1.85809e-17
1.96629e-17
-4.18488e-17
1.6152e-17
-1.86493e-07
5.46228e-08
-2.51902e-07
1.70383e-07
-7.14881e-11
1.13292e-07
-7.14881e-11
1.39091e-17
-2.61836e-10
-1.53351e-12
-4.09866e-10
-2.17988e-12
7.75801e-13
-3.4253e-16
-2.69348e-18
4.46029e-19
-3.98358e-17
1.41018e-17
-2.10364e-13
2.76121e-13
1.96181e-13
6.89837e-13
1.96105e-13
4.09432e-17
-1.69072e-07
5.88608e-08
-2.0591e-07
1.77968e-07
-2.76394e-11
1.20107e-07
-2.76394e-11
2.58838e-17
-1.1343e-10
1.62034e-12
-1.70637e-10
2.59532e-11
3.66396e-12
-4.89757e-15
-9.95361e-17
3.42459e-18
-2.74265e-14
3.58137e-16
-3.07923e-13
3.89457e-13
3.19317e-13
5.46737e-13
3.19207e-13
7.73535e-17
-2.16842e-07
6.29201e-08
-1.79027e-07
1.71949e-07
-2.73385e-13
7.45576e-08
-2.73389e-13
3.12067e-17
3.69372e-15
6.22186e-14
-1.43373e-16
2.59565e-11
3.66388e-12
-1.66739e-16
-4.44592e-17
3.19277e-18
-1.22025e-14
3.17156e-16
-3.44106e-13
1.86202e-13
3.10225e-13
4.04909e-13
3.10113e-13
9.72339e-17
-8.40494e-08
1.32526e-08
-1.62452e-07
2.18445e-08
-6.32006e-17
2.72324e-08
-6.26399e-17
2.98895e-17
-3.06293e-10
3.06355e-10
-3.78462e-10
7.24627e-10
1.79189e-09
-3.9516e-10
4.16607e-16
7.70017e-17
-2.58866e-14
1.42193e-14
-6.39031e-14
7.22177e-17
3.68076e-14
5.79829e-17
3.6826e-14
7.34013e-17
-1.40257e-08
1.44114e-08
-3.07617e-08
1.11442e-07
-3.66419e-09
4.0101e-08
-2.18571e-10
3.1866e-09
-1.05733e-08
3.83764e-09
-1.28478e-08
7.79964e-09
3.28263e-09
-9.08498e-09
-2.83739e-18
7.96995e-17
-1.65934e-17
1.42012e-14
-3.31716e-17
5.31818e-17
-4.31333e-17
6.00739e-17
-1.72085e-17
5.07862e-17
1.48674e-08
1.74984e-08
1.19816e-08
1.02416e-07
-6.77593e-09
1.15191e-07
-1.48204e-09
7.03015e-09
-1.7703e-09
8.32993e-10
-2.11739e-09
1.05152e-09
3.82746e-10
-1.92521e-09
-2.70059e-13
1.03832e-12
-1.52288e-17
6.04146e-13
-2.17456e-17
5.96068e-17
-3.13262e-17
3.65525e-17
-1.81683e-11
1.81683e-11
1.18311e-08
6.84396e-11
3.47443e-08
6.77568e-08
-4.28125e-10
1.75013e-07
1.06746e-10
2.3157e-08
9.32298e-12
1.21277e-10
2.18954e-10
-4.88983e-11
-5.77175e-11
2.79053e-10
3.60225e-14
1.0074e-12
6.40083e-13
6.10125e-17
-6.04563e-11
6.97509e-11
-4.63531e-11
2.72681e-10
-1.35579e-11
1.52445e-09
4.42628e-10
1.20222e-09
3.82285e-08
1.12182e-08
8.84125e-08
7.96592e-08
1.48438e-08
3.56008e-08
-3.63716e-09
2.23499e-09
-2.55214e-10
1.63439e-10
2.15519e-10
1.96368e-09
5.39501e-18
1.00739e-12
1.22207e-17
2.65914e-17
1.50943e-17
6.97509e-11
3.68959e-12
2.68991e-10
1.86336e-08
-5.58013e-09
4.47841e-08
-1.09978e-07
3.79379e-08
-6.68282e-08
3.07914e-08
1.69977e-08
9.10824e-09
2.55475e-08
4.40198e-16
1.13432e-08
4.13938e-16
1.63439e-10
2.15519e-10
4.1914e-16
8.07025e-09
-3.84696e-08
1.51282e-09
6.55743e-09
1.33488e-07
1.15853e-07
9.99937e-07
4.41795e-08
2.06074e-06
-2.84553e-07
2.18976e-06
-4.26783e-07
2.05819e-06
-4.58412e-07
1.74798e-06
-1.77159e-07
1.40062e-06
2.24974e-10
7.64226e-07
2.5612e-08
2.11514e-07
-1.22264e-08
2.12877e-07
1.18298e-08
-1.5027e-17
-8.05759e-16
-4.4343e-17
-4.62769e-19
-9.80796e-17
-4.89879e-18
-1.53831e-08
-2.41288e-09
-2.9264e-08
-6.69592e-09
-2.41703e-08
1.50145e-09
-1.1699e-08
-1.24713e-08
-2.18107e-09
-1.78064e-08
-4.63008e-10
1.98659e-11
-7.74049e-11
-1.49049e-09
-2.54321e-11
-2.26998e-10
-5.37564e-10
-2.05256e-16
-5.78722e-18
-1.28452e-16
-9.6572e-18
6.25993e-16
-1.52909e-17
-1.85136e-08
-1.08067e-15
-2.36857e-08
-3.18536e-17
-6.6102e-09
-9.26977e-11
-2.68052e-11
-2.1818e-09
2.52046e-08
-2.18769e-08
4.12041e-08
-7.32794e-09
8.84938e-09
1.01318e-08
1.30064e-10
8.23051e-09
-6.60031e-09
-9.90738e-17
-1.26572e-17
-9.32529e-17
-6.32805e-16
-2.37334e-17
-4.96599e-17
-1.99854e-17
-1.08432e-15
-1.5665e-17
-3.62712e-17
-1.41082e-17
-9.26977e-11
-2.00739e-09
-1.74403e-10
-1.65029e-09
-1.83469e-09
4.46922e-08
-2.1264e-08
5.32731e-08
-4.58661e-09
6.59773e-08
1.66378e-09
6.39109e-08
-4.0342e-15
-1.2018e-17
-4.83844e-15
-2.59217e-15
-4.61254e-15
1.75836e-15
1.21446e-15
-2.47712e-15
-2.94511e-12
-4.35703e-17
-1.23961e-10
-4.2365e-16
2.53555e-11
-8.31853e-17
-1.80933e-09
-4.14632e-17
-1.37153e-09
-3.45108e-09
8.6778e-09
-1.75846e-08
9.8448e-09
2.40665e-09
8.12925e-08
-1.07308e-14
1.00877e-14
-1.85014e-14
-1.33538e-16
-1.07137e-14
2.21893e-14
-7.81815e-17
1.5529e-15
-4.41421e-17
-8.82752e-17
-4.90697e-17
-4.27729e-16
-6.89011e-18
-1.44922e-16
1.63346e-17
-6.46878e-17
4.47331e-08
-3.12145e-09
8.94419e-08
-5.25349e-09
5.59106e-10
1.73648e-07
2.38136e-07
-1.99992e-13
-3.64339e-11
-2.00077e-13
-1.30566e-16
5.8649e-17
-4.34885e-13
-7.48693e-17
1.59458e-15
-2.5027e-16
4.77702e-17
-6.98397e-17
-1.68904e-16
-2.39187e-18
-1.41802e-16
2.39102e-17
-9.09899e-17
7.9975e-08
-2.70619e-08
2.67912e-07
5.33778e-08
1.18901e-07
5.50016e-07
4.16696e-07
-3.85473e-10
-1.67099e-10
-4.08684e-13
-3.85065e-10
3.46726e-13
-5.05891e-13
-9.38345e-12
-1.50384e-11
-9.497e-13
-9.26633e-11
-2.89125e-17
-9.49858e-13
-3.58453e-18
-1.70697e-16
2.21925e-17
-1.16767e-16
1.39543e-07
-2.14823e-08
3.6691e-07
1.60322e-07
1.34665e-07
7.8226e-07
5.51362e-07
-7.81316e-10
-4.61079e-11
-5.298e-11
-1.35963e-10
-2.35709e-12
-5.05717e-11
-1.05524e-11
-1.58109e-11
-1.24995e-12
-7.24671e-11
-1.04236e-12
-8.82701e-11
1.18771e-13
-1.42131e-10
6.08215e-11
-6.07029e-11
1.05928e-07
-3.74877e-13
4.322e-07
1.45387e-07
1.81586e-07
1.03287e-06
7.32948e-07
2.42423e-10
-4.3106e-12
8.69945e-11
-3.46159e-10
-1.13217e-11
-2.07775e-11
1.10609e-11
-1.25267e-12
5.47179e-11
-2.50934e-16
3.17587e-11
-1.77531e-10
1.10404e-11
-3.13339e-10
5.4165e-12
-1.82303e-10
5.0417e-12
-7.47066e-17
4.82238e-07
4.70513e-08
2.30916e-07
1.2842e-06
9.63864e-07
2.38534e-09
2.10378e-10
2.05393e-10
8.37502e-11
1.25301e-12
1.77135e-12
2.7418e-16
-1.88491e-16
2.08839e-16
-2.31018e-16
1.02226e-10
5.78998e-11
6.14297e-11
1.46406e-10
3.21797e-11
-2.48975e-10
3.21797e-11
-8.39824e-17
4.52977e-07
-1.14357e-08
2.95853e-07
1.46458e-06
1.25849e-06
3.90615e-16
2.10378e-10
3.64613e-16
8.37502e-11
4.59529e-16
1.77193e-12
4.93359e-16
-2.37596e-16
4.49391e-16
-2.40371e-16
3.64918e-16
5.78998e-11
-9.21695e-13
1.47328e-10
4.42031e-11
4.24486e-11
4.4203e-11
-9.92952e-17
1.34275e-07
-3.21503e-17
5.01417e-07
1.15342e-06
1.75867e-06
3.10077e-07
1.12225e-07
7.88667e-07
1.34086e-07
1.2534e-06
-2.07462e-07
1.11425e-06
-4.20966e-07
6.86223e-07
-2.66626e-07
2.59432e-07
-1.4738e-07
1.22608e-08
-1.40265e-07
8.00487e-17
1.23032e-08
4.85672e-17
-9.27952e-17
6.11746e-17
-5.35364e-17
9.18413e-07
5.03699e-07
2.67581e-06
-3.24294e-28
1.33736e-30
-5.89733e-26
4.74506e-27
-3.68534e-25
8.52807e-26
-6.42195e-25
2.60758e-25
-1.70667e-23
3.08848e-25
-6.20584e-22
6.44933e-24
-1.18417e-20
2.01082e-22
-1.24441e-19
3.4596e-21
-7.86263e-19
3.35009e-20
-3.25719e-18
1.94734e-19
-1.08367e-17
1.94386e-18
2.1002e-18
-2.54195e-17
-1.44042e-25
2.77803e-27
-9.09398e-24
3.12415e-25
-5.21619e-22
1.00871e-23
-1.86053e-20
3.86035e-22
-3.6389e-19
1.05073e-20
-4.29467e-18
1.71767e-19
-3.3247e-17
1.79902e-18
-1.72025e-16
1.27806e-17
-5.62825e-16
6.13248e-17
-1.08927e-15
1.84374e-16
-8.06585e-16
3.41508e-16
3.58624e-15
-6.99421e-17
-7.21045e-24
1.18993e-25
-8.23368e-22
2.75741e-23
-2.75518e-20
1.29721e-21
-4.23548e-19
2.68948e-20
-3.69265e-18
3.07312e-19
-2.10967e-17
2.22175e-18
-8.66528e-17
1.13016e-17
-2.5882e-16
4.30502e-17
-5.17975e-16
1.2088e-16
-3.98825e-16
2.2508e-16
-2.19142e-16
1.56696e-16
1.12229e-13
-6.24e-12
-2.40012e-22
8.98749e-24
-1.28643e-20
1.0004e-21
-2.18562e-19
2.28853e-20
-1.88082e-18
2.41245e-19
-1.00375e-17
1.54003e-18
-3.77564e-17
6.8193e-18
-1.09665e-16
2.30815e-17
-2.50091e-16
6.36618e-17
-4.03777e-16
1.41067e-16
-4.09056e-16
2.19131e-16
-5.26843e-16
2.06392e-16
2.67129e-12
-3.38418e-11
-2.10383e-21
1.72872e-22
-6.40543e-20
9.40679e-21
-7.00417e-19
1.22194e-19
-4.23835e-18
8.2213e-19
-1.68382e-17
3.65462e-18
-4.8409e-17
1.1908e-17
-1.09207e-16
3.08273e-17
-2.03211e-16
6.78375e-17
-3.01347e-16
1.2936e-16
-3.62899e-16
1.96304e-16
-4.81996e-16
2.31936e-16
4.09656e-13
-1.6689e-11
-7.79676e-21
1.15813e-21
-1.5939e-19
3.6028e-20
-1.29745e-18
3.15834e-19
-6.25373e-18
1.57e-18
-2.07669e-17
5.49456e-18
-5.08599e-17
1.45287e-17
-9.67138e-17
3.11564e-17
-1.50627e-16
5.85469e-17
-1.75584e-16
1.00785e-16
-1.42451e-16
1.33691e-16
-1.18758e-13
5.08596e-15
-5.35016e-14
-3.0378e-13
-1.55787e-20
3.66857e-21
-2.30855e-19
7.26482e-20
-1.492e-18
4.66651e-19
-6.11241e-18
1.84615e-18
-1.82875e-17
5.50644e-18
-4.17074e-17
1.25497e-17
-7.42671e-17
2.30193e-17
-1.11143e-16
3.88746e-17
-1.56046e-16
7.14563e-17
-2.19653e-17
1.38912e-16
-7.60506e-15
6.21382e-16
1.16069e-16
-2.13619e-15
-1.99797e-20
9.80504e-21
-1.99546e-19
9.15758e-20
-9.93645e-19
4.03789e-19
-3.43167e-18
1.26847e-18
-9.46435e-18
3.37928e-18
-2.10866e-17
6.86514e-18
-3.67791e-17
1.02075e-17
-4.85629e-17
1.3393e-17
-5.21785e-17
2.63392e-17
-8.52945e-17
6.51573e-17
-1.18207e-17
2.44384e-16
1.02018e-16
4.71695e-18
-5.81337e-19
9.75005e-19
-1.61228e-18
2.50323e-18
-2.53071e-18
3.12472e-18
-2.81383e-18
3.41745e-18
-1.91593e-18
3.75522e-18
-3.76135e-18
2.02474e-18
-6.04644e-18
1.84568e-18
-4.60143e-18
-2.10837e-19
5.51909e-18
6.53078e-19
2.50899e-17
1.731e-17
6.42165e-17
5.28602e-17
6.41605e-17
8.92576e-17
-1.07007e-18
3.80938e-18
-1.00471e-18
3.99242e-18
-2.1431e-19
1.61897e-18
1.40425e-20
3.24654e-18
1.30953e-19
3.58077e-18
1.54979e-19
2.05825e-18
2.56984e-19
1.68614e-18
1.7084e-17
-3.16084e-17
4.50813e-17
-5.79196e-17
3.42249e-17
2.00393e-18
5.78571e-17
1.40689e-17
1.93986e-17
9.97285e-17
-1.49461e-22
2.00313e-18
-1.16958e-22
3.99238e-18
7.36104e-20
1.54524e-18
1.06756e-08
7.43133e-11
8.79089e-08
-1.73957e-10
2.11015e-07
8.05408e-08
3.3889e-07
2.4231e-08
3.58448e-07
-4.32099e-07
4.1613e-08
-3.29612e-07
1.19983e-09
5.48995e-09
1.95333e-18
1.19983e-09
1.7208e-17
1.97381e-18
-2.41941e-10
2.41941e-10
1.9951e-09
1.02013e-07
1.04879e-08
2.54697e-09
4.71687e-09
1.39613e-08
2.14979e-08
-9.36674e-09
2.51607e-06
-1.22018e-07
2.87166e-06
-2.3092e-07
2.74399e-06
-3.06359e-07
2.5915e-06
-1.78153e-07
1.59084e-06
6.64063e-08
4.1149e-07
1.31947e-07
3.32285e-08
-1.51733e-09
-2.946e-17
4.03243e-18
-3.8345e-17
8.96577e-18
-1.0695e-13
1.06892e-13
-8.51931e-13
3.40532e-15
-8.6836e-13
-3.24094e-13
-1.08778e-14
-1.2583e-16
-7.7008e-15
-3.19454e-15
-3.50119e-15
-4.19898e-15
-2.34071e-15
-1.01719e-15
-4.22178e-18
-1.03388e-17
-4.3895e-21
-2.85184e-18
-7.60238e-20
-9.1201e-13
9.11858e-13
-1.57488e-11
9.28198e-13
-5.86664e-11
8.68245e-12
-2.28969e-11
8.41044e-13
-3.39393e-14
-1.60584e-17
-3.41845e-14
-4.54939e-17
-1.2313e-13
-4.55865e-15
-6.49413e-14
-4.41823e-13
-3.01199e-16
-8.35162e-13
-9.35535e-18
-3.04383e-16
-2.74449e-19
-1.50282e-17
-1.4916e-18
-8.78683e-11
2.43563e-11
-1.10494e-10
2.38887e-11
-1.11534e-10
9.38684e-12
-3.22257e-16
7.3457e-13
-3.79997e-16
-6.67686e-17
-3.85829e-16
-2.13171e-16
-4.98338e-15
-1.45854e-16
-3.74629e-12
-6.48743e-13
-8.56602e-12
-1.2031e-11
-1.68987e-12
-9.12999e-12
-1.0942e-14
-8.0062e-14
-1.10164e-14
-8.37404e-11
2.02107e-11
-8.38526e-11
2.36331e-11
-7.35378e-13
2.2929e-12
-8.23784e-16
9.33305e-18
-1.12459e-15
-1.48662e-16
-4.72406e-16
-5.37952e-16
-5.03205e-16
-3.28685e-16
-2.87283e-12
-1.95143e-16
-1.08551e-11
-4.04748e-12
-1.60703e-11
-2.08163e-11
-9.23439e-13
1.37633e-12
-2.28993e-12
-4.82484e-11
7.1045e-13
-2.71397e-11
1.82687e-12
-1.33935e-15
4.26856e-14
-1.37029e-15
1.6913e-17
-1.98859e-15
-4.34556e-17
-1.26902e-15
-3.03925e-16
-1.4712e-16
-2.74999e-16
-1.93434e-16
-1.11547e-16
-4.0471e-12
-1.86739e-16
-1.12029e-11
-3.55325e-11
-8.73801e-12
-2.16616e-11
-2.07136e-11
-3.09131e-13
2.18765e-15
-4.28242e-14
1.0375e-16
-1.92497e-16
6.36343e-17
-3.13063e-16
2.83938e-17
-4.43868e-16
-1.07697e-17
-4.25518e-16
-2.97892e-17
-1.22652e-16
-3.90035e-17
-6.07445e-17
-8.78309e-17
1.38748e-13
-1.39002e-13
-2.20538e-11
-1.20126e-10
-6.67683e-12
-2.02407e-10
-3.58365e-12
-7.44389e-17
1.22395e-16
-6.44186e-17
9.14536e-17
-5.54021e-17
5.31744e-17
-4.92172e-17
1.99773e-17
-3.98792e-17
-5.03587e-18
-3.19826e-17
-2.95982e-17
-5.42299e-17
-2.70272e-17
-7.37036e-17
-8.34768e-17
-2.35661e-12
-9.49112e-14
-7.49712e-11
-9.08426e-11
-1.26529e-12
-2.44625e-10
-4.84895e-12
1.27657e-17
1.15915e-16
1.44659e-17
8.65083e-17
1.59882e-17
4.52779e-17
1.43876e-17
1.49296e-17
8.99251e-18
-4.22183e-18
4.08593e-18
-1.82198e-17
-5.31873e-18
-2.5159e-17
-2.40456e-17
-6.90544e-17
-9.30415e-14
-1.62914e-15
-3.28324e-11
-4.71914e-13
-1.50556e-11
-2.7173e-10
-2.37529e-11
1.01709e-16
8.73852e-17
9.95995e-17
7.46446e-17
9.79232e-17
3.37979e-17
9.1679e-17
6.31487e-18
7.55844e-17
-6.36912e-18
5.07855e-17
-1.60654e-17
2.79217e-17
-2.4532e-17
3.19033e-17
-2.76849e-17
2.36107e-16
-1.19614e-15
-3.90263e-13
-8.12846e-14
-2.5099e-12
-2.02742e-14
-1.4314e-10
1.25216e-16
4.9174e-17
1.30159e-16
5.3064e-17
1.39791e-16
1.36759e-17
1.47706e-16
-7.78026e-18
1.41913e-16
-1.38088e-17
1.16833e-16
-1.07859e-17
7.99848e-17
-1.26822e-17
4.39317e-17
-2.54471e-17
1.17755e-14
-1.06012e-16
3.83949e-14
-1.0583e-13
4.5869e-15
-1.15551e-14
-1.38456e-10
2.08861e-17
5.03015e-18
1.75602e-17
1.00329e-16
1.53648e-17
3.23665e-19
1.56525e-16
7.44564e-16
2.11321e-16
-1.39969e-16
1.54393e-16
-1.12508e-16
1.02929e-16
-2.92506e-18
1.03211e-16
-5.59548e-17
2.13497e-16
-7.45249e-16
1.59174e-13
-1.05466e-15
9.36579e-13
-7.62485e-13
-2.86392e-11
8.80644e-09
2.4422e-08
2.22041e-07
2.26431e-07
1.15514e-06
6.18527e-08
1.03958e-06
-3.49152e-07
4.90374e-08
-1.71422e-07
1.50267e-15
-7.35785e-11
8.22157e-17
1.37631e-18
8.06305e-16
1.45781e-18
8.01019e-15
-1.78456e-14
1.43345e-14
-1.65449e-14
2.96819e-12
-1.07204e-14
-8.72396e-15
2.49881e-31
-1.40245e-29
1.38398e-28
-5.10753e-28
1.86259e-27
1.88148e-28
2.67722e-27
2.74901e-27
-5.53954e-28
3.80038e-27
-1.0446e-25
1.81847e-27
-1.51296e-23
1.21961e-25
-4.51594e-22
1.16201e-23
-3.01714e-21
2.66836e-22
-9.87245e-21
1.44092e-21
-2.2986e-20
3.85761e-21
7.27896e-21
-4.3642e-20
-2.17449e-27
7.96563e-30
-5.35841e-26
1.56477e-27
-3.26341e-25
3.89249e-26
-1.89416e-24
2.37645e-25
-7.88676e-23
1.38634e-24
-1.53262e-21
5.71266e-23
-9.40132e-21
1.06634e-21
-2.98599e-20
6.06315e-21
-7.06513e-20
1.73694e-20
-1.38808e-19
3.62478e-20
-2.38823e-19
6.13494e-20
8.81937e-20
-3.70449e-19
-2.37262e-26
3.75523e-28
-1.04492e-24
7.26696e-26
-1.86769e-23
1.28967e-24
-3.1997e-22
1.56381e-23
-3.06848e-21
2.31341e-22
-1.35661e-20
2.16353e-21
-4.02182e-20
9.67992e-21
-9.28043e-20
2.86315e-20
-1.81674e-19
6.36487e-20
-3.15128e-19
1.15378e-19
-4.96093e-19
1.78076e-19
2.38952e-19
-7.18623e-19
-9.26109e-25
3.53647e-26
-3.55116e-23
2.94166e-24
-4.68916e-22
4.8087e-23
-3.10235e-21
4.0515e-22
-1.21881e-20
2.18004e-21
-3.44059e-20
8.26266e-21
-7.76669e-20
2.46588e-20
-1.50549e-19
5.97313e-20
-2.61895e-19
1.20126e-19
-4.18075e-19
2.05437e-19
-6.18764e-19
3.04297e-19
3.94391e-19
-8.53461e-19
-1.7082e-23
1.48384e-24
-3.43338e-22
6.08061e-23
-2.35055e-21
5.03717e-22
-9.14741e-21
2.06192e-21
-2.52308e-20
6.05931e-21
-5.52476e-20
1.55254e-20
-1.03092e-19
3.70951e-20
-1.72753e-19
8.09652e-20
-2.69286e-19
1.56218e-19
-3.96758e-19
2.62622e-19
-5.53599e-19
3.84274e-19
4.90508e-19
-7.29065e-19
-9.44446e-23
1.70914e-23
-1.16429e-21
3.63304e-22
-5.55163e-21
1.82625e-21
-1.63826e-20
4.92162e-21
-3.63064e-20
1.00479e-20
-6.63215e-20
1.91522e-20
-1.0553e-19
3.83502e-20
-1.527e-19
7.88566e-20
-2.08935e-19
1.52846e-19
-2.77692e-19
2.63046e-19
-3.60341e-19
3.92443e-19
5.03966e-19
-4.50628e-19
-2.43139e-22
7.59262e-23
-2.15396e-21
1.00133e-21
-8.09352e-21
3.63363e-21
-1.97611e-20
7.36503e-21
-3.74278e-20
1.12898e-20
-5.95073e-20
1.61547e-20
-8.22447e-20
2.68739e-20
-1.00546e-19
5.41158e-20
-1.11672e-19
1.12467e-19
-1.19097e-19
2.10608e-19
-1.31006e-19
3.36652e-19
4.51986e-19
-1.52524e-19
-3.42559e-22
1.63859e-22
-2.27996e-21
1.51184e-21
-6.85939e-21
4.25502e-21
-1.3738e-20
6.75926e-21
-2.08822e-20
7.67684e-21
-3.23538e-20
7.14924e-21
-3.79267e-20
9.92461e-21
-3.31278e-20
2.15417e-20
-9.84683e-21
5.72991e-20
2.42152e-20
1.32956e-19
6.37285e-20
2.41584e-19
3.55273e-19
9.55352e-20
-4.43092e-20
1.04526e-20
-7.40819e-19
2.13218e-19
-4.65535e-18
1.68934e-18
-3.47861e-20
5.89368e-18
-4.48854e-17
4.75834e-17
-1.60279e-17
7.22009e-15
1.58397e-17
-6.22053e-19
2.9594e-18
2.52999e-19
4.83632e-19
1.72574e-19
1.59961e-19
9.51996e-20
1.82074e-19
1.44273e-19
2.37238e-19
2.51287e-19
-5.6025e-20
7.2287e-20
-3.46343e-20
3.35445e-19
5.22364e-20
2.62222e-19
1.48671e-16
1.08015e-18
7.59519e-13
2.59116e-13
9.92983e-13
-3.03259e-11
3.79335e-17
9.93023e-13
2.07361e-17
3.67847e-17
3.36871e-19
2.46377e-17
1.9416e-19
3.4245e-20
2.03881e-19
7.02801e-20
1.0243e-19
2.26071e-19
4.08164e-24
7.22781e-20
2.17024e-23
3.35424e-19
4.67149e-23
2.61512e-19
4.81258e-16
-1.3902e-17
9.96965e-10
1.91647e-11
8.61986e-10
-9.69396e-12
6.97206e-10
-4.78914e-10
7.99931e-11
-5.3841e-10
3.7554e-12
5.16695e-13
-3.8988e-15
3.75931e-12
1.82251e-13
7.42365e-14
1.82338e-13
4.16675e-17
2.80868e-11
-1.23095e-17
7.36398e-11
-2.54346e-11
7.05783e-12
-2.42955e-10
2.40484e-16
7.05916e-12
2.52016e-11
-6.03711e-12
7.46343e-10
-2.37621e-11
1.01377e-08
-1.8597e-10
1.07105e-08
-6.49851e-13
3.55545e-09
6.89599e-10
3.37762e-10
6.1581e-11
1.43472e-13
3.37919e-10
3.86058e-12
1.41886e-12
-7.21176e-20
1.08604e-20
-1.07331e-19
1.32574e-20
-1.4671e-19
1.287e-20
-1.86686e-19
8.48335e-21
-2.20088e-19
-3.68771e-21
-2.18328e-19
-4.24879e-20
-1.82274e-19
-7.85441e-20
-1.21946e-19
-1.02917e-19
-5.70271e-20
-1.05591e-19
-1.21373e-20
-8.00669e-20
-3.84025e-23
-3.42526e-20
-9.16133e-22
-5.26448e-19
1.09213e-19
-6.91132e-19
1.14778e-19
-8.40962e-19
9.55435e-20
-9.47785e-19
4.57246e-20
-9.80613e-19
-4.14475e-20
-9.332e-19
-1.60126e-19
-8.00507e-19
-2.81363e-19
-5.93038e-19
-3.81184e-19
-3.4478e-19
-4.2604e-19
-1.21282e-19
-3.76238e-19
-4.80755e-21
-2.16053e-19
-2.45892e-20
-9.65608e-19
2.79539e-19
-1.20926e-18
2.79559e-19
-1.41511e-18
2.22796e-19
-1.54878e-18
1.03158e-19
-1.59306e-18
-6.95925e-20
-1.55071e-18
-2.721e-19
-1.40757e-18
-4.93535e-19
-1.14673e-18
-7.1378e-19
-7.7109e-19
-8.80326e-19
-3.47116e-19
-8.89498e-19
-3.80299e-20
-6.23267e-19
-1.3423e-19
-1.1013e-18
4.4708e-19
-1.33534e-18
4.35711e-19
-1.52963e-18
3.4429e-19
-1.66465e-18
1.72039e-19
-1.73708e-18
-5.65157e-20
-1.76873e-18
-2.95209e-19
-1.73283e-18
-5.83227e-19
-1.57117e-18
-9.33878e-19
-1.21353e-18
-1.3089e-18
-6.6041e-19
-1.53445e-18
-1.24528e-19
-1.2748e-18
-3.88219e-19
-9.04833e-19
5.45362e-19
-1.06268e-18
5.21824e-19
-1.19382e-18
4.12219e-19
-1.30227e-18
2.26977e-19
-1.39095e-18
-1.22877e-20
-1.50859e-18
-2.15509e-19
-1.63651e-18
-4.91594e-19
-1.69692e-18
-9.16891e-19
-1.5342e-18
-1.53648e-18
-1.0002e-18
-2.16931e-18
-2.67098e-19
-2.13973e-18
-8.13659e-19
-5.34293e-19
5.54604e-19
-5.97448e-19
5.17927e-19
-6.40077e-19
3.9919e-19
-6.85295e-19
2.29392e-19
-7.65863e-19
3.58704e-20
-9.1099e-19
-9.5364e-20
-1.14788e-18
-2.77223e-19
-1.43823e-18
-6.61545e-19
-1.59247e-18
-1.46046e-18
-1.26033e-18
-2.65525e-18
-4.30459e-19
-3.15888e-18
-1.40619e-18
-1.7838e-19
5.05289e-19
-1.94587e-19
4.63319e-19
-1.91358e-19
3.36362e-19
-1.83885e-19
1.78649e-19
-2.22703e-19
4.79394e-20
-3.16195e-19
-1.81851e-20
-5.20115e-19
-8.72594e-20
-8.91871e-19
-3.25664e-19
-1.32782e-18
-1.15404e-18
-1.32586e-18
-2.97316e-18
-5.5387e-19
-4.31689e-18
-2.13052e-18
1.04461e-19
4.24058e-19
8.53983e-20
4.06377e-19
4.75493e-20
2.99209e-19
9.95356e-21
1.46811e-19
-5.18372e-21
2.73796e-20
-2.38058e-20
-8.50584e-21
-8.8348e-20
-3.29588e-20
-3.12048e-19
-1.40216e-19
-7.8874e-19
-8.97635e-19
-1.1001e-18
-3.32893e-18
-5.61439e-19
-5.75484e-18
-2.92899e-18
3.03165e-19
3.143e-19
3.10467e-19
3.29177e-19
2.65506e-19
2.65226e-19
1.81096e-19
1.50942e-19
9.44287e-20
5.00998e-20
4.26267e-20
7.86965e-22
2.4164e-20
-4.22367e-20
2.92251e-20
-1.93718e-19
5.84336e-21
-1.19459e-18
-4.23461e-19
-4.12859e-18
-3.62844e-19
-7.75989e-18
-3.79158e-18
3.63871e-19
1.94249e-19
4.23631e-19
2.38038e-19
4.08276e-19
2.17246e-19
3.35593e-19
1.48797e-19
2.42864e-19
7.1623e-20
1.67609e-19
1.4399e-20
1.24377e-19
-1.24346e-19
2.2082e-19
-6.94614e-19
6.07895e-19
-2.17109e-18
7.83452e-19
-6.1838e-18
2.83482e-19
-1.0798e-17
-4.81264e-18
1.09676e-18
3.72629e-19
6.0607e-19
8.2102e-19
8.29532e-19
2.6621e-18
6.06783e-19
1.8094e-19
4.35148e-19
9.06757e-20
3.20022e-19
2.83454e-20
9.91272e-19
-3.30628e-18
1.96336e-18
-9.29097e-18
3.07398e-18
-6.88407e-18
4.41795e-18
-1.04757e-17
2.98464e-18
-1.46104e-17
-5.05209e-18
4.24407e-12
1.80278e-12
2.87564e-13
7.76216e-13
1.56519e-14
4.17345e-15
3.2032e-19
1.56328e-14
3.17262e-19
4.99182e-20
3.22296e-19
2.43608e-20
7.3447e-17
-6.92328e-17
5.63861e-17
-6.96757e-17
2.21139e-17
-1.06211e-17
2.08497e-17
-1.98301e-17
1.57735e-17
-1.28863e-17
3.99973e-18
-1.88285e-08
1.88285e-08
-7.35374e-08
5.47089e-08
-1.47694e-07
7.41566e-08
-2.23879e-07
7.61848e-08
-2.8736e-07
6.3481e-08
-3.27777e-07
4.04171e-08
-3.426e-07
1.48233e-08
-3.26507e-07
-1.60928e-08
-2.80655e-07
-4.58103e-08
-2.25752e-07
-5.49052e-08
-1.88635e-07
-3.71211e-08
-1.39e-08
-1.74735e-07
-6.89056e-08
8.77341e-08
-2.11188e-07
1.96991e-07
-3.84031e-07
2.47e-07
-5.5242e-07
2.44573e-07
-6.86153e-07
1.97214e-07
-7.63434e-07
1.17747e-07
-7.75205e-07
2.75736e-08
-7.27541e-07
-6.30795e-08
-6.3075e-07
-1.43913e-07
-5.07815e-07
-1.7784e-07
-4.14494e-07
-1.28303e-07
-3.85069e-08
-3.64237e-07
-1.00004e-07
1.87738e-07
-3.08443e-07
4.0543e-07
-5.58225e-07
4.96782e-07
-7.99613e-07
4.85961e-07
-9.88468e-07
3.86069e-07
-1.08834e-06
2.22022e-07
-1.11223e-06
5.22423e-08
-1.05669e-06
-1.19487e-07
-9.4485e-07
-2.62498e-07
-7.78148e-07
-3.44542e-07
-5.41867e-07
-2.62003e-07
-5.54552e-08
-3.71377e-07
-1.18726e-07
3.06464e-07
-3.63072e-07
6.49777e-07
-6.60946e-07
7.94656e-07
-9.5577e-07
7.80785e-07
-1.18457e-06
6.14866e-07
-1.29468e-06
3.32134e-07
-1.34159e-06
9.91537e-08
-1.34108e-06
-1.2e-07
-1.26528e-06
-3.38298e-07
-1.16114e-06
-4.48677e-07
-7.98195e-07
-4.74142e-07
-1.96037e-07
-5.79396e-07
-1.05373e-07
4.11837e-07
-3.29228e-07
8.73632e-07
-6.12487e-07
1.07791e-06
-9.02584e-07
1.07088e-06
-1.05337e-06
7.65648e-07
-9.37824e-07
2.03521e-07
-8.1625e-07
3.67708e-08
-8.50193e-07
-4.78297e-09
-1.02138e-06
-8.48255e-08
-1.15024e-06
-2.39904e-07
-1.05869e-06
-4.88055e-07
-4.83187e-07
-7.0043e-07
-4.93452e-08
4.61182e-07
-1.66128e-07
9.90415e-07
-3.11813e-07
1.2236e-06
-4.44392e-07
1.1827e-06
-1.82196e-07
3.29992e-07
-3.11085e-08
-1.08391e-09
-4.71474e-10
9.33034e-18
-5.25444e-09
-9.43072e-18
-2.70376e-08
-3.33441e-17
-9.90077e-08
-4.5793e-17
-2.7458e-07
-2.63687e-09
-1.35401e-07
-3.52251e-07
1.2122e-08
4.4906e-07
3.07003e-08
9.71837e-07
6.73395e-08
1.18696e-06
1.13981e-07
1.02072e-06
1.08391e-09
1.83368e-07
4.23992e-17
7.48554e-17
1.96393e-17
2.63664e-17
5.05184e-18
4.618e-20
-3.04519e-18
-2.04268e-17
-1.00924e-17
-2.94064e-17
-2.63687e-09
-2.9246e-17
-2.77615e-17
-2.35955e-08
4.94385e-08
3.99622e-07
1.79339e-07
8.41936e-07
3.68361e-07
9.97938e-07
4.80561e-07
8.13619e-07
1.21829e-08
2.95885e-07
1.43373e-16
1.21829e-08
9.43163e-17
5.40846e-17
6.13133e-17
1.62036e-17
3.78741e-17
-7.85706e-18
1.93274e-17
-2.30667e-17
2.94153e-18
-2.35721e-17
-1.98142e-17
-8.88665e-18
4.94351e-08
3.50186e-07
2.33025e-07
6.58346e-07
4.73444e-07
7.57519e-07
7.126e-07
5.74464e-07
4.0229e-07
2.73782e-07
4.60384e-09
1.8475e-07
1.39014e-16
4.60384e-09
1.09771e-16
2.3749e-17
8.32652e-17
1.85966e-18
6.75849e-17
-2.17474e-17
4.57018e-17
-1.08519e-17
-3.9899e-19
1.86078e-17
4.98174e-08
3.00369e-07
2.75263e-07
4.329e-07
5.14998e-07
5.17784e-07
6.97586e-07
3.91876e-07
9.9135e-07
-1.99822e-08
2.81265e-07
5.17807e-07
1.64374e-08
1.03927e-07
1.32928e-16
1.64374e-08
1.0418e-16
8.64931e-18
1.38305e-16
-1.15612e-16
1.04369e-16
-4.85726e-18
1.47383e-17
6.31982e-17
1.46346e-07
1.54023e-07
4.80126e-07
9.91197e-08
7.40482e-07
2.57429e-07
7.79456e-07
3.52901e-07
9.73934e-07
-2.1446e-07
9.15879e-07
5.38796e-07
8.82579e-07
-7.23562e-09
3.70798e-07
-9.8927e-09
1.77652e-07
1.42812e-07
1.67777e-07
-3.812e-07
2.11924e-08
-7.83994e-08
2.11924e-08
1.2022e-16
1.30215e-07
-1.09026e-17
2.40157e-07
-1.52875e-17
5.57126e-07
-5.9026e-18
9.16982e-07
1.05942e-16
1.23969e-06
-8.67948e-19
1.28067e-06
5.4967e-07
1.43782e-06
-1.32127e-07
1.61806e-06
-8.49875e-08
1.53207e-06
2.66222e-07
1.31791e-06
-1.55464e-07
1.07143e-06
-9.51904e-08
4.21085e-07
-7.87892e-08
-1.52477e-07
-2.22578e-08
-1.3328e-07
-1.91975e-08
-1.27977e-07
-5.30274e-09
-1.16109e-07
-1.16802e-08
-9.86394e-08
-1.74791e-08
-8.12055e-08
-1.73703e-08
-6.97294e-08
-1.15162e-08
-6.40142e-08
-5.74291e-09
-5.82145e-08
-5.80192e-09
-4.78221e-08
-1.03924e-08
-1.97428e-08
-2.80792e-08
-1.97427e-08
-3.51267e-07
-1.64681e-08
-3.57133e-07
-1.0796e-08
-3.59779e-07
-1.10304e-08
-3.10612e-07
-7.39245e-08
-2.56694e-07
-7.43272e-08
-2.06887e-07
-6.7177e-08
-1.65344e-07
-5.27321e-08
-1.43832e-07
-2.72383e-08
-1.24857e-07
-2.4777e-08
-1.01762e-07
-3.34874e-08
-4.23859e-08
-8.74552e-08
-6.21293e-08
-3.27324e-07
-6.06629e-08
-2.69166e-07
-6.88124e-08
-3.49372e-07
-7.0949e-08
-3.08738e-07
-1.14559e-07
-2.65376e-07
-1.17689e-07
-2.16573e-07
-1.1598e-07
-1.58826e-07
-1.09521e-07
-1.10829e-07
-6.94247e-08
-1.09658e-07
-2.34781e-08
-1.4145e-07
-3.21315e-09
-6.3243e-08
-1.61802e-07
-1.25372e-07
-4.0903e-07
-2.30873e-07
-3.52055e-07
-1.25943e-07
-4.29517e-07
-2.20125e-07
-3.27288e-07
-2.16788e-07
-2.77287e-07
-1.6769e-07
-2.45184e-07
-1.48083e-07
-2.12298e-07
-1.42407e-07
-1.31519e-07
-1.36987e-07
-4.49112e-08
-1.09532e-07
1.77596e-08
-6.64384e-08
3.638e-08
-1.55331e-07
-6.46296e-08
-5.30149e-07
-4.0301e-07
-3.1607e-07
-4.4475e-07
-2.34566e-07
-3.7724e-07
-1.94758e-07
-2.56596e-07
-1.84522e-07
-1.77926e-07
-1.87702e-07
-1.44903e-07
-1.81991e-07
-1.48118e-07
-1.56265e-07
-1.62712e-07
-1.1633e-07
-1.54522e-07
-4.914e-08
-1.38072e-07
-2.93318e-08
-1.75139e-07
-9.39614e-08
-3.01754e-07
-2.41277e-07
-2.10113e-07
-3.92039e-07
-7.05006e-08
-5.25577e-07
-3.8036e-08
-3.01165e-07
-5.07077e-08
-1.65254e-07
-8.89148e-08
-1.06696e-07
-1.20733e-07
-1.163e-07
-1.28733e-07
-1.54712e-07
-1.11538e-07
-1.71715e-07
-7.06733e-08
-1.78938e-07
-4.57632e-08
-2.19092e-07
-1.46129e-07
-3.90988e-08
-3.58336e-17
-9.53506e-08
-3.42809e-17
-1.35027e-07
-4.70657e-08
-7.88315e-08
-2.05756e-07
-2.06859e-08
-2.08916e-07
-2.85709e-08
-9.8811e-08
-4.72697e-08
-9.76012e-08
-4.21348e-08
-1.59848e-07
-2.26578e-08
-1.9117e-07
1.74979e-08
-2.18755e-07
3.93943e-08
-2.43662e-07
-1.36143e-07
-1.80718e-17
-2.27676e-17
-2.71061e-17
-2.91274e-17
-4.70657e-08
-2.82231e-17
-6.29662e-08
-3.09237e-17
-9.21354e-08
-2.45853e-08
-5.07194e-08
-8.12432e-08
-2.47693e-09
-1.45844e-07
4.16448e-08
-2.0397e-07
4.2256e-08
-1.91782e-07
1.23352e-08
-1.89745e-07
-1.56837e-08
-2.18499e-07
-1.51785e-07
-2.09368e-18
-4.02862e-18
-1.23476e-17
-2.39527e-17
-1.7933e-17
-3.41859e-17
-2.48894e-17
-3.55073e-17
-2.45853e-08
-3.59891e-17
-6.2177e-08
-1.43112e-17
3.76417e-08
-8.71069e-08
1.35127e-07
-2.62176e-07
1.2713e-07
-1.83785e-07
1.3366e-08
-7.6624e-08
-3.03273e-08
-1.77415e-07
-1.81174e-07
3.75675e-17
1.55099e-17
2.37908e-17
-1.48921e-17
7.27714e-18
-3.00359e-17
-6.07314e-18
-3.47207e-17
-8.92635e-18
-4.79801e-17
1.09193e-18
-3.95218e-17
1.44584e-08
-1.81146e-10
1.94645e-07
-8.4873e-08
2.70533e-07
-1.0661e-07
6.30763e-08
1.07803e-07
-2.52838e-08
-9.04358e-08
-2.09737e-07
9.26659e-17
3.72664e-17
3.58202e-09
1.28469e-08
4.33012e-09
-8.45943e-09
2.61796e-09
2.12843e-09
3.66972e-10
-5.14368e-09
2.89533e-17
3.66972e-10
2.20044e-11
-2.03151e-10
2.79287e-08
-2.42739e-09
1.77332e-07
-1.90696e-08
8.26963e-08
3.87597e-08
9.82726e-09
4.32651e-09
-1.9991e-07
5.49075e-07
-5.98878e-08
1.21594e-06
-9.83107e-08
1.08719e-06
8.06188e-08
8.48616e-07
3.76049e-07
7.00322e-07
2.09468e-07
1.35713e-07
-2.6879e-07
1.41745e-10
7.24532e-08
-1.37164e-11
-3.43979e-08
2.45965e-09
1.39733e-08
3.7038e-08
1.3871e-08
2.37574e-07
1.80533e-08
2.91034e-07
6.8446e-07
1.50621e-08
-3.30726e-07
2.18194e-06
5.18988e-10
3.77691e-06
-1.80148e-09
4.49757e-06
-6.21272e-08
4.69511e-06
-1.96181e-07
4.62083e-06
-3.52507e-07
4.53167e-06
-3.69249e-07
4.57568e-06
-2.21173e-07
4.67395e-06
-9.80403e-08
4.30218e-06
-1.88568e-08
2.94427e-06
3.76929e-08
2.11855e-07
2.97015e-06
1.25413e-07
-1.93047e-08
-8.93018e-08
1.13527e-07
6.54413e-10
1.55405e-07
-4.42217e-08
3.44806e-07
-2.50986e-07
3.19882e-06
-2.71612e-07
5.27669e-06
-4.95796e-07
5.39461e-06
-4.87171e-07
5.47884e-06
-3.05404e-07
5.51564e-06
-1.34838e-07
5.47082e-06
2.59631e-08
5.27277e-06
2.35739e-07
3.53898e-07
3.56088e-06
2.07185e-06
-6.00944e-07
-1.58548e-06
2.20251e-06
-2.20452e-08
2.83072e-06
-2.62743e-07
3.32116e-06
-5.30437e-07
3.87132e-06
-7.80598e-07
5.89803e-06
-8.90955e-07
6.12561e-06
-7.14747e-07
6.10798e-06
-4.16114e-07
6.06069e-06
-1.38867e-07
6.07209e-06
1.06684e-07
5.86028e-06
4.47545e-07
5.22238e-07
4.43255e-06
6.25149e-06
-6.16876e-06
-7.52263e-07
6.5744e-06
-3.71034e-07
6.92985e-06
-6.01899e-07
6.98883e-06
-5.89411e-07
6.92472e-06
-7.1649e-07
6.79398e-06
-7.60218e-07
6.72449e-06
-6.4525e-07
6.30031e-06
-4.3043e-07
6.12366e-06
-7.78974e-08
5.99442e-06
3.51605e-07
5.82613e-06
7.36003e-07
5.66956e-06
7.58785e-07
3.62819e-06
3.21657e-07
4.38831e-06
1.91545e-07
4.20975e-06
-2.73026e-08
3.85884e-06
-7.16474e-08
3.54107e-06
5.23232e-08
3.28211e-06
1.09989e-07
1.59022e-06
1.04996e-07
3.07118e-08
-5.32622e-09
8.12118e-09
-3.75994e-08
3.7455e-08
-2.93338e-08
7.08166e-07
4.89337e-08
1.73916e-06
1.76384e-06
3.42163e-06
1.93618e-07
3.95173e-06
1.17917e-07
5.01428e-06
2.29992e-07
4.58032e-06
2.92732e-07
4.17027e-06
3.20214e-07
3.99044e-06
3.06619e-07
3.73448e-06
4.12281e-07
3.00135e-06
4.35548e-07
1.3814e-06
2.10084e-07
3.67777e-07
1.83555e-08
2.21138e-07
2.07792e-07
8.94175e-07
1.1602e-06
3.6558e-06
3.4122e-07
4.3656e-06
2.11349e-07
5.37768e-06
3.65295e-07
5.12815e-06
5.42262e-07
4.86331e-06
5.61359e-07
4.60371e-06
5.7214e-07
4.27624e-06
7.32826e-07
3.98579e-06
7.17759e-07
3.88003e-06
3.05449e-07
3.66707e-06
2.19016e-07
2.53268e-06
6.90443e-07
1.11084e-06
2.01526e-06
5.80804e-06
2.0322e-07
5.94734e-06
1.89585e-07
5.77563e-06
5.37006e-07
5.61039e-06
7.07503e-07
5.43937e-06
7.32376e-07
5.22223e-06
7.89285e-07
5.01832e-06
9.3673e-07
4.87182e-06
8.64265e-07
4.64835e-06
4.24968e-07
4.27207e-06
4.42468e-07
4.0661e-06
7.36846e-07
4.49621e-06
5.11525e-07
9.19715e-07
9.20209e-07
2.61552e-07
2.76855e-07
5.15905e-08
-1.08486e-08
6.20216e-08
-2.72637e-07
3.47472e-07
-1.97514e-07
2.13242e-06
-2.45579e-07
3.61825e-06
-1.91103e-07
3.55139e-06
-2.40889e-07
3.42565e-06
-5.22339e-08
3.45238e-06
3.85548e-08
2.52443e-06
-4.03788e-08
-3.55532e-08
5.9931e-07
2.14036e-06
2.00937e-07
1.61564e-06
3.79212e-07
1.68681e-06
-1.28584e-07
2.16181e-06
-1.10626e-06
1.32878e-06
-1.15441e-06
2.83248e-07
-4.80029e-07
6.65909e-07
-2.0429e-08
3.7771e-06
-1.50747e-11
3.95167e-06
-4.63442e-08
3.82966e-06
1.56769e-07
3.67444e-06
1.11887e-07
-5.66507e-08
2.22766e-06
2.68128e-06
-1.13628e-07
3.53643e-06
2.67411e-07
4.00088e-06
-3.79964e-07
4.03011e-06
-1.00693e-06
3.18929e-06
-6.85721e-07
1.39055e-07
-1.07688e-07
2.30786e-10
-2.46247e-11
2.15711e-10
-9.64299e-18
4.1759e-06
2.19746e-08
4.44523e-06
2.68842e-07
4.15664e-06
3.95008e-07
2.12898e-08
4.0774e-06
4.77544e-06
-1.67406e-09
5.16994e-06
-9.00416e-18
4.0722e-06
-1.22717e-09
1.3217e-06
-5.40974e-09
1.07681e-07
-2.45922e-09
-8.66151e-12
-1.4796e-13
1.64111e-10
-5.11459e-11
3.76574e-16
-3.26779e-18
2.19746e-08
1.63686e-17
7.24667e-07
3.30562e-17
6.91848e-07
-5.86746e-17
4.75837e-07
-9.96522e-16
1.3863e-06
2.91504e-07
3.93274e-06
5.57849e-07
4.03497e-06
3.31474e-07
3.71795e-06
-3.21245e-08
2.38488e-06
-1.47144e-07
4.16487e-11
2.59326e-08
-4.13944e-14
4.16899e-11
8.01171e-14
2.97671e-15
4.30032e-13
-3.49405e-15
1.03418e-13
-1.69803e-14
7.87645e-15
-3.75318e-14
-1.09052e-15
1.91075e-16
2.46058e-06
1.94322e-07
4.05861e-06
3.08774e-07
4.20674e-06
6.19774e-07
3.68439e-06
4.9023e-07
3.57202e-06
-3.47778e-08
6.44584e-07
-1.20434e-07
-2.23131e-13
1.34309e-09
-2.19996e-13
2.64175e-18
4.53314e-13
-6.84263e-15
6.14331e-13
-3.11671e-14
1.85478e-13
-5.78104e-14
-6.2869e-16
3.12146e-16
7.29046e-07
2.06948e-07
9.04376e-07
-3.8922e-08
3.31217e-06
1.18556e-07
3.61489e-06
5.92401e-07
3.55487e-06
2.52354e-08
1.27875e-06
-4.63336e-07
-1.24601e-14
-6.08616e-08
-1.25307e-14
-1.35522e-17
2.11855e-13
-9.74782e-17
6.48095e-13
-4.34383e-17
2.77825e-13
-5.07459e-17
-8.37611e-17
3.96127e-16
2.67408e-07
-1.48577e-10
4.31794e-08
-1.44697e-09
5.67654e-07
-6.00701e-09
2.46687e-06
-1.53006e-08
2.52065e-06
-6.86364e-19
1.82997e-06
-6.23084e-18
2.83302e-16
-6.05937e-17
1.75589e-16
-1.59766e-17
4.39982e-17
-2.95174e-17
3.7258e-17
-4.07145e-17
3.88728e-17
-5.11477e-17
1.1257e-16
-3.61752e-17
1.13029e-16
-1.43228e-17
1.98303e-09
-1.27398e-17
4.76029e-09
-6.0447e-10
3.58507e-09
-7.68723e-10
1.20124e-09
-1.56251e-09
1.42851e-10
-6.01879e-10
2.99298e-11
-5.46515e-11
1.87072e-10
-4.14829e-14
3.14226e-08
1.08897e-09
3.22947e-08
4.35064e-09
5.00396e-09
6.33892e-09
5.00302e-09
1.02116e-12
2.05613e-16
-2.57691e-17
1.12455e-16
-2.12024e-17
1.04704e-08
-7.87417e-13
1.25148e-08
-6.58509e-13
1.29255e-08
-9.51494e-10
5.8539e-09
-1.33361e-09
1.5618e-10
-3.00781e-10
-1.13508e-11
6.76252e-14
5.93597e-10
-4.04942e-13
4.67484e-09
1.36934e-11
6.70198e-08
4.2039e-09
2.73907e-08
4.39783e-08
2.72856e-16
-2.59928e-17
1.68784e-16
-2.3957e-17
1.54808e-16
-7.873e-13
1.78321e-12
-2.44168e-12
1.43297e-08
-2.31078e-11
7.4508e-09
-3.44842e-10
2.83141e-09
-1.9679e-10
-1.22328e-12
4.79754e-12
4.00523e-16
-1.62804e-12
1.36937e-11
3.22046e-17
5.97518e-08
2.91721e-09
1.05559e-08
7.27208e-08
2.13831e-16
-3.92429e-17
1.68815e-16
-4.72011e-17
5.76602e-12
-1.25622e-11
1.72341e-11
-6.50584e-11
1.16299e-11
-7.57851e-11
5.06196e-10
-1.49905e-11
1.36287e-09
-2.3841e-12
1.0317e-09
7.13558e-11
3.85911e-11
8.35938e-12
2.31381e-16
3.85907e-11
2.92068e-09
-3.46813e-12
6.4234e-08
1.29222e-09
1.00849e-12
3.15209e-12
4.95292e-12
2.4497e-12
1.20862e-11
2.6613e-12
4.8673e-12
1.27343e-11
1.02396e-12
2.51208e-13
5.61878e-17
1.02391e-12
1.27127e-14
-7.08939e-15
1.66239e-13
-8.31767e-14
1.05661e-16
1.66011e-13
1.07275e-16
-3.45132e-17
8.34618e-17
-8.12625e-18
7.71354e-17
1.12856e-17
2.29496e-09
6.49239e-09
5.06471e-12
2.01851e-09
1.70206e-11
1.4546e-14
1.36684e-10
1.44801e-11
1.44434e-10
1.38578e-11
1.36767e-11
2.44578e-12
-9.85429e-14
-1.38557e-16
9.61313e-12
-8.84447e-18
7.36808e-11
-1.97364e-11
9.25296e-11
-4.57183e-11
5.60395e-11
-8.62259e-11
-4.58775e-12
1.10218e-13
6.45347e-08
1.85443e-08
-1.77459e-11
9.56207e-09
-1.77308e-11
4.42581e-17
1.01607e-10
-9.6721e-13
1.22481e-10
3.69176e-12
3.96039e-12
-3.13433e-13
2.25795e-16
-2.4898e-13
1.09133e-16
-2.3814e-17
6.4224e-10
-2.95666e-17
6.74672e-10
-6.76084e-11
6.87374e-10
-1.09471e-10
-5.78406e-11
1.75872e-10
6.21861e-08
1.65546e-08
5.97367e-09
5.73647e-09
-1.25402e-12
4.38143e-17
5.5169e-12
2.52152e-17
9.99618e-12
4.16448e-17
7.82592e-12
-2.26188e-17
3.653e-16
-2.81944e-17
2.27912e-16
-1.58866e-17
1.88712e-16
-1.54535e-17
5.27077e-10
-3.31978e-17
8.14065e-10
-2.65757e-17
8.09823e-10
-1.39972e-17
1.04889e-17
-1.01059e-17
1.03283e-17
-1.51269e-17
1.04272e-17
-6.00149e-18
1.09281e-16
7.82699e-18
1.0367e-16
6.18768e-18
6.15082e-07
1.85688e-16
4.25631e-07
1.88477e-17
8.51458e-07
1.80145e-08
1.99877e-06
1.43421e-07
1.76834e-06
3.21829e-08
1.37359e-06
-3.9361e-08
-1.11549e-07
5.40026e-07
1.58199e-16
1.10023e-13
2.33565e-16
-1.9878e-17
2.29066e-16
-5.4284e-18
1.82173e-16
1.09282e-17
1.7055e-16
1.44122e-17
2.72923e-16
5.36702e-17
2.34984e-16
3.04717e-17
1.80145e-08
1.91527e-17
4.85534e-07
6.35022e-17
6.05602e-07
3.80469e-17
3.25816e-07
1.19046e-17
-1.01619e-16
1.59238e-08
4.38003e-16
-1.45268e-11
3.79379e-16
-1.55479e-17
3.26763e-16
-3.00594e-18
2.79602e-16
1.77092e-17
2.31711e-16
2.40686e-17
2.1206e-16
3.87116e-17
1.83286e-16
3.01148e-17
1.75191e-16
2.80263e-17
2.04229e-16
4.06312e-17
2.02936e-16
4.07406e-17
1.84224e-16
2.53421e-17
2.93871e-18
7.96667e-17
3.78613e-16
-2.99661e-17
2.98483e-16
-7.22755e-18
2.73125e-16
1.82626e-18
2.50989e-16
2.05049e-17
2.2429e-16
2.97963e-17
2.0146e-16
3.93131e-17
1.77172e-16
3.36596e-17
1.25947e-16
7.92516e-17
1.21438e-16
4.51406e-17
1.18944e-16
4.32339e-17
1.16229e-16
2.80579e-17
1.10533e-16
8.63458e-18
3.41037e-07
-1.59238e-08
1.04834e-06
-2.23018e-17
3.24709e-06
-5.19461e-08
2.98691e-06
6.36239e-07
2.89008e-06
3.06295e-07
2.73018e-06
-1.08892e-07
1.48062e-06
4.46143e-07
3.43937e-07
4.16839e-08
1.80969e-07
-3.1815e-07
1.27709e-07
1.49778e-07
1.03808e-07
2.19702e-09
-5.0742e-10
1.07572e-16
-1.30305e-17
8.95069e-17
-2.55823e-17
1.64903e-06
-1.53959e-08
3.11315e-06
3.46343e-07
3.20964e-06
2.09806e-07
3.21329e-06
-9.81452e-08
3.28056e-06
3.86837e-07
3.41856e-06
-7.37033e-08
3.49881e-06
-3.80812e-07
2.71362e-06
1.88506e-07
6.53049e-08
-2.57855e-08
3.15151e-09
6.85621e-17
-1.92582e-18
2.03691e-09
-2.03691e-09
2.23798e-07
2.10006e-09
1.54251e-06
-3.62796e-08
1.97204e-06
-1.06839e-07
1.8735e-06
-9.04581e-08
2.2047e-06
-7.33561e-09
3.3023e-06
-2.74351e-07
4.69087e-06
-4.87944e-07
4.65302e-06
-1.29022e-07
1.67097e-06
-1.03403e-07
-6.22982e-08
1.05191e-16
3.41633e-18
4.05607e-08
-3.21543e-08
3.09968e-07
-5.52478e-08
1.38714e-06
-7.09181e-07
2.32073e-06
-7.58355e-07
2.90605e-06
-4.39836e-07
3.89134e-06
-3.64534e-07
4.30485e-06
-9.00807e-07
4.51903e-06
-1.02939e-06
4.50997e-06
-3.37724e-07
5.62416e-06
-9.29146e-09
2.43755e-07
-2.05785e-06
-1.06224e-06
2.85087e-06
-1.91251e-06
-2.43835e-07
-2.07982e-06
-2.91388e-07
-2.30951e-06
-2.95079e-07
-2.51755e-06
-4.83878e-07
-2.6888e-06
-5.87003e-07
-2.81784e-06
-5.2236e-07
-3.03836e-06
-2.149e-07
-3.35317e-06
2.41872e-07
-3.51436e-06
5.38568e-07
-3.07931e-06
5.24514e-07
2.1013e-07
-2.49123e-06
-5.08567e-07
-1.76818e-17
1.2301e-06
-3.99627e-07
-3.60002e-11
-5.61435e-07
-8.53531e-12
-7.30023e-07
-3.02686e-18
-1.1504e-06
-3.25193e-17
-1.62668e-06
-3.46072e-08
-1.98286e-06
-6.94488e-08
-2.07431e-06
8.17221e-09
-1.70798e-06
3.38661e-08
-9.83161e-07
6.49676e-09
-3.55017e-07
9.19398e-17
1.07156e-16
-1.0207e-07
-2.22983e-17
-5.87565e-18
1.99809e-17
-2.36821e-17
-3.6e-11
-2.6108e-17
-8.5353e-12
-2.85319e-17
-6.03371e-19
-5.76918e-17
-3.35255e-18
-3.46072e-08
-3.41595e-18
-8.65416e-08
-3.96723e-17
-5.46338e-08
-2.36249e-18
-6.49676e-09
1.80797e-17
-2.57395e-16
7.37309e-17
-2.77875e-16
7.78377e-17
3.61384e-17
-2.22276e-16
-1.11795e-10
1.11795e-10
-8.75132e-19
-7.88748e-11
-8.35345e-11
-3.51987e-17
2.3436e-11
-3.76265e-17
1.83337e-18
-3.91944e-17
1.55429e-19
-4.23848e-17
-2.35243e-19
-8.47362e-17
2.66993e-18
-1.03212e-16
1.64101e-17
-1.33009e-16
3.33256e-17
-1.49605e-16
5.11609e-17
-1.57933e-16
4.97704e-17
-1.71737e-16
3.30895e-17
-2.33688e-06
2.73002e-09
-2.33553e-06
5.5831e-08
-2.34965e-06
1.11419e-07
-2.41356e-06
1.58527e-07
-2.54438e-06
1.92331e-07
-2.69219e-06
2.4525e-07
-2.73007e-06
3.02529e-07
-2.74126e-06
2.67876e-07
-2.12195e-06
1.56579e-07
-1.14388e-06
-4.50375e-09
-3.02377e-07
3.33168e-09
-1.3915e-08
-2.38834e-10
-1.11519e-07
-6.20706e-17
-8.4951e-08
-1.58095e-17
-8.69775e-08
-1.10197e-15
-1.02626e-07
-3.8561e-14
-1.4018e-07
-6.41763e-14
-1.9116e-07
-5.20901e-14
-2.30854e-07
1.40143e-16
-2.37203e-07
-4.47233e-09
-9.76843e-08
-1.73128e-08
-4.4937e-08
-7.49919e-10
-3.24439e-08
-4.91712e-09
-2.54329e-08
-1.38123e-08
-2.16919e-16
-8.41412e-17
-2.25484e-16
-1.84309e-17
-2.44237e-16
-1.0941e-15
-2.61405e-16
-3.85522e-14
-2.80521e-16
-6.41668e-14
-2.97322e-16
-5.20831e-14
-2.83985e-16
1.15963e-16
-4.43696e-09
-3.53652e-11
-3.1776e-08
-8.65282e-10
-3.40741e-08
1.95459e-09
-2.31261e-08
-3.74139e-10
-3.85135e-15
-1.03108e-08
-1.55338e-16
-1.22574e-16
-6.19362e-17
-1.32824e-16
-8.03122e-14
5.67621e-16
-2.99671e-13
3.7345e-14
-1.97632e-13
1.09921e-13
7.96879e-14
1.54299e-13
-3.43348e-12
3.51327e-12
-8.43442e-10
5.95884e-11
-3.6965e-09
-1.1927e-10
-2.56623e-09
1.85914e-11
-4.37535e-16
-4.43507e-15
-1.24886e-16
-4.97977e-15
-1.0639e-16
-1.9129e-09
-7.87836e-17
-3.92965e-17
-7.31969e-17
-1.22717e-09
-9.68367e-17
-5.40974e-09
-1.67425e-13
-2.45905e-09
-1.79279e-10
2.55187e-14
-1.53838e-16
-1.10611e-15
-1.66185e-16
6.18516e-18
-1.83505e-16
2.52816e-17
-1.97698e-16
4.45068e-17
-3.00353e-16
5.374e-17
7.25482e-17
-4.36192e-16
-5.53098e-10
-6.79656e-10
-5.53099e-10
-5.81044e-17
-3.8901e-09
-1.56584e-09
-5.56571e-09
-5.52858e-09
-4.57991e-10
-2.35767e-09
-9.71298e-15
-4.5803e-10
-7.34339e-14
-2.27044e-16
-1.11679e-16
1.13096e-14
-1.18804e-16
2.41262e-17
-1.22796e-16
5.63172e-17
-1.26922e-16
5.40987e-17
3.08195e-17
-5.51486e-16
-2.20097e-10
-2.32573e-11
-1.80626e-11
-2.88331e-10
-7.5861e-09
-2.11725e-09
-8.91887e-09
-1.39347e-09
-8.87557e-09
-5.20331e-09
-6.36086e-15
-8.33596e-10
-8.39688e-14
2.71653e-17
-2.71558e-13
1.87167e-14
-3.15182e-13
7.90471e-14
-3.73839e-13
1.26736e-13
-5.76734e-14
6.66872e-14
1.50088e-17
-8.02776e-14
-2.32483e-11
-9.27006e-15
-6.83788e-10
-1.33028e-16
-1.37025e-09
-1.23815e-16
-4.65143e-09
-3.10137e-11
-6.99424e-09
-8.34719e-10
-3.77396e-09
-5.87809e-10
-4.28186e-14
1.0734e-11
-1.52901e-13
8.14407e-15
-2.13009e-13
3.9094e-14
-2.5293e-13
4.55068e-14
-1.49063e-17
2.91354e-14
-9.57651e-22
3.73532e-21
-1.47829e-10
-7.47822e-13
7.81836e-13
-1.58584e-11
-6.00623e-09
1.97905e-17
-5.2651e-19
2.6065e-17
-3.39951e-20
-1.16604e-18
-3.34897e-20
-6.24419e-18
-4.6645e-17
-1.39693e-17
-6.61127e-17
-2.60329e-17
-8.46247e-17
-4.79673e-17
-9.09265e-17
-7.2682e-17
-7.95609e-17
-9.36397e-17
-9.02767e-17
-5.87456e-17
-1.00312e-11
3.50413e-13
-5.78976e-17
3.59828e-14
-3.05673e-17
1.85716e-18
-4.87932e-18
-6.88742e-20
-1.00857e-17
-7.87205e-19
-2.08228e-17
-2.96573e-18
-4.20072e-17
-7.72894e-18
-7.62572e-17
-1.73532e-17
-1.22029e-16
-3.52859e-17
-1.59856e-16
-5.99684e-17
-1.73275e-16
-1.0089e-16
-4.78403e-16
-1.07389e-16
-3.59872e-14
-1.23893e-20
-1.17306e-17
-7.27668e-22
-7.66453e-19
-3.88272e-21
-1.57775e-18
-4.15657e-20
-3.74307e-18
-2.55124e-19
-9.80734e-18
-1.12363e-18
-2.47095e-17
-3.90578e-18
-5.51681e-17
-1.15641e-17
-1.05423e-16
-2.94619e-17
-1.92473e-16
-5.88863e-17
-1.00823e-15
-6.95985e-17
-1.07759e-14
-2.02643e-16
-1.31667e-20
-4.40088e-22
-4.60404e-20
-8.98177e-22
-1.23888e-19
-2.51218e-21
-3.80848e-19
-1.27738e-20
-1.35556e-18
-6.92932e-20
-5.05315e-18
-3.53328e-19
-1.72456e-17
-1.66376e-18
-5.03302e-17
-7.15202e-18
-1.15908e-16
-2.79023e-17
-1.5258e-16
-9.35811e-17
-7.91278e-17
-2.39241e-16
-1.7477e-13
-1.70151e-15
-6.61365e-17
-6.57677e-17
-1.90454e-16
-6.17807e-17
-1.1639e-10
-1.50585e-11
-1.24771e-10
-4.98138e-11
-1.12052e-10
-3.99121e-11
-5.99968e-12
-3.00487e-12
-8.38406e-12
1.9887e-17
2.142e-12
-5.87643e-13
-6.87685e-11
4.30554e-12
-1.06671e-09
7.46768e-10
-9.86691e-09
2.54546e-09
2.92077e-10
-1.04512e-08
-1.05011e-16
-1.02173e-16
2.20965e-12
-2.20998e-12
-7.19766e-11
-1.36964e-11
-1.4296e-10
-2.38752e-11
-8.56637e-11
-1.46545e-11
-2.72454e-16
-3.07522e-13
-3.51896e-16
4.01362e-17
-5.33849e-13
-5.42084e-14
-3.81762e-10
6.19936e-11
-7.93331e-10
8.98317e-12
-2.92037e-10
-2.41585e-14
-7.1033e-15
-5.50459e-15
7.2804e-14
-7.29516e-14
-1.16722e-11
-6.25085e-13
-1.18872e-11
-8.33945e-17
-7.46059e-12
-1.72302e-16
-5.73646e-12
-6.99774e-14
-5.24124e-12
-3.36935e-14
-6.71063e-14
4.40791e-13
-1.55627e-11
1.16065e-12
-8.98538e-12
2.06121e-13
-1.76617e-14
-1.64032e-15
-2.02125e-14
-6.07596e-15
1.14241e-14
-6.27488e-15
-1.05542e-13
-1.87744e-18
-2.44137e-17
-3.76871e-16
-2.33718e-17
-1.02331e-16
-3.23456e-17
-1.45685e-16
-7.01081e-14
-2.40192e-18
-5.26419e-13
8.72487e-18
-5.58487e-13
1.65597e-17
-2.16903e-13
-5.07332e-16
-1.30455e-14
5.04567e-16
-2.93293e-14
9.86255e-15
-1.26972e-14
1.99339e-14
-4.03062e-19
3.31901e-15
-2.57449e-09
-5.54628e-14
-7.7431e-17
-1.54549e-15
-8.32054e-17
1.33511e-17
-6.61301e-17
2.74276e-18
-2.36421e-17
-6.91198e-18
-1.92249e-17
-2.02964e-17
-1.91094e-17
-3.52709e-17
-1.37348e-17
-4.37744e-17
-1.11609e-17
-4.26239e-17
-1.17571e-17
-3.32592e-17
-1.37494e-17
-2.39274e-17
-1.33634e-17
-1.50397e-17
-3.14146e-15
-6.88308e-15
-4.26504e-14
-1.48842e-14
-2.30228e-17
2.06347e-15
-3.27035e-17
-2.91747e-18
-3.52116e-17
-1.12587e-17
-3.57604e-17
-2.46577e-17
-3.46592e-17
-3.91276e-17
-3.26258e-17
-4.70485e-17
-3.1752e-17
-4.44014e-17
-3.32533e-17
-3.31779e-17
-3.83747e-17
-2.05202e-17
-8.31244e-18
-4.4273e-17
-1.68314e-13
-8.5548e-20
-1.09252e-17
-3.32024e-20
-1.59793e-17
-1.10228e-18
-2.12986e-17
-4.17691e-18
-2.73266e-17
-1.15979e-17
-3.31014e-17
-2.3945e-17
-3.75357e-17
-3.78899e-17
-3.98732e-17
-4.62678e-17
-4.17224e-17
-4.32276e-17
-4.58538e-17
-2.93995e-17
-5.37142e-17
-1.24414e-17
1.73429e-18
-6.19907e-17
-2.69704e-19
-3.19158e-19
-5.3251e-18
-5.29703e-19
-9.06241e-18
-1.20365e-18
-1.4965e-17
-3.5333e-18
-2.30547e-17
-9.35516e-18
-3.24392e-17
-1.97728e-17
-4.11293e-17
-3.28678e-17
-4.6914e-17
-4.23961e-17
-4.99159e-17
-4.05278e-17
-5.33424e-17
-2.47239e-17
-5.94184e-17
-2.78573e-18
-7.6374e-17
1.32205e-17
-3.35754e-17
-1.07454e-17
-4.09553e-17
-2.31033e-18
-4.99071e-17
7.39832e-18
-5.59999e-17
1.92794e-17
-6.14305e-17
2.67339e-17
-8.91827e-17
5.8896e-17
-9.75292e-08
9.75292e-08
-3.8252e-07
4.07904e-07
-9.89206e-07
8.36545e-07
-1.65149e-06
9.32474e-07
-2.16856e-06
6.8356e-07
3.62809e-07
-2.50272e-06
-4.81573e-17
-4.81686e-18
-4.95067e-17
3.17454e-18
-5.4661e-17
1.27267e-17
-1.04122e-16
6.8942e-17
-1.76446e-07
1.76446e-07
-8.15233e-07
6.75839e-07
-1.68538e-06
1.13886e-06
-2.19229e-06
1.0603e-06
-2.23571e-06
9.53652e-07
-2.10077e-06
7.97535e-07
-1.97242e-06
5.55211e-07
2.30391e-07
-1.84e-06
-5.36773e-17
2.50463e-18
-8.87637e-17
4.27977e-17
-5.42472e-08
5.42472e-08
-6.58276e-07
3.97997e-07
-1.84663e-06
1.14865e-06
-2.30135e-06
1.1274e-06
-2.13168e-06
9.69189e-07
-1.88997e-06
8.18596e-07
-1.65196e-06
7.15644e-07
-1.45699e-06
6.02558e-07
-1.33811e-06
4.36329e-07
1.70241e-07
-1.27796e-06
-2.85084e-09
2.85084e-09
-1.29558e-07
6.44752e-08
-1.26831e-06
5.11594e-07
-2.23075e-06
1.05542e-06
-2.17427e-06
1.09217e-06
-1.91685e-06
8.69982e-07
-1.62526e-06
6.77606e-07
-1.34426e-06
5.37591e-07
-1.09224e-06
4.63628e-07
-8.93887e-07
4.04203e-07
-7.74707e-07
3.17149e-07
-8.34618e-07
2.30152e-07
-2.43733e-06
-3.63238e-08
-2.26429e-06
-2.05189e-07
-1.95427e-06
-3.65265e-07
-1.96834e-06
-6.95118e-07
-2.0002e-06
-7.26497e-07
-1.84431e-06
-5.95722e-07
-1.60252e-06
-6.0632e-07
-1.73188e-06
-7.71447e-07
-2.13059e-06
-6.30684e-07
-2.41915e-06
-4.91679e-08
-2.73156e-06
3.0312e-07
3.63062e-07
-1.58459e-06
-2.91736e-07
-1.38151e-06
-4.08275e-07
-1.2418e-06
-5.04969e-07
-1.27789e-06
-6.59028e-07
-1.32622e-06
-6.78166e-07
-1.31571e-06
-6.06239e-07
-1.34199e-06
-5.80035e-07
-1.55636e-06
-5.57077e-07
-1.8672e-06
-3.19844e-07
-2.06159e-06
1.45217e-07
-2.23297e-06
4.74501e-07
1.56324e-07
-1.07266e-06
-4.97029e-07
-9.33103e-07
-5.47834e-07
-8.86721e-07
-5.51351e-07
-9.45675e-07
-6.00074e-07
-1.02805e-06
-5.95794e-07
-1.09548e-06
-5.38811e-07
-1.18571e-06
-4.89805e-07
-1.33427e-06
-4.08511e-07
-1.47081e-06
-1.83301e-07
-1.48602e-06
1.60421e-07
-1.10509e-06
4.11498e-07
2.08724e-08
-6.8865e-07
-6.42997e-07
-6.54106e-07
-5.82378e-07
-6.79322e-07
-5.26135e-07
-7.62009e-07
-5.17387e-07
-8.62229e-07
-4.95574e-07
-9.49841e-07
-4.51198e-07
-1.02811e-06
-4.11539e-07
-1.08657e-06
-3.50046e-07
-1.06044e-06
-2.09435e-07
-8.68553e-07
-3.14646e-08
-2.45726e-07
3.41999e-08
3.41212e-08
-7.42071e-10
2.08062e-18
7.42071e-10
-6.88809e-10
2.20596e-10
-3.24543e-17
1.11768e-10
-3.46722e-17
4.03962e-18
-3.34167e-17
3.04722e-18
-3.57921e-17
1.66512e-18
-4.21417e-17
4.3122e-18
-4.6258e-17
1.10863e-17
-4.69712e-17
1.83882e-17
-4.01689e-17
2.03569e-17
-2.28559e-17
8.53403e-18
-2.5438e-19
-1.46415e-11
2.59492e-18
1.46415e-11
-6.07482e-11
1.53269e-17
-1.41597e-17
-5.92108e-16
-1.59926e-17
5.90591e-18
-1.68423e-17
2.87786e-18
-1.51548e-17
1.48698e-18
-1.53929e-17
2.29597e-18
-1.49379e-17
4.79816e-18
-1.16209e-17
6.85175e-18
-5.16176e-18
5.1031e-18
-1.69266e-19
-1.42896e-19
-9.38802e-20
-5.90242e-18
2.98615e-18
5.22697e-18
-1.08097e-17
1.68613e-17
-6.21889e-16
1.65414e-17
-1.35517e-17
4.73405e-16
-1.08122e-17
3.25173e-18
-7.99102e-18
1.17969e-18
-5.85451e-18
1.19023e-18
-4.19676e-18
1.94313e-18
-2.24341e-18
2.11673e-18
-3.87215e-19
8.66733e-19
-4.13698e-21
-2.18219e-19
-7.63451e-20
-1.04944e-18
2.85293e-18
1.4762e-18
-1.49826e-18
7.65447e-18
-2.44474e-18
1.68098e-17
-2.91869e-18
4.74271e-16
-6.4952e-18
6.1516e-18
-5.48054e-18
7.40708e-19
-3.19263e-18
5.38647e-19
-1.49795e-18
9.87145e-19
-4.21941e-19
7.93471e-19
1.29044e-21
5.20167e-20
5.82397e-20
-1.97892e-19
-4.97429e-20
-1.30563e-18
2.54088e-18
1.31483e-18
-1.80636e-17
2.3546e-17
-1.05644e-12
3.10247e-12
-1.21293e-12
4.80863e-12
-4.27623e-18
2.14542e-12
-3.07766e-18
3.68642e-19
-1.55278e-18
-1.60794e-19
-4.52558e-19
3.04721e-19
6.49642e-20
2.50224e-19
2.22399e-19
-1.11666e-19
6.04678e-20
-1.29141e-19
-2.22906e-20
-4.55892e-14
7.73967e-08
8.0415e-08
-4.55699e-14
4.92456e-18
-4.97375e-13
2.86764e-12
-9.2707e-13
5.39006e-12
-1.98393e-18
1.40635e-12
-8.32623e-19
1.02786e-19
-1.95613e-19
-1.20358e-18
2.91569e-19
-1.66378e-19
4.30582e-19
-4.85886e-20
2.25413e-19
-1.05493e-19
4.0575e-20
-5.86429e-20
-6.99101e-21
-2.6066e-14
4.27597e-08
2.80314e-07
-2.6065e-14
3.97376e-18
1.71746e-13
6.72963e-15
3.10821e-13
1.98646e-12
1.27536e-14
-7.53717e-14
1.37558e-16
-5.61567e-20
1.94022e-18
-7.24721e-19
7.80454e-19
-2.70309e-19
4.32688e-19
-8.80336e-20
1.46222e-19
-5.28522e-20
1.91995e-20
-1.7902e-20
-1.48678e-21
-1.17931e-18
-1.16455e-07
4.67481e-07
9.53085e-21
2.7945e-18
6.6945e-15
2.37467e-17
7.53961e-14
1.43989e-17
5.50025e-18
7.54247e-18
2.70032e-18
-9.50586e-20
1.58611e-18
-5.34776e-19
7.77495e-19
-1.85449e-19
2.8949e-19
-4.6734e-20
6.73046e-20
-1.54086e-20
6.38857e-21
-3.2709e-21
-1.98371e-22
-1.81939e-07
-2.55512e-07
5.36491e-07
-1.9533e-17
1.12207e-07
2.5435e-19
3.95479e-18
3.00746e-18
9.65887e-18
4.05472e-18
3.19544e-18
2.86837e-18
-6.88872e-20
1.48902e-18
-2.58111e-19
5.44443e-19
-6.62011e-20
1.36317e-19
-1.12328e-20
2.09048e-20
-2.11497e-21
1.36341e-21
-2.90256e-22
-1.40209e-23
-3.95517e-07
-2.74583e-07
5.1926e-07
-1.12143e-18
1.72496e-08
-2.05947e-20
2.85857e-18
1.35396e-18
3.03866e-18
3.89443e-18
1.79414e-18
2.52762e-18
-2.18278e-20
9.71599e-19
-5.34137e-20
2.41164e-19
-7.93453e-21
3.7659e-20
-7.33815e-22
3.47706e-21
-7.46227e-23
1.55035e-22
-7.39084e-24
-3.32626e-25
-5.02143e-07
-1.68965e-07
4.195e-07
-1.71491e-18
-6.10517e-08
-3.77758e-19
1.51966e-18
6.2237e-19
7.84595e-19
2.52702e-18
5.03527e-19
1.18276e-18
-1.07406e-21
3.0297e-19
-7.49411e-22
4.24843e-20
-3.05641e-23
3.40605e-21
-8.34951e-25
1.68667e-22
-6.95995e-26
5.64759e-24
-1.74858e-26
-1.01885e-27
-3.66827e-07
1.97861e-07
-1.52457e-07
-5.00495e-19
2.841e-19
5.08453e-19
8.95091e-20
7.0435e-21
2.72683e-22
5.92718e-24
2.25773e-25
2.00064e-26
-2.5621e-16
-3.93371e-18
-3.09122e-16
-6.23356e-18
-8.76104e-15
-3.75106e-19
-2.70684e-15
2.14425e-17
1.76301e-13
1.65569e-15
-2.74324e-12
2.22001e-13
-3.4065e-11
1.40104e-11
-4.56046e-11
1.20024e-12
-1.85914e-11
9.22155e-13
-2.23949e-17
5.19451e-18
-4.46455e-15
-4.90739e-18
-1.62522e-16
-1.09207e-14
-7.79723e-18
-9.66295e-19
-2.75546e-17
-3.11644e-18
-3.85073e-17
1.10381e-18
-4.64843e-17
1.51536e-17
1.58995e-15
2.9244e-17
-3.05118e-12
3.3238e-13
-6.78877e-12
1.73257e-14
-9.22148e-13
2.10189e-17
-1.10674e-17
1.34725e-17
-1.68913e-17
4.1961e-18
-2.88243e-17
-5.08393e-18
-6.93364e-17
-1.13022e-16
-3.82696e-18
-4.18591e-21
-2.90251e-17
-2.12211e-20
-9.80331e-17
4.2953e-18
4.79348e-16
5.48864e-17
-2.67058e-14
1.85919e-15
-1.73041e-14
1.83605e-17
-1.19487e-17
2.46294e-17
-1.11463e-17
1.61166e-17
-1.43472e-17
1.31451e-17
-4.1179e-17
1.00159e-17
-1.22333e-16
4.40003e-18
-5.86241e-18
-3.60196e-16
-3.50028e-20
-1.27666e-22
-7.91142e-19
-1.94939e-22
-1.05781e-17
2.84766e-19
-8.61827e-17
8.73195e-18
-6.22395e-18
1.06021e-16
-1.04064e-17
1.01529e-17
-3.84654e-18
2.08402e-17
-3.85831e-18
8.70777e-18
-3.9595e-18
8.51727e-18
-5.3988e-18
6.10937e-18
-9.80714e-18
2.7095e-18
-8.61327e-19
-2.33945e-17
-1.47745e-21
-1.33568e-24
-2.77834e-20
6.5294e-22
-4.08044e-19
2.03024e-20
-2.87598e-18
5.2005e-19
-1.34036e-18
5.49623e-18
-1.87719e-18
3.74152e-18
-7.81353e-19
7.88441e-18
-3.46504e-19
5.55088e-18
6.5924e-20
6.03345e-18
9.03181e-20
4.48012e-18
-2.51315e-19
1.90538e-18
-1.92178e-19
-7.32989e-19
-4.58024e-23
4.1333e-25
-1.07257e-21
6.26477e-23
-1.41299e-20
1.53191e-21
-8.35246e-20
3.12426e-20
-8.29009e-20
3.18461e-19
3.13564e-20
7.79122e-19
3.55513e-19
1.93101e-18
7.94761e-19
2.39091e-18
1.52272e-18
2.96765e-18
2.00862e-18
2.50717e-18
1.96801e-18
1.27833e-18
1.6644e-20
1.47467e-18
-7.99014e-25
2.27232e-26
-2.42142e-23
2.68023e-24
-3.0484e-22
8.10163e-23
7.10591e-24
1.87479e-21
4.42038e-21
2.17727e-20
4.08333e-20
1.05911e-19
1.90392e-19
3.28746e-19
4.8662e-19
5.97767e-19
9.77226e-19
8.515e-19
1.44211e-18
8.21698e-19
1.6687e-18
4.91331e-19
4.41753e-20
1.54155e-18
-3.92694e-27
3.46213e-28
4.73539e-28
5.90444e-26
4.79633e-25
2.40293e-24
3.34611e-23
8.22643e-23
7.98009e-22
1.28728e-21
7.85048e-21
9.22799e-21
4.08891e-20
3.62406e-20
1.2685e-19
8.47106e-20
2.81137e-19
1.36701e-19
4.55956e-19
1.46226e-19
5.76081e-19
9.5679e-20
1.12476e-20
5.62798e-19
5.45977e-31
2.67347e-30
3.05466e-28
7.2189e-28
2.96765e-26
4.04384e-26
2.07524e-24
2.1196e-24
5.98129e-23
4.74688e-23
7.35617e-22
4.61493e-22
4.58698e-21
2.26258e-21
1.67295e-20
6.34882e-21
4.08509e-20
1.13789e-20
7.07994e-20
1.29902e-20
9.20424e-20
8.65119e-21
8.92778e-22
8.5944e-20
6.59631e-33
1.05931e-32
4.39799e-30
4.15547e-30
5.2639e-28
3.12631e-28
5.33064e-26
2.565e-26
2.11228e-24
8.29676e-25
3.3359e-23
1.06782e-23
2.51115e-22
6.4216e-23
1.05492e-21
2.08628e-22
2.80461e-21
4.05819e-22
5.03289e-21
4.73771e-22
6.33699e-21
2.9646e-22
1.64615e-23
5.06209e-21
2.44778e-35
1.32271e-35
2.08449e-32
6.98518e-33
3.21575e-30
6.74998e-31
5.02824e-28
8.78375e-29
2.80961e-26
4.06242e-27
5.71692e-25
6.80875e-26
5.17001e-24
4.92513e-25
2.46747e-23
1.80149e-24
7.03173e-23
3.68453e-24
1.26204e-22
4.15279e-24
1.43239e-22
2.17482e-24
-1.68215e-28
8.34156e-23
1.58649e-38
1.63208e-35
3.15418e-33
7.75909e-31
6.06127e-29
1.57067e-27
1.68405e-26
8.99014e-26
2.68889e-25
4.62484e-25
4.29851e-25
1.45815e-25
-1.79718e-16
-6.52087e-17
-1.96958e-16
-1.21376e-16
-2.21122e-16
-9.40698e-17
-3.06347e-11
-3.7927e-13
-5.7522e-10
-5.73091e-12
-8.51844e-10
-3.42942e-11
-8.36617e-11
4.40666e-11
-3.32237e-14
1.61487e-11
-2.32181e-14
4.19409e-15
-9.23539e-15
4.20573e-15
-5.05482e-16
1.80967e-17
-3.26462e-20
-2.2982e-16
-2.15314e-16
-1.73932e-16
-5.47088e-16
7.42475e-16
-1.0532e-15
-1.71608e-12
-2.40459e-16
-1.86418e-12
-2.95715e-14
-1.92513e-11
-1.1292e-13
-4.50029e-11
-3.28654e-13
-2.96058e-11
2.63167e-12
-4.20352e-15
2.38551e-12
-9.87068e-18
8.06784e-18
-9.75605e-20
-3.95157e-22
-2.55801e-21
-9.06523e-16
-1.8239e-17
-1.71001e-15
-4.48583e-17
-2.84061e-16
-8.71314e-17
-3.34153e-16
-1.31581e-16
-2.82861e-14
-1.84098e-16
-5.73555e-14
-3.03965e-15
-2.22898e-13
-1.15333e-16
-1.53816e-12
-9.54271e-15
-5.6365e-13
-1.45792e-15
-1.41759e-20
1.12744e-14
-5.55054e-22
-1.28067e-20
-2.79274e-21
-5.27247e-17
-2.00959e-18
-1.00728e-16
-3.29222e-18
-1.70879e-16
-5.51201e-18
-3.21307e-16
-8.14916e-18
-5.22885e-16
-8.73743e-18
-3.63571e-15
-6.84221e-18
-2.16668e-15
-2.14276e-16
-1.58438e-17
2.80963e-18
-1.41169e-15
5.03564e-19
-3.78249e-21
-3.29831e-20
3.93063e-22
-1.47223e-21
-4.61058e-23
-1.3814e-18
-8.41596e-19
-2.68119e-18
-8.36595e-19
-4.95659e-18
-5.68106e-19
-7.34217e-18
-4.3001e-19
-9.21863e-18
-3.48559e-19
-1.50998e-17
-1.80066e-19
-2.13521e-17
-1.58936e-20
-3.20193e-18
-4.31482e-20
-8.9016e-21
-4.54164e-20
1.18219e-20
-2.73217e-21
2.31673e-22
-1.0423e-22
-1.44883e-24
8.35456e-19
-3.37396e-19
3.39498e-19
-3.64145e-19
9.24819e-20
-1.64444e-19
8.64801e-21
-5.21917e-20
-1.74144e-20
-1.33582e-20
-2.9653e-21
-4.51051e-21
-1.15246e-21
-2.64018e-22
2.59509e-20
-1.36619e-23
4.88796e-20
-3.79073e-24
1.51774e-21
-6.33476e-25
2.06154e-23
-7.33196e-26
-2.93707e-27
1.12955e-18
-7.19504e-20
5.8432e-19
-9.08935e-20
1.69197e-19
-4.05284e-20
3.99103e-20
-9.75167e-21
8.78432e-21
-1.43603e-21
3.11137e-21
-1.44833e-22
2.41504e-22
-1.01778e-23
1.7926e-23
-6.00601e-25
4.6016e-24
-4.84792e-26
4.05858e-25
-6.17971e-27
1.67832e-26
-8.89178e-28
-4.31439e-29
4.58372e-19
-7.01434e-21
2.7286e-19
-9.53281e-21
8.04437e-20
-4.68762e-21
1.49966e-20
-1.15041e-21
1.93893e-21
-1.62641e-22
1.95091e-22
-1.4272e-23
1.53349e-23
-8.40123e-25
1.00608e-24
-3.84961e-26
6.64049e-26
-1.78795e-27
4.56214e-27
-1.11368e-28
2.3853e-28
-1.34267e-29
-6.61978e-31
7.08985e-20
-2.61145e-22
4.50166e-20
-3.46239e-22
1.47206e-20
-1.73096e-22
2.81111e-21
-4.26642e-23
3.45686e-22
-5.89743e-24
2.91367e-23
-4.90398e-25
1.7691e-24
-2.63772e-26
8.09151e-26
-1.03571e-27
2.91632e-27
-3.55087e-29
9.90629e-29
-1.25791e-30
4.4157e-30
-1.16778e-31
-5.7301e-33
3.91835e-21
-2.52019e-24
2.45906e-21
-2.96589e-24
8.21934e-22
-1.29818e-24
1.57657e-22
-2.74849e-25
1.87848e-23
-3.21393e-26
1.46503e-24
-2.23275e-27
7.77177e-26
-9.93937e-29
2.87658e-27
-3.17587e-30
7.42595e-29
-8.45164e-32
1.44075e-30
-2.32281e-33
5.02677e-32
-3.39214e-34
-1.75333e-35
5.62525e-23
-2.21817e-27
3.24428e-23
-1.93912e-27
9.58615e-24
-4.9756e-28
1.58192e-24
-5.764e-29
1.58614e-25
-3.59721e-30
1.01975e-26
-1.32039e-31
4.36309e-28
-3.11184e-33
1.2685e-29
-5.33449e-35
2.4831e-31
-9.59894e-37
3.7199e-33
-1.85903e-37
2.07406e-34
-1.42383e-37
-6.75128e-39
7.20491e-26
3.29341e-26
5.80503e-27
5.2623e-28
2.80935e-29
9.47622e-31
2.10884e-32
3.18994e-34
4.10406e-36
4.24626e-37
1.26549e-37
-1.32258e-21
-1.83631e-23
-6.20383e-21
-1.27955e-22
-2.32834e-20
-6.04524e-22
-9.4048e-20
-2.82406e-21
-4.52334e-19
-1.1388e-20
-2.37413e-18
-3.63494e-20
-1.18848e-17
-9.99759e-20
-5.37887e-17
-2.64666e-19
-2.09061e-16
-6.6533e-19
-5.99909e-16
-1.41847e-18
-8.41387e-16
-2.28872e-18
-2.18053e-18
-5.26027e-18
-1.03357e-22
-6.16954e-25
-8.67191e-22
-1.04295e-23
-4.17934e-21
-8.7767e-23
-1.58513e-20
-4.94118e-22
-5.26604e-20
-2.09455e-21
-1.64597e-19
-6.555e-21
-5.06029e-19
-1.58459e-20
-1.47011e-18
-3.25287e-20
-3.60501e-18
-6.19846e-20
-6.48091e-18
-1.1641e-19
-6.67721e-18
-2.21973e-19
-4.09269e-19
-5.04433e-18
-7.32305e-24
-9.47347e-27
-1.03199e-22
-4.04489e-25
-7.10469e-22
-6.37489e-24
-3.29347e-21
-4.73273e-23
-1.14398e-20
-2.37335e-22
-3.15694e-20
-8.64826e-22
-7.40503e-20
-2.38706e-21
-1.59818e-19
-5.24304e-21
-3.37028e-19
-9.6166e-21
-6.97226e-19
-1.55141e-20
-1.3477e-18
-2.38469e-20
-3.67992e-20
-2.28467e-18
-3.38346e-25
2.74266e-27
-7.75757e-24
-2.6122e-27
-7.77517e-23
-1.7055e-25
-4.76123e-22
-1.77797e-24
-2.01535e-21
-1.07285e-23
-6.26365e-21
-4.86971e-23
-1.50925e-20
-1.80879e-22
-2.98659e-20
-5.3884e-22
-5.13223e-20
-1.26802e-21
-8.09458e-20
-2.40766e-21
-1.23937e-19
-3.90317e-21
-5.53855e-21
-1.9003e-19
-7.85444e-27
2.89795e-28
-2.9558e-25
7.73031e-27
-4.35832e-24
1.34064e-26
-3.65149e-23
-1.53497e-29
-2.01761e-22
1.13102e-24
-7.87107e-22
6.63024e-24
-2.27304e-21
1.09168e-24
-5.0826e-21
-1.34554e-23
-9.14899e-21
-7.78959e-23
-1.37029e-20
-2.47177e-22
-1.77047e-20
-5.54201e-22
-9.23879e-22
-2.06794e-20
-8.39928e-29
9.83559e-30
-4.55262e-27
3.58589e-28
-1.02448e-25
4.15317e-27
-1.20061e-24
4.91841e-26
-8.98204e-24
4.87326e-25
-4.66364e-23
3.07735e-24
-1.7686e-22
1.13943e-23
-5.01393e-22
2.28884e-23
-1.08573e-21
8.32086e-24
-1.84241e-21
-1.13466e-23
-2.48184e-21
-5.01754e-23
-1.14054e-22
-2.68519e-21
8.97626e-34
2.0991e-31
-1.72868e-29
8.56704e-30
-8.50913e-28
1.14979e-28
-1.83794e-26
1.92305e-27
-1.97766e-25
2.84683e-26
-1.24741e-24
2.40779e-25
-5.51732e-24
1.12064e-24
-1.96186e-23
3.13979e-24
-5.74283e-23
5.14581e-24
-1.24571e-22
-4.558e-27
-2.00207e-22
-2.54871e-24
-8.75253e-24
-2.32852e-22
5.89917e-34
3.3508e-33
3.60882e-32
1.42721e-31
6.06995e-31
1.96246e-30
1.30328e-29
4.4363e-29
2.42448e-28
9.08607e-28
2.58294e-27
9.91774e-27
1.45457e-26
5.54711e-26
4.51992e-26
1.8212e-25
6.09914e-26
3.80351e-25
-4.61781e-25
3.58605e-25
-2.83117e-24
-6.56732e-26
-3.72486e-25
-5.8977e-24
1.43193e-35
3.66037e-35
1.0714e-33
1.6193e-33
2.28066e-32
2.20437e-32
8.19937e-31
6.41512e-31
2.43887e-29
1.73644e-29
3.68274e-28
2.36361e-28
2.81537e-27
1.53934e-27
1.29367e-26
5.59112e-27
4.26774e-26
1.28079e-26
1.20229e-25
1.69617e-26
3.3321e-25
-7.16493e-28
-7.23413e-27
5.05955e-25
1.75568e-37
2.22286e-37
1.38221e-35
1.00302e-35
2.85623e-34
1.28003e-34
1.30246e-32
4.53835e-33
5.15688e-31
1.58266e-31
9.72112e-30
2.63965e-30
8.60024e-29
1.9708e-29
4.29238e-28
7.74497e-29
1.47366e-27
1.86069e-28
4.43413e-27
2.87416e-28
1.54023e-26
-1.78649e-30
-4.27175e-29
3.14399e-26
9.17685e-40
4.3189e-40
7.1951e-38
1.95038e-38
1.33942e-36
2.23906e-37
7.27296e-35
9.31279e-36
3.70795e-33
4.09365e-34
8.55489e-32
8.23172e-33
8.61122e-31
6.95834e-32
4.55327e-30
2.91353e-31
1.54533e-29
7.06878e-31
4.54668e-29
1.15787e-30
1.69335e-28
2.30476e-31
-2.55015e-32
3.99494e-28
8.33284e-43
6.37481e-41
1.03223e-39
6.46166e-38
4.16362e-36
1.1619e-34
1.31917e-33
7.3034e-33
2.37115e-32
6.05892e-32
1.79492e-31
4.70902e-31
-6.48483e-18
-1.60837e-18
-3.88559e-16
-2.64577e-18
-8.28364e-16
-3.26192e-18
-4.61328e-17
-2.60451e-18
-6.23375e-17
-4.55043e-19
-7.08955e-17
7.30442e-18
-1.00642e-16
1.95893e-17
-7.63155e-16
4.52833e-17
-2.70878e-15
4.71932e-16
-4.71329e-15
4.48741e-16
-6.69631e-16
2.16443e-16
7.84864e-17
-9.23064e-18
-6.88087e-19
-1.40031e-17
-9.00927e-19
-1.54616e-17
-8.83047e-19
-2.04051e-17
-5.83534e-19
-2.47008e-17
-3.64608e-20
-2.90714e-17
3.30096e-18
-3.88922e-17
8.7409e-18
-9.51643e-17
1.90003e-17
-9.24771e-17
6.43738e-17
-2.31789e-17
7.49164e-17
-3.10701e-18
1.63513e-17
-3.83822e-21
-3.27246e-18
-5.8084e-20
-3.93313e-18
-8.28495e-20
-4.30196e-18
-9.74442e-20
-4.9954e-18
-7.83024e-20
-6.49416e-18
-8.66715e-21
-7.86768e-18
8.82196e-19
-8.90487e-18
2.47289e-18
-1.12274e-17
4.64088e-18
-1.14553e-17
8.25688e-18
-2.10343e-18
1.01757e-17
-4.88798e-21
1.42895e-18
-3.46525e-23
-2.87118e-19
-7.04084e-21
-4.04244e-19
-7.81795e-21
-5.2367e-19
-7.81401e-21
-6.81502e-19
-6.37034e-21
-1.013e-18
-1.94958e-21
-1.33305e-18
1.24188e-19
-1.48425e-18
4.21386e-19
-1.32767e-18
8.12245e-19
-8.53795e-19
1.06036e-18
-8.43402e-20
8.46878e-19
-3.34556e-24
5.24824e-20
-2.76338e-23
-2.33133e-20
-1.15741e-21
-2.6858e-20
-1.05368e-21
-3.28532e-20
-7.20985e-22
-4.49805e-20
-3.83381e-22
-8.28737e-20
-1.41723e-22
-1.26676e-19
7.65055e-21
-1.49012e-19
3.86245e-20
-1.16728e-19
8.44078e-20
-4.49758e-20
1.01606e-19
-1.50701e-21
5.16289e-20
5.74058e-22
6.87884e-22
-1.39052e-24
-2.39107e-21
-1.58488e-22
-1.82528e-21
-1.31943e-22
-1.3519e-21
-6.31913e-23
-1.30048e-21
-1.9142e-23
-2.9629e-21
-3.29472e-24
-6.09972e-21
1.26868e-22
-8.08568e-21
1.70633e-21
-5.88344e-21
4.67798e-21
-1.40379e-21
5.62922e-21
-1.1029e-24
2.00163e-21
2.48107e-23
-1.14902e-25
-1.82858e-26
-1.90295e-22
-1.3783e-23
-1.02401e-22
-1.07081e-23
-4.18653e-23
-3.06e-24
-1.43346e-23
-4.37317e-25
-2.86083e-23
-1.64182e-26
-1.31589e-22
-1.87465e-27
-2.20526e-22
3.16444e-23
-1.52582e-22
1.28801e-22
-1.95326e-23
1.63141e-22
1.25632e-23
4.11988e-23
3.73579e-25
-2.858e-27
-1.24778e-28
-6.07714e-24
-6.20055e-25
-2.3737e-24
-4.2585e-25
-5.06696e-25
-5.66374e-26
-3.54032e-26
-2.93937e-27
-3.69132e-26
-4.20116e-29
-1.06401e-24
-8.15724e-30
-2.79019e-24
2.02096e-25
-1.86359e-24
1.64048e-24
-4.54944e-26
2.33123e-24
3.39759e-25
4.10982e-25
3.81959e-27
-2.28904e-29
-5.0342e-31
2.95567e-25
-1.10951e-26
1.66422e-26
-6.14706e-27
-9.27506e-28
-5.02157e-28
-3.75885e-29
-1.13832e-29
-2.95026e-29
-1.39116e-31
-2.40419e-27
-3.2099e-33
-1.42387e-26
3.27691e-28
-8.37451e-27
8.77571e-27
5.4401e-27
1.51521e-26
3.61653e-27
1.74809e-27
2.53481e-29
-7.83602e-32
-1.09779e-33
2.2059e-26
-5.29344e-29
6.38186e-27
-2.15343e-29
2.399e-28
-1.82182e-30
7.1238e-31
-4.21662e-32
-2.66852e-33
-2.3967e-34
-8.32731e-31
-3.77401e-37
-1.88885e-29
8.36122e-32
3.64387e-30
1.64979e-29
5.69961e-29
3.72068e-29
1.66986e-29
2.29394e-30
9.17304e-32
-8.419e-35
-8.63701e-37
2.26534e-28
-2.06798e-32
5.33812e-29
-5.30093e-33
2.7756e-30
-3.00001e-34
3.94573e-32
-5.04026e-36
1.32487e-34
-2.53121e-38
1.75252e-37
-3.0676e-41
3.95144e-35
1.7245e-36
3.37522e-32
6.81591e-33
1.51708e-31
2.05382e-32
2.61142e-32
-2.46258e-39
1.25529e-34
-8.84822e-39
-6.02691e-41
1.66902e-31
2.57472e-32
9.87509e-34
1.25321e-35
5.67486e-38
1.04627e-40
6.81654e-40
1.16056e-35
5.61192e-35
4.56209e-36
1.84989e-38
-6.14988e-19
-3.84572e-20
-2.01709e-18
-1.91867e-19
-4.89721e-18
-6.73053e-19
-1.02418e-17
-2.16375e-18
-1.8694e-17
-6.07562e-18
-2.98392e-17
-1.38755e-17
-4.17755e-17
-2.52313e-17
-5.12779e-17
-3.58543e-17
-5.59927e-17
-3.74185e-17
-6.14235e-17
-2.18969e-17
-8.05199e-17
6.4279e-18
1.41796e-08
-1.41796e-08
-1.151e-19
-4.7554e-21
-6.85095e-19
-4.75431e-20
-2.38266e-18
-2.53414e-19
-6.28352e-18
-9.75952e-19
-1.34555e-17
-3.09579e-18
-2.4258e-17
-7.97309e-18
-3.78778e-17
-1.63372e-17
-5.18466e-17
-2.61943e-17
-6.20079e-17
-3.11918e-17
-6.85927e-17
-2.04571e-17
-8.87846e-17
1.25704e-17
1.85303e-07
-4.22725e-07
-2.16181e-20
-4.84599e-22
-2.01611e-19
-8.41996e-21
-9.7077e-19
-6.49024e-20
-3.20238e-18
-3.11555e-19
-8.04048e-18
-1.17667e-18
-1.63635e-17
-3.58384e-18
-2.83745e-17
-8.56553e-18
-4.31752e-17
-1.57487e-17
-5.76009e-17
-2.1673e-17
-6.66851e-17
-1.86628e-17
-8.26419e-17
8.62434e-18
3.30875e-07
-4.77966e-07
-3.37818e-21
-3.26798e-23
-4.65408e-20
-9.5716e-22
-3.03404e-19
-1.06864e-20
-1.25889e-18
-6.67426e-20
-3.76762e-18
-3.19123e-19
-8.75307e-18
-1.23188e-18
-1.67037e-17
-3.6769e-18
-2.71932e-17
-8.2521e-18
-3.81694e-17
-1.39352e-17
-4.4752e-17
-1.68898e-17
-3.84611e-17
-7.44138e-18
2.12667e-07
-1.26051e-07
-3.68498e-22
-1.20567e-24
-7.50207e-21
-6.0866e-23
-6.69702e-20
-1.02913e-21
-3.60656e-19
-8.81364e-21
-1.34623e-18
-5.71187e-20
-3.75343e-18
-3.03965e-19
-8.25865e-18
-1.24099e-18
-1.49528e-17
-3.71317e-18
-2.2806e-17
-8.26504e-18
-2.91159e-17
-1.38906e-17
-3.06026e-17
-1.37529e-17
1.03275e-07
-1.48123e-07
-2.40733e-23
-1.82992e-26
-7.45448e-22
-1.73347e-24
-9.43335e-21
-4.93129e-23
-6.91235e-20
-6.29365e-22
-3.42766e-19
-6.08433e-21
-1.2398e-18
-4.96763e-20
-3.42862e-18
-3.07053e-19
-7.55085e-18
-1.34222e-18
-1.37489e-17
-4.23377e-18
-2.11232e-17
-9.93471e-18
-2.77136e-17
-1.4128e-17
6.01286e-08
-1.73394e-07
-7.54003e-25
-8.67563e-29
-3.81488e-23
-1.35071e-26
-7.36966e-22
-7.77958e-25
-7.9396e-21
-1.61223e-23
-5.69177e-20
-2.60228e-22
-2.93211e-19
-3.78678e-21
-1.12784e-18
-4.17315e-20
-3.35491e-18
-3.16871e-19
-8.00993e-18
-1.66715e-18
-1.54266e-17
-6.09244e-18
-2.2564e-17
-1.27939e-17
1.33261e-08
-1.08712e-07
-7.04343e-27
-8.85041e-32
-6.52901e-25
-1.38876e-29
-2.10464e-23
-2.42084e-27
-3.64745e-22
-9.36651e-26
-4.26177e-21
-2.9391e-24
-3.67692e-20
-9.25175e-23
-2.39181e-19
-2.28004e-21
-1.17385e-18
-3.98639e-20
-4.31846e-18
-4.61659e-19
-1.13362e-17
-3.1701e-18
-1.92142e-17
-1.05452e-17
-1.93648e-08
-9.68664e-08
-1.11045e-29
2.62496e-31
-2.12714e-27
5.95487e-30
-1.37448e-25
-4.18786e-31
-4.26727e-24
-4.37678e-29
-9.39556e-23
-4.75228e-27
-1.73313e-21
-4.98938e-25
-2.65096e-20
-4.40504e-23
-2.974e-19
-2.80553e-21
-2.11081e-18
-9.33383e-20
-8.35482e-18
-1.37147e-18
-1.71039e-17
-7.69468e-18
-2.50296e-08
-1.2634e-07
3.88666e-34
3.36504e-33
-1.40093e-31
6.58043e-32
-6.54794e-29
2.64636e-31
-5.58225e-27
2.49463e-29
-3.37839e-25
-3.05374e-32
-2.43205e-23
-1.73317e-28
-1.57534e-21
-2.32575e-25
-5.6978e-20
-8.99897e-23
-9.19685e-19
-9.70806e-21
-5.97357e-18
-3.64371e-19
-1.46313e-17
-4.43773e-18
-1.1682e-08
-1.16758e-07
1.70248e-35
9.50613e-36
4.25206e-34
1.67666e-34
2.44738e-33
5.99238e-34
1.32317e-31
4.09752e-32
1.30051e-30
4.64954e-31
-3.55346e-26
-4.61601e-34
-3.72693e-23
-7.79739e-30
-5.80284e-21
-1.9167e-25
-2.63582e-19
-1.03406e-22
-3.628e-18
-1.27717e-20
-1.05509e-17
-1.56404e-18
-1.26324e-09
-6.88032e-08
2.20125e-38
5.17444e-37
2.18944e-36
1.29569e-34
3.14049e-33
2.43637e-33
-1.35541e-26
-5.24048e-23
-9.44988e-21
-1.26881e-18
-2.75087e-18
-4.55606e-09
-5.44548e-07
1.28914e-07
-1.59022e-06
2.72647e-07
-2.06486e-06
7.33652e-07
-1.98389e-06
9.74446e-07
-1.74593e-06
8.5421e-07
-1.45372e-06
5.77771e-07
-1.1565e-06
3.80388e-07
-8.89687e-07
2.70774e-07
-6.5785e-07
2.31791e-07
-4.60828e-07
2.07181e-07
-2.61659e-07
1.17979e-07
-3.15068e-08
-1.51821e-06
5.759e-07
-1.70128e-06
4.55718e-07
-1.70849e-06
7.40871e-07
-1.56008e-06
8.26028e-07
-1.30443e-06
5.98565e-07
-1.02791e-06
3.01249e-07
-7.69057e-07
1.21535e-07
-5.48889e-07
5.06062e-08
-3.63705e-07
4.6607e-08
-2.0686e-07
5.03362e-08
-7.89756e-08
-9.90536e-09
-1.10482e-07
-1.01675e-06
8.73896e-07
-1.26956e-06
7.08526e-07
-1.28175e-06
7.53058e-07
-1.12543e-06
6.6971e-07
-8.93492e-07
3.66628e-07
-6.64364e-07
7.2121e-08
-4.6538e-07
-7.74485e-08
-3.05311e-07
-1.09463e-07
-1.7618e-07
-8.25236e-08
-7.3082e-08
-5.27619e-08
-9.74842e-09
-7.32389e-08
-1.20231e-07
-5.84339e-07
1.25917e-06
-8.46172e-07
9.70359e-07
-8.63712e-07
7.70598e-07
-7.23807e-07
5.29805e-07
-5.35982e-07
1.78803e-07
-3.67637e-07
-9.62243e-08
-2.34403e-07
-2.10683e-07
-1.34962e-07
-2.08904e-07
-5.9578e-08
-1.57908e-07
-4.20491e-09
-1.08135e-07
1.84066e-08
-9.58505e-08
-1.01824e-07
-3.10302e-07
1.32903e-06
-4.88458e-07
1.14851e-06
-4.94963e-07
7.77104e-07
-3.77777e-07
4.12618e-07
-2.40809e-07
4.18355e-08
-1.34668e-07
-2.02365e-07
-6.38476e-08
-2.81503e-07
-1.89122e-08
-2.53839e-07
1.09313e-08
-1.87751e-07
2.91217e-08
-1.26325e-07
2.62735e-08
-9.30023e-08
-7.55507e-08
-1.54939e-07
1.2085e-06
-2.17433e-07
1.21101e-06
-1.94206e-07
7.53877e-07
-9.81815e-08
3.16594e-07
-9.02283e-09
-4.73231e-08
3.79284e-08
-2.49316e-07
5.44574e-08
-2.98032e-07
5.49895e-08
-2.54372e-07
5.01218e-08
-1.82883e-07
4.25567e-08
-1.1876e-07
2.57751e-08
-7.62206e-08
-4.97756e-08
-4.10768e-08
1.01926e-06
-2.69788e-08
1.19691e-06
2.93993e-08
6.97499e-07
1.08841e-07
2.37152e-07
1.5292e-07
-9.14016e-08
1.53009e-07
-2.49405e-07
1.2725e-07
-2.72273e-07
9.50366e-08
-2.22158e-07
6.66415e-08
-1.54488e-07
4.37799e-08
-9.58988e-08
2.15717e-08
-5.40124e-08
-2.8204e-08
-1.1773e-08
7.71201e-07
7.81929e-08
1.10694e-06
1.73505e-07
6.02187e-07
2.41895e-07
1.68762e-07
2.51465e-07
-1.00971e-07
2.14839e-07
-2.1278e-07
1.59732e-07
-2.17166e-07
1.07345e-07
-1.69771e-07
6.64497e-08
-1.13593e-07
3.73256e-08
-6.67746e-08
1.57263e-08
-3.24131e-08
-1.24777e-08
-8.46231e-08
4.67645e-07
1.05137e-07
9.17184e-07
2.41153e-07
4.66171e-07
3.02922e-07
1.06994e-07
2.87559e-07
-8.56084e-08
2.27873e-07
-1.53094e-07
1.57783e-07
-1.47076e-07
9.79292e-08
-1.09917e-07
5.4624e-08
-7.02877e-08
2.65078e-08
-3.86585e-08
9.47181e-09
-1.5377e-08
-3.00591e-09
-1.8439e-07
2.07278e-07
7.4136e-08
6.58657e-07
2.43079e-07
2.97228e-07
2.96844e-07
5.32287e-08
2.6629e-07
-5.50541e-08
1.98715e-07
-8.55193e-08
1.28752e-07
-7.71133e-08
7.35647e-08
-5.47294e-08
3.63836e-08
-3.31066e-08
1.44492e-08
-1.67241e-08
3.88094e-09
-4.8088e-09
8.75022e-10
-3.2522e-07
6.13999e-08
8.44796e-09
3.24989e-07
1.89379e-07
1.16296e-07
2.28296e-07
1.43121e-08
1.93973e-07
-2.0731e-08
1.35934e-07
-2.74805e-08
8.1676e-08
-2.28551e-08
4.207e-08
-1.51234e-08
1.74072e-08
-8.4438e-09
4.44084e-09
-3.75773e-09
2.29392e-11
-3.90895e-10
8.9796e-10
-2.63919e-07
-3.27237e-08
8.35724e-08
9.78845e-08
7.71535e-08
4.9673e-08
2.68179e-08
1.16945e-08
3.25066e-09
-5.07064e-10
-8.9796e-10
-3.18812e-07
-3.24186e-07
-4.46428e-07
-4.54762e-07
-5.32317e-07
-4.40246e-07
-6.3157e-07
-4.18134e-07
-7.34663e-07
-3.92481e-07
-8.20075e-07
-3.65787e-07
-8.77076e-07
-3.54539e-07
-8.80458e-07
-3.46664e-07
-7.74749e-07
-3.15144e-07
-5.1037e-07
-2.95843e-07
-8.19904e-08
-3.02045e-07
9.11723e-08
-1.6521e-07
-1.58976e-07
-3.10992e-07
-3.08979e-07
-4.18701e-07
-3.32537e-07
-5.20735e-07
-3.161e-07
-6.17711e-07
-2.95505e-07
-6.95886e-07
-2.87611e-07
-7.42543e-07
-3.07882e-07
-7.35421e-07
-3.53785e-07
-6.42593e-07
-4.07972e-07
-4.75293e-07
-4.63144e-07
-3.21548e-07
-3.54783e-07
7.43161e-08
-1.00177e-07
-5.87986e-08
-2.21618e-07
-1.87539e-07
-3.25132e-07
-2.29023e-07
-4.19313e-07
-2.2192e-07
-5.05381e-07
-2.09437e-07
-5.7552e-07
-2.17472e-07
-6.19947e-07
-2.63455e-07
-6.22978e-07
-3.50754e-07
-5.67598e-07
-4.63352e-07
-4.71693e-07
-5.59049e-07
-2.81098e-07
-4.59181e-07
2.69635e-08
-6.33607e-08
4.56212e-09
-1.56756e-07
-9.41439e-08
-2.44848e-07
-1.40931e-07
-3.25089e-07
-1.41678e-07
-3.97686e-07
-1.36841e-07
-4.59225e-07
-1.55933e-07
-5.04446e-07
-2.18234e-07
-5.24175e-07
-3.31025e-07
-5.07341e-07
-4.80186e-07
-4.50244e-07
-6.16146e-07
-2.67225e-07
-6.13386e-07
-2.93575e-08
-3.80235e-08
4.25856e-08
-1.05421e-07
-2.67462e-08
-1.74406e-07
-7.19458e-08
-2.38089e-07
-7.79954e-08
-2.96022e-07
-7.89081e-08
-3.48112e-07
-1.03842e-07
-3.93861e-07
-1.72486e-07
-4.30521e-07
-2.94364e-07
-4.51248e-07
-4.5946e-07
-4.41606e-07
-6.25788e-07
-3.76428e-07
-6.78564e-07
-1.89117e-07
-1.91428e-08
6.17284e-08
-6.29875e-08
1.70986e-08
-1.12349e-07
-2.25845e-08
-1.58927e-07
-3.1417e-08
-2.01969e-07
-3.58658e-08
-2.4375e-07
-6.20615e-08
-2.87881e-07
-1.28355e-07
-3.37303e-07
-2.44943e-07
-3.90621e-07
-4.06142e-07
-4.3541e-07
-5.80999e-07
-4.30512e-07
-6.83462e-07
-4.03144e-07
-4.50197e-09
6.62303e-08
-2.76247e-08
4.02212e-08
-5.84023e-08
8.19317e-09
-8.8587e-08
-1.23232e-09
-1.17282e-07
-7.17091e-09
-1.4825e-07
-3.10936e-08
-1.88128e-07
-8.84765e-08
-2.44313e-07
-1.88758e-07
-3.2084e-07
-3.29614e-07
-4.09798e-07
-4.92041e-07
-4.7282e-07
-6.2044e-07
-5.17996e-07
6.9307e-09
5.92997e-08
9.41939e-10
4.621e-08
-1.32984e-08
2.24335e-08
-2.87513e-08
1.42205e-08
-4.4355e-08
8.4328e-09
-6.46437e-08
-1.08049e-08
-9.80294e-08
-5.50909e-08
-1.5469e-07
-1.32097e-07
-2.42856e-07
-2.41448e-07
-3.60672e-07
-3.74225e-07
-4.79825e-07
-5.01287e-07
-5.08756e-07
1.4955e-08
4.43447e-08
2.22177e-08
3.89473e-08
2.10763e-08
2.35749e-08
1.77428e-08
1.7554e-08
1.30403e-08
1.31354e-08
2.27315e-09
-3.78374e-11
-2.3022e-08
-2.97958e-08
-7.4508e-08
-8.06115e-08
-1.62663e-07
-1.53293e-07
-2.91372e-07
-2.45516e-07
-4.43089e-07
-3.4957e-07
-4.15354e-07
1.88125e-08
2.55322e-08
3.38749e-08
2.38848e-08
4.14726e-08
1.59772e-08
4.64511e-08
1.25755e-08
4.95627e-08
1.00238e-08
4.65649e-08
2.95987e-09
2.93409e-08
-1.25717e-08
-1.24433e-08
-3.88273e-08
-8.91753e-08
-7.65608e-08
-2.08838e-07
-1.25853e-07
-3.67452e-07
-1.90956e-07
-2.63545e-07
1.71932e-08
8.33894e-09
3.30507e-08
8.02737e-09
4.335e-08
5.6779e-09
5.136e-08
4.56544e-09
5.76378e-08
3.74603e-09
5.90086e-08
1.58902e-09
4.94911e-08
-3.05423e-09
2.14535e-08
-1.07897e-08
-3.31271e-08
-2.19801e-08
-1.22374e-07
-3.6606e-08
-2.53386e-07
-5.99444e-08
-9.74313e-08
8.33894e-09
1.63663e-08
2.20442e-08
2.66096e-08
3.03557e-08
3.19447e-08
2.88904e-08
1.81007e-08
-3.87941e-09
-4.04854e-08
-1.0043e-07
)
;

boundaryField
{
    rotor
    {
        type            calculated;
        value           uniform 0;
    }
    stator
    {
        type            calculated;
        value           uniform 0;
    }
    front
    {
        type            empty;
        value           nonuniform 0();
    }
    back
    {
        type            empty;
        value           nonuniform 0();
    }
}


// ************************************************************************* //
