/*--------------------------------*- C++ -*----------------------------------*\
| =========                 |                                                 |
| \\      /  F ield         | OpenFOAM: The Open Source CFD Toolbox           |
|  \\    /   O peration     | Version:  v1606+                                |
|   \\  /    A nd           | Web:      www.OpenFOAM.com                      |
|    \\/     M anipulation  |                                                 |
\*---------------------------------------------------------------------------*/
FoamFile
{
    version     2.0;
    format      ascii;
    class       volScalarField;
    location    "2";
    object      nut;
}
// * * * * * * * * * * * * * * * * * * * * * * * * * * * * * * * * * * * * * //

dimensions      [0 2 -1 0 0 0 0];

internalField   nonuniform List<scalar> 
5080
(
0.0150885
0.0151833
0.0152829
0.0153935
0.0155058
0.0156071
0.0156824
0.0157176
0.0157065
0.0156559
0.015581
0.0154959
0.0154089
0.015323
0.0152393
0.015158
0.0150798
0.0150033
0.014915
0.00624408
0.0351213
0.0351329
0.0353032
0.0371293
0.042935
0.0506327
0.0573007
0.0627402
0.0662258
0.0673691
0.0671281
0.0664417
0.06568
0.0649493
0.0642909
0.0637081
0.0632826
0.0624878
0.057465
0.00779035
0.035423
0.0347066
0.0343995
0.0394958
0.0518943
0.065149
0.0744667
0.0809075
0.0849793
0.0866026
0.0867184
0.0861863
0.0853555
0.084406
0.0834771
0.082633
0.0820157
0.0807749
0.0729999
0.00830703
0.0347996
0.0311302
0.0305696
0.0395762
0.0564084
0.0715879
0.0802307
0.0855972
0.0898147
0.09274
0.0944237
0.0949353
0.0944179
0.0933019
0.0920348
0.0908569
0.0899846
0.0884163
0.0792063
0.00851657
0.0322259
0.0254406
0.027937
0.0420059
0.0629079
0.078616
0.083276
0.08235
0.0818871
0.0840212
0.0878974
0.0912311
0.0926815
0.0925543
0.0916946
0.0906732
0.0898599
0.0883233
0.0788863
0.00856237
0.0266364
0.0206495
0.0289789
0.0490108
0.0731673
0.0874325
0.0881284
0.0832395
0.0796789
0.0808984
0.0869494
0.0937308
0.0973581
0.0977657
0.0966506
0.0952147
0.0940658
0.0921818
0.0819627
0.00864223
0.0191147
0.0190334
0.0354124
0.064554
0.0951747
0.109093
0.101935
0.0853323
0.0713681
0.0661917
0.0705767
0.0798168
0.086967
0.0896583
0.0895527
0.0884878
0.087453
0.0858087
0.0763122
0.00857989
0.0129439
0.0222638
0.0506931
0.0922687
0.128077
0.137218
0.120476
0.094587
0.0722377
0.0602221
0.0616138
0.073521
0.0857425
0.0916036
0.0926698
0.0919497
0.091035
0.0892942
0.079249
0.00861573
0.0127855
0.0437197
0.104946
0.174369
0.215653
0.209897
0.169961
0.121158
0.0805219
0.0554972
0.047984
0.0570188
0.0744437
0.0863445
0.0899758
0.0897768
0.0887957
0.0869502
0.0771328
0.00865954
0.0347718
0.129393
0.266521
0.387292
0.439433
0.406728
0.314171
0.206386
0.118223
0.063578
0.0388553
0.0358639
0.0502444
0.0703392
0.0806512
0.0827787
0.082403
0.0810001
0.0718152
0.00853409
0.111936
0.327753
0.562561
0.736021
0.803989
0.757515
0.621951
0.445911
0.276006
0.144498
0.0661131
0.0324509
0.0269886
0.0443246
0.0722296
0.0858553
0.0886045
0.0876162
0.0777446
0.0086704
0.271301
0.636191
0.964072
1.18348
1.26903
1.22207
1.06576
0.839909
0.587208
0.347853
0.16623
0.0665023
0.029096
0.0253491
0.0466294
0.0743774
0.0845866
0.0848898
0.0754599
0.00874714
0.545924
1.06231
1.4647
1.71273
1.80379
1.75128
1.5787
1.31706
1.00007
0.663874
0.361003
0.154533
0.0564635
0.0247419
0.0250989
0.0506535
0.076352
0.0824362
0.0736874
0.00877656
0.984101
1.62959
2.07183
2.31701
2.38871
2.31309
2.11576
1.82223
1.45832
1.05256
0.646689
0.312727
0.117142
0.0396202
0.0202735
0.0312944
0.0650572
0.0814763
0.0747475
0.00879911
1.64875
2.36032
2.78403
2.98117
3.00225
2.88316
2.64995
2.32349
1.92297
1.46934
0.991935
0.544942
0.222821
0.0707017
0.0243265
0.0216326
0.0507331
0.0778262
0.073925
0.00881278
2.62398
3.26627
3.58064
3.67332
3.61288
3.43402
3.15737
2.7975
2.36715
1.88065
1.35831
0.837373
0.398553
0.137809
0.0403738
0.0189961
0.0334818
0.0693154
0.0739098
0.00890846
3.91926
4.26816
4.37814
4.33147
4.17468
3.92936
3.6072
3.2156
2.76149
2.25386
1.70688
1.14788
0.63643
0.268902
0.0875075
0.0286641
0.0231565
0.0540901
0.0737983
0.00949308
5.28391
5.18775
5.0642
4.88632
4.64063
4.33114
3.96429
3.5424
3.06806
2.54649
1.98784
1.41282
0.867289
0.437536
0.173982
0.0584384
0.0274715
0.0469008
0.0778643
0.0111041
6.30875
5.88401
5.56459
5.2894
4.97519
4.61355
4.20509
3.75197
3.25539
2.7188
2.15021
1.56683
1.00643
0.543113
0.250005
0.0985206
0.0409598
0.0537511
0.0943699
0.0137866
6.7817
6.2441
5.86487
5.53328
5.1723
4.77054
4.32582
3.83711
3.31067
2.74978
2.16208
1.56509
0.999524
0.535975
0.244602
0.102884
0.0499002
0.0693322
0.122741
0.0177991
0.0034169
0.00343448
0.0034372
0.00343959
0.00344176
0.00344376
0.00344546
0.0034469
0.00344811
0.00344906
0.00344979
0.0034503
0.00345063
0.00345077
0.00345076
0.00345066
0.00345045
0.00345013
0.00344972
0.00344921
0.00344865
0.00344803
0.00344735
0.00344666
0.00344594
0.00344519
0.00344444
0.0034437
0.00344294
0.00344219
0.00344148
0.00344078
0.00344008
0.0034394
0.00343875
0.00343811
0.00343746
0.00343682
0.00343621
0.00343561
0.00343499
0.00343437
0.00343378
0.00343321
0.00343265
0.00343209
0.00343152
0.00343095
0.00343038
0.00342981
0.00342923
0.00342866
0.00342809
0.00342754
0.00342699
0.00342644
0.00342589
0.0034253
0.00342488
0.00342395
0.00615413
0.0215714
0.0224034
0.0223702
0.0223441
0.0223234
0.0223031
0.0222854
0.0222695
0.0222552
0.0222428
0.0222319
0.0222228
0.0222151
0.0222064
0.022162
0.0221172
0.0220803
0.0220464
0.0220171
0.0220035
0.0219794
0.0219622
0.0219651
0.0219541
0.0219435
0.0219534
0.0219557
0.021949
0.0219602
0.0219763
0.0219766
0.0219779
0.0219931
0.0220053
0.0220032
0.0220018
0.0220121
0.0220231
0.022023
0.0220185
0.0220228
0.0220356
0.0220458
0.0220472
0.0220449
0.0220451
0.0220478
0.0220493
0.0220485
0.0220483
0.0220514
0.0220569
0.0220618
0.022064
0.0220638
0.0220632
0.0220641
0.0220615
0.0220555
0.00618756
0.0284965
0.0333998
0.0335987
0.033587
0.0335733
0.0335613
0.0335511
0.0335427
0.0335356
0.0335299
0.0335254
0.0335219
0.0335192
0.0335173
0.0335057
0.0334887
0.0334742
0.0334606
0.0334487
0.0334424
0.0334329
0.0334252
0.0334247
0.0334203
0.0334153
0.0334172
0.0334177
0.0334149
0.0334173
0.0334222
0.0334225
0.0334225
0.0334269
0.0334309
0.0334305
0.0334301
0.0334332
0.0334365
0.0334362
0.0334346
0.0334359
0.0334403
0.0334437
0.033444
0.0334429
0.0334428
0.0334436
0.0334441
0.0334437
0.0334433
0.0334439
0.0334455
0.033447
0.0334477
0.0334474
0.033447
0.0334467
0.0334463
0.0334433
0.00621888
0.0290447
0.034714
0.0350256
0.0350236
0.0350123
0.0350029
0.0349953
0.0349893
0.0349847
0.0349814
0.0349791
0.0349777
0.0349768
0.0349766
0.0349757
0.0349739
0.0349724
0.0349711
0.0349698
0.0349692
0.0349683
0.0349674
0.0349673
0.034967
0.0349664
0.0349665
0.0349666
0.0349663
0.0349664
0.0349669
0.034967
0.034967
0.0349674
0.0349679
0.0349679
0.0349679
0.0349682
0.0349684
0.0349684
0.0349681
0.0349683
0.0349687
0.0349691
0.0349691
0.0349689
0.0349689
0.034969
0.0349691
0.034969
0.0349689
0.034969
0.0349691
0.0349693
0.0349694
0.0349694
0.0349694
0.0349691
0.0349696
0.0349683
0.00625073
0.0291575
0.0348007
0.035118
0.0351187
0.0351081
0.0350992
0.035092
0.0350863
0.0350821
0.0350791
0.0350771
0.0350759
0.0350752
0.035075
0.0350751
0.0350752
0.0350753
0.0350756
0.0350758
0.035076
0.0350762
0.0350763
0.0350764
0.0350766
0.0350766
0.0350767
0.0350768
0.0350769
0.0350769
0.0350769
0.035077
0.0350771
0.0350771
0.0350772
0.0350773
0.0350773
0.0350772
0.0350772
0.0350771
0.0350771
0.0350771
0.0350771
0.0350771
0.035077
0.035077
0.035077
0.035077
0.035077
0.035077
0.0350769
0.0350769
0.0350769
0.0350769
0.035077
0.035077
0.035077
0.0350768
0.0350774
0.0350763
0.00628308
0.0292452
0.0348103
0.0351193
0.0351213
0.0351114
0.0351029
0.0350961
0.0350906
0.0350866
0.0350837
0.0350817
0.0350805
0.0350798
0.0350796
0.0350796
0.0350798
0.03508
0.0350803
0.0350806
0.0350809
0.0350812
0.0350813
0.0350815
0.0350817
0.0350818
0.0350819
0.035082
0.0350821
0.0350822
0.0350823
0.0350824
0.0350825
0.0350826
0.0350827
0.0350827
0.0350827
0.0350826
0.0350826
0.0350826
0.0350826
0.0350826
0.0350826
0.0350825
0.0350825
0.0350825
0.0350825
0.0350825
0.0350825
0.0350824
0.0350824
0.0350824
0.0350824
0.0350824
0.0350824
0.0350824
0.0350825
0.0350823
0.0350829
0.0350818
0.00631596
0.0293256
0.0348166
0.0351169
0.0351195
0.0351106
0.0351027
0.0350961
0.0350909
0.035087
0.0350842
0.0350822
0.035081
0.0350802
0.0350799
0.0350798
0.0350798
0.03508
0.0350803
0.0350805
0.0350808
0.035081
0.0350811
0.0350813
0.0350815
0.0350817
0.0350818
0.035082
0.0350821
0.0350822
0.0350824
0.0350825
0.0350826
0.0350827
0.0350828
0.0350828
0.0350828
0.0350828
0.0350828
0.0350828
0.0350828
0.0350828
0.0350827
0.0350827
0.0350827
0.0350827
0.0350827
0.0350827
0.0350827
0.0350827
0.0350826
0.0350826
0.0350826
0.0350827
0.0350827
0.0350827
0.0350827
0.0350825
0.0350831
0.035082
0.00634939
0.0293988
0.0348224
0.0351148
0.0351179
0.0351099
0.0351025
0.0350963
0.0350914
0.0350876
0.0350848
0.0350828
0.0350815
0.0350807
0.0350802
0.03508
0.03508
0.0350801
0.0350803
0.0350804
0.0350806
0.0350808
0.0350809
0.0350811
0.0350813
0.0350814
0.0350816
0.0350818
0.0350819
0.0350821
0.0350823
0.0350824
0.0350825
0.0350825
0.0350826
0.0350827
0.0350827
0.0350827
0.0350828
0.0350828
0.0350828
0.0350827
0.0350827
0.0350827
0.0350828
0.0350828
0.0350828
0.0350828
0.0350827
0.0350827
0.0350827
0.0350827
0.0350827
0.0350827
0.0350827
0.0350827
0.0350828
0.0350825
0.0350832
0.035082
0.00638337
0.0294736
0.0348287
0.0351135
0.0351168
0.0351095
0.0351027
0.0350969
0.0350921
0.0350884
0.0350856
0.0350836
0.0350822
0.0350812
0.0350807
0.0350804
0.0350802
0.0350803
0.0350804
0.0350804
0.0350806
0.0350808
0.0350809
0.035081
0.0350812
0.0350813
0.0350815
0.0350817
0.0350818
0.0350819
0.0350821
0.0350823
0.0350823
0.0350824
0.0350825
0.0350826
0.0350827
0.0350827
0.0350828
0.0350828
0.0350828
0.0350827
0.0350827
0.0350827
0.0350828
0.0350828
0.0350828
0.0350828
0.0350828
0.0350827
0.0350827
0.0350827
0.0350827
0.0350828
0.0350828
0.0350828
0.0350828
0.0350826
0.0350832
0.0350821
0.00641791
0.0295434
0.0348355
0.0351134
0.0351166
0.0351099
0.0351035
0.0350979
0.0350932
0.0350895
0.0350866
0.0350845
0.035083
0.0350819
0.0350812
0.0350808
0.0350806
0.0350805
0.0350805
0.0350805
0.0350807
0.0350808
0.0350808
0.035081
0.0350811
0.0350812
0.0350814
0.0350816
0.0350817
0.0350818
0.035082
0.0350821
0.0350822
0.0350823
0.0350825
0.0350826
0.0350826
0.0350827
0.0350827
0.0350827
0.0350827
0.0350827
0.0350827
0.0350828
0.0350828
0.0350829
0.0350828
0.0350828
0.0350828
0.0350827
0.0350827
0.0350827
0.0350828
0.0350828
0.0350828
0.0350828
0.0350828
0.0350826
0.0350832
0.0350821
0.00645305
0.0296019
0.0348418
0.0351141
0.0351172
0.0351109
0.0351046
0.0350992
0.0350945
0.0350907
0.0350877
0.0350855
0.0350838
0.0350826
0.0350819
0.0350813
0.035081
0.0350809
0.0350808
0.0350807
0.0350808
0.0350809
0.0350809
0.035081
0.0350812
0.0350812
0.0350814
0.0350815
0.0350816
0.0350817
0.0350819
0.035082
0.0350822
0.0350823
0.0350825
0.0350826
0.0350826
0.0350826
0.0350826
0.0350827
0.0350827
0.0350827
0.0350827
0.0350828
0.0350829
0.0350829
0.0350829
0.0350828
0.0350828
0.0350828
0.0350828
0.0350828
0.0350828
0.0350828
0.0350828
0.0350828
0.0350828
0.0350826
0.0350833
0.0350821
0.00648882
0.029651
0.0348476
0.0351155
0.0351184
0.0351121
0.035106
0.0351006
0.0350959
0.035092
0.035089
0.0350866
0.0350849
0.0350835
0.0350826
0.035082
0.0350815
0.0350813
0.0350812
0.035081
0.035081
0.0350811
0.0350811
0.0350811
0.0350812
0.0350813
0.0350814
0.0350816
0.0350816
0.0350817
0.0350819
0.035082
0.0350821
0.0350823
0.0350824
0.0350826
0.0350826
0.0350826
0.0350826
0.0350826
0.0350827
0.0350827
0.0350828
0.0350828
0.0350829
0.0350829
0.0350829
0.0350828
0.0350828
0.0350828
0.0350828
0.0350828
0.0350828
0.0350828
0.0350828
0.0350828
0.0350829
0.0350826
0.0350833
0.0350821
0.00652524
0.0296895
0.0348526
0.0351174
0.0351199
0.0351137
0.0351076
0.0351022
0.0350976
0.0350937
0.0350905
0.0350881
0.0350862
0.0350847
0.0350836
0.0350828
0.0350822
0.035082
0.0350817
0.0350814
0.0350814
0.0350814
0.0350813
0.0350813
0.0350814
0.0350814
0.0350815
0.0350816
0.0350817
0.0350818
0.035082
0.0350821
0.0350822
0.0350823
0.0350824
0.0350825
0.0350826
0.0350826
0.0350826
0.0350827
0.0350827
0.0350828
0.0350828
0.0350829
0.0350829
0.0350829
0.0350829
0.0350829
0.0350828
0.0350828
0.0350828
0.0350828
0.0350828
0.0350828
0.0350829
0.0350828
0.0350829
0.0350826
0.0350833
0.0350821
0.00656235
0.0297175
0.0348566
0.0351195
0.0351219
0.0351157
0.0351097
0.0351043
0.0350997
0.0350957
0.0350925
0.0350898
0.0350877
0.0350861
0.0350849
0.0350839
0.0350831
0.0350827
0.0350823
0.0350819
0.0350818
0.0350817
0.0350816
0.0350816
0.0350816
0.0350816
0.0350817
0.0350818
0.0350818
0.0350819
0.0350821
0.0350822
0.0350823
0.0350824
0.0350825
0.0350825
0.0350825
0.0350826
0.0350826
0.0350827
0.0350828
0.0350828
0.0350828
0.0350829
0.0350829
0.0350829
0.0350829
0.0350829
0.0350829
0.0350829
0.0350828
0.0350828
0.0350828
0.0350829
0.0350829
0.0350829
0.0350829
0.0350826
0.0350833
0.0350821
0.00660017
0.0297403
0.0348603
0.0351222
0.0351246
0.0351184
0.0351124
0.035107
0.0351023
0.0350982
0.0350947
0.0350918
0.0350895
0.0350876
0.0350862
0.035085
0.035084
0.0350835
0.035083
0.0350824
0.0350823
0.0350821
0.0350819
0.0350818
0.0350818
0.0350818
0.0350819
0.0350819
0.035082
0.0350821
0.0350822
0.0350823
0.0350823
0.0350824
0.0350825
0.0350826
0.0350826
0.0350826
0.0350827
0.0350828
0.0350828
0.0350828
0.0350829
0.0350829
0.0350829
0.0350829
0.0350829
0.0350829
0.0350829
0.0350829
0.0350829
0.0350829
0.0350829
0.0350829
0.0350829
0.0350829
0.0350829
0.0350826
0.0350833
0.0350822
0.00663872
0.0297601
0.0348646
0.035126
0.0351284
0.0351221
0.0351159
0.0351103
0.0351053
0.0351009
0.0350971
0.0350939
0.0350912
0.0350891
0.0350874
0.0350861
0.035085
0.0350844
0.0350837
0.0350831
0.0350828
0.0350826
0.0350823
0.0350822
0.0350821
0.0350821
0.0350821
0.0350821
0.0350822
0.0350822
0.0350823
0.0350824
0.0350824
0.0350825
0.0350826
0.0350827
0.0350827
0.0350827
0.0350828
0.0350828
0.0350829
0.0350829
0.0350829
0.0350829
0.0350829
0.0350829
0.0350829
0.0350829
0.0350829
0.0350829
0.0350829
0.0350829
0.0350829
0.0350829
0.0350829
0.0350829
0.0350829
0.0350826
0.0350833
0.0350822
0.00667804
0.0297724
0.0348694
0.0351312
0.0351335
0.0351266
0.0351201
0.0351139
0.0351084
0.0351036
0.0350994
0.0350958
0.0350929
0.0350906
0.0350887
0.0350872
0.035086
0.0350852
0.0350844
0.0350837
0.0350834
0.0350831
0.0350828
0.0350825
0.0350824
0.0350824
0.0350824
0.0350824
0.0350824
0.0350824
0.0350825
0.0350825
0.0350825
0.0350826
0.0350827
0.0350828
0.0350828
0.0350828
0.0350829
0.0350829
0.0350829
0.0350829
0.0350829
0.0350829
0.035083
0.035083
0.0350829
0.0350829
0.0350829
0.0350829
0.0350829
0.0350829
0.0350829
0.0350829
0.0350829
0.0350829
0.0350829
0.0350826
0.0350833
0.0350822
0.00671817
0.0297728
0.0348742
0.0351374
0.0351392
0.0351316
0.0351243
0.0351175
0.0351115
0.0351062
0.0351016
0.0350978
0.0350946
0.035092
0.03509
0.0350883
0.035087
0.0350861
0.0350851
0.0350844
0.0350839
0.0350835
0.0350832
0.0350829
0.0350827
0.0350827
0.0350827
0.0350827
0.0350826
0.0350827
0.0350827
0.0350827
0.0350827
0.0350828
0.0350829
0.0350829
0.0350829
0.0350829
0.035083
0.035083
0.035083
0.035083
0.035083
0.035083
0.035083
0.035083
0.035083
0.0350829
0.0350829
0.0350829
0.0350829
0.0350829
0.0350829
0.0350829
0.0350829
0.0350828
0.0350829
0.0350826
0.0350833
0.0350822
0.00675916
0.0297602
0.0348786
0.0351444
0.0351455
0.0351369
0.0351288
0.0351213
0.0351147
0.0351091
0.0351041
0.0350999
0.0350964
0.0350936
0.0350913
0.0350893
0.0350879
0.0350868
0.0350857
0.0350849
0.0350843
0.0350839
0.0350836
0.0350832
0.035083
0.035083
0.0350829
0.0350829
0.0350828
0.0350829
0.0350829
0.0350829
0.0350829
0.035083
0.0350831
0.0350831
0.0350831
0.0350831
0.0350831
0.0350831
0.0350831
0.035083
0.035083
0.035083
0.035083
0.035083
0.035083
0.0350829
0.0350829
0.0350829
0.0350829
0.0350829
0.0350829
0.0350829
0.0350828
0.0350828
0.0350829
0.0350826
0.0350833
0.0350821
0.00680106
0.0297334
0.0348826
0.0351524
0.0351528
0.0351432
0.0351342
0.035126
0.0351188
0.0351126
0.0351071
0.0351024
0.0350985
0.0350953
0.0350927
0.0350905
0.0350889
0.0350876
0.0350864
0.0350855
0.0350849
0.0350844
0.035084
0.0350837
0.0350834
0.0350833
0.0350832
0.0350831
0.0350831
0.0350831
0.0350832
0.0350831
0.0350831
0.0350832
0.0350833
0.0350832
0.0350832
0.0350832
0.0350832
0.0350832
0.0350831
0.0350831
0.0350831
0.0350831
0.0350831
0.035083
0.035083
0.0350829
0.0350829
0.0350829
0.0350829
0.0350829
0.0350828
0.0350828
0.0350828
0.0350828
0.0350828
0.0350826
0.0350833
0.0350821
0.00684392
0.0296911
0.0348864
0.0351621
0.0351616
0.0351509
0.0351408
0.0351317
0.0351237
0.0351168
0.0351106
0.0351053
0.035101
0.0350974
0.0350945
0.035092
0.0350902
0.0350888
0.0350875
0.0350864
0.0350856
0.0350851
0.0350846
0.0350842
0.0350839
0.0350838
0.0350837
0.0350835
0.0350834
0.0350834
0.0350834
0.0350834
0.0350834
0.0350834
0.0350835
0.0350834
0.0350833
0.0350833
0.0350833
0.0350833
0.0350832
0.0350832
0.0350831
0.0350831
0.0350831
0.0350831
0.035083
0.0350829
0.0350829
0.0350829
0.0350829
0.0350828
0.0350828
0.0350828
0.0350828
0.0350828
0.0350828
0.0350825
0.0350833
0.0350821
0.00688781
0.0296342
0.0348901
0.0351735
0.0351721
0.0351599
0.0351486
0.0351383
0.0351292
0.0351215
0.0351145
0.0351086
0.0351039
0.0351
0.0350967
0.0350939
0.0350919
0.0350903
0.0350888
0.0350876
0.0350866
0.0350859
0.0350854
0.0350848
0.0350845
0.0350843
0.0350841
0.0350839
0.0350838
0.0350838
0.0350837
0.0350837
0.0350837
0.0350837
0.0350837
0.0350836
0.0350835
0.0350835
0.0350834
0.0350834
0.0350833
0.0350833
0.0350832
0.0350832
0.0350831
0.0350831
0.035083
0.0350829
0.0350829
0.0350829
0.0350828
0.0350828
0.0350828
0.0350828
0.0350828
0.0350828
0.0350828
0.0350825
0.0350832
0.0350821
0.00693279
0.0295654
0.034894
0.035187
0.0351841
0.0351701
0.035157
0.0351454
0.0351351
0.0351265
0.0351188
0.0351123
0.035107
0.0351028
0.0350991
0.035096
0.0350938
0.0350919
0.0350902
0.0350888
0.0350877
0.0350868
0.0350861
0.0350854
0.035085
0.0350848
0.0350846
0.0350844
0.0350843
0.0350842
0.0350841
0.035084
0.0350839
0.0350839
0.0350839
0.0350838
0.0350837
0.0350836
0.0350836
0.0350835
0.0350835
0.0350834
0.0350833
0.0350833
0.0350832
0.0350831
0.035083
0.0350829
0.0350829
0.0350829
0.0350828
0.0350828
0.0350828
0.0350828
0.0350828
0.0350827
0.0350828
0.0350825
0.0350832
0.0350821
0.00697892
0.0294853
0.0348986
0.0352026
0.0351976
0.0351813
0.0351663
0.0351531
0.0351416
0.035132
0.0351236
0.0351162
0.0351104
0.0351057
0.0351015
0.0350981
0.0350955
0.0350935
0.0350916
0.03509
0.0350888
0.0350878
0.0350869
0.0350862
0.0350857
0.0350853
0.0350851
0.0350849
0.0350847
0.0350846
0.0350845
0.0350843
0.0350842
0.0350842
0.0350841
0.035084
0.0350838
0.0350838
0.0350837
0.0350837
0.0350836
0.0350835
0.0350834
0.0350833
0.0350832
0.0350831
0.035083
0.0350829
0.0350829
0.0350829
0.0350828
0.0350828
0.0350828
0.0350827
0.0350827
0.0350827
0.0350827
0.0350825
0.0350831
0.0350821
0.00702629
0.0293926
0.034904
0.0352209
0.0352135
0.0351945
0.0351772
0.0351622
0.035149
0.0351382
0.0351288
0.0351205
0.035114
0.0351087
0.0351041
0.0351003
0.0350975
0.0350952
0.035093
0.0350913
0.0350899
0.0350889
0.0350879
0.035087
0.0350865
0.035086
0.0350857
0.0350854
0.0350852
0.0350851
0.0350849
0.0350847
0.0350845
0.0350845
0.0350843
0.0350842
0.035084
0.035084
0.0350839
0.0350838
0.0350837
0.0350836
0.0350835
0.0350834
0.0350833
0.0350831
0.035083
0.0350829
0.0350829
0.0350828
0.0350828
0.0350828
0.0350827
0.0350827
0.0350827
0.0350827
0.0350827
0.0350824
0.0350831
0.035082
0.00707497
0.029287
0.0349108
0.0352431
0.0352329
0.0352106
0.0351902
0.0351727
0.0351576
0.0351452
0.0351345
0.0351253
0.0351181
0.0351123
0.0351071
0.0351029
0.0350997
0.0350971
0.0350947
0.0350927
0.0350911
0.0350899
0.0350888
0.0350879
0.0350873
0.0350868
0.0350863
0.035086
0.0350858
0.0350856
0.0350853
0.035085
0.0350849
0.0350848
0.0350846
0.0350844
0.0350843
0.0350842
0.0350841
0.0350839
0.0350838
0.0350837
0.0350835
0.0350834
0.0350833
0.0350832
0.035083
0.035083
0.0350829
0.0350828
0.0350828
0.0350828
0.0350827
0.0350827
0.0350826
0.0350826
0.0350826
0.0350824
0.035083
0.035082
0.00712507
0.0291687
0.0349206
0.0352708
0.0352567
0.0352298
0.0352055
0.0351848
0.0351674
0.0351532
0.0351413
0.0351311
0.035123
0.0351165
0.0351108
0.0351061
0.0351024
0.0350994
0.0350967
0.0350944
0.0350926
0.0350911
0.0350898
0.0350888
0.0350881
0.0350875
0.035087
0.0350866
0.0350864
0.035086
0.0350857
0.0350854
0.0350852
0.0350851
0.0350849
0.0350846
0.0350845
0.0350843
0.0350842
0.0350841
0.0350839
0.0350838
0.0350836
0.0350835
0.0350833
0.0350832
0.0350831
0.035083
0.0350829
0.0350828
0.0350828
0.0350827
0.0350827
0.0350826
0.0350826
0.0350826
0.0350826
0.0350823
0.035083
0.0350819
0.0071767
0.0290356
0.0349348
0.0353059
0.0352863
0.0352533
0.035224
0.0351995
0.0351793
0.035163
0.0351494
0.0351379
0.0351287
0.0351213
0.0351149
0.0351096
0.0351056
0.0351022
0.0350991
0.0350965
0.0350945
0.0350927
0.0350912
0.03509
0.0350891
0.0350884
0.0350878
0.0350874
0.035087
0.0350866
0.0350862
0.0350859
0.0350856
0.0350854
0.0350852
0.0350849
0.0350847
0.0350845
0.0350844
0.0350842
0.035084
0.0350838
0.0350837
0.0350835
0.0350834
0.0350832
0.0350831
0.035083
0.0350829
0.0350828
0.0350828
0.0350827
0.0350827
0.0350826
0.0350826
0.0350825
0.0350825
0.0350823
0.0350829
0.0350819
0.00723004
0.028881
0.0349549
0.035351
0.035324
0.0352829
0.0352474
0.0352179
0.0351942
0.0351751
0.0351593
0.0351462
0.0351357
0.0351271
0.0351197
0.0351138
0.0351092
0.0351052
0.0351017
0.0350989
0.0350966
0.0350945
0.0350928
0.0350914
0.0350903
0.0350894
0.0350887
0.0350881
0.0350877
0.0350872
0.0350867
0.0350863
0.035086
0.0350858
0.0350855
0.0350852
0.0350849
0.0350847
0.0350845
0.0350843
0.0350841
0.0350839
0.0350837
0.0350836
0.0350834
0.0350833
0.0350831
0.035083
0.0350829
0.0350828
0.0350828
0.0350827
0.0350826
0.0350826
0.0350825
0.0350825
0.0350825
0.0350822
0.0350828
0.0350818
0.00728533
0.0286979
0.0349826
0.0354098
0.0353729
0.0353212
0.0352773
0.0352414
0.035213
0.0351906
0.0351721
0.035157
0.0351448
0.0351346
0.0351261
0.0351192
0.0351137
0.035109
0.035105
0.0351016
0.0350989
0.0350965
0.0350945
0.035093
0.0350916
0.0350905
0.0350897
0.035089
0.0350884
0.0350878
0.0350873
0.0350868
0.0350865
0.0350861
0.0350858
0.0350854
0.0350851
0.0350849
0.0350847
0.0350844
0.0350842
0.035084
0.0350838
0.0350836
0.0350835
0.0350833
0.0350831
0.035083
0.0350829
0.0350828
0.0350827
0.0350827
0.0350826
0.0350825
0.0350825
0.0350824
0.0350824
0.0350821
0.0350828
0.0350818
0.00734287
0.0284835
0.0350214
0.0354873
0.0354368
0.0353704
0.0353155
0.0352717
0.0352376
0.0352108
0.035189
0.0351712
0.0351567
0.0351446
0.0351344
0.0351263
0.0351198
0.0351141
0.0351093
0.0351053
0.0351019
0.0350991
0.0350967
0.0350948
0.0350932
0.0350918
0.0350908
0.03509
0.0350893
0.0350886
0.0350879
0.0350874
0.035087
0.0350865
0.0350861
0.0350857
0.0350854
0.0350851
0.0350848
0.0350845
0.0350843
0.0350841
0.0350839
0.0350837
0.0350835
0.0350833
0.0350832
0.035083
0.0350829
0.0350828
0.0350827
0.0350826
0.0350825
0.0350825
0.0350824
0.0350823
0.0350823
0.0350821
0.0350827
0.0350817
0.00740307
0.028242
0.0350767
0.0355901
0.0355204
0.0354343
0.0353651
0.0353112
0.0352697
0.0352371
0.0352106
0.035189
0.0351713
0.0351564
0.0351443
0.0351346
0.0351266
0.0351199
0.0351143
0.0351096
0.0351055
0.0351021
0.0350993
0.035097
0.035095
0.0350934
0.0350922
0.0350912
0.0350903
0.0350894
0.0350886
0.035088
0.0350875
0.0350869
0.0350864
0.035086
0.0350856
0.0350852
0.0350849
0.0350846
0.0350844
0.0350841
0.0350839
0.0350837
0.0350835
0.0350834
0.0350832
0.035083
0.0350829
0.0350828
0.0350827
0.0350826
0.0350825
0.0350824
0.0350823
0.0350823
0.0350823
0.035082
0.0350826
0.0350817
0.00746647
0.0279893
0.0351586
0.0357288
0.0356324
0.0355197
0.0354313
0.0353636
0.0353118
0.035271
0.0352379
0.035211
0.0351888
0.0351704
0.0351557
0.035144
0.0351342
0.0351261
0.0351195
0.035114
0.0351093
0.0351053
0.0351021
0.0350993
0.035097
0.0350951
0.0350937
0.0350925
0.0350913
0.0350903
0.0350894
0.0350887
0.035088
0.0350873
0.0350867
0.0350862
0.0350858
0.0350854
0.0350851
0.0350847
0.0350845
0.0350842
0.035084
0.0350838
0.0350836
0.0350834
0.0350832
0.0350831
0.0350829
0.0350828
0.0350827
0.0350825
0.0350824
0.0350823
0.0350823
0.0350822
0.0350822
0.0350819
0.0350825
0.0350816
0.00753387
0.0277682
0.0352919
0.0359237
0.0357889
0.0356386
0.0355231
0.0354357
0.0353686
0.0353157
0.0352732
0.0352387
0.0352107
0.0351878
0.0351696
0.0351552
0.0351433
0.0351336
0.0351256
0.035119
0.0351135
0.0351089
0.0351051
0.0351019
0.0350992
0.035097
0.0350953
0.0350938
0.0350924
0.0350912
0.0350902
0.0350893
0.0350885
0.0350878
0.0350871
0.0350865
0.035086
0.0350856
0.0350852
0.0350848
0.0350845
0.0350843
0.0350841
0.0350838
0.0350836
0.0350834
0.0350832
0.0350831
0.0350829
0.0350828
0.0350826
0.0350825
0.0350824
0.0350823
0.0350822
0.0350821
0.0350821
0.0350818
0.0350824
0.0350815
0.00760711
0.0276863
0.0355401
0.0362145
0.0360213
0.0358133
0.0356558
0.0355374
0.0354465
0.0353753
0.0353187
0.0352734
0.0352371
0.0352085
0.0351862
0.0351683
0.0351538
0.0351422
0.0351327
0.0351247
0.0351183
0.035113
0.0351085
0.0351047
0.0351016
0.0350991
0.0350971
0.0350953
0.0350936
0.0350922
0.035091
0.03509
0.0350891
0.0350882
0.0350875
0.0350868
0.0350863
0.0350858
0.0350854
0.035085
0.0350846
0.0350844
0.0350841
0.0350839
0.0350836
0.0350834
0.0350832
0.035083
0.0350829
0.0350827
0.0350826
0.0350824
0.0350823
0.0350822
0.0350821
0.035082
0.035082
0.0350817
0.0350823
0.0350814
0.00769413
0.0279953
0.0360713
0.0366921
0.0363947
0.0360847
0.0358535
0.0356817
0.0355521
0.0354529
0.0353762
0.0353164
0.0352694
0.0352332
0.0352055
0.0351833
0.0351657
0.0351517
0.0351404
0.0351311
0.0351235
0.0351173
0.0351121
0.0351077
0.0351042
0.0351013
0.0350989
0.0350968
0.0350949
0.0350933
0.0350919
0.0350907
0.0350896
0.0350887
0.0350878
0.0350871
0.0350865
0.035086
0.0350855
0.0350851
0.0350848
0.0350845
0.0350842
0.0350839
0.0350837
0.0350834
0.0350832
0.035083
0.0350828
0.0350827
0.0350825
0.0350824
0.0350822
0.0350821
0.035082
0.0350819
0.0350819
0.0350817
0.0350822
0.0350813
0.00783221
0.0291677
0.0372574
0.0375493
0.0370278
0.0365152
0.0361467
0.0358832
0.0356921
0.0355516
0.0354469
0.0353678
0.0353083
0.0352634
0.0352282
0.0352009
0.0351796
0.0351627
0.0351491
0.0351382
0.0351294
0.0351221
0.0351161
0.035111
0.035107
0.0351037
0.0351008
0.0350983
0.0350961
0.0350943
0.0350927
0.0350914
0.0350902
0.0350891
0.0350882
0.0350875
0.0350868
0.0350862
0.0350857
0.0350853
0.0350849
0.0350846
0.0350842
0.035084
0.0350837
0.0350834
0.0350832
0.035083
0.0350828
0.0350826
0.0350825
0.0350823
0.0350822
0.035082
0.0350819
0.0350819
0.0350818
0.0350816
0.035082
0.0350813
0.00815628
0.0319645
0.0395909
0.0389717
0.0379956
0.0371289
0.0365419
0.0361438
0.0358679
0.0356731
0.0355324
0.0354296
0.0353546
0.0352982
0.0352547
0.0352213
0.0351954
0.0351751
0.035159
0.0351462
0.0351359
0.0351274
0.0351204
0.0351146
0.03511
0.0351061
0.0351028
0.0350999
0.0350974
0.0350953
0.0350936
0.035092
0.0350907
0.0350896
0.0350886
0.0350878
0.0350871
0.0350865
0.0350859
0.0350854
0.035085
0.0350847
0.0350843
0.035084
0.0350837
0.0350834
0.0350832
0.0350829
0.0350827
0.0350826
0.0350824
0.0350822
0.0350821
0.035082
0.0350819
0.0350818
0.0350817
0.0350815
0.0350819
0.0350812
0.00897042
0.0380502
0.0437626
0.0405951
0.0388046
0.0375486
0.036801
0.0363257
0.0360032
0.0357762
0.0356126
0.035494
0.0354051
0.0353368
0.0352846
0.0352447
0.0352138
0.0351895
0.0351705
0.0351555
0.0351435
0.0351337
0.0351256
0.035119
0.0351135
0.0351089
0.035105
0.0351017
0.0350989
0.0350966
0.0350946
0.0350929
0.0350915
0.0350902
0.0350892
0.0350883
0.0350875
0.0350868
0.0350862
0.0350857
0.0350853
0.0350848
0.0350844
0.0350841
0.0350837
0.0350834
0.0350831
0.0350829
0.0350827
0.0350825
0.0350823
0.0350822
0.035082
0.0350819
0.0350818
0.0350817
0.0350816
0.0350814
0.0350818
0.0350811
0.0103977
0.0504863
0.053076
0.0446094
0.0399565
0.0375953
0.0365146
0.0360251
0.0357716
0.0356175
0.0355126
0.0354338
0.0353714
0.0353214
0.0352808
0.0352478
0.0352207
0.0351986
0.0351805
0.0351657
0.0351534
0.0351431
0.0351344
0.035127
0.0351206
0.0351152
0.0351104
0.0351064
0.035103
0.0351002
0.0350978
0.0350958
0.0350941
0.0350926
0.0350913
0.0350902
0.0350892
0.0350882
0.0350874
0.0350867
0.0350861
0.0350854
0.0350849
0.0350844
0.0350839
0.0350836
0.0350833
0.035083
0.0350827
0.0350825
0.0350823
0.0350821
0.035082
0.0350818
0.0350817
0.0350816
0.0350815
0.0350812
0.0350816
0.035081
6.74939
6.32605
5.97649
5.62877
5.24298
4.81381
4.33807
3.81485
3.25155
2.65267
2.02542
1.39361
0.823034
0.40589
0.175642
0.0752434
0.0441641
0.0735306
0.119421
0.0420847
6.62427
6.28864
5.96224
5.60628
5.20341
4.74908
4.24144
3.68175
3.0727
2.41895
1.73075
1.04805
0.511493
0.216139
0.0919553
0.0466551
0.0531706
0.0877857
0.094133
0.049523
6.44514
6.15721
5.84336
5.48224
5.06491
4.58808
4.05029
3.45193
2.79475
2.08364
1.33458
0.641211
0.239693
0.0923691
0.0449208
0.0359036
0.0893155
0.12088
0.105463
0.0682301
6.20112
5.94115
5.63636
5.2726
4.84369
4.34676
3.78059
3.14581
2.44615
1.69267
0.924437
0.331012
0.0998124
0.0411672
0.0286289
0.0505406
0.143018
0.131076
0.0923722
0.0858729
5.90189
5.65889
5.36074
4.99478
4.55607
4.04276
3.45519
2.79667
2.07624
1.31824
0.594637
0.153942
0.0411384
0.0237154
0.0279881
0.0852605
0.195156
0.136978
0.083801
0.100935
5.56141
5.32737
5.0326
4.6637
4.21658
3.69131
3.09103
2.42341
1.70537
0.970488
0.34038
0.0639297
0.0196578
0.0219606
0.0382669
0.108305
0.186168
0.136431
0.0881494
0.101445
5.18781
4.95679
4.662
4.28888
3.83434
3.30084
2.6951
2.02933
1.32595
0.638264
0.162251
0.0264149
0.0140138
0.0284537
0.056629
0.111308
0.141163
0.131144
0.0954122
0.088775
4.78546
4.55331
4.25521
3.87585
3.41336
2.87295
2.26502
1.60645
0.929167
0.345786
0.0661776
0.0138807
0.0161104
0.0384182
0.0715129
0.103361
0.105625
0.12003
0.0942404
0.074582
4.36033
4.12378
3.81878
3.42969
2.95613
2.40658
1.79666
1.15274
0.545353
0.151855
0.0264044
0.0112072
0.0233155
0.0473942
0.0747359
0.0914133
0.0846033
0.0991365
0.0814966
0.0598857
3.92392
3.67994
3.36381
2.95988
2.46953
1.90646
1.29797
0.701979
0.25514
0.0576124
0.0125909
0.0134493
0.0326079
0.0526921
0.0702859
0.0796086
0.0728954
0.0758375
0.0655339
0.0464046
3.49532
3.2411
2.90954
2.48493
1.97061
1.39051
0.805531
0.340487
0.0978299
0.0216116
0.00900257
0.0193816
0.0402888
0.0541121
0.0640478
0.0699911
0.0663849
0.0602247
0.0545208
0.0374657
3.1001
2.83367
2.48387
2.03429
1.48987
0.898674
0.403858
0.132379
0.0341434
0.00994154
0.0105075
0.027642
0.0446405
0.0530116
0.0585392
0.062666
0.0618983
0.0540168
0.0504481
0.034524
2.76403
2.48518
2.11763
1.64349
1.06775
0.498375
0.163235
0.0451514
0.0128694
0.00751384
0.0164896
0.0353824
0.0460872
0.0508588
0.0541522
0.0571038
0.0578739
0.0531144
0.0508629
0.0370868
2.50296
2.21345
1.83204
1.3393
0.739785
0.242048
0.05767
0.0156997
0.00705312
0.0102244
0.0259114
0.040177
0.0458001
0.0485555
0.0507139
0.0528535
0.0541273
0.0527633
0.0518707
0.0425683
2.31568
2.0181
1.62783
1.1242
0.516469
0.112812
0.020563
0.00728865
0.00755385
0.0181929
0.0343877
0.0419905
0.0447722
0.0464847
0.0480163
0.0495954
0.0508614
0.051195
0.0513393
0.0469606
2.18647
1.88289
1.48725
0.977524
0.37702
0.0569634
0.00931778
0.00647253
0.0134348
0.0287756
0.0387799
0.0420879
0.0435685
0.0447397
0.0458881
0.0470831
0.0481728
0.0489787
0.0495797
0.0483016
2.09486
1.78644
1.38676
0.871661
0.288351
0.0336542
0.00703064
0.0107282
0.0241399
0.0358418
0.0400596
0.0415121
0.0424335
0.043305
0.0442016
0.0451335
0.0460325
0.0468421
0.0475268
0.0475334
2.02436
1.7117
1.30802
0.786024
0.225771
0.022978
0.00880737
0.0201752
0.0331547
0.0384013
0.0399879
0.0407616
0.041428
0.0421172
0.0428408
0.0435912
0.0443327
0.045038
0.0456704
0.046055
1.96519
1.64869
1.24078
0.710378
0.17763
0.0173322
0.0133096
0.0297519
0.0369424
0.0388153
0.0395253
0.0400543
0.0405915
0.0411659
0.0417728
0.0424008
0.0430279
0.0436341
0.0441928
0.0446418
1.91297
1.59302
1.1808
0.64142
0.139291
0.0139498
0.0190896
0.034688
0.0377839
0.0385207
0.0389559
0.0393779
0.0398326
0.0403229
0.0408416
0.0413782
0.0419173
0.0424428
0.0429358
0.0433666
1.8665
1.54344
1.12701
0.579227
0.109838
0.0122158
0.024071
0.0363021
0.0377336
0.0381468
0.0384991
0.0388776
0.0392919
0.039739
0.0402122
0.0407021
0.0411965
0.0416816
0.0421419
0.0425574
1.8263
1.50035
1.07964
0.524031
0.0863901
0.0114362
0.0284949
0.0366682
0.0373959
0.0376997
0.0380075
0.0383462
0.0387159
0.0391129
0.0395311
0.0399627
0.0403979
0.0408252
0.0412323
0.0416043
1.79435
1.46561
1.04043
0.47765
0.0698856
0.0115641
0.030937
0.0366215
0.0370954
0.037364
0.0376545
0.0379765
0.0383289
0.0387087
0.0391113
0.0395306
0.0399589
0.0403867
0.0408034
0.0411965
1.77455
1.44373
1.01413
0.442563
0.0572406
0.0125206
0.0329682
0.0364819
0.0368226
0.0370802
0.0373649
0.0376796
0.0380227
0.0383911
0.0387805
0.0391847
0.0395963
0.0400058
0.0404029
0.0407753
0.0518915
0.0636548
0.0676047
0.0686931
0.0612902
0.0429742
0.0285154
0.0183834
0.0123363
0.00926622
0.00804838
0.00766229
0.00753755
0.00755773
0.00762637
0.0571104
0.157171
0.218059
0.322718
0.260185
0.202236
0.117426
0.0609491
0.0307356
0.0179143
0.0150905
0.0187024
0.0250809
0.0317756
0.040438
0.0646507
0.104596
0.17944
0.258455
0.274147
0.22581
0.143717
0.0758415
0.0370822
0.020649
0.0173243
0.0230063
0.0331118
0.03946
0.0446773
0.0876391
0.11863
0.185464
0.247012
0.264673
0.222816
0.146176
0.0774609
0.0373591
0.0211023
0.0192804
0.0274496
0.038039
0.0433697
0.0451335
0.117736
0.149008
0.20745
0.252153
0.252744
0.201608
0.12594
0.0644987
0.0319697
0.0210312
0.023504
0.0342106
0.0426479
0.0451472
0.0457645
0.132463
0.169184
0.217343
0.239391
0.214173
0.154034
0.0894842
0.0462301
0.0267524
0.0233719
0.0308862
0.0413726
0.0458152
0.0461343
0.0456741
0.123305
0.164437
0.198132
0.197198
0.158228
0.103452
0.0586189
0.0337546
0.0256443
0.0295406
0.0398659
0.0465659
0.04743
0.04643
0.0454189
0.100366
0.135234
0.152038
0.137474
0.101154
0.0637341
0.0388508
0.0284098
0.0297066
0.0388615
0.047098
0.0490653
0.0478449
0.0462542
0.0449691
0.0729845
0.0944714
0.0989516
0.0833051
0.0593477
0.0397694
0.0300228
0.0302828
0.0384192
0.047447
0.0506428
0.0495652
0.0475433
0.0457922
0.0444179
0.0489784
0.0584944
0.0578001
0.0477124
0.0362529
0.0296721
0.0304419
0.038171
0.0475898
0.0518834
0.0512341
0.0490087
0.0468813
0.0451804
0.0438251
0.0329789
0.0354501
0.0341871
0.0301863
0.0277206
0.0300181
0.037885
0.0474695
0.0525875
0.0525366
0.050363
0.0480273
0.0460718
0.0445081
0.0432295
0.0256119
0.0248792
0.0247847
0.0256011
0.0295712
0.0377208
0.0471512
0.052679
0.0532397
0.0513518
0.0490152
0.0469403
0.0452312
0.0438313
0.0426562
0.0258639
0.0239002
0.0255447
0.0302743
0.0382061
0.0468743
0.0522377
0.0532491
0.0517963
0.0496658
0.0476326
0.0458869
0.0444205
0.043184
0.0421207
0.032302
0.0303755
0.0335857
0.0399571
0.0469233
0.0514515
0.0526208
0.051635
0.0498667
0.0480319
0.0463699
0.0449225
0.0436708
0.0425853
0.0416314
0.0408533
0.0399607
0.0430308
0.0473536
0.0504955
0.051513
0.050925
0.0495939
0.0480749
0.0466071
0.0452663
0.0440654
0.042996
0.0420445
0.041192
0.0461052
0.0461124
0.047763
0.0494167
0.0501049
0.0498038
0.0489057
0.0477613
0.046566
0.0454076
0.0443209
0.0433182
0.0424005
0.041565
0.0408031
0.0472029
0.0474995
0.0481463
0.0485396
0.0484353
0.0479143
0.0471449
0.0462579
0.0453318
0.044411
0.0435209
0.0426759
0.0418831
0.0411463
0.0404634
0.046305
0.0466288
0.0469045
0.0469557
0.0467393
0.0463057
0.045724
0.0450512
0.044329
0.0435878
0.0428496
0.04213
0.0414396
0.0407856
0.0401705
0.0450158
0.0453231
0.045509
0.0455221
0.0453594
0.0450464
0.0446161
0.0441001
0.0435263
0.0429184
0.042296
0.0416748
0.0410667
0.0404809
0.0399224
0.0437478
0.0440476
0.0442341
0.0442865
0.0442047
0.0440013
0.0436939
0.0433027
0.0428478
0.0423485
0.0418223
0.0412841
0.0407463
0.0402195
0.0397104
0.0429357
0.0432398
0.0434439
0.0435334
0.0435065
0.0433694
0.0431338
0.0428145
0.0424282
0.0419919
0.0415218
0.0410326
0.0405371
0.0400463
0.0395678
0.0419482
0.0422323
0.0424349
0.0425444
0.0425579
0.0424785
0.0423134
0.042073
0.0417694
0.0414159
0.0410256
0.0406109
0.0401833
0.039753
0.0393275
0.0415755
0.041911
0.0421781
0.0423625
0.0424571
0.0424598
0.0423726
0.0422013
0.041955
0.041645
0.0412839
0.0408849
0.0404611
0.0400245
0.0395853
0.0411311
0.0414425
0.0416833
0.0418402
0.0419063
0.0418798
0.0417636
0.0415645
0.0412932
0.0409624
0.0405864
0.0401796
0.0397557
0.0393273
0.0389042
0.0191344
0.0469919
0.0534055
0.0469583
0.0415132
0.0386202
0.0369728
0.0361653
0.0357793
0.0355767
0.0354581
0.0353796
0.0353233
0.0352809
0.0352478
0.0352214
0.0351999
0.0351822
0.0351675
0.0351551
0.0351446
0.0351356
0.035128
0.0351216
0.0351161
0.0351113
0.0351073
0.035104
0.0351012
0.0350988
0.0350967
0.0350949
0.0350934
0.035092
0.0350907
0.0350895
0.0350885
0.0350875
0.0350867
0.035086
0.0350854
0.0350848
0.0350843
0.0350839
0.0350836
0.0350833
0.035083
0.0350828
0.0350825
0.0350823
0.0350822
0.035082
0.0350818
0.0350817
0.0350815
0.0350814
0.0350813
0.0350811
0.0350814
0.0350808
0.0571088
0.0654392
0.0605531
0.0497272
0.0430569
0.0396683
0.0378434
0.0368285
0.036244
0.0358889
0.0356598
0.035508
0.0354045
0.0353316
0.0352787
0.0352394
0.0352094
0.0351862
0.035168
0.0351533
0.0351414
0.0351317
0.0351238
0.0351173
0.0351119
0.0351075
0.0351038
0.0351008
0.0350983
0.0350962
0.0350943
0.0350927
0.0350913
0.03509
0.0350889
0.0350878
0.0350869
0.0350862
0.0350855
0.0350849
0.0350845
0.035084
0.0350837
0.0350834
0.0350831
0.0350828
0.0350826
0.0350824
0.0350822
0.0350821
0.0350819
0.0350817
0.0350816
0.0350815
0.0350813
0.0350812
0.0350812
0.0350809
0.0350813
0.0350807
0.0553433
0.0563001
0.0512682
0.045972
0.0419965
0.0394075
0.0378353
0.0368964
0.0363226
0.0359569
0.0357156
0.0355525
0.0354389
0.0353576
0.0352981
0.0352537
0.03522
0.035194
0.0351737
0.0351575
0.0351445
0.035134
0.0351255
0.0351186
0.0351129
0.0351082
0.0351044
0.0351012
0.0350985
0.0350963
0.0350944
0.0350927
0.0350912
0.0350899
0.0350888
0.0350877
0.0350868
0.0350861
0.0350854
0.0350849
0.0350844
0.0350839
0.0350836
0.0350833
0.035083
0.0350827
0.0350825
0.0350823
0.0350821
0.0350819
0.0350818
0.0350816
0.0350815
0.0350814
0.0350812
0.0350811
0.0350811
0.0350809
0.0350812
0.0350807
0.0483715
0.0500361
0.0479331
0.0442146
0.0411331
0.0390612
0.0377376
0.0368953
0.0363496
0.0359897
0.0357472
0.0355798
0.0354613
0.0353756
0.0353125
0.0352651
0.0352291
0.0352012
0.0351794
0.0351621
0.0351482
0.0351371
0.035128
0.0351207
0.0351146
0.0351097
0.0351056
0.0351022
0.0350993
0.0350969
0.0350948
0.035093
0.0350915
0.0350901
0.0350889
0.0350879
0.035087
0.0350862
0.0350855
0.0350849
0.0350844
0.035084
0.0350836
0.0350832
0.0350829
0.0350827
0.0350824
0.0350822
0.035082
0.0350818
0.0350817
0.0350815
0.0350814
0.0350813
0.0350811
0.035081
0.035081
0.0350808
0.0350811
0.0350806
0.0469439
0.0467188
0.0448068
0.0423851
0.0402783
0.0387077
0.0376096
0.0368615
0.0363553
0.0360099
0.0357705
0.0356015
0.0354801
0.0353913
0.0353253
0.0352756
0.0352375
0.035208
0.0351849
0.0351666
0.0351519
0.0351401
0.0351306
0.0351228
0.0351164
0.0351111
0.0351067
0.0351031
0.0351001
0.0350975
0.0350953
0.0350934
0.0350918
0.0350904
0.0350891
0.0350881
0.0350871
0.0350863
0.0350856
0.035085
0.0350845
0.035084
0.0350836
0.0350832
0.0350829
0.0350826
0.0350823
0.0350821
0.0350819
0.0350817
0.0350816
0.0350814
0.0350813
0.0350812
0.0350811
0.035081
0.0350809
0.0350807
0.035081
0.0350805
0.0454767
0.0447806
0.0432315
0.0413741
0.0397177
0.0384294
0.0374887
0.0368214
0.0363526
0.0360225
0.035788
0.0356193
0.0354963
0.0354053
0.0353371
0.0352853
0.0352454
0.0352145
0.0351902
0.0351709
0.0351555
0.0351431
0.035133
0.0351248
0.0351181
0.0351125
0.0351079
0.035104
0.0351008
0.0350981
0.0350958
0.0350938
0.0350921
0.0350906
0.0350893
0.0350882
0.0350873
0.0350864
0.0350857
0.035085
0.0350845
0.035084
0.0350836
0.0350832
0.0350828
0.0350825
0.0350823
0.035082
0.0350818
0.0350816
0.0350815
0.0350813
0.0350812
0.0350811
0.035081
0.0350809
0.0350808
0.0350806
0.0350808
0.0350804
0.0445843
0.0435555
0.0421445
0.0406251
0.0392726
0.0381916
0.0373753
0.0367764
0.0363424
0.0360285
0.0358005
0.0356335
0.03551
0.0354175
0.0353476
0.0352942
0.0352529
0.0352207
0.0351953
0.0351751
0.035159
0.0351459
0.0351354
0.0351267
0.0351197
0.0351138
0.035109
0.0351049
0.0351016
0.0350987
0.0350963
0.0350942
0.0350924
0.0350909
0.0350895
0.0350884
0.0350874
0.0350865
0.0350858
0.0350851
0.0350845
0.035084
0.0350835
0.0350831
0.0350828
0.0350825
0.0350822
0.035082
0.0350817
0.0350816
0.0350814
0.0350812
0.0350811
0.035081
0.0350809
0.0350808
0.0350807
0.0350805
0.0350807
0.0350804
0.0438096
0.0426429
0.041347
0.0400541
0.0389136
0.037987
0.0372696
0.036729
0.0363269
0.0360293
0.0358088
0.0356446
0.0355214
0.0354282
0.0353571
0.0353023
0.0352598
0.0352264
0.0352001
0.0351791
0.0351623
0.0351487
0.0351376
0.0351286
0.0351212
0.0351151
0.03511
0.0351058
0.0351022
0.0350993
0.0350967
0.0350946
0.0350927
0.0350911
0.0350897
0.0350885
0.0350875
0.0350866
0.0350858
0.0350851
0.0350845
0.035084
0.0350835
0.0350831
0.0350827
0.0350824
0.0350821
0.0350819
0.0350817
0.0350815
0.0350813
0.0350811
0.035081
0.0350809
0.0350808
0.0350807
0.0350806
0.0350804
0.0350806
0.0350803
0.0431335
0.0419324
0.0407361
0.0396059
0.03862
0.037811
0.0371728
0.0366815
0.0363082
0.0360263
0.0358137
0.0356529
0.0355308
0.0354374
0.0353654
0.0353097
0.0352661
0.0352318
0.0352046
0.0351829
0.0351654
0.0351513
0.0351398
0.0351304
0.0351227
0.0351163
0.035111
0.0351066
0.0351029
0.0350998
0.0350971
0.0350949
0.035093
0.0350913
0.0350899
0.0350886
0.0350876
0.0350867
0.0350859
0.0350851
0.0350845
0.035084
0.0350835
0.0350831
0.0350827
0.0350823
0.035082
0.0350818
0.0350816
0.0350814
0.0350812
0.0350811
0.0350809
0.0350808
0.0350807
0.0350806
0.0350805
0.0350804
0.0350805
0.0350802
0.0425296
0.0413544
0.0402505
0.0392451
0.0383765
0.0376591
0.0370851
0.0366354
0.0362877
0.0360206
0.0358159
0.035659
0.0355383
0.0354451
0.0353728
0.0353163
0.0352719
0.0352368
0.0352088
0.0351864
0.0351684
0.0351538
0.0351419
0.0351321
0.0351241
0.0351175
0.035112
0.0351074
0.0351035
0.0351003
0.0350976
0.0350952
0.0350932
0.0350915
0.03509
0.0350888
0.0350877
0.0350867
0.0350859
0.0350852
0.0350845
0.035084
0.0350835
0.035083
0.0350826
0.0350823
0.035082
0.0350817
0.0350815
0.0350813
0.0350811
0.035081
0.0350808
0.0350807
0.0350806
0.0350805
0.0350804
0.0350803
0.0350804
0.0350802
0.0419853
0.0408691
0.0398529
0.0389481
0.0381718
0.0375274
0.037006
0.0365917
0.0362665
0.036013
0.0358161
0.0356632
0.0355443
0.0354517
0.0353792
0.0353221
0.0352771
0.0352413
0.0352127
0.0351897
0.0351712
0.0351561
0.0351438
0.0351337
0.0351254
0.0351186
0.0351129
0.0351081
0.0351041
0.0351008
0.0350979
0.0350955
0.0350935
0.0350917
0.0350902
0.0350889
0.0350877
0.0350868
0.0350859
0.0350852
0.0350845
0.0350839
0.0350834
0.035083
0.0350826
0.0350822
0.0350819
0.0350816
0.0350814
0.0350812
0.035081
0.0350809
0.0350807
0.0350806
0.0350805
0.0350804
0.0350803
0.0350802
0.0350803
0.0350801
0.0414948
0.0404533
0.0395198
0.0386993
0.0379977
0.0374127
0.036935
0.0365509
0.0362455
0.0360043
0.0358147
0.0356659
0.035549
0.0354571
0.0353847
0.0353273
0.0352818
0.0352454
0.0352163
0.0351928
0.0351737
0.0351583
0.0351456
0.0351352
0.0351267
0.0351196
0.0351137
0.0351088
0.0351047
0.0351012
0.0350983
0.0350958
0.0350937
0.0350919
0.0350903
0.035089
0.0350878
0.0350868
0.0350859
0.0350852
0.0350845
0.0350839
0.0350834
0.0350829
0.0350825
0.0350821
0.0350818
0.0350816
0.0350813
0.0350811
0.035081
0.0350808
0.0350807
0.0350805
0.0350804
0.0350803
0.0350803
0.0350801
0.0350802
0.03508
0.0410546
0.040093
0.0392363
0.0384878
0.0378483
0.0373126
0.0368715
0.0365132
0.0362251
0.0359951
0.0358123
0.0356674
0.0355527
0.0354617
0.0353894
0.0353319
0.035286
0.0352492
0.0352195
0.0351956
0.0351761
0.0351603
0.0351473
0.0351366
0.0351278
0.0351205
0.0351145
0.0351094
0.0351052
0.0351016
0.0350986
0.0350961
0.0350939
0.035092
0.0350904
0.035089
0.0350879
0.0350868
0.0350859
0.0350852
0.0350845
0.0350839
0.0350833
0.0350829
0.0350825
0.0350821
0.0350818
0.0350815
0.0350813
0.0350811
0.0350809
0.0350807
0.0350806
0.0350805
0.0350804
0.0350803
0.0350802
0.0350801
0.0350801
0.0350799
0.0406619
0.039779
0.0389926
0.0383065
0.0377193
0.0372249
0.0368148
0.0364787
0.0362058
0.0359858
0.0358093
0.0356681
0.0355554
0.0354654
0.0353935
0.0353359
0.0352897
0.0352525
0.0352225
0.0351981
0.0351783
0.0351621
0.0351488
0.0351379
0.0351289
0.0351214
0.0351152
0.03511
0.0351057
0.035102
0.0350989
0.0350963
0.0350941
0.0350922
0.0350905
0.0350891
0.0350879
0.0350869
0.0350859
0.0350852
0.0350845
0.0350838
0.0350833
0.0350828
0.0350824
0.035082
0.0350817
0.0350814
0.0350812
0.035081
0.0350808
0.0350807
0.0350805
0.0350804
0.0350803
0.0350802
0.0350801
0.03508
0.0350801
0.0350799
0.0403142
0.0395052
0.0387822
0.0381503
0.0376076
0.0371483
0.0367645
0.0364474
0.0361878
0.0359767
0.0358059
0.0356682
0.0355575
0.0354685
0.035397
0.0353394
0.035293
0.0352555
0.0352251
0.0352004
0.0351803
0.0351638
0.0351502
0.0351391
0.0351298
0.0351222
0.0351158
0.0351105
0.0351061
0.0351024
0.0350992
0.0350965
0.0350942
0.0350923
0.0350906
0.0350892
0.0350879
0.0350869
0.0350859
0.0350851
0.0350844
0.0350838
0.0350833
0.0350828
0.0350824
0.035082
0.0350817
0.0350814
0.0350811
0.0350809
0.0350807
0.0350806
0.0350804
0.0350803
0.0350802
0.0350801
0.03508
0.0350799
0.03508
0.0350798
0.0400088
0.039267
0.0386004
0.0380155
0.0375109
0.0370814
0.0367202
0.0364195
0.0361714
0.0359681
0.0358024
0.0356679
0.0355591
0.0354711
0.0353999
0.0353424
0.0352959
0.0352582
0.0352275
0.0352025
0.035182
0.0351653
0.0351515
0.0351401
0.0351307
0.0351229
0.0351164
0.035111
0.0351065
0.0351027
0.0350995
0.0350967
0.0350944
0.0350924
0.0350907
0.0350892
0.035088
0.0350869
0.0350859
0.0350851
0.0350844
0.0350838
0.0350832
0.0350827
0.0350823
0.0350819
0.0350816
0.0350813
0.0350811
0.0350809
0.0350807
0.0350805
0.0350804
0.0350803
0.0350801
0.03508
0.03508
0.0350799
0.0350799
0.0350798
0.0397431
0.0390609
0.0384438
0.0378997
0.0374277
0.0370235
0.0366814
0.0363947
0.0361566
0.0359601
0.035799
0.0356674
0.0355603
0.0354732
0.0354025
0.0353451
0.0352984
0.0352605
0.0352296
0.0352043
0.0351836
0.0351666
0.0351526
0.0351411
0.0351315
0.0351236
0.035117
0.0351115
0.0351068
0.035103
0.0350997
0.0350969
0.0350945
0.0350925
0.0350908
0.0350893
0.035088
0.0350869
0.0350859
0.0350851
0.0350844
0.0350837
0.0350832
0.0350827
0.0350823
0.0350819
0.0350815
0.0350813
0.035081
0.0350808
0.0350806
0.0350805
0.0350803
0.0350802
0.0350801
0.03508
0.0350799
0.0350798
0.0350798
0.0350797
0.0395145
0.0388841
0.03831
0.0378008
0.0373565
0.0369738
0.036648
0.0363733
0.0361436
0.0359531
0.0357959
0.0356668
0.0355612
0.0354749
0.0354046
0.0353473
0.0353006
0.0352625
0.0352314
0.0352059
0.035185
0.0351678
0.0351536
0.0351419
0.0351322
0.0351242
0.0351175
0.0351119
0.0351072
0.0351032
0.0350999
0.035097
0.0350946
0.0350926
0.0350908
0.0350893
0.035088
0.0350869
0.0350859
0.0350851
0.0350844
0.0350837
0.0350832
0.0350827
0.0350822
0.0350818
0.0350815
0.0350812
0.035081
0.0350808
0.0350806
0.0350804
0.0350803
0.0350801
0.03508
0.0350799
0.0350799
0.0350798
0.0350798
0.0350797
0.039321
0.0387348
0.0381972
0.0377175
0.0372966
0.0369319
0.0366197
0.036355
0.0361326
0.035947
0.0357932
0.0356663
0.035562
0.0354765
0.0354065
0.0353493
0.0353025
0.0352643
0.035233
0.0352073
0.0351862
0.0351688
0.0351545
0.0351426
0.0351328
0.0351247
0.0351179
0.0351122
0.0351074
0.0351034
0.0351
0.0350972
0.0350947
0.0350927
0.0350909
0.0350893
0.035088
0.0350869
0.0350859
0.0350851
0.0350843
0.0350837
0.0350831
0.0350826
0.0350822
0.0350818
0.0350815
0.0350812
0.0350809
0.0350807
0.0350805
0.0350804
0.0350802
0.0350801
0.03508
0.0350799
0.0350798
0.0350797
0.0350797
0.0350797
0.0391566
0.0386087
0.0381025
0.037648
0.0372467
0.0368972
0.0365963
0.0363399
0.0361234
0.035942
0.035791
0.0356659
0.0355627
0.0354778
0.0354081
0.035351
0.0353042
0.0352658
0.0352343
0.0352085
0.0351872
0.0351697
0.0351552
0.0351433
0.0351333
0.0351251
0.0351182
0.0351125
0.0351077
0.0351036
0.0351002
0.0350973
0.0350948
0.0350927
0.0350909
0.0350894
0.035088
0.0350869
0.0350859
0.0350851
0.0350843
0.0350837
0.0350831
0.0350826
0.0350822
0.0350818
0.0350814
0.0350811
0.0350809
0.0350807
0.0350805
0.0350803
0.0350802
0.0350801
0.0350799
0.0350798
0.0350798
0.0350797
0.0350797
0.0350796
0.0390448
0.0385214
0.0380362
0.0375988
0.0372112
0.0368724
0.0365796
0.0363292
0.0361171
0.0359387
0.0357897
0.0356659
0.0355635
0.035479
0.0354095
0.0353524
0.0353055
0.0352671
0.0352355
0.0352095
0.0351881
0.0351704
0.0351559
0.0351438
0.0351338
0.0351255
0.0351185
0.0351127
0.0351078
0.0351038
0.0351003
0.0350974
0.0350949
0.0350928
0.0350909
0.0350894
0.0350881
0.0350869
0.0350859
0.0350851
0.0350843
0.0350837
0.0350831
0.0350826
0.0350821
0.0350817
0.0350814
0.0350811
0.0350809
0.0350807
0.0350805
0.0350803
0.0350802
0.03508
0.0350799
0.0350798
0.0350797
0.0350797
0.0350796
0.0350796
0.0388573
0.0383782
0.0379295
0.037521
0.0371557
0.0368336
0.0365531
0.0363117
0.036106
0.035932
0.035786
0.0356641
0.0355629
0.0354792
0.0354101
0.0353532
0.0353064
0.0352679
0.0352362
0.0352102
0.0351887
0.035171
0.0351563
0.0351442
0.0351341
0.0351257
0.0351187
0.0351129
0.035108
0.0351039
0.0351004
0.0350974
0.0350949
0.0350928
0.035091
0.0350894
0.0350881
0.0350869
0.0350859
0.035085
0.0350843
0.0350836
0.0350831
0.0350826
0.0350821
0.0350817
0.0350814
0.0350811
0.0350809
0.0350806
0.0350804
0.0350803
0.0350801
0.03508
0.0350799
0.0350798
0.0350797
0.0350797
0.0350796
0.0350796
0.0390947
0.0385862
0.0381076
0.0376703
0.0372784
0.0369329
0.0366324
0.0363742
0.0361547
0.0359696
0.0358148
0.0356861
0.0355795
0.0354916
0.0354194
0.0353601
0.0353114
0.0352716
0.0352389
0.035212
0.03519
0.0351719
0.0351569
0.0351445
0.0351343
0.0351258
0.0351188
0.0351128
0.0351079
0.0351038
0.0351003
0.0350973
0.0350948
0.0350927
0.0350908
0.0350893
0.0350879
0.0350868
0.0350858
0.0350849
0.0350842
0.0350836
0.035083
0.0350825
0.0350821
0.0350817
0.0350814
0.0350811
0.0350808
0.0350806
0.0350804
0.0350802
0.0350801
0.03508
0.0350799
0.0350798
0.0350797
0.0350796
0.0350796
0.0350796
0.0384423
0.0379704
0.0375374
0.0371505
0.0368111
0.0365179
0.0362679
0.036057
0.0358809
0.0357349
0.0356147
0.0355161
0.0354357
0.0353703
0.0353171
0.035274
0.035239
0.0352106
0.0351875
0.0351688
0.0351535
0.035141
0.0351308
0.0351224
0.0351155
0.0351098
0.035105
0.0351011
0.0350979
0.0350951
0.0350928
0.0350909
0.0350893
0.0350879
0.0350867
0.0350857
0.0350848
0.0350841
0.0350835
0.0350829
0.0350825
0.035082
0.0350817
0.0350814
0.0350811
0.0350809
0.0350807
0.0350805
0.0350803
0.0350802
0.0350801
0.03508
0.0350799
0.0350798
0.0350797
0.0350797
0.0350796
0.0350796
0.0350796
0.0350796
)
;

boundaryField
{
    inlet
    {
        type            calculated;
        value           uniform 0.0351381;
    }
    outlet
    {
        type            calculated;
        value           nonuniform List<scalar> 
64
(
0.00342395
0.0220555
0.0334433
0.0349683
0.0350763
0.0350818
0.035082
0.035082
0.0350821
0.0350821
0.0350821
0.0350821
0.0350821
0.0350821
0.0350822
0.0350822
0.0350822
0.0350822
0.0350821
0.0350821
0.0350821
0.0350821
0.0350821
0.0350821
0.035082
0.035082
0.0350819
0.0350819
0.0350818
0.0350818
0.0350817
0.0350817
0.0350816
0.0350815
0.0350814
0.0350813
0.0350813
0.0350812
0.0350811
0.035081
0.0350808
0.0350807
0.0350807
0.0350806
0.0350805
0.0350804
0.0350804
0.0350803
0.0350802
0.0350802
0.0350801
0.03508
0.0350799
0.0350799
0.0350798
0.0350798
0.0350797
0.0350797
0.0350797
0.0350796
0.0350796
0.0350796
0.0350796
0.0350796
)
;
    }
    lowerWall
    {
        type            nutkWallFunction;
        Cmu             0.09;
        kappa           0.41;
        E               9.8;
        value           nonuniform List<scalar> 
155
(
0.0011782
0.00118503
0.00119226
0.00120024
0.00120823
0.00121526
0.00122024
0.00122227
0.00122106
0.00121721
0.00121184
0.00120586
0.00119978
0.0011938
0.00118797
0.00118231
0.00117685
0.00117151
0.00116538
0.000523469
0.000523469
0.000636673
0.000673765
0.000688562
0.000691847
0.000697453
0.000692829
0.000695884
0.000698499
0.000689446
0.000700157
0.000705339
0.000706733
0.000707513
0.000708422
0.000717444
0.000765845
0.000892829
0.00109204
0.00136919
0.00439887
0.00538871
0.00574588
0.0057762
0.00520991
0.00372234
0.00255004
0.00171294
0.00119536
0.000931708
0.000828405
0.000796019
0.000785568
0.000787571
0.000793923
0.000382517
0.000654571
0.00065779
0.000660817
0.000663893
0.000667016
0.00067019
0.000673414
0.000676689
0.000680018
0.000683403
0.000686846
0.00069035
0.000693918
0.000697553
0.000701256
0.000705031
0.000708881
0.000712811
0.000716824
0.000720928
0.000725127
0.000729427
0.000733834
0.000738355
0.000742997
0.00074777
0.000752685
0.000757758
0.00076301
0.00076847
0.000774176
0.000780177
0.000786547
0.000793449
0.000801589
0.000814319
0.000844017
0.000919095
0.00105186
0.000382517
0.000384264
0.000384538
0.000384779
0.000384998
0.0003852
0.00038537
0.000385516
0.000385637
0.000385733
0.000385807
0.000385859
0.000385891
0.000385906
0.000385905
0.000385895
0.000385874
0.000385842
0.0003858
0.000385749
0.000385693
0.000385631
0.000385562
0.000385493
0.000385421
0.000385345
0.00038527
0.000385195
0.000385119
0.000385044
0.000384972
0.000384902
0.000384831
0.000384763
0.000384698
0.000384633
0.000384568
0.000384504
0.000384442
0.000384382
0.000384319
0.000384257
0.000384198
0.000384141
0.000384085
0.000384028
0.000383971
0.000383913
0.000383856
0.000383799
0.000383741
0.000383683
0.000383626
0.000383571
0.000383515
0.00038346
0.000383404
0.000383346
0.000383303
0.000383209
)
;
    }
    atmosphere
    {
        type            calculated;
        value           nonuniform List<scalar> 
95
(
1.77455
1.44373
1.01413
0.442563
0.0572406
0.0125206
0.0329682
0.0364819
0.0368226
0.0370802
0.0373649
0.0376796
0.0380227
0.0383911
0.0387805
0.0391847
0.0395963
0.0400058
0.0404029
0.0407753
0.0411311
0.0414425
0.0416833
0.0418402
0.0419063
0.0418798
0.0417636
0.0415645
0.0412932
0.0409624
0.0405864
0.0401796
0.0397557
0.0393273
0.0389042
0.0384423
0.0379704
0.0375374
0.0371505
0.0368111
0.0365179
0.0362679
0.036057
0.0358809
0.0357349
0.0356147
0.0355161
0.0354357
0.0353703
0.0353171
0.035274
0.035239
0.0352106
0.0351875
0.0351688
0.0351535
0.035141
0.0351308
0.0351224
0.0351155
0.0351098
0.035105
0.0351011
0.0350979
0.0350951
0.0350928
0.0350909
0.0350893
0.0350879
0.0350867
0.0350857
0.0350848
0.0350841
0.0350835
0.0350829
0.0350825
0.035082
0.0350817
0.0350814
0.0350811
0.0350809
0.0350807
0.0350805
0.0350803
0.0350802
0.0350801
0.03508
0.0350799
0.0350798
0.0350797
0.0350797
0.0350796
0.0350796
0.0350796
0.0350796
)
;
    }
    defaultFaces
    {
        type            empty;
    }
}


// ************************************************************************* //
