/*--------------------------------*- C++ -*----------------------------------*\
| =========                 |                                                 |
| \\      /  F ield         | OpenFOAM: The Open Source CFD Toolbox           |
|  \\    /   O peration     | Version:  v1606+                                |
|   \\  /    A nd           | Web:      www.OpenFOAM.com                      |
|    \\/     M anipulation  |                                                 |
\*---------------------------------------------------------------------------*/
FoamFile
{
    version     2.0;
    format      ascii;
    class       volScalarField;
    location    "2";
    object      p;
}
// * * * * * * * * * * * * * * * * * * * * * * * * * * * * * * * * * * * * * //

dimensions      [1 -1 -2 0 0 0 0];

internalField   nonuniform List<scalar> 
5080
(
279074
279492
279911
280292
280820
281388
281878
282346
282825
283279
283686
284050
284375
284661
284907
285113
285278
285403
285488
285534
258863
259288
259718
260111
260635
261201
261701
262178
262662
263120
263533
263903
264234
264524
264774
264982
265149
265275
265364
265419
239211
239635
240068
240466
240992
241563
242075
242564
243060
243530
243954
244333
244671
244969
245225
245438
245610
245739
245832
245895
220077
220501
220939
221346
221878
222453
222969
223463
223965
224444
224878
225271
225624
225937
226207
226434
226617
226756
226856
226924
201449
201872
202313
202728
203275
203877
204432
204970
205514
206028
206491
206905
207275
207600
207880
208114
208303
208447
208550
208621
183314
183740
184189
184615
185156
185748
186303
186846
187393
187912
188382
188812
189205
189559
189869
190133
190348
190510
190627
190703
165653
166075
166531
166982
167552
168179
168781
169385
170008
170607
171154
171649
172093
172486
172827
173113
173343
173519
173643
173725
148452
148881
149359
149850
150464
151164
151866
152548
153196
153791
154335
154837
155298
155712
156076
156385
156637
156829
156965
157050
131684
132116
132616
133146
133768
134462
135156
135848
136547
137226
137855
138432
138958
139431
139848
140203
140493
140713
140869
140962
115323
115789
116356
116969
117676
118481
119331
120186
121014
121787
122500
123151
123736
124254
124705
125088
125401
125642
125810
125915
99391.6
99927.1
100590
101317
102156
103105
104083
104997
105811
106553
107252
107912
108525
109083
109577
110002
110353
110623
110810
110921
83866.5
84490.8
85238.6
86042
86950.2
87956.4
88988.2
89966
90866.9
91720.2
92536
93293.9
93985.8
94610.5
95164.9
95644.7
96041.2
96344.7
96560.6
96675
68754.4
69477.7
70276.7
71119.1
72087.2
73177.3
74332
75486.8
76600.8
77655.3
78636.5
79537.1
80348.5
81069.3
81698.7
82232.5
82673.6
83014.2
83252.1
83401.6
54157.6
54930.5
55711.6
56603
57677.6
58901.2
60210.8
61539.3
62829.1
64037.9
65144.4
66154.9
67083.1
67921.8
68650.2
69257.9
69746.6
70120.7
70380.1
70524.8
40912.1
40953.7
41554.2
42615.6
43880.4
45272.8
46734.9
48195.2
49596.3
50905.3
52114.5
53233.1
54268.4
55196.8
56002.2
56679.1
57210.9
57604.2
57875.5
58035.3
29952.4
26215.6
27375.1
29063.2
30700.7
32350.7
33993.6
35569.6
37042.3
38407.5
39692.6
40926.8
42095
43146.4
44040.9
44760.8
45305.6
45695.9
45957
46100.1
12343.5
8003.66
12379.6
15627
18059.8
20111.8
21947.5
23614.5
25121.1
26489.7
27776.2
29058
30358.9
31594.4
32650.4
33481.3
34034.3
34352.4
34553
34695.7
768.762
-41.7705
1854.99
4502.46
6960.57
9050.64
10857.5
12445.4
13857.2
15129.2
16323.8
17539.7
18861
20262.3
21575.4
22663
23271.6
23467.5
23559.4
23533.6
-88.3014
-361.242
-236.557
139.847
980.754
1974.78
2890.01
3728.59
4520.11
5279.8
6040.42
6887.33
7885.77
9219.12
10691.3
12088.6
12647.9
12603.8
12582.2
12176.4
-248.934
-279.784
-264.675
-269.363
-281.234
-266.048
-151.676
47.6812
274.495
489.771
689.562
918.926
1252.99
1758.99
2693.87
3642.31
3731.18
3416.41
3090.54
3168.32
-3.32354
-3.31975
-3.30857
-3.29926
-3.28605
-3.2717
-3.25611
-3.23952
-3.22248
-3.20506
-3.18768
-3.17038
-3.15347
-3.13695
-3.12097
-3.10561
-3.09081
-3.07668
-3.06319
-3.05025
-3.03788
-3.02607
-3.0147
-3.00374
-2.99319
-2.983
-2.97309
-2.96345
-2.95412
-2.94506
-2.93623
-2.92765
-2.91932
-2.91125
-2.90338
-2.89567
-2.88807
-2.88057
-2.87314
-2.86575
-2.85833
-2.85087
-2.84336
-2.83585
-2.82838
-2.82099
-2.81372
-2.80662
-2.79976
-2.7932
-2.78705
-2.78142
-2.77639
-2.77203
-2.76839
-2.7655
-2.76337
-2.76203
-2.76123
-2.76156
-8.46464
-8.46221
-8.45127
-8.44133
-8.42836
-8.41383
-8.39818
-8.3815
-8.36438
-8.34687
-8.32942
-8.31204
-8.29506
-8.27849
-8.26244
-8.24704
-8.2322
-8.21801
-8.20447
-8.1915
-8.17909
-8.16722
-8.15582
-8.14484
-8.13425
-8.12401
-8.11407
-8.10442
-8.09505
-8.08594
-8.07708
-8.06845
-8.06009
-8.05198
-8.04407
-8.03631
-8.02868
-8.02115
-8.0137
-8.00627
-7.99883
-7.99134
-7.98382
-7.97629
-7.96881
-7.9614
-7.95412
-7.94701
-7.94012
-7.93356
-7.9274
-7.92176
-7.91672
-7.91236
-7.90872
-7.90583
-7.9037
-7.90236
-7.90159
-7.90202
-13.6997
-13.6973
-13.6869
-13.6763
-13.6633
-13.6486
-13.6327
-13.6159
-13.5986
-13.5809
-13.5633
-13.5458
-13.5287
-13.5121
-13.496
-13.4805
-13.4656
-13.4514
-13.4378
-13.4247
-13.4123
-13.4004
-13.389
-13.378
-13.3674
-13.3571
-13.3472
-13.3375
-13.3281
-13.319
-13.3101
-13.3015
-13.293
-13.2849
-13.2769
-13.2691
-13.2614
-13.2538
-13.2463
-13.2388
-13.2313
-13.2238
-13.2163
-13.2087
-13.2013
-13.1939
-13.1866
-13.1795
-13.1726
-13.1661
-13.16
-13.1543
-13.1493
-13.145
-13.1414
-13.1385
-13.1364
-13.1351
-13.1343
-13.1348
-19.0303
-19.0271
-19.0171
-19.006
-18.9927
-18.9776
-18.9614
-18.9443
-18.9267
-18.9088
-18.891
-18.8734
-18.8561
-18.8394
-18.8232
-18.8076
-18.7926
-18.7783
-18.7647
-18.7516
-18.7392
-18.7273
-18.7159
-18.7048
-18.6943
-18.684
-18.6741
-18.6644
-18.655
-18.6459
-18.637
-18.6283
-18.6198
-18.6116
-18.6035
-18.5956
-18.5878
-18.5801
-18.5726
-18.565
-18.5575
-18.55
-18.5424
-18.5349
-18.5274
-18.52
-18.5127
-18.5057
-18.4989
-18.4924
-18.4863
-18.4808
-18.4758
-18.4716
-18.468
-18.4651
-18.4631
-18.4618
-18.461
-18.4615
-24.4582
-24.4539
-24.4439
-24.4321
-24.4183
-24.4027
-24.3861
-24.3685
-24.3506
-24.3324
-24.3143
-24.2964
-24.279
-24.262
-24.2457
-24.23
-24.215
-24.2007
-24.187
-24.1739
-24.1614
-24.1495
-24.1381
-24.1271
-24.1165
-24.1063
-24.0964
-24.0868
-24.0774
-24.0682
-24.0593
-24.0506
-24.042
-24.0337
-24.0255
-24.0175
-24.0097
-24.0019
-23.9942
-23.9866
-23.979
-23.9715
-23.9639
-23.9563
-23.9489
-23.9415
-23.9343
-23.9273
-23.9206
-23.9142
-23.9082
-23.9028
-23.8979
-23.8937
-23.8902
-23.8874
-23.8853
-23.8841
-23.8833
-23.8838
-29.985
-29.9793
-29.9689
-29.9564
-29.9419
-29.9257
-29.9084
-29.8903
-29.8718
-29.8532
-29.8347
-29.8166
-29.7989
-29.7818
-29.7653
-29.7495
-29.7344
-29.72
-29.7063
-29.6932
-29.6807
-29.6688
-29.6574
-29.6464
-29.6359
-29.6257
-29.6158
-29.6062
-29.5969
-29.5877
-29.5788
-29.57
-29.5614
-29.5529
-29.5447
-29.5366
-29.5286
-29.5207
-29.513
-29.5053
-29.4976
-29.49
-29.4824
-29.4749
-29.4674
-29.4601
-29.453
-29.446
-29.4394
-29.4331
-29.4273
-29.422
-29.4172
-29.4131
-29.4096
-29.4069
-29.4049
-29.4037
-29.403
-29.4035
-35.6124
-35.6053
-35.5942
-35.5807
-35.5653
-35.5482
-35.5302
-35.5114
-35.4923
-35.4731
-35.4542
-35.4357
-35.4177
-35.4004
-35.3837
-35.3678
-35.3526
-35.3382
-35.3244
-35.3113
-35.2988
-35.2869
-35.2755
-35.2646
-35.2541
-35.2439
-35.2341
-35.2245
-35.2152
-35.2061
-35.1971
-35.1883
-35.1796
-35.1711
-35.1627
-35.1545
-35.1464
-35.1384
-35.1305
-35.1227
-35.115
-35.1074
-35.0998
-35.0923
-35.0848
-35.0775
-35.0705
-35.0637
-35.0571
-35.051
-35.0453
-35.0401
-35.0355
-35.0315
-35.0281
-35.0255
-35.0235
-35.0223
-35.0217
-35.0222
-41.3423
-41.3337
-41.3215
-41.3068
-41.2903
-41.2722
-41.2532
-41.2336
-41.2137
-41.1939
-41.1744
-41.1555
-41.1372
-41.1195
-41.1027
-41.0867
-41.0714
-41.0569
-41.0431
-41.03
-41.0175
-41.0057
-40.9943
-40.9834
-40.9729
-40.9628
-40.953
-40.9435
-40.9342
-40.925
-40.9161
-40.9072
-40.8984
-40.8898
-40.8814
-40.873
-40.8648
-40.8567
-40.8487
-40.8408
-40.8331
-40.8254
-40.8178
-40.8102
-40.8028
-40.7956
-40.7886
-40.7819
-40.7755
-40.7696
-40.764
-40.759
-40.7545
-40.7506
-40.7474
-40.7448
-40.743
-40.7418
-40.7412
-40.7417
-47.1766
-47.1663
-47.1528
-47.1367
-47.1188
-47.0995
-47.0793
-47.0586
-47.0379
-47.0173
-46.9972
-46.9778
-46.9591
-46.9411
-46.9241
-46.9079
-46.8926
-46.878
-46.8642
-46.8511
-46.8387
-46.8268
-46.8155
-46.8046
-46.7942
-46.7841
-46.7743
-46.7648
-46.7555
-46.7464
-46.7374
-46.7285
-46.7197
-46.711
-46.7024
-46.694
-46.6856
-46.6774
-46.6693
-46.6613
-46.6535
-46.6458
-46.6381
-46.6306
-46.6233
-46.6161
-46.6092
-46.6026
-46.5964
-46.5906
-46.5853
-46.5804
-46.5761
-46.5723
-46.5692
-46.5668
-46.565
-46.5639
-46.5633
-46.5638
-53.1174
-53.1051
-53.0899
-53.0722
-53.0527
-53.0319
-53.0104
-52.9885
-52.9667
-52.9453
-52.9244
-52.9044
-52.8852
-52.867
-52.8498
-52.8334
-52.818
-52.8034
-52.7896
-52.7765
-52.7641
-52.7522
-52.7409
-52.7301
-52.7197
-52.7096
-52.6999
-52.6904
-52.6811
-52.672
-52.663
-52.6541
-52.6452
-52.6364
-52.6278
-52.6192
-52.6107
-52.6024
-52.5942
-52.5861
-52.5782
-52.5704
-52.5628
-52.5553
-52.548
-52.5409
-52.5341
-52.5277
-52.5216
-52.516
-52.5108
-52.5062
-52.502
-52.4985
-52.4955
-52.4931
-52.4914
-52.4904
-52.4898
-52.4903
-59.1665
-59.1521
-59.135
-59.1153
-59.094
-59.0715
-59.0483
-59.0251
-59.0021
-58.9796
-58.9579
-58.9372
-58.9176
-58.899
-58.8815
-58.865
-58.8494
-58.8348
-58.821
-58.808
-58.7956
-58.7838
-58.7725
-58.7617
-58.7513
-58.7413
-58.7316
-58.7221
-58.7128
-58.7037
-58.6947
-58.6857
-58.6768
-58.6679
-58.6592
-58.6505
-58.642
-58.6335
-58.6252
-58.617
-58.6091
-58.6012
-58.5936
-58.5861
-58.5789
-58.5719
-58.5652
-58.5589
-58.553
-58.5476
-58.5426
-58.5382
-58.5342
-58.5308
-58.528
-58.5258
-58.5242
-58.5232
-58.5226
-58.5231
-65.326
-65.3093
-65.2898
-65.268
-65.2445
-65.2201
-65.1951
-65.1703
-65.1459
-65.1223
-65.0997
-65.0782
-65.058
-65.0389
-65.0212
-65.0045
-64.9889
-64.9743
-64.9605
-64.9475
-64.9351
-64.9234
-64.9122
-64.9014
-64.891
-64.881
-64.8713
-64.8618
-64.8525
-64.8433
-64.8343
-64.8253
-64.8164
-64.8075
-64.7986
-64.7899
-64.7812
-64.7727
-64.7642
-64.756
-64.748
-64.7401
-64.7325
-64.7251
-64.7179
-64.711
-64.7044
-64.6983
-64.6926
-64.6873
-64.6826
-64.6783
-64.6746
-64.6713
-64.6687
-64.6666
-64.6651
-64.6642
-64.6636
-64.6642
-71.5981
-71.5787
-71.5566
-71.5323
-71.5064
-71.4797
-71.4528
-71.4262
-71.4002
-71.3753
-71.3516
-71.3293
-71.3084
-71.2889
-71.2708
-71.254
-71.2383
-71.2237
-71.2099
-71.1969
-71.1846
-71.173
-71.1618
-71.151
-71.1406
-71.1306
-71.1209
-71.1114
-71.1021
-71.0929
-71.0839
-71.0748
-71.0659
-71.0569
-71.048
-71.0392
-71.0305
-71.0218
-71.0133
-71.005
-70.9969
-70.9891
-70.9814
-70.974
-70.9669
-70.9601
-70.9537
-70.9477
-70.9422
-70.9371
-70.9326
-70.9285
-70.925
-70.9219
-70.9194
-70.9175
-70.9161
-70.9152
-70.9147
-70.9153
-77.9849
-77.9624
-77.9373
-77.9102
-77.8816
-77.8525
-77.8233
-77.7947
-77.767
-77.7406
-77.7157
-77.6924
-77.6708
-77.6508
-77.6323
-77.6153
-77.5995
-77.5849
-77.5712
-77.5583
-77.5461
-77.5345
-77.5233
-77.5126
-77.5022
-77.4922
-77.4825
-77.4729
-77.4636
-77.4544
-77.4453
-77.4363
-77.4273
-77.4183
-77.4093
-77.4005
-77.3916
-77.3829
-77.3744
-77.366
-77.3579
-77.35
-77.3424
-77.335
-77.328
-77.3213
-77.315
-77.3092
-77.3038
-77.299
-77.2946
-77.2908
-77.2874
-77.2846
-77.2822
-77.2804
-77.2791
-77.2784
-77.2779
-77.2784
-84.4884
-84.4626
-84.4341
-84.4038
-84.3723
-84.3405
-84.3089
-84.278
-84.2484
-84.2204
-84.194
-84.1697
-84.1472
-84.1266
-84.1078
-84.0905
-84.0747
-84.06
-84.0464
-84.0336
-84.0214
-84.0099
-83.9988
-83.9881
-83.9778
-83.9678
-83.958
-83.9484
-83.939
-83.9298
-83.9207
-83.9116
-83.9026
-83.8936
-83.8846
-83.8757
-83.8668
-83.858
-83.8494
-83.841
-83.8329
-83.825
-83.8174
-83.8101
-83.8031
-83.7965
-83.7904
-83.7847
-83.7795
-83.7748
-83.7707
-83.7671
-83.7639
-83.7613
-83.7591
-83.7574
-83.7562
-83.7555
-83.7551
-83.7556
-91.1108
-91.0812
-91.0491
-91.0154
-90.9807
-90.9459
-90.9115
-90.8783
-90.8465
-90.8166
-90.7888
-90.7632
-90.7398
-90.7185
-90.6993
-90.6817
-90.6658
-90.6511
-90.6375
-90.6248
-90.6128
-90.6014
-90.5903
-90.5797
-90.5694
-90.5593
-90.5495
-90.5399
-90.5305
-90.5212
-90.512
-90.5029
-90.4939
-90.4848
-90.4758
-90.4669
-90.458
-90.4492
-90.4405
-90.4321
-90.4239
-90.4161
-90.4085
-90.4013
-90.3944
-90.3879
-90.3818
-90.3763
-90.3713
-90.3668
-90.3629
-90.3594
-90.3565
-90.354
-90.352
-90.3505
-90.3494
-90.3488
-90.3484
-90.3489
-97.8542
-97.8204
-97.7843
-97.7469
-97.7088
-97.6708
-97.6335
-97.5977
-97.5636
-97.5317
-97.5021
-97.4752
-97.4507
-97.4286
-97.4088
-97.391
-97.3749
-97.3602
-97.3467
-97.3341
-97.3222
-97.3109
-97.3
-97.2894
-97.2791
-97.269
-97.2591
-97.2495
-97.24
-97.2307
-97.2215
-97.2123
-97.2032
-97.1941
-97.1851
-97.1761
-97.1672
-97.1584
-97.1498
-97.1413
-97.1332
-97.1253
-97.1178
-97.1106
-97.1038
-97.0974
-97.0915
-97.0861
-97.0813
-97.077
-97.0732
-97.07
-97.0672
-97.0649
-97.0631
-97.0617
-97.0607
-97.0602
-97.0598
-97.0603
-104.721
-104.682
-104.642
-104.601
-104.559
-104.518
-104.477
-104.438
-104.402
-104.368
-104.336
-104.308
-104.282
-104.259
-104.239
-104.221
-104.204
-104.19
-104.176
-104.164
-104.152
-104.141
-104.13
-104.119
-104.109
-104.099
-104.089
-104.079
-104.07
-104.06
-104.051
-104.042
-104.033
-104.024
-104.015
-104.006
-103.997
-103.988
-103.979
-103.971
-103.963
-103.955
-103.947
-103.94
-103.934
-103.927
-103.922
-103.916
-103.912
-103.907
-103.904
-103.901
-103.898
-103.896
-103.894
-103.893
-103.892
-103.892
-103.891
-103.892
-111.712
-111.669
-111.624
-111.579
-111.533
-111.488
-111.445
-111.403
-111.364
-111.327
-111.294
-111.263
-111.236
-111.212
-111.191
-111.173
-111.156
-111.141
-111.128
-111.116
-111.104
-111.093
-111.082
-111.072
-111.061
-111.051
-111.041
-111.032
-111.022
-111.012
-111.003
-110.994
-110.985
-110.976
-110.967
-110.958
-110.949
-110.94
-110.931
-110.923
-110.915
-110.907
-110.899
-110.892
-110.886
-110.88
-110.874
-110.869
-110.864
-110.86
-110.857
-110.854
-110.852
-110.85
-110.848
-110.847
-110.846
-110.846
-110.845
-110.846
-118.831
-118.783
-118.733
-118.684
-118.634
-118.586
-118.539
-118.494
-118.452
-118.413
-118.377
-118.345
-118.316
-118.291
-118.269
-118.25
-118.233
-118.218
-118.204
-118.192
-118.181
-118.17
-118.159
-118.149
-118.139
-118.128
-118.118
-118.109
-118.099
-118.089
-118.08
-118.07
-118.061
-118.052
-118.043
-118.034
-118.025
-118.016
-118.008
-117.999
-117.991
-117.984
-117.976
-117.969
-117.963
-117.957
-117.951
-117.946
-117.942
-117.938
-117.935
-117.932
-117.93
-117.928
-117.926
-117.925
-117.925
-117.924
-117.924
-117.925
-126.079
-126.026
-125.972
-125.918
-125.864
-125.812
-125.762
-125.714
-125.668
-125.626
-125.588
-125.554
-125.523
-125.497
-125.474
-125.454
-125.436
-125.421
-125.408
-125.396
-125.384
-125.374
-125.363
-125.353
-125.343
-125.333
-125.322
-125.312
-125.303
-125.293
-125.283
-125.274
-125.265
-125.256
-125.246
-125.237
-125.229
-125.22
-125.211
-125.203
-125.195
-125.187
-125.18
-125.173
-125.167
-125.161
-125.155
-125.15
-125.146
-125.142
-125.139
-125.137
-125.135
-125.133
-125.132
-125.131
-125.13
-125.13
-125.129
-125.13
-133.457
-133.399
-133.341
-133.283
-133.226
-133.17
-133.116
-133.064
-133.016
-132.971
-132.93
-132.894
-132.861
-132.833
-132.809
-132.788
-132.77
-132.755
-132.741
-132.729
-132.718
-132.707
-132.697
-132.686
-132.676
-132.666
-132.656
-132.646
-132.636
-132.626
-132.616
-132.607
-132.597
-132.588
-132.579
-132.57
-132.561
-132.552
-132.544
-132.535
-132.527
-132.52
-132.513
-132.506
-132.5
-132.494
-132.488
-132.484
-132.48
-132.476
-132.473
-132.471
-132.469
-132.467
-132.466
-132.465
-132.464
-132.464
-132.464
-132.464
-140.969
-140.907
-140.844
-140.782
-140.721
-140.661
-140.604
-140.549
-140.498
-140.45
-140.406
-140.367
-140.332
-140.302
-140.276
-140.254
-140.235
-140.22
-140.206
-140.194
-140.183
-140.172
-140.162
-140.151
-140.141
-140.131
-140.121
-140.111
-140.1
-140.09
-140.081
-140.071
-140.061
-140.052
-140.043
-140.034
-140.025
-140.016
-140.008
-140
-139.992
-139.984
-139.977
-139.97
-139.964
-139.958
-139.953
-139.949
-139.945
-139.941
-139.938
-139.936
-139.934
-139.932
-139.931
-139.931
-139.93
-139.93
-139.93
-139.93
-148.616
-148.549
-148.482
-148.417
-148.352
-148.289
-148.228
-148.17
-148.116
-148.065
-148.018
-147.976
-147.938
-147.906
-147.879
-147.855
-147.836
-147.819
-147.805
-147.793
-147.782
-147.771
-147.761
-147.751
-147.74
-147.73
-147.72
-147.709
-147.699
-147.689
-147.679
-147.669
-147.659
-147.65
-147.641
-147.632
-147.623
-147.614
-147.606
-147.597
-147.59
-147.582
-147.575
-147.568
-147.562
-147.557
-147.552
-147.547
-147.543
-147.54
-147.537
-147.535
-147.533
-147.532
-147.531
-147.53
-147.529
-147.529
-147.529
-147.53
-156.401
-156.33
-156.259
-156.19
-156.122
-156.056
-155.992
-155.931
-155.873
-155.818
-155.769
-155.724
-155.684
-155.649
-155.619
-155.594
-155.574
-155.556
-155.542
-155.529
-155.518
-155.507
-155.497
-155.487
-155.476
-155.466
-155.455
-155.445
-155.434
-155.424
-155.414
-155.404
-155.394
-155.384
-155.375
-155.366
-155.357
-155.348
-155.34
-155.332
-155.324
-155.316
-155.309
-155.303
-155.297
-155.291
-155.286
-155.282
-155.278
-155.275
-155.272
-155.27
-155.268
-155.267
-155.266
-155.265
-155.265
-155.265
-155.265
-155.265
-164.325
-164.251
-164.177
-164.104
-164.033
-163.964
-163.897
-163.832
-163.771
-163.714
-163.661
-163.613
-163.57
-163.533
-163.501
-163.474
-163.452
-163.433
-163.418
-163.405
-163.393
-163.382
-163.372
-163.362
-163.351
-163.341
-163.33
-163.319
-163.308
-163.298
-163.287
-163.277
-163.267
-163.257
-163.248
-163.239
-163.23
-163.221
-163.213
-163.204
-163.197
-163.189
-163.182
-163.176
-163.17
-163.165
-163.16
-163.155
-163.152
-163.149
-163.146
-163.144
-163.142
-163.141
-163.14
-163.139
-163.139
-163.139
-163.139
-163.139
-172.393
-172.315
-172.238
-172.162
-172.087
-172.015
-171.945
-171.878
-171.814
-171.754
-171.697
-171.646
-171.6
-171.56
-171.526
-171.497
-171.473
-171.453
-171.437
-171.423
-171.411
-171.4
-171.389
-171.378
-171.368
-171.357
-171.346
-171.335
-171.324
-171.313
-171.302
-171.292
-171.281
-171.271
-171.262
-171.253
-171.244
-171.235
-171.226
-171.218
-171.21
-171.203
-171.196
-171.19
-171.184
-171.179
-171.174
-171.17
-171.166
-171.163
-171.161
-171.159
-171.157
-171.156
-171.155
-171.154
-171.154
-171.154
-171.154
-171.154
-180.606
-180.525
-180.445
-180.365
-180.288
-180.213
-180.14
-180.07
-180.003
-179.94
-179.881
-179.826
-179.777
-179.734
-179.697
-179.666
-179.64
-179.619
-179.601
-179.586
-179.573
-179.562
-179.55
-179.54
-179.529
-179.518
-179.506
-179.495
-179.484
-179.472
-179.461
-179.45
-179.44
-179.429
-179.42
-179.41
-179.401
-179.392
-179.384
-179.376
-179.368
-179.361
-179.354
-179.348
-179.342
-179.337
-179.332
-179.328
-179.325
-179.322
-179.319
-179.317
-179.316
-179.314
-179.314
-179.313
-179.312
-179.312
-179.312
-179.313
-188.969
-188.885
-188.801
-188.718
-188.637
-188.559
-188.483
-188.41
-188.341
-188.275
-188.213
-188.156
-188.104
-188.058
-188.018
-187.984
-187.956
-187.932
-187.913
-187.897
-187.883
-187.871
-187.859
-187.848
-187.836
-187.825
-187.813
-187.801
-187.79
-187.778
-187.766
-187.755
-187.744
-187.734
-187.724
-187.714
-187.705
-187.696
-187.688
-187.679
-187.672
-187.665
-187.658
-187.652
-187.646
-187.641
-187.637
-187.633
-187.629
-187.626
-187.624
-187.622
-187.62
-187.619
-187.618
-187.617
-187.617
-187.617
-187.617
-187.617
-197.486
-197.397
-197.309
-197.222
-197.137
-197.056
-196.977
-196.902
-196.83
-196.762
-196.697
-196.637
-196.582
-196.533
-196.49
-196.453
-196.423
-196.397
-196.377
-196.359
-196.344
-196.33
-196.318
-196.306
-196.294
-196.282
-196.269
-196.257
-196.245
-196.233
-196.221
-196.209
-196.198
-196.187
-196.177
-196.167
-196.158
-196.149
-196.14
-196.132
-196.124
-196.117
-196.111
-196.105
-196.099
-196.094
-196.09
-196.086
-196.082
-196.08
-196.077
-196.075
-196.074
-196.072
-196.072
-196.071
-196.07
-196.07
-196.07
-196.07
-206.16
-206.066
-205.973
-205.881
-205.792
-205.706
-205.625
-205.547
-205.473
-205.402
-205.335
-205.272
-205.214
-205.162
-205.117
-205.077
-205.044
-205.016
-204.993
-204.974
-204.958
-204.943
-204.929
-204.916
-204.903
-204.891
-204.878
-204.865
-204.852
-204.839
-204.827
-204.815
-204.803
-204.792
-204.782
-204.771
-204.762
-204.753
-204.744
-204.736
-204.728
-204.721
-204.715
-204.709
-204.703
-204.698
-204.694
-204.69
-204.687
-204.684
-204.682
-204.68
-204.679
-204.677
-204.676
-204.676
-204.675
-204.675
-204.674
-204.675
-214.996
-214.895
-214.796
-214.698
-214.604
-214.514
-214.429
-214.348
-214.272
-214.199
-214.129
-214.064
-214.004
-213.949
-213.9
-213.858
-213.822
-213.792
-213.767
-213.746
-213.727
-213.711
-213.696
-213.682
-213.668
-213.654
-213.641
-213.627
-213.614
-213.6
-213.587
-213.575
-213.563
-213.551
-213.54
-213.53
-213.52
-213.511
-213.502
-213.494
-213.486
-213.479
-213.473
-213.467
-213.462
-213.457
-213.453
-213.449
-213.446
-213.443
-213.441
-213.439
-213.437
-213.436
-213.435
-213.434
-213.434
-213.433
-213.433
-213.434
-224
-223.889
-223.782
-223.677
-223.577
-223.482
-223.393
-223.309
-223.23
-223.155
-223.083
-223.016
-222.953
-222.895
-222.844
-222.799
-222.761
-222.728
-222.7
-222.676
-222.656
-222.638
-222.621
-222.605
-222.59
-222.576
-222.561
-222.547
-222.533
-222.519
-222.505
-222.492
-222.479
-222.468
-222.456
-222.446
-222.436
-222.426
-222.417
-222.409
-222.402
-222.395
-222.388
-222.382
-222.377
-222.372
-222.368
-222.365
-222.362
-222.359
-222.357
-222.355
-222.353
-222.352
-222.351
-222.35
-222.349
-222.349
-222.349
-222.349
-233.178
-233.051
-232.937
-232.822
-232.714
-232.613
-232.519
-232.432
-232.35
-232.273
-232.199
-232.129
-232.064
-232.004
-231.95
-231.903
-231.861
-231.826
-231.795
-231.769
-231.746
-231.726
-231.707
-231.69
-231.673
-231.657
-231.642
-231.626
-231.611
-231.597
-231.582
-231.569
-231.556
-231.544
-231.532
-231.521
-231.511
-231.501
-231.492
-231.484
-231.476
-231.469
-231.463
-231.457
-231.452
-231.448
-231.444
-231.44
-231.437
-231.434
-231.432
-231.43
-231.429
-231.427
-231.426
-231.425
-231.424
-231.424
-231.424
-231.424
-242.536
-242.387
-242.264
-242.137
-242.02
-241.912
-241.813
-241.721
-241.636
-241.556
-241.48
-241.408
-241.34
-241.278
-241.222
-241.171
-241.127
-241.089
-241.056
-241.026
-241.001
-240.978
-240.957
-240.938
-240.919
-240.902
-240.885
-240.869
-240.853
-240.837
-240.823
-240.808
-240.795
-240.782
-240.77
-240.759
-240.749
-240.739
-240.73
-240.721
-240.714
-240.707
-240.7
-240.695
-240.69
-240.685
-240.681
-240.678
-240.675
-240.672
-240.67
-240.668
-240.666
-240.665
-240.664
-240.663
-240.662
-240.662
-240.661
-240.662
-252.085
-251.902
-251.77
-251.626
-251.499
-251.382
-251.277
-251.18
-251.091
-251.007
-250.928
-250.854
-250.784
-250.72
-250.661
-250.608
-250.561
-250.52
-250.484
-250.451
-250.423
-250.397
-250.373
-250.352
-250.332
-250.312
-250.294
-250.277
-250.26
-250.244
-250.228
-250.213
-250.199
-250.186
-250.174
-250.162
-250.152
-250.142
-250.133
-250.124
-250.116
-250.109
-250.103
-250.098
-250.093
-250.088
-250.084
-250.081
-250.078
-250.076
-250.073
-250.071
-250.07
-250.068
-250.067
-250.066
-250.065
-250.065
-250.064
-250.065
-261.843
-261.604
-261.461
-261.293
-261.154
-261.028
-260.914
-260.812
-260.718
-260.63
-260.548
-260.472
-260.4
-260.333
-260.272
-260.217
-260.167
-260.122
-260.083
-260.047
-260.015
-259.986
-259.959
-259.935
-259.913
-259.892
-259.872
-259.853
-259.835
-259.818
-259.802
-259.787
-259.772
-259.758
-259.746
-259.734
-259.723
-259.713
-259.704
-259.695
-259.687
-259.68
-259.674
-259.669
-259.664
-259.66
-259.656
-259.653
-259.65
-259.647
-259.645
-259.643
-259.641
-259.64
-259.638
-259.637
-259.636
-259.636
-259.635
-259.636
-271.848
-271.506
-271.34
-271.143
-270.989
-270.851
-270.729
-270.619
-270.52
-270.428
-270.343
-270.263
-270.189
-270.12
-270.057
-269.999
-269.946
-269.898
-269.855
-269.815
-269.779
-269.747
-269.717
-269.69
-269.665
-269.642
-269.621
-269.601
-269.582
-269.564
-269.547
-269.531
-269.516
-269.502
-269.489
-269.477
-269.466
-269.456
-269.446
-269.438
-269.43
-269.423
-269.417
-269.411
-269.407
-269.402
-269.399
-269.396
-269.393
-269.39
-269.388
-269.386
-269.384
-269.383
-269.381
-269.38
-269.379
-269.379
-269.378
-269.378
-281.96
-281.615
-281.397
-281.174
-281.005
-280.856
-280.724
-280.606
-280.5
-280.403
-280.314
-280.232
-280.156
-280.085
-280.02
-279.96
-279.903
-279.852
-279.804
-279.76
-279.719
-279.683
-279.65
-279.619
-279.592
-279.567
-279.544
-279.522
-279.502
-279.484
-279.466
-279.45
-279.434
-279.42
-279.407
-279.394
-279.383
-279.373
-279.363
-279.355
-279.347
-279.34
-279.334
-279.328
-279.324
-279.32
-279.316
-279.313
-279.31
-279.308
-279.306
-279.304
-279.302
-279.3
-279.299
-279.297
-279.296
-279.296
-279.295
-279.295
-292.754
-292.022
-291.726
-291.427
-291.225
-291.053
-290.905
-290.776
-290.661
-290.558
-290.465
-290.381
-290.304
-290.232
-290.165
-290.101
-290.041
-289.985
-289.932
-289.883
-289.837
-289.796
-289.759
-289.726
-289.696
-289.668
-289.644
-289.621
-289.6
-289.58
-289.562
-289.545
-289.53
-289.515
-289.502
-289.489
-289.478
-289.467
-289.458
-289.449
-289.441
-289.434
-289.428
-289.423
-289.418
-289.414
-289.411
-289.408
-289.405
-289.403
-289.401
-289.399
-289.397
-289.395
-289.394
-289.392
-289.391
-289.39
-289.39
-289.39
-271.964
-277.909
-279
-279.981
-280.616
-282.274
-291.893
-305.777
-310.721
-310.339
-308.861
-308.294
-307.634
-308.563
-272.121
-166.174
-116.778
-170.721
-167.088
-253.727
-286.412
-288.94
-291.227
-292.991
-294.308
-295.368
-297.255
-300.2
-302.12
-303.618
-305.352
-307.443
-309.86
-313.214
-319.268
-324.035
-325.754
-324.464
-323.868
-349.004
-300.939
-301.54
-303.23
-304.967
-306.729
-308.475
-310.474
-312.878
-315.082
-316.887
-318.472
-320.096
-321.927
-324.187
-326.327
-328.794
-328.791
-331.545
-333.233
-343.18
-313.763
-314.005
-315.152
-316.48
-317.942
-319.532
-321.339
-323.313
-325.167
-326.81
-328.384
-329.901
-331.378
-333.065
-334.067
-335.691
-334.69
-337.433
-340.027
-343.41
-325.541
-326.063
-326.852
-327.814
-328.936
-330.189
-331.583
-333.078
-334.583
-336.062
-337.529
-338.913
-340.081
-341.466
-342.138
-343.606
-343.341
-345.183
-347.886
-348.041
-336.9
-337.756
-338.281
-338.979
-339.852
-340.845
-341.943
-343.131
-344.387
-345.694
-346.959
-348.121
-349.082
-350.185
-350.788
-351.82
-352.361
-353.422
-355.114
-354.808
-348.029
-349.144
-349.458
-349.981
-350.676
-351.477
-352.371
-353.353
-354.421
-355.545
-356.586
-357.535
-358.348
-359.195
-359.793
-360.529
-361.412
-361.869
-362.797
-363.021
-358.987
-360.262
-360.416
-360.831
-361.398
-362.057
-362.8
-363.625
-364.526
-365.445
-366.289
-367.063
-367.756
-368.44
-369.013
-369.494
-370.378
-370.422
-371.158
-371.686
-369.811
-371.135
-371.202
-371.54
-372.011
-372.561
-373.186
-373.882
-374.626
-375.362
-376.044
-376.683
-377.272
-377.833
-378.352
-378.69
-379.381
-379.335
-380.003
-380.539
-380.531
-381.806
-381.843
-382.125
-382.522
-382.987
-383.513
-384.092
-384.694
-385.283
-385.843
-386.376
-386.876
-387.342
-387.789
-388.082
-388.593
-388.642
-389.167
-389.608
-391.168
-392.319
-392.357
-392.599
-392.94
-393.335
-393.773
-394.246
-394.731
-395.211
-395.678
-396.126
-396.551
-396.945
-397.326
-397.608
-397.999
-398.147
-398.527
-398.872
-401.74
-402.708
-402.763
-402.977
-403.275
-403.609
-403.972
-404.356
-404.752
-405.15
-405.541
-405.919
-406.282
-406.621
-406.947
-407.215
-407.528
-407.72
-408.007
-408.278
-412.262
-413.015
-413.092
-413.283
-413.541
-413.823
-414.122
-414.439
-414.767
-415.099
-415.427
-415.748
-416.059
-416.352
-416.631
-416.876
-417.134
-417.333
-417.562
-417.782
-422.728
-423.272
-423.366
-423.538
-423.758
-423.994
-424.242
-424.506
-424.779
-425.056
-425.333
-425.606
-425.871
-426.122
-426.361
-426.579
-426.795
-426.982
-427.174
-427.356
-433.122
-433.498
-433.599
-433.753
-433.939
-434.135
-434.341
-434.56
-434.787
-435.02
-435.253
-435.483
-435.707
-435.921
-436.126
-436.316
-436.5
-436.668
-436.831
-436.984
-443.445
-443.704
-443.801
-443.934
-444.091
-444.254
-444.424
-444.603
-444.792
-444.986
-445.181
-445.375
-445.563
-445.744
-445.918
-446.082
-446.24
-446.386
-446.526
-446.656
-453.708
-453.895
-453.98
-454.09
-454.22
-454.354
-454.492
-454.638
-454.794
-454.955
-455.117
-455.277
-455.435
-455.587
-455.734
-455.875
-456.008
-456.133
-456.251
-456.362
-463.924
-464.07
-464.137
-464.227
-464.332
-464.44
-464.55
-464.669
-464.795
-464.927
-465.059
-465.191
-465.321
-465.448
-465.571
-465.688
-465.799
-465.904
-466.002
-466.094
-474.1
-474.221
-474.273
-474.347
-474.431
-474.515
-474.602
-474.696
-474.797
-474.901
-475.007
-475.113
-475.218
-475.321
-475.421
-475.517
-475.607
-475.692
-475.772
-475.847
-484.241
-484.344
-484.388
-484.449
-484.515
-484.579
-484.646
-484.718
-484.795
-484.875
-484.957
-485.04
-485.123
-485.204
-485.283
-485.358
-485.429
-485.496
-485.559
-485.618
-494.358
-494.447
-494.484
-494.535
-494.585
-494.632
-494.679
-494.731
-494.787
-494.846
-494.907
-494.969
-495.031
-495.092
-495.151
-495.207
-495.261
-495.311
-495.358
-495.403
-504.465
-504.535
-504.565
-504.603
-504.639
-504.671
-504.702
-504.737
-504.775
-504.815
-504.857
-504.9
-504.943
-504.985
-505.026
-505.064
-505.101
-505.136
-505.169
-505.2
-514.576
-514.622
-514.64
-514.665
-514.685
-514.702
-514.719
-514.738
-514.76
-514.783
-514.808
-514.833
-514.858
-514.883
-514.906
-514.929
-514.95
-514.971
-514.99
-515.008
-524.7
-524.714
-524.717
-524.723
-524.726
-524.73
-524.734
-524.74
-524.746
-524.754
-524.762
-524.77
-524.778
-524.786
-524.793
-524.8
-524.807
-524.813
-524.82
-524.825
-335.524
-337.763
-332.255
-324.447
-319.339
-313.512
-311.583
-309.316
-307.945
-306.82
-305.888
-305.1
-304.452
-303.844
-303.47
-353.923
-352.585
-342.099
-335.296
-329.089
-323.658
-321.205
-319.044
-317.58
-316.465
-315.552
-314.793
-314.127
-313.566
-313.029
-350.968
-351.731
-348.209
-342.412
-337.074
-332.651
-330.088
-328.246
-326.927
-325.911
-325.08
-324.375
-323.773
-323.227
-322.757
-348.867
-351.233
-350.196
-347.157
-343.663
-340.629
-338.545
-337.105
-336.038
-335.191
-334.483
-333.854
-333.294
-332.814
-332.375
-350.844
-352.847
-352.97
-351.734
-349.982
-348.208
-346.83
-345.826
-345.039
-344.377
-343.782
-343.266
-342.796
-342.373
-341.99
-356.365
-357.524
-357.815
-357.501
-356.771
-355.906
-355.148
-354.531
-353.996
-353.507
-353.059
-352.644
-352.256
-351.897
-351.563
-363.906
-364.479
-364.634
-364.593
-364.378
-364.049
-363.696
-363.351
-363.012
-362.673
-362.339
-362.015
-361.702
-361.403
-361.122
-372.255
-372.553
-372.637
-372.682
-372.677
-372.602
-372.472
-372.302
-372.101
-371.877
-371.639
-371.393
-371.147
-370.906
-370.674
-380.97
-381.187
-381.284
-381.372
-381.446
-381.476
-381.455
-381.387
-381.279
-381.137
-380.972
-380.791
-380.603
-380.412
-380.224
-389.958
-390.163
-390.288
-390.4
-390.501
-390.572
-390.603
-390.592
-390.542
-390.458
-390.347
-390.218
-390.077
-389.929
-389.779
-399.161
-399.36
-399.502
-399.625
-399.734
-399.82
-399.875
-399.895
-399.881
-399.836
-399.766
-399.677
-399.573
-399.461
-399.344
-408.518
-408.705
-408.852
-408.977
-409.087
-409.178
-409.243
-409.279
-409.286
-409.268
-409.227
-409.167
-409.094
-409.011
-408.921
-417.984
-418.156
-418.297
-418.42
-418.527
-418.616
-418.684
-418.727
-418.748
-418.746
-418.726
-418.689
-418.639
-418.579
-418.511
-427.528
-427.683
-427.816
-427.932
-428.032
-428.116
-428.182
-428.229
-428.257
-428.267
-428.261
-428.24
-428.208
-428.165
-428.115
-437.133
-437.27
-437.391
-437.497
-437.589
-437.666
-437.728
-437.775
-437.806
-437.823
-437.827
-437.818
-437.798
-437.77
-437.734
-446.783
-446.903
-447.01
-447.104
-447.186
-447.256
-447.314
-447.358
-447.391
-447.411
-447.421
-447.42
-447.41
-447.392
-447.368
-456.469
-456.572
-456.664
-456.746
-456.818
-456.88
-456.932
-456.973
-457.005
-457.027
-457.04
-457.044
-457.04
-457.03
-457.015
-466.184
-466.27
-466.348
-466.418
-466.48
-466.533
-466.578
-466.616
-466.645
-466.667
-466.681
-466.688
-466.689
-466.684
-466.675
-475.921
-475.991
-476.056
-476.113
-476.165
-476.21
-476.249
-476.281
-476.307
-476.327
-476.341
-476.35
-476.353
-476.352
-476.348
-485.676
-485.732
-485.784
-485.83
-485.871
-485.908
-485.94
-485.967
-485.989
-486.007
-486.019
-486.028
-486.032
-486.034
-486.032
-495.447
-495.489
-495.528
-495.563
-495.595
-495.624
-495.648
-495.67
-495.688
-495.702
-495.712
-495.72
-495.724
-495.727
-495.728
-505.231
-505.26
-505.287
-505.312
-505.335
-505.355
-505.373
-505.388
-505.401
-505.411
-505.419
-505.425
-505.429
-505.432
-505.433
-515.026
-515.044
-515.06
-515.074
-515.087
-515.099
-515.11
-515.119
-515.126
-515.132
-515.137
-515.141
-515.144
-515.146
-515.148
-524.831
-524.836
-524.841
-524.846
-524.85
-524.854
-524.857
-524.86
-524.863
-524.865
-524.867
-524.868
-524.87
-524.871
-524.872
-302.913
-302.151
-301.727
-301.463
-301.257
-301.084
-300.932
-300.798
-300.678
-300.572
-300.478
-300.392
-300.314
-300.241
-300.173
-300.109
-300.047
-299.989
-299.934
-299.883
-299.836
-299.793
-299.754
-299.719
-299.688
-299.659
-299.634
-299.61
-299.589
-299.569
-299.551
-299.534
-299.518
-299.503
-299.49
-299.477
-299.466
-299.455
-299.445
-299.437
-299.429
-299.422
-299.416
-299.411
-299.407
-299.403
-299.4
-299.397
-299.394
-299.392
-299.39
-299.388
-299.386
-299.384
-299.382
-299.381
-299.38
-299.379
-299.378
-299.379
-312.499
-311.991
-311.616
-311.322
-311.087
-310.894
-310.733
-310.594
-310.472
-310.365
-310.269
-310.182
-310.103
-310.03
-309.963
-309.899
-309.839
-309.783
-309.73
-309.681
-309.635
-309.594
-309.556
-309.521
-309.49
-309.462
-309.437
-309.414
-309.392
-309.372
-309.354
-309.337
-309.321
-309.306
-309.293
-309.28
-309.269
-309.258
-309.249
-309.24
-309.233
-309.226
-309.22
-309.215
-309.211
-309.207
-309.204
-309.201
-309.199
-309.196
-309.194
-309.192
-309.19
-309.189
-309.187
-309.185
-309.184
-309.183
-309.183
-309.183
-322.284
-321.78
-321.392
-321.101
-320.872
-320.682
-320.52
-320.381
-320.259
-320.151
-320.054
-319.968
-319.889
-319.817
-319.75
-319.688
-319.63
-319.575
-319.524
-319.477
-319.433
-319.392
-319.355
-319.322
-319.291
-319.264
-319.238
-319.215
-319.194
-319.174
-319.156
-319.139
-319.123
-319.109
-319.096
-319.083
-319.072
-319.062
-319.052
-319.044
-319.036
-319.03
-319.024
-319.019
-319.015
-319.011
-319.008
-319.006
-319.003
-319.001
-318.999
-318.997
-318.995
-318.993
-318.991
-318.99
-318.989
-318.988
-318.987
-318.987
-331.93
-331.51
-331.161
-330.879
-330.649
-330.459
-330.298
-330.159
-330.038
-329.931
-329.835
-329.749
-329.671
-329.6
-329.534
-329.474
-329.417
-329.365
-329.316
-329.27
-329.228
-329.189
-329.153
-329.12
-329.09
-329.063
-329.038
-329.016
-328.995
-328.975
-328.957
-328.94
-328.925
-328.911
-328.898
-328.886
-328.874
-328.864
-328.855
-328.847
-328.839
-328.833
-328.828
-328.823
-328.819
-328.815
-328.812
-328.81
-328.807
-328.805
-328.803
-328.801
-328.799
-328.797
-328.796
-328.794
-328.793
-328.792
-328.791
-328.792
-341.595
-341.212
-340.89
-340.624
-340.405
-340.221
-340.064
-339.928
-339.81
-339.704
-339.61
-339.526
-339.45
-339.38
-339.316
-339.258
-339.203
-339.152
-339.105
-339.061
-339.021
-338.983
-338.948
-338.917
-338.888
-338.861
-338.837
-338.815
-338.794
-338.775
-338.757
-338.741
-338.726
-338.712
-338.699
-338.687
-338.676
-338.666
-338.657
-338.649
-338.642
-338.636
-338.631
-338.626
-338.622
-338.619
-338.616
-338.613
-338.611
-338.609
-338.607
-338.605
-338.603
-338.601
-338.6
-338.598
-338.597
-338.596
-338.595
-338.595
-351.219
-350.884
-350.595
-350.351
-350.145
-349.97
-349.82
-349.689
-349.574
-349.472
-349.381
-349.299
-349.225
-349.157
-349.096
-349.039
-348.987
-348.938
-348.893
-348.851
-348.812
-348.775
-348.742
-348.712
-348.684
-348.658
-348.635
-348.613
-348.593
-348.574
-348.557
-348.541
-348.526
-348.513
-348.5
-348.489
-348.478
-348.468
-348.459
-348.452
-348.445
-348.439
-348.433
-348.429
-348.425
-348.422
-348.419
-348.417
-348.415
-348.413
-348.411
-348.409
-348.407
-348.405
-348.403
-348.402
-348.4
-348.4
-348.399
-348.399
-360.829
-360.537
-360.281
-360.06
-359.871
-359.708
-359.566
-359.442
-359.332
-359.235
-359.147
-359.068
-358.996
-358.932
-358.872
-358.818
-358.768
-358.721
-358.678
-358.638
-358.601
-358.566
-358.534
-358.505
-358.478
-358.454
-358.431
-358.41
-358.39
-358.372
-358.356
-358.34
-358.326
-358.313
-358.301
-358.29
-358.279
-358.27
-358.261
-358.254
-358.247
-358.241
-358.236
-358.232
-358.228
-358.225
-358.222
-358.22
-358.218
-358.216
-358.214
-358.212
-358.21
-358.208
-358.207
-358.205
-358.204
-358.203
-358.202
-358.203
-370.427
-370.177
-369.953
-369.757
-369.585
-369.435
-369.304
-369.188
-369.084
-368.992
-368.908
-368.833
-368.765
-368.703
-368.647
-368.595
-368.547
-368.503
-368.462
-368.424
-368.388
-368.355
-368.325
-368.297
-368.272
-368.248
-368.226
-368.206
-368.187
-368.17
-368.154
-368.139
-368.125
-368.113
-368.101
-368.09
-368.08
-368.071
-368.062
-368.055
-368.049
-368.043
-368.038
-368.034
-368.031
-368.028
-368.025
-368.023
-368.021
-368.019
-368.017
-368.015
-368.013
-368.012
-368.01
-368.008
-368.007
-368.006
-368.006
-368.006
-380.02
-379.809
-379.616
-379.444
-379.29
-379.155
-379.035
-378.927
-378.831
-378.744
-378.666
-378.595
-378.531
-378.472
-378.419
-378.37
-378.324
-378.283
-378.244
-378.208
-378.174
-378.143
-378.114
-378.088
-378.063
-378.041
-378.02
-378
-377.982
-377.966
-377.951
-377.937
-377.924
-377.912
-377.9
-377.89
-377.88
-377.871
-377.863
-377.856
-377.85
-377.845
-377.84
-377.836
-377.833
-377.83
-377.828
-377.826
-377.824
-377.822
-377.82
-377.818
-377.816
-377.815
-377.813
-377.811
-377.81
-377.809
-377.809
-377.809
-389.613
-389.437
-389.274
-389.124
-388.989
-388.868
-388.76
-388.662
-388.573
-388.493
-388.42
-388.354
-388.294
-388.239
-388.189
-388.142
-388.1
-388.06
-388.024
-387.99
-387.958
-387.929
-387.902
-387.877
-387.854
-387.833
-387.813
-387.794
-387.777
-387.762
-387.747
-387.734
-387.721
-387.71
-387.699
-387.689
-387.68
-387.672
-387.664
-387.657
-387.651
-387.646
-387.642
-387.638
-387.635
-387.632
-387.63
-387.628
-387.626
-387.624
-387.623
-387.621
-387.619
-387.617
-387.616
-387.614
-387.613
-387.612
-387.612
-387.612
-399.211
-399.066
-398.929
-398.801
-398.684
-398.577
-398.48
-398.392
-398.311
-398.238
-398.171
-398.11
-398.054
-398.003
-397.956
-397.913
-397.874
-397.837
-397.803
-397.771
-397.741
-397.714
-397.689
-397.666
-397.644
-397.624
-397.605
-397.587
-397.571
-397.556
-397.543
-397.53
-397.518
-397.508
-397.498
-397.488
-397.479
-397.471
-397.464
-397.458
-397.452
-397.447
-397.443
-397.44
-397.437
-397.434
-397.432
-397.43
-397.428
-397.427
-397.425
-397.423
-397.421
-397.42
-397.418
-397.417
-397.416
-397.415
-397.414
-397.414
-408.816
-408.699
-408.585
-408.477
-408.376
-408.283
-408.198
-408.119
-408.047
-407.98
-407.92
-407.864
-407.813
-407.766
-407.723
-407.683
-407.646
-407.612
-407.58
-407.55
-407.523
-407.498
-407.475
-407.453
-407.432
-407.414
-407.396
-407.379
-407.364
-407.351
-407.338
-407.326
-407.315
-407.305
-407.295
-407.287
-407.278
-407.271
-407.264
-407.258
-407.253
-407.248
-407.244
-407.241
-407.238
-407.236
-407.234
-407.232
-407.23
-407.229
-407.227
-407.225
-407.224
-407.222
-407.221
-407.219
-407.218
-407.217
-407.217
-407.217
-418.43
-418.336
-418.243
-418.153
-418.068
-417.988
-417.913
-417.844
-417.78
-417.721
-417.666
-417.616
-417.57
-417.527
-417.487
-417.451
-417.417
-417.385
-417.356
-417.329
-417.304
-417.281
-417.259
-417.239
-417.22
-417.203
-417.186
-417.171
-417.157
-417.144
-417.132
-417.121
-417.111
-417.102
-417.093
-417.085
-417.077
-417.07
-417.064
-417.058
-417.053
-417.049
-417.045
-417.042
-417.039
-417.037
-417.035
-417.034
-417.032
-417.03
-417.029
-417.027
-417.026
-417.024
-417.023
-417.022
-417.021
-417.02
-417.019
-417.019
-428.054
-427.98
-427.906
-427.832
-427.761
-427.692
-427.628
-427.568
-427.512
-427.459
-427.411
-427.367
-427.325
-427.287
-427.251
-427.217
-427.186
-427.158
-427.131
-427.106
-427.084
-427.063
-427.043
-427.024
-427.007
-426.991
-426.976
-426.962
-426.949
-426.937
-426.926
-426.916
-426.907
-426.898
-426.89
-426.882
-426.875
-426.869
-426.863
-426.857
-426.853
-426.849
-426.845
-426.843
-426.84
-426.838
-426.836
-426.835
-426.833
-426.832
-426.831
-426.829
-426.828
-426.826
-426.825
-426.824
-426.823
-426.822
-426.822
-426.822
-437.689
-437.632
-437.573
-437.514
-437.455
-437.398
-437.343
-437.291
-437.243
-437.198
-437.155
-437.116
-437.08
-437.045
-437.013
-436.983
-436.955
-436.929
-436.905
-436.883
-436.862
-436.844
-436.826
-436.809
-436.793
-436.778
-436.765
-436.752
-436.74
-436.729
-436.719
-436.71
-436.702
-436.694
-436.686
-436.679
-436.673
-436.667
-436.662
-436.657
-436.652
-436.649
-436.646
-436.643
-436.641
-436.639
-436.637
-436.636
-436.635
-436.633
-436.632
-436.631
-436.629
-436.628
-436.627
-436.626
-436.625
-436.624
-436.624
-436.624
-447.335
-447.293
-447.247
-447.199
-447.152
-447.104
-447.059
-447.015
-446.974
-446.935
-446.899
-446.865
-446.833
-446.803
-446.775
-446.748
-446.723
-446.7
-446.678
-446.659
-446.641
-446.624
-446.608
-446.593
-446.579
-446.565
-446.553
-446.541
-446.531
-446.521
-446.512
-446.504
-446.496
-446.489
-446.482
-446.476
-446.47
-446.465
-446.46
-446.456
-446.452
-446.449
-446.446
-446.443
-446.441
-446.44
-446.438
-446.437
-446.436
-446.435
-446.433
-446.432
-446.431
-446.43
-446.429
-446.428
-446.427
-446.426
-446.426
-446.426
-456.992
-456.961
-456.927
-456.89
-456.852
-456.814
-456.776
-456.74
-456.705
-456.673
-456.643
-456.614
-456.587
-456.561
-456.536
-456.512
-456.49
-456.47
-456.451
-456.434
-456.418
-456.403
-456.389
-456.376
-456.364
-456.352
-456.341
-456.331
-456.321
-456.313
-456.305
-456.298
-456.291
-456.284
-456.278
-456.273
-456.267
-456.263
-456.258
-456.254
-456.251
-456.248
-456.246
-456.243
-456.242
-456.24
-456.239
-456.238
-456.237
-456.236
-456.235
-456.233
-456.232
-456.231
-456.23
-456.229
-456.229
-456.228
-456.228
-456.228
-466.66
-466.639
-466.614
-466.586
-466.556
-466.526
-466.495
-466.466
-466.438
-466.411
-466.386
-466.362
-466.34
-466.318
-466.296
-466.276
-466.257
-466.24
-466.224
-466.209
-466.195
-466.182
-466.17
-466.159
-466.148
-466.138
-466.128
-466.119
-466.111
-466.104
-466.097
-466.091
-466.085
-466.079
-466.074
-466.069
-466.064
-466.06
-466.056
-466.053
-466.05
-466.047
-466.045
-466.043
-466.042
-466.041
-466.039
-466.038
-466.037
-466.036
-466.036
-466.035
-466.034
-466.033
-466.032
-466.031
-466.03
-466.03
-466.029
-466.03
-476.339
-476.325
-476.307
-476.287
-476.264
-476.241
-476.217
-476.194
-476.172
-476.151
-476.131
-476.111
-476.092
-476.074
-476.057
-476.04
-476.024
-476.009
-475.995
-475.983
-475.972
-475.961
-475.951
-475.941
-475.932
-475.923
-475.915
-475.908
-475.901
-475.894
-475.889
-475.883
-475.878
-475.874
-475.869
-475.865
-475.861
-475.857
-475.854
-475.851
-475.849
-475.847
-475.845
-475.843
-475.842
-475.841
-475.84
-475.839
-475.838
-475.837
-475.836
-475.836
-475.835
-475.834
-475.833
-475.832
-475.832
-475.831
-475.831
-475.831
-486.028
-486.019
-486.008
-485.993
-485.977
-485.96
-485.942
-485.924
-485.907
-485.891
-485.875
-485.86
-485.846
-485.831
-485.817
-485.803
-485.79
-485.778
-485.767
-485.757
-485.748
-485.739
-485.731
-485.723
-485.716
-485.708
-485.702
-485.696
-485.69
-485.685
-485.68
-485.676
-485.672
-485.668
-485.664
-485.661
-485.657
-485.655
-485.652
-485.649
-485.647
-485.646
-485.644
-485.643
-485.642
-485.641
-485.64
-485.639
-485.639
-485.638
-485.637
-485.636
-485.636
-485.635
-485.634
-485.634
-485.633
-485.633
-485.633
-485.633
-495.726
-495.722
-495.714
-495.705
-495.694
-495.682
-495.669
-495.656
-495.644
-495.632
-495.621
-495.61
-495.599
-495.588
-495.577
-495.566
-495.556
-495.547
-495.539
-495.531
-495.524
-495.518
-495.511
-495.505
-495.499
-495.493
-495.488
-495.483
-495.479
-495.475
-495.471
-495.468
-495.465
-495.462
-495.459
-495.456
-495.454
-495.451
-495.449
-495.448
-495.446
-495.444
-495.443
-495.442
-495.441
-495.441
-495.44
-495.44
-495.439
-495.438
-495.438
-495.437
-495.437
-495.436
-495.436
-495.435
-495.435
-495.435
-495.435
-495.435
-505.433
-505.432
-505.428
-505.422
-505.415
-505.407
-505.399
-505.391
-505.383
-505.375
-505.368
-505.36
-505.352
-505.345
-505.337
-505.33
-505.323
-505.316
-505.31
-505.305
-505.3
-505.295
-505.291
-505.286
-505.282
-505.278
-505.274
-505.271
-505.268
-505.265
-505.263
-505.26
-505.258
-505.256
-505.254
-505.252
-505.25
-505.248
-505.247
-505.245
-505.244
-505.243
-505.242
-505.242
-505.241
-505.241
-505.24
-505.24
-505.239
-505.239
-505.239
-505.238
-505.238
-505.237
-505.237
-505.237
-505.236
-505.236
-505.236
-505.236
-515.149
-515.148
-515.147
-515.144
-515.141
-515.137
-515.132
-515.128
-515.124
-515.12
-515.115
-515.111
-515.107
-515.102
-515.098
-515.093
-515.089
-515.086
-515.082
-515.079
-515.076
-515.073
-515.07
-515.068
-515.065
-515.063
-515.061
-515.059
-515.057
-515.055
-515.054
-515.052
-515.051
-515.049
-515.048
-515.047
-515.046
-515.045
-515.044
-515.043
-515.043
-515.042
-515.041
-515.041
-515.041
-515.04
-515.04
-515.04
-515.04
-515.039
-515.039
-515.039
-515.039
-515.038
-515.038
-515.038
-515.038
-515.038
-515.038
-515.038
-524.872
-524.873
-524.873
-524.872
-524.871
-524.87
-524.869
-524.868
-524.867
-524.866
-524.864
-524.863
-524.862
-524.86
-524.859
-524.858
-524.856
-524.855
-524.854
-524.853
-524.852
-524.851
-524.85
-524.849
-524.848
-524.848
-524.847
-524.846
-524.846
-524.845
-524.845
-524.844
-524.844
-524.843
-524.843
-524.842
-524.842
-524.842
-524.841
-524.841
-524.841
-524.841
-524.84
-524.84
-524.84
-524.84
-524.84
-524.84
-524.84
-524.84
-524.84
-524.84
-524.84
-524.839
-524.839
-524.839
-524.839
-524.839
-524.839
-524.839
)
;

boundaryField
{
    inlet
    {
        type            calculated;
        value           nonuniform List<scalar> 
44
(
279074
258863
239211
220077
201449
183314
165653
148452
131684
115323
99391.6
83866.6
68754.4
54157.6
40912.1
29952.4
12343.5
768.762
-88.3014
-248.934
-271.964
-286.412
-300.939
-313.763
-325.541
-336.9
-348.029
-358.987
-369.811
-380.531
-391.168
-401.74
-412.262
-422.728
-433.122
-443.445
-453.708
-463.924
-474.1
-484.241
-494.358
-504.465
-514.576
-524.7
)
;
    }
    outlet
    {
        type            calculated;
        value           nonuniform List<scalar> 
64
(
-2.75973
-7.90013
-13.1328
-18.4595
-23.8818
-29.4013
-35.02
-40.7394
-46.5614
-52.4879
-58.5206
-64.6616
-70.9126
-77.2757
-83.7528
-90.346
-97.0573
-103.889
-110.843
-117.921
-125.127
-132.461
-139.927
-147.526
-155.261
-163.135
-171.15
-179.309
-187.613
-196.066
-204.67
-213.429
-222.344
-231.419
-240.657
-250.059
-259.63
-269.373
-279.29
-289.384
-299.379
-309.183
-318.987
-328.792
-338.595
-348.399
-358.203
-368.006
-377.809
-387.612
-397.414
-407.217
-417.019
-426.822
-436.624
-446.426
-456.228
-466.03
-475.831
-485.633
-495.435
-505.236
-515.038
-524.839
)
;
    }
    lowerWall
    {
        type            calculated;
        value           nonuniform List<scalar> 
155
(
289252
289671
290090
290471
290998
291566
292057
292524
293004
293457
293864
294228
294554
294840
295086
295291
295457
295582
295666
295712
285534
265419
245895
226924
208621
190703
173725
157050
140962
125915
110921
96675
83401.6
70524.8
58035.3
46100.1
34695.7
23533.6
12176.4
3168.32
-330.606
-332.858
-327.35
-319.542
-314.434
-308.607
-306.678
-304.411
-303.04
-301.915
-300.983
-300.195
-299.547
-298.939
-298.565
-3.32171
-8.46274
-13.6977
-19.0283
-24.4561
-29.9828
-35.6102
-41.34
-47.1743
-53.1149
-59.164
-65.3234
-71.5955
-77.9821
-84.4855
-91.1079
-97.8512
-104.718
-111.709
-118.828
-126.075
-133.454
-140.966
-148.613
-156.397
-164.322
-172.389
-180.602
-188.965
-197.481
-206.155
-214.992
-223.996
-233.173
-242.531
-252.08
-261.838
-271.842
-281.954
-292.748
-0.774387
-0.770597
-0.759419
-0.750106
-0.736895
-0.722548
-0.706954
-0.690371
-0.673326
-0.655908
-0.638524
-0.621229
-0.604317
-0.587793
-0.571816
-0.556461
-0.541655
-0.527528
-0.51404
-0.501091
-0.488727
-0.476918
-0.465548
-0.454585
-0.444038
-0.433847
-0.423935
-0.4143
-0.404965
-0.395905
-0.38708
-0.378492
-0.370165
-0.362093
-0.354227
-0.346513
-0.338917
-0.331419
-0.323991
-0.316593
-0.309177
-0.301715
-0.29421
-0.286697
-0.279222
-0.271832
-0.264566
-0.257469
-0.250602
-0.244046
-0.237901
-0.232267
-0.227234
-0.222875
-0.219237
-0.216347
-0.214217
-0.212875
-0.212079
-0.212408
)
;
    }
    atmosphere
    {
        type            calculated;
        value           nonuniform List<scalar> 
95
(
-529.74
-529.74
-529.74
-529.74
-529.74
-529.74
-529.74
-529.74
-529.74
-529.74
-529.74
-529.74
-529.74
-529.74
-529.74
-529.74
-529.74
-529.74
-529.74
-529.74
-529.74
-529.74
-529.74
-529.74
-529.74
-529.74
-529.74
-529.74
-529.74
-529.74
-529.74
-529.74
-529.74
-529.74
-529.74
-529.74
-529.74
-529.74
-529.74
-529.74
-529.74
-529.74
-529.74
-529.74
-529.74
-529.74
-529.74
-529.74
-529.74
-529.74
-529.74
-529.74
-529.74
-529.74
-529.74
-529.74
-529.74
-529.74
-529.74
-529.74
-529.74
-529.74
-529.74
-529.74
-529.74
-529.74
-529.74
-529.74
-529.74
-529.74
-529.74
-529.74
-529.74
-529.74
-529.74
-529.74
-529.74
-529.74
-529.74
-529.74
-529.74
-529.74
-529.74
-529.74
-529.74
-529.74
-529.74
-529.74
-529.74
-529.74
-529.74
-529.74
-529.74
-529.74
-529.74
)
;
    }
    defaultFaces
    {
        type            empty;
    }
}


// ************************************************************************* //
