/*--------------------------------*- C++ -*----------------------------------*\
| =========                 |                                                 |
| \\      /  F ield         | OpenFOAM: The Open Source CFD Toolbox           |
|  \\    /   O peration     | Version:  v1606+                                |
|   \\  /    A nd           | Web:      www.OpenFOAM.com                      |
|    \\/     M anipulation  |                                                 |
\*---------------------------------------------------------------------------*/
FoamFile
{
    version     2.0;
    format      ascii;
    class       volScalarField;
    location    "0.0048";
    object      T;
}
// * * * * * * * * * * * * * * * * * * * * * * * * * * * * * * * * * * * * * //

dimensions      [0 0 0 1 0 0 0];

internalField   nonuniform List<scalar> 
2450
(
2399.79
2399.8
2400.11
2400.61
2400.95
2400.9
2400.47
2261.97
1440.9
609.66
406.527
345.318
320.322
310.194
305.38
303.947
303.396
303.162
303.16
303.159
303.157
303.156
303.154
303.153
303.152
303.151
303.151
303.15
303.149
303.149
303.149
303.148
303.148
303.147
303.147
303.146
303.146
303.145
303.145
303.144
303.144
303.143
303.143
303.142
303.142
303.141
303.141
303.14
303.14
303.14
303.139
303.139
303.139
303.138
303.138
303.138
303.138
303.138
303.138
303.138
303.138
303.138
303.139
303.14
303.143
303.148
303.158
303.171
303.184
303.191
2399.66
2399.71
2400.05
2400.56
2400.9
2400.85
2400.39
2266.29
1635.68
689.472
395.994
339.636
317.526
308.314
304.822
303.795
303.344
303.159
303.158
303.156
303.155
303.153
303.152
303.151
303.15
303.149
303.148
303.147
303.147
303.146
303.146
303.145
303.144
303.144
303.143
303.143
303.142
303.142
303.141
303.141
303.14
303.14
303.139
303.139
303.138
303.138
303.137
303.137
303.136
303.136
303.135
303.135
303.135
303.135
303.134
303.134
303.134
303.134
303.134
303.134
303.134
303.134
303.135
303.136
303.139
303.146
303.158
303.176
303.194
303.197
2399.74
2399.81
2400.15
2400.63
2400.92
2400.81
2400.33
2183.93
1417.66
560.002
381.979
332.743
314.807
307.058
304.421
303.61
303.275
303.14
303.139
303.138
303.136
303.134
303.133
303.132
303.131
303.129
303.129
303.128
303.127
303.126
303.125
303.125
303.124
303.123
303.123
303.122
303.121
303.121
303.12
303.12
303.119
303.119
303.118
303.117
303.117
303.116
303.116
303.115
303.115
303.115
303.114
303.114
303.114
303.113
303.113
303.113
303.113
303.113
303.113
303.113
303.113
303.113
303.113
303.115
303.118
303.126
303.141
303.165
303.191
303.197
2400
2400.07
2400.37
2400.75
2400.91
2400.59
2282.18
1878.92
1048.62
477.543
361.52
325.865
311.173
305.885
303.996
303.444
303.126
303.126
303.125
303.124
303.123
303.121
303.12
303.118
303.117
303.116
303.115
303.114
303.114
303.113
303.112
303.111
303.11
303.11
303.109
303.108
303.108
303.107
303.106
303.106
303.105
303.105
303.104
303.104
303.103
303.103
303.102
303.102
303.101
303.101
303.1
303.1
303.1
303.099
303.099
303.099
303.099
303.099
303.099
303.099
303.099
303.099
303.1
303.101
303.105
303.113
303.129
303.156
303.186
303.196
2400.27
2400.31
2400.5
2400.7
2400.62
2323.28
2048.6
1095.91
633.551
404.679
341.602
317.601
308.254
304.824
303.682
303.313
303.119
303.119
303.118
303.117
303.116
303.114
303.113
303.112
303.111
303.11
303.109
303.108
303.107
303.106
303.106
303.105
303.104
303.103
303.102
303.102
303.101
303.1
303.1
303.099
303.099
303.098
303.098
303.097
303.097
303.096
303.096
303.095
303.095
303.094
303.094
303.094
303.093
303.093
303.093
303.093
303.093
303.092
303.092
303.092
303.092
303.093
303.093
303.095
303.098
303.107
303.123
303.151
303.183
303.194
2400.36
2400.34
2400.34
2400.22
2328.9
2135.35
1397.07
785.023
465.398
361.379
325.868
312.024
306.278
304.239
303.493
303.231
303.117
303.116
303.115
303.114
303.113
303.112
303.11
303.109
303.108
303.107
303.106
303.105
303.104
303.103
303.103
303.102
303.101
303.101
303.1
303.099
303.099
303.098
303.097
303.097
303.096
303.096
303.095
303.095
303.094
303.094
303.093
303.093
303.092
303.092
303.091
303.091
303.091
303.091
303.09
303.09
303.09
303.09
303.09
303.09
303.09
303.09
303.091
303.092
303.096
303.104
303.121
303.149
303.182
303.193
2399.99
2399.9
2350.51
2285.95
2087.48
1516.01
767.956
502.054
376.79
333.591
315.571
307.76
304.78
303.755
303.311
303.116
303.116
303.115
303.114
303.113
303.112
303.11
303.109
303.108
303.107
303.106
303.105
303.104
303.103
303.103
303.102
303.101
303.1
303.1
303.099
303.098
303.098
303.097
303.096
303.096
303.095
303.095
303.094
303.094
303.093
303.093
303.092
303.092
303.091
303.091
303.091
303.09
303.09
303.09
303.089
303.089
303.089
303.089
303.089
303.089
303.089
303.089
303.09
303.091
303.095
303.103
303.12
303.148
303.181
303.192
2214.53
2196.23
2065.23
1753.45
1239.11
654.68
448.559
381.497
338.003
318.469
309.182
305.199
303.963
303.399
303.116
303.116
303.115
303.114
303.113
303.112
303.111
303.11
303.109
303.107
303.106
303.105
303.105
303.104
303.103
303.102
303.101
303.101
303.1
303.099
303.098
303.098
303.097
303.097
303.096
303.095
303.095
303.094
303.094
303.093
303.093
303.092
303.092
303.091
303.091
303.091
303.09
303.09
303.09
303.089
303.089
303.089
303.089
303.089
303.089
303.089
303.089
303.089
303.089
303.091
303.094
303.103
303.119
303.147
303.181
303.192
1260.4
1149.67
896.218
815.435
540.062
422.201
362.892
336.226
318.397
309.722
305.561
304.096
303.502
303.23
303.116
303.116
303.115
303.114
303.113
303.112
303.111
303.109
303.108
303.107
303.106
303.105
303.104
303.104
303.103
303.102
303.101
303.1
303.1
303.099
303.098
303.098
303.097
303.096
303.096
303.095
303.095
303.094
303.094
303.093
303.093
303.092
303.092
303.091
303.091
303.09
303.09
303.09
303.089
303.089
303.089
303.089
303.089
303.089
303.088
303.088
303.088
303.089
303.089
303.091
303.094
303.102
303.119
303.147
303.18
303.192
589.905
562.247
480.813
428.654
386.711
353.801
331.739
318.703
309.716
305.705
304.185
303.582
303.261
303.116
303.116
303.116
303.115
303.114
303.113
303.111
303.11
303.109
303.108
303.107
303.106
303.105
303.104
303.103
303.103
303.102
303.101
303.1
303.1
303.099
303.098
303.098
303.097
303.096
303.096
303.095
303.095
303.094
303.094
303.093
303.093
303.092
303.092
303.091
303.091
303.09
303.09
303.09
303.089
303.089
303.089
303.089
303.089
303.088
303.088
303.088
303.088
303.088
303.089
303.09
303.094
303.102
303.119
303.147
303.18
303.191
386.491
378.053
364.465
347.709
335.068
323.445
314.594
308.914
305.56
304.154
303.59
303.271
303.117
303.117
303.116
303.115
303.114
303.113
303.112
303.111
303.11
303.109
303.108
303.107
303.106
303.105
303.104
303.103
303.103
303.102
303.101
303.1
303.099
303.099
303.098
303.098
303.097
303.096
303.096
303.095
303.095
303.094
303.094
303.093
303.093
303.092
303.092
303.091
303.091
303.09
303.09
303.089
303.089
303.089
303.089
303.089
303.088
303.088
303.088
303.088
303.088
303.088
303.089
303.09
303.094
303.102
303.119
303.147
303.18
303.191
334.046
330.962
328.547
320.207
316.306
311.574
307.487
305.118
304.027
303.524
303.266
303.118
303.117
303.117
303.116
303.115
303.114
303.113
303.112
303.111
303.11
303.108
303.108
303.107
303.106
303.105
303.104
303.103
303.102
303.102
303.101
303.1
303.099
303.099
303.098
303.097
303.097
303.096
303.096
303.095
303.095
303.094
303.093
303.093
303.092
303.092
303.091
303.091
303.09
303.09
303.09
303.089
303.089
303.089
303.089
303.088
303.088
303.088
303.088
303.088
303.088
303.088
303.089
303.09
303.094
303.102
303.119
303.146
303.18
303.191
314.656
313.493
312.109
309.19
307.672
305.928
304.56
303.815
303.433
303.239
303.118
303.118
303.117
303.116
303.115
303.114
303.113
303.112
303.111
303.11
303.109
303.108
303.107
303.106
303.105
303.105
303.104
303.103
303.102
303.101
303.101
303.1
303.099
303.099
303.098
303.097
303.097
303.096
303.096
303.095
303.094
303.094
303.093
303.093
303.092
303.092
303.091
303.091
303.09
303.09
303.09
303.089
303.089
303.089
303.088
303.088
303.088
303.088
303.088
303.088
303.088
303.088
303.088
303.09
303.093
303.102
303.118
303.146
303.179
303.191
307.227
306.819
306.173
305.218
304.578
303.978
303.575
303.341
303.12
303.119
303.118
303.117
303.116
303.116
303.115
303.114
303.113
303.112
303.111
303.11
303.109
303.108
303.107
303.106
303.105
303.104
303.104
303.103
303.102
303.101
303.1
303.1
303.099
303.098
303.098
303.097
303.097
303.096
303.095
303.095
303.094
303.094
303.093
303.093
303.092
303.092
303.091
303.091
303.09
303.09
303.089
303.089
303.089
303.089
303.088
303.088
303.088
303.088
303.088
303.088
303.088
303.088
303.088
303.09
303.093
303.101
303.118
303.146
303.179
303.19
304.47
304.352
304.18
303.863
303.578
303.38
303.257
303.121
303.12
303.119
303.118
303.117
303.116
303.115
303.114
303.113
303.112
303.111
303.111
303.11
303.109
303.108
303.107
303.106
303.105
303.104
303.103
303.103
303.102
303.101
303.1
303.1
303.099
303.098
303.098
303.097
303.096
303.096
303.095
303.095
303.094
303.094
303.093
303.093
303.092
303.092
303.091
303.091
303.09
303.09
303.089
303.089
303.089
303.088
303.088
303.088
303.088
303.088
303.088
303.087
303.087
303.088
303.088
303.089
303.093
303.101
303.118
303.146
303.179
303.19
303.613
303.566
303.47
303.343
303.258
303.123
303.121
303.12
303.119
303.118
303.117
303.116
303.115
303.115
303.114
303.113
303.112
303.111
303.11
303.109
303.108
303.107
303.107
303.106
303.105
303.104
303.103
303.102
303.102
303.101
303.1
303.099
303.099
303.098
303.097
303.097
303.096
303.096
303.095
303.095
303.094
303.094
303.093
303.092
303.092
303.091
303.091
303.09
303.09
303.09
303.089
303.089
303.089
303.088
303.088
303.088
303.088
303.087
303.087
303.087
303.087
303.087
303.088
303.089
303.093
303.101
303.118
303.145
303.179
303.19
303.29
303.166
303.147
303.133
303.126
303.122
303.12
303.119
303.118
303.117
303.116
303.116
303.115
303.114
303.113
303.112
303.112
303.111
303.11
303.109
303.108
303.107
303.107
303.106
303.105
303.104
303.103
303.102
303.101
303.101
303.1
303.099
303.099
303.098
303.097
303.097
303.096
303.096
303.095
303.094
303.094
303.093
303.093
303.092
303.092
303.091
303.091
303.09
303.09
303.089
303.089
303.089
303.088
303.088
303.088
303.088
303.087
303.087
303.087
303.087
303.087
303.087
303.088
303.089
303.093
303.101
303.117
303.145
303.178
303.19
303.167
303.165
303.146
303.132
303.125
303.121
303.119
303.118
303.117
303.117
303.116
303.115
303.114
303.114
303.113
303.112
303.111
303.111
303.11
303.109
303.108
303.107
303.106
303.105
303.105
303.104
303.103
303.102
303.101
303.1
303.1
303.099
303.098
303.098
303.097
303.097
303.096
303.095
303.095
303.094
303.094
303.093
303.093
303.092
303.092
303.091
303.091
303.09
303.09
303.089
303.089
303.089
303.088
303.088
303.088
303.087
303.087
303.087
303.087
303.087
303.087
303.087
303.087
303.089
303.092
303.101
303.117
303.145
303.178
303.189
303.166
303.163
303.145
303.131
303.123
303.12
303.118
303.117
303.117
303.116
303.115
303.115
303.114
303.113
303.113
303.112
303.111
303.11
303.109
303.109
303.108
303.107
303.106
303.105
303.104
303.103
303.103
303.102
303.101
303.1
303.1
303.099
303.098
303.098
303.097
303.096
303.096
303.095
303.095
303.094
303.094
303.093
303.093
303.092
303.092
303.091
303.09
303.09
303.09
303.089
303.089
303.088
303.088
303.088
303.088
303.087
303.087
303.087
303.087
303.087
303.087
303.087
303.087
303.088
303.092
303.1
303.117
303.145
303.178
303.189
303.164
303.162
303.143
303.13
303.123
303.119
303.118
303.117
303.116
303.116
303.115
303.115
303.114
303.113
303.112
303.112
303.111
303.11
303.109
303.109
303.108
303.107
303.106
303.105
303.104
303.103
303.102
303.102
303.101
303.1
303.099
303.099
303.098
303.097
303.097
303.096
303.096
303.095
303.095
303.094
303.093
303.093
303.092
303.092
303.091
303.091
303.09
303.09
303.089
303.089
303.089
303.088
303.088
303.088
303.087
303.087
303.087
303.087
303.087
303.087
303.086
303.087
303.087
303.088
303.092
303.1
303.117
303.144
303.178
303.189
303.163
303.161
303.143
303.129
303.122
303.119
303.117
303.117
303.116
303.115
303.115
303.114
303.114
303.113
303.112
303.112
303.111
303.11
303.109
303.108
303.107
303.106
303.106
303.105
303.104
303.103
303.102
303.102
303.101
303.1
303.099
303.099
303.098
303.097
303.097
303.096
303.096
303.095
303.094
303.094
303.093
303.093
303.092
303.092
303.091
303.091
303.09
303.09
303.089
303.089
303.088
303.088
303.088
303.088
303.087
303.087
303.087
303.087
303.086
303.086
303.086
303.086
303.087
303.088
303.092
303.1
303.116
303.144
303.177
303.188
303.163
303.161
303.142
303.129
303.122
303.119
303.117
303.116
303.116
303.115
303.115
303.114
303.114
303.113
303.112
303.112
303.111
303.11
303.109
303.108
303.107
303.106
303.106
303.105
303.104
303.103
303.102
303.101
303.101
303.1
303.099
303.098
303.098
303.097
303.097
303.096
303.095
303.095
303.094
303.094
303.093
303.093
303.092
303.092
303.091
303.09
303.09
303.09
303.089
303.089
303.088
303.088
303.088
303.087
303.087
303.087
303.087
303.086
303.086
303.086
303.086
303.086
303.087
303.088
303.091
303.099
303.116
303.144
303.177
303.188
303.163
303.161
303.142
303.129
303.122
303.119
303.117
303.116
303.116
303.115
303.115
303.114
303.113
303.113
303.112
303.111
303.111
303.11
303.109
303.108
303.107
303.106
303.105
303.105
303.104
303.103
303.102
303.101
303.101
303.1
303.099
303.098
303.098
303.097
303.097
303.096
303.095
303.095
303.094
303.094
303.093
303.092
303.092
303.091
303.091
303.09
303.09
303.089
303.089
303.089
303.088
303.088
303.088
303.087
303.087
303.087
303.086
303.086
303.086
303.086
303.086
303.086
303.086
303.088
303.091
303.099
303.116
303.144
303.177
303.188
303.163
303.161
303.142
303.128
303.122
303.119
303.117
303.116
303.116
303.115
303.115
303.114
303.113
303.113
303.112
303.111
303.11
303.11
303.109
303.108
303.107
303.106
303.105
303.104
303.104
303.103
303.102
303.101
303.1
303.1
303.099
303.098
303.098
303.097
303.096
303.096
303.095
303.095
303.094
303.093
303.093
303.092
303.092
303.091
303.091
303.09
303.09
303.089
303.089
303.088
303.088
303.088
303.087
303.087
303.087
303.087
303.086
303.086
303.086
303.086
303.086
303.086
303.086
303.087
303.091
303.099
303.116
303.144
303.176
303.188
303.164
303.161
303.142
303.128
303.122
303.119
303.117
303.116
303.116
303.115
303.115
303.114
303.113
303.113
303.112
303.111
303.11
303.109
303.109
303.108
303.107
303.106
303.105
303.104
303.103
303.103
303.102
303.101
303.1
303.1
303.099
303.098
303.098
303.097
303.096
303.096
303.095
303.095
303.094
303.093
303.093
303.092
303.092
303.091
303.091
303.09
303.09
303.089
303.089
303.088
303.088
303.088
303.087
303.087
303.087
303.086
303.086
303.086
303.086
303.086
303.086
303.086
303.086
303.087
303.091
303.099
303.115
303.144
303.176
303.187
303.164
303.162
303.142
303.128
303.122
303.118
303.117
303.116
303.116
303.115
303.115
303.114
303.113
303.113
303.112
303.111
303.11
303.109
303.109
303.108
303.107
303.106
303.105
303.104
303.103
303.103
303.102
303.101
303.1
303.1
303.099
303.098
303.098
303.097
303.096
303.096
303.095
303.094
303.094
303.093
303.093
303.092
303.092
303.091
303.09
303.09
303.089
303.089
303.089
303.088
303.088
303.088
303.087
303.087
303.087
303.086
303.086
303.086
303.086
303.086
303.085
303.085
303.086
303.087
303.091
303.099
303.115
303.143
303.176
303.187
303.164
303.162
303.142
303.128
303.122
303.119
303.117
303.116
303.116
303.115
303.115
303.114
303.113
303.113
303.112
303.111
303.11
303.109
303.109
303.108
303.107
303.106
303.105
303.104
303.104
303.103
303.102
303.101
303.101
303.1
303.099
303.098
303.098
303.097
303.096
303.096
303.095
303.095
303.094
303.093
303.093
303.092
303.092
303.091
303.09
303.09
303.09
303.089
303.089
303.088
303.088
303.088
303.087
303.087
303.087
303.086
303.086
303.086
303.086
303.086
303.085
303.086
303.086
303.087
303.091
303.099
303.115
303.143
303.176
303.187
303.165
303.162
303.142
303.129
303.122
303.119
303.117
303.117
303.116
303.115
303.115
303.114
303.114
303.113
303.112
303.111
303.111
303.11
303.109
303.108
303.107
303.107
303.106
303.105
303.104
303.103
303.103
303.102
303.101
303.1
303.1
303.099
303.098
303.098
303.097
303.096
303.096
303.095
303.094
303.094
303.093
303.093
303.092
303.091
303.091
303.09
303.09
303.09
303.089
303.089
303.088
303.088
303.088
303.087
303.087
303.087
303.087
303.086
303.086
303.086
303.086
303.086
303.086
303.088
303.091
303.099
303.116
303.144
303.177
303.188
303.166
303.163
303.143
303.13
303.123
303.12
303.118
303.118
303.117
303.116
303.116
303.115
303.115
303.114
303.113
303.113
303.112
303.111
303.11
303.109
303.109
303.108
303.107
303.106
303.106
303.105
303.104
303.103
303.103
303.102
303.101
303.1
303.1
303.099
303.098
303.098
303.097
303.096
303.096
303.095
303.094
303.094
303.093
303.093
303.092
303.092
303.091
303.091
303.091
303.09
303.09
303.09
303.089
303.089
303.089
303.088
303.088
303.088
303.088
303.087
303.087
303.087
303.088
303.089
303.093
303.101
303.117
303.145
303.178
303.189
303.169
303.166
303.146
303.133
303.126
303.123
303.122
303.121
303.12
303.12
303.119
303.118
303.118
303.117
303.117
303.116
303.115
303.114
303.114
303.113
303.112
303.111
303.111
303.11
303.109
303.108
303.108
303.107
303.106
303.106
303.105
303.104
303.103
303.103
303.102
303.101
303.101
303.1
303.099
303.099
303.098
303.098
303.097
303.096
303.096
303.096
303.095
303.095
303.094
303.094
303.094
303.093
303.093
303.093
303.092
303.092
303.092
303.092
303.091
303.091
303.091
303.091
303.091
303.093
303.096
303.104
303.121
303.149
303.182
303.193
303.174
303.172
303.153
303.14
303.133
303.13
303.129
303.128
303.128
303.127
303.127
303.126
303.126
303.125
303.124
303.124
303.123
303.122
303.122
303.121
303.12
303.12
303.119
303.118
303.117
303.117
303.116
303.115
303.115
303.114
303.113
303.113
303.112
303.111
303.11
303.11
303.109
303.108
303.108
303.107
303.107
303.106
303.105
303.105
303.104
303.104
303.103
303.103
303.103
303.102
303.102
303.102
303.101
303.101
303.101
303.101
303.1
303.1
303.1
303.1
303.099
303.099
303.1
303.101
303.105
303.113
303.13
303.158
303.191
303.202
303.183
303.184
303.167
303.155
303.149
303.146
303.145
303.144
303.144
303.143
303.143
303.142
303.142
303.141
303.141
303.14
303.14
303.139
303.138
303.138
303.137
303.136
303.136
303.135
303.134
303.133
303.133
303.132
303.132
303.131
303.13
303.129
303.129
303.128
303.127
303.127
303.126
303.125
303.125
303.124
303.123
303.123
303.122
303.122
303.121
303.121
303.12
303.12
303.12
303.119
303.119
303.119
303.118
303.118
303.118
303.117
303.117
303.117
303.117
303.116
303.116
303.116
303.117
303.118
303.121
303.13
303.147
303.175
303.208
303.219
303.196
303.201
303.19
303.182
303.176
303.173
303.172
303.171
303.171
303.171
303.17
303.17
303.169
303.169
303.168
303.168
303.167
303.167
303.166
303.166
303.165
303.165
303.164
303.163
303.163
303.162
303.161
303.161
303.16
303.159
303.159
303.158
303.157
303.156
303.156
303.155
303.154
303.153
303.153
303.152
303.151
303.151
303.15
303.15
303.149
303.149
303.148
303.148
303.148
303.147
303.147
303.147
303.146
303.146
303.146
303.145
303.145
303.145
303.145
303.144
303.144
303.144
303.145
303.146
303.15
303.158
303.175
303.203
303.235
303.246
303.209
303.218
303.216
303.211
303.208
303.206
303.205
303.205
303.204
303.204
303.203
303.203
303.203
303.202
303.202
303.201
303.201
303.2
303.2
303.199
303.199
303.198
303.197
303.197
303.196
303.196
303.195
303.194
303.193
303.193
303.192
303.191
303.19
303.19
303.189
303.188
303.187
303.186
303.186
303.185
303.184
303.184
303.183
303.183
303.182
303.182
303.181
303.181
303.18
303.18
303.18
303.179
303.179
303.179
303.178
303.178
303.178
303.177
303.177
303.177
303.177
303.177
303.177
303.179
303.182
303.191
303.208
303.235
303.267
303.277
303.216
303.222
303.223
303.221
303.219
303.218
303.217
303.216
303.216
303.216
303.215
303.215
303.214
303.214
303.214
303.213
303.213
303.212
303.212
303.211
303.21
303.21
303.209
303.208
303.208
303.207
303.206
303.206
303.205
303.204
303.203
303.203
303.202
303.201
303.2
303.199
303.198
303.198
303.197
303.196
303.195
303.195
303.194
303.194
303.193
303.192
303.192
303.192
303.191
303.191
303.19
303.19
303.19
303.189
303.189
303.189
303.188
303.188
303.188
303.188
303.188
303.188
303.188
303.189
303.193
303.201
303.218
303.246
303.276
303.282
)
;

boundaryField
{
    left
    {
        type            symmetryPlane;
    }
    right
    {
        type            symmetryPlane;
    }
    top
    {
        type            symmetryPlane;
    }
    bottom
    {
        type            symmetryPlane;
    }
    frontAndBack
    {
        type            empty;
    }
}


// ************************************************************************* //
