/*--------------------------------*- C++ -*----------------------------------*\
| =========                 |                                                 |
| \\      /  F ield         | OpenFOAM: The Open Source CFD Toolbox           |
|  \\    /   O peration     | Version:  v1606+                                |
|   \\  /    A nd           | Web:      www.OpenFOAM.com                      |
|    \\/     M anipulation  |                                                 |
\*---------------------------------------------------------------------------*/
FoamFile
{
    version     2.0;
    format      ascii;
    class       volScalarField;
    location    "0.0019";
    object      nut;
}
// * * * * * * * * * * * * * * * * * * * * * * * * * * * * * * * * * * * * * //

dimensions      [0 2 -1 0 0 0 0];

internalField   nonuniform List<scalar> 
2450
(
2.97327e-05
0.000174209
0.000396409
0.000475669
0.000499518
0.000506354
0.000507571
0.000507411
0.000506962
0.000506679
0.000506517
0.000506421
0.000506364
0.000506328
0.000506306
0.000506292
0.000506284
0.000506279
0.000506276
0.000506276
0.000506276
0.000506277
0.000506278
0.00050628
0.000506281
0.000506283
0.000506285
0.000506286
0.000506287
0.000506288
0.000506289
0.00050629
0.00050629
0.00050629
0.000506289
0.000506289
0.000506288
0.000506287
0.000506285
0.000506283
0.000506281
0.000506279
0.000506276
0.000506273
0.00050627
0.000506267
0.000506263
0.00050626
0.000506256
0.000506253
0.000506249
0.000506245
0.000506242
0.000506238
0.000506235
0.000506232
0.000506229
0.000506226
0.000506223
0.000506221
0.000506218
0.000506216
0.000506214
0.000506213
0.000506211
0.000506209
0.000506208
0.000506206
0.000506203
0.000506201
0.000174565
0.000291279
0.000440372
0.000486789
0.000502205
0.000507064
0.000507726
0.000507378
0.000506944
0.000506676
0.00050652
0.000506426
0.000506368
0.000506331
0.000506308
0.000506292
0.000506283
0.000506277
0.000506274
0.000506272
0.000506272
0.000506273
0.000506274
0.000506276
0.000506278
0.000506281
0.000506283
0.000506285
0.000506287
0.000506288
0.000506289
0.00050629
0.000506291
0.000506291
0.000506291
0.000506291
0.00050629
0.000506289
0.000506288
0.000506286
0.000506284
0.000506281
0.000506279
0.000506276
0.000506273
0.000506269
0.000506266
0.000506263
0.000506259
0.000506255
0.000506252
0.000506248
0.000506245
0.000506241
0.000506238
0.000506234
0.000506231
0.000506228
0.000506226
0.000506223
0.000506221
0.000506219
0.000506217
0.000506215
0.000506214
0.000506212
0.00050621
0.000506208
0.000506205
0.000506202
0.000396824
0.000440798
0.000482798
0.000499155
0.000505931
0.000507858
0.000507624
0.000507238
0.000506862
0.000506635
0.0005065
0.000506416
0.000506363
0.000506328
0.000506306
0.000506291
0.000506282
0.000506276
0.000506273
0.000506271
0.000506271
0.000506272
0.000506274
0.000506276
0.000506278
0.000506281
0.000506283
0.000506285
0.000506288
0.000506289
0.000506291
0.000506292
0.000506293
0.000506294
0.000506294
0.000506294
0.000506293
0.000506292
0.000506291
0.000506289
0.000506287
0.000506284
0.000506282
0.000506279
0.000506276
0.000506272
0.000506269
0.000506266
0.000506262
0.000506258
0.000506255
0.000506251
0.000506247
0.000506244
0.000506241
0.000506237
0.000506234
0.000506231
0.000506229
0.000506226
0.000506224
0.000506222
0.00050622
0.000506218
0.000506217
0.000506215
0.000506213
0.00050621
0.000506207
0.000506203
0.00047603
0.000487195
0.000499289
0.000505549
0.000507824
0.000507847
0.00050749
0.000507048
0.000506758
0.000506581
0.000506471
0.0005064
0.000506354
0.000506323
0.000506303
0.00050629
0.000506281
0.000506276
0.000506273
0.000506272
0.000506272
0.000506273
0.000506275
0.000506277
0.00050628
0.000506282
0.000506285
0.000506287
0.000506289
0.000506291
0.000506293
0.000506294
0.000506295
0.000506295
0.000506296
0.000506295
0.000506295
0.000506294
0.000506292
0.000506291
0.000506289
0.000506286
0.000506284
0.000506281
0.000506278
0.000506274
0.000506271
0.000506268
0.000506264
0.00050626
0.000506257
0.000506253
0.00050625
0.000506246
0.000506243
0.00050624
0.000506237
0.000506234
0.000506231
0.000506229
0.000506226
0.000506224
0.000506222
0.000506221
0.000506219
0.000506217
0.000506215
0.000506212
0.000506208
0.000506205
0.000499788
0.000502374
0.000506034
0.000507855
0.00050795
0.000507638
0.00050719
0.000506867
0.000506659
0.000506525
0.000506438
0.00050638
0.000506342
0.000506316
0.000506299
0.000506287
0.000506279
0.000506275
0.000506273
0.000506272
0.000506273
0.000506274
0.000506276
0.000506278
0.000506281
0.000506283
0.000506286
0.000506288
0.00050629
0.000506292
0.000506294
0.000506295
0.000506296
0.000506296
0.000506297
0.000506296
0.000506296
0.000506295
0.000506293
0.000506292
0.00050629
0.000506287
0.000506285
0.000506282
0.000506279
0.000506276
0.000506272
0.000506269
0.000506266
0.000506262
0.000506258
0.000506255
0.000506251
0.000506248
0.000506245
0.000506242
0.000506239
0.000506236
0.000506233
0.000506231
0.000506228
0.000506226
0.000506225
0.000506223
0.000506221
0.00050622
0.000506217
0.000506214
0.00050621
0.000506207
0.000506528
0.000507192
0.000507934
0.000507888
0.000507653
0.00050725
0.000506934
0.000506717
0.000506572
0.000506474
0.000506407
0.000506361
0.00050633
0.000506308
0.000506293
0.000506284
0.000506277
0.000506274
0.000506272
0.000506272
0.000506273
0.000506274
0.000506276
0.000506278
0.000506281
0.000506284
0.000506286
0.000506289
0.000506291
0.000506293
0.000506294
0.000506296
0.000506297
0.000506297
0.000506297
0.000506297
0.000506296
0.000506296
0.000506294
0.000506293
0.000506291
0.000506288
0.000506286
0.000506283
0.00050628
0.000506277
0.000506274
0.00050627
0.000506267
0.000506263
0.00050626
0.000506257
0.000506253
0.00050625
0.000506247
0.000506244
0.000506241
0.000506238
0.000506235
0.000506233
0.000506231
0.000506229
0.000506227
0.000506225
0.000506224
0.000506222
0.00050622
0.000506216
0.000506212
0.000506209
0.000507672
0.000507813
0.000507829
0.000507526
0.00050721
0.000506942
0.000506743
0.000506601
0.000506501
0.000506429
0.000506378
0.000506343
0.000506318
0.0005063
0.000506288
0.00050628
0.000506275
0.000506272
0.000506271
0.000506271
0.000506272
0.000506274
0.000506276
0.000506279
0.000506281
0.000506284
0.000506287
0.000506289
0.000506291
0.000506293
0.000506295
0.000506296
0.000506297
0.000506298
0.000506298
0.000506298
0.000506297
0.000506296
0.000506295
0.000506293
0.000506291
0.000506289
0.000506287
0.000506284
0.000506281
0.000506278
0.000506275
0.000506272
0.000506268
0.000506265
0.000506262
0.000506258
0.000506255
0.000506252
0.000506249
0.000506246
0.000506243
0.00050624
0.000506237
0.000506235
0.000506233
0.000506231
0.000506229
0.000506228
0.000506226
0.000506224
0.000506222
0.000506219
0.000506215
0.000506211
0.000507484
0.000507444
0.000507285
0.00050708
0.000506888
0.000506729
0.000506606
0.000506512
0.000506443
0.000506391
0.000506354
0.000506326
0.000506307
0.000506293
0.000506283
0.000506277
0.000506273
0.000506271
0.00050627
0.000506271
0.000506272
0.000506274
0.000506276
0.000506279
0.000506282
0.000506284
0.000506287
0.000506289
0.000506292
0.000506294
0.000506295
0.000506297
0.000506298
0.000506298
0.000506299
0.000506298
0.000506298
0.000506297
0.000506296
0.000506294
0.000506292
0.00050629
0.000506288
0.000506285
0.000506283
0.00050628
0.000506277
0.000506273
0.00050627
0.000506267
0.000506264
0.00050626
0.000506257
0.000506254
0.000506251
0.000506248
0.000506245
0.000506242
0.00050624
0.000506238
0.000506236
0.000506234
0.000506232
0.00050623
0.000506229
0.000506227
0.000506225
0.000506222
0.000506218
0.000506214
0.000507016
0.000506995
0.000506901
0.000506787
0.000506679
0.000506585
0.000506507
0.000506445
0.000506397
0.000506361
0.000506333
0.000506312
0.000506297
0.000506286
0.000506279
0.000506274
0.000506271
0.00050627
0.00050627
0.00050627
0.000506272
0.000506274
0.000506277
0.000506279
0.000506282
0.000506285
0.000506288
0.00050629
0.000506292
0.000506294
0.000506296
0.000506297
0.000506298
0.000506299
0.000506299
0.000506299
0.000506299
0.000506298
0.000506297
0.000506295
0.000506294
0.000506292
0.000506289
0.000506287
0.000506284
0.000506281
0.000506278
0.000506275
0.000506272
0.000506269
0.000506266
0.000506263
0.000506259
0.000506256
0.000506253
0.000506251
0.000506248
0.000506245
0.000506243
0.000506241
0.000506239
0.000506237
0.000506235
0.000506233
0.000506232
0.00050623
0.000506228
0.000506225
0.000506221
0.000506217
0.000506719
0.000506715
0.000506667
0.000506606
0.000506544
0.000506486
0.000506437
0.000506396
0.000506362
0.000506336
0.000506315
0.0005063
0.000506288
0.00050628
0.000506274
0.000506271
0.000506269
0.000506269
0.000506269
0.00050627
0.000506272
0.000506275
0.000506277
0.00050628
0.000506283
0.000506286
0.000506288
0.000506291
0.000506293
0.000506295
0.000506297
0.000506298
0.000506299
0.0005063
0.0005063
0.0005063
0.0005063
0.000506299
0.000506298
0.000506296
0.000506295
0.000506293
0.000506291
0.000506288
0.000506286
0.000506283
0.00050628
0.000506277
0.000506274
0.000506271
0.000506268
0.000506265
0.000506262
0.000506259
0.000506256
0.000506253
0.000506251
0.000506248
0.000506246
0.000506244
0.000506242
0.00050624
0.000506238
0.000506237
0.000506235
0.000506234
0.000506232
0.000506228
0.000506224
0.000506221
0.000506546
0.000506549
0.000506525
0.000506491
0.000506454
0.000506418
0.000506386
0.000506358
0.000506335
0.000506316
0.000506301
0.00050629
0.000506281
0.000506275
0.000506271
0.000506269
0.000506268
0.000506268
0.000506269
0.00050627
0.000506272
0.000506275
0.000506278
0.000506281
0.000506283
0.000506286
0.000506289
0.000506291
0.000506294
0.000506296
0.000506298
0.000506299
0.0005063
0.000506301
0.000506301
0.000506301
0.000506301
0.0005063
0.000506299
0.000506298
0.000506296
0.000506294
0.000506292
0.00050629
0.000506287
0.000506285
0.000506282
0.000506279
0.000506276
0.000506273
0.00050627
0.000506267
0.000506265
0.000506262
0.000506259
0.000506256
0.000506254
0.000506251
0.000506249
0.000506247
0.000506245
0.000506244
0.000506242
0.000506241
0.000506239
0.000506238
0.000506235
0.000506232
0.000506228
0.000506225
0.000506444
0.000506449
0.000506436
0.000506416
0.000506394
0.000506371
0.000506349
0.00050633
0.000506314
0.000506301
0.00050629
0.000506281
0.000506275
0.000506271
0.000506268
0.000506267
0.000506267
0.000506267
0.000506269
0.000506271
0.000506273
0.000506276
0.000506278
0.000506281
0.000506284
0.000506287
0.00050629
0.000506292
0.000506295
0.000506297
0.000506298
0.0005063
0.000506301
0.000506302
0.000506302
0.000506302
0.000506302
0.000506301
0.0005063
0.000506299
0.000506297
0.000506296
0.000506294
0.000506291
0.000506289
0.000506287
0.000506284
0.000506281
0.000506279
0.000506276
0.000506273
0.00050627
0.000506267
0.000506265
0.000506262
0.00050626
0.000506257
0.000506255
0.000506253
0.000506251
0.000506249
0.000506247
0.000506246
0.000506244
0.000506243
0.000506241
0.000506239
0.000506236
0.000506232
0.000506229
0.000506381
0.000506385
0.000506378
0.000506366
0.000506352
0.000506337
0.000506323
0.00050631
0.000506298
0.000506289
0.000506281
0.000506275
0.000506271
0.000506268
0.000506266
0.000506266
0.000506266
0.000506267
0.000506269
0.000506271
0.000506274
0.000506276
0.000506279
0.000506282
0.000506285
0.000506288
0.000506291
0.000506293
0.000506296
0.000506298
0.000506299
0.000506301
0.000506302
0.000506303
0.000506303
0.000506303
0.000506303
0.000506302
0.000506301
0.0005063
0.000506299
0.000506297
0.000506295
0.000506293
0.000506291
0.000506289
0.000506286
0.000506284
0.000506281
0.000506278
0.000506276
0.000506273
0.00050627
0.000506268
0.000506265
0.000506263
0.000506261
0.000506258
0.000506256
0.000506255
0.000506253
0.000506251
0.00050625
0.000506248
0.000506247
0.000506246
0.000506243
0.00050624
0.000506236
0.000506233
0.000506339
0.000506343
0.000506339
0.000506332
0.000506323
0.000506313
0.000506303
0.000506294
0.000506286
0.00050628
0.000506274
0.00050627
0.000506267
0.000506266
0.000506265
0.000506265
0.000506266
0.000506267
0.000506269
0.000506272
0.000506274
0.000506277
0.00050628
0.000506283
0.000506286
0.000506289
0.000506292
0.000506294
0.000506297
0.000506299
0.0005063
0.000506302
0.000506303
0.000506304
0.000506304
0.000506304
0.000506304
0.000506304
0.000506303
0.000506302
0.0005063
0.000506299
0.000506297
0.000506295
0.000506293
0.000506291
0.000506288
0.000506286
0.000506283
0.000506281
0.000506278
0.000506276
0.000506273
0.000506271
0.000506269
0.000506266
0.000506264
0.000506262
0.00050626
0.000506258
0.000506257
0.000506255
0.000506254
0.000506253
0.000506251
0.00050625
0.000506248
0.000506245
0.000506241
0.000506237
0.000506313
0.000506315
0.000506312
0.000506308
0.000506302
0.000506296
0.000506289
0.000506283
0.000506277
0.000506273
0.000506269
0.000506267
0.000506265
0.000506264
0.000506264
0.000506265
0.000506266
0.000506268
0.00050627
0.000506273
0.000506275
0.000506278
0.000506281
0.000506284
0.000506287
0.00050629
0.000506293
0.000506295
0.000506298
0.0005063
0.000506301
0.000506303
0.000506304
0.000506305
0.000506305
0.000506305
0.000506305
0.000506305
0.000506304
0.000506303
0.000506302
0.0005063
0.000506299
0.000506297
0.000506295
0.000506293
0.000506291
0.000506288
0.000506286
0.000506284
0.000506281
0.000506279
0.000506277
0.000506274
0.000506272
0.00050627
0.000506268
0.000506266
0.000506264
0.000506262
0.000506261
0.00050626
0.000506258
0.000506257
0.000506256
0.000506254
0.000506252
0.000506249
0.000506245
0.000506242
0.000506295
0.000506296
0.000506294
0.000506291
0.000506288
0.000506283
0.000506279
0.000506275
0.000506271
0.000506268
0.000506266
0.000506264
0.000506264
0.000506263
0.000506264
0.000506265
0.000506267
0.000506269
0.000506271
0.000506274
0.000506277
0.00050628
0.000506283
0.000506286
0.000506289
0.000506291
0.000506294
0.000506297
0.000506299
0.000506301
0.000506302
0.000506304
0.000506305
0.000506306
0.000506306
0.000506307
0.000506306
0.000506306
0.000506305
0.000506305
0.000506303
0.000506302
0.0005063
0.000506299
0.000506297
0.000506295
0.000506293
0.000506291
0.000506289
0.000506286
0.000506284
0.000506282
0.00050628
0.000506278
0.000506276
0.000506274
0.000506272
0.00050627
0.000506268
0.000506267
0.000506265
0.000506264
0.000506263
0.000506261
0.00050626
0.000506259
0.000506257
0.000506254
0.00050625
0.000506246
0.000506283
0.000506282
0.000506281
0.00050628
0.000506278
0.000506275
0.000506272
0.000506269
0.000506267
0.000506265
0.000506264
0.000506263
0.000506263
0.000506263
0.000506264
0.000506266
0.000506268
0.00050627
0.000506273
0.000506275
0.000506278
0.000506281
0.000506284
0.000506287
0.00050629
0.000506293
0.000506295
0.000506298
0.0005063
0.000506302
0.000506304
0.000506305
0.000506306
0.000506307
0.000506308
0.000506308
0.000506308
0.000506307
0.000506307
0.000506306
0.000506305
0.000506304
0.000506302
0.000506301
0.000506299
0.000506297
0.000506295
0.000506293
0.000506291
0.000506289
0.000506287
0.000506285
0.000506283
0.000506281
0.000506279
0.000506277
0.000506275
0.000506274
0.000506272
0.000506271
0.000506269
0.000506268
0.000506267
0.000506266
0.000506265
0.000506263
0.000506261
0.000506258
0.000506254
0.000506251
0.000506275
0.000506274
0.000506272
0.000506272
0.000506271
0.000506269
0.000506267
0.000506266
0.000506264
0.000506263
0.000506263
0.000506263
0.000506263
0.000506264
0.000506265
0.000506267
0.000506269
0.000506271
0.000506274
0.000506277
0.00050628
0.000506283
0.000506286
0.000506289
0.000506291
0.000506294
0.000506297
0.000506299
0.000506301
0.000506303
0.000506305
0.000506306
0.000506307
0.000506308
0.000506309
0.000506309
0.000506309
0.000506309
0.000506308
0.000506307
0.000506307
0.000506305
0.000506304
0.000506303
0.000506301
0.000506299
0.000506298
0.000506296
0.000506294
0.000506292
0.00050629
0.000506288
0.000506286
0.000506284
0.000506283
0.000506281
0.000506279
0.000506278
0.000506276
0.000506275
0.000506274
0.000506272
0.000506271
0.00050627
0.000506269
0.000506268
0.000506266
0.000506263
0.000506259
0.000506255
0.00050627
0.000506268
0.000506267
0.000506267
0.000506266
0.000506266
0.000506264
0.000506264
0.000506263
0.000506262
0.000506262
0.000506263
0.000506264
0.000506265
0.000506266
0.000506268
0.000506271
0.000506273
0.000506276
0.000506279
0.000506281
0.000506284
0.000506287
0.00050629
0.000506293
0.000506296
0.000506298
0.0005063
0.000506303
0.000506304
0.000506306
0.000506307
0.000506309
0.000506309
0.00050631
0.00050631
0.00050631
0.00050631
0.00050631
0.000506309
0.000506308
0.000506307
0.000506306
0.000506304
0.000506303
0.000506301
0.0005063
0.000506298
0.000506296
0.000506295
0.000506293
0.000506291
0.000506289
0.000506288
0.000506286
0.000506284
0.000506283
0.000506281
0.00050628
0.000506279
0.000506278
0.000506277
0.000506276
0.000506275
0.000506274
0.000506273
0.000506271
0.000506268
0.000506264
0.00050626
0.000506267
0.000506264
0.000506263
0.000506264
0.000506264
0.000506264
0.000506263
0.000506263
0.000506262
0.000506263
0.000506263
0.000506264
0.000506265
0.000506266
0.000506268
0.00050627
0.000506272
0.000506275
0.000506278
0.00050628
0.000506283
0.000506286
0.000506289
0.000506292
0.000506295
0.000506297
0.0005063
0.000506302
0.000506304
0.000506306
0.000506307
0.000506309
0.00050631
0.00050631
0.000506311
0.000506311
0.000506311
0.000506311
0.000506311
0.00050631
0.00050631
0.000506309
0.000506308
0.000506306
0.000506305
0.000506304
0.000506302
0.000506301
0.000506299
0.000506297
0.000506296
0.000506294
0.000506292
0.000506291
0.000506289
0.000506288
0.000506287
0.000506285
0.000506284
0.000506283
0.000506282
0.000506281
0.00050628
0.000506279
0.000506278
0.000506277
0.000506275
0.000506272
0.000506268
0.000506264
0.000506265
0.000506262
0.000506261
0.000506262
0.000506263
0.000506263
0.000506263
0.000506263
0.000506263
0.000506263
0.000506264
0.000506265
0.000506266
0.000506268
0.00050627
0.000506272
0.000506274
0.000506277
0.00050628
0.000506282
0.000506285
0.000506288
0.000506291
0.000506294
0.000506296
0.000506299
0.000506301
0.000506303
0.000506305
0.000506307
0.000506308
0.00050631
0.000506311
0.000506312
0.000506312
0.000506313
0.000506313
0.000506313
0.000506312
0.000506312
0.000506311
0.00050631
0.000506309
0.000506308
0.000506307
0.000506306
0.000506304
0.000506303
0.000506301
0.0005063
0.000506298
0.000506297
0.000506295
0.000506294
0.000506293
0.000506291
0.00050629
0.000506289
0.000506288
0.000506287
0.000506286
0.000506285
0.000506284
0.000506283
0.000506283
0.000506281
0.00050628
0.000506277
0.000506273
0.000506269
0.000506264
0.000506261
0.000506261
0.000506262
0.000506263
0.000506263
0.000506263
0.000506263
0.000506264
0.000506265
0.000506266
0.000506267
0.000506268
0.00050627
0.000506272
0.000506274
0.000506277
0.000506279
0.000506282
0.000506284
0.000506287
0.00050629
0.000506293
0.000506295
0.000506298
0.0005063
0.000506302
0.000506304
0.000506306
0.000506308
0.00050631
0.000506311
0.000506312
0.000506313
0.000506313
0.000506314
0.000506314
0.000506314
0.000506314
0.000506313
0.000506312
0.000506312
0.000506311
0.00050631
0.000506309
0.000506308
0.000506306
0.000506305
0.000506304
0.000506302
0.000506301
0.0005063
0.000506298
0.000506297
0.000506296
0.000506295
0.000506293
0.000506292
0.000506291
0.000506291
0.00050629
0.000506289
0.000506288
0.000506288
0.000506287
0.000506286
0.000506284
0.000506281
0.000506277
0.000506273
0.000506264
0.000506261
0.000506261
0.000506262
0.000506263
0.000506264
0.000506264
0.000506265
0.000506265
0.000506266
0.000506267
0.000506269
0.00050627
0.000506272
0.000506274
0.000506276
0.000506279
0.000506281
0.000506284
0.000506286
0.000506289
0.000506292
0.000506294
0.000506297
0.000506299
0.000506302
0.000506304
0.000506306
0.000506308
0.000506309
0.000506311
0.000506312
0.000506313
0.000506314
0.000506314
0.000506315
0.000506315
0.000506315
0.000506315
0.000506314
0.000506314
0.000506313
0.000506312
0.000506312
0.000506311
0.000506309
0.000506308
0.000506307
0.000506306
0.000506305
0.000506304
0.000506302
0.000506301
0.0005063
0.000506299
0.000506298
0.000506297
0.000506296
0.000506295
0.000506294
0.000506293
0.000506293
0.000506292
0.000506292
0.000506291
0.00050629
0.000506288
0.000506285
0.000506281
0.000506277
0.000506265
0.000506262
0.000506262
0.000506264
0.000506265
0.000506265
0.000506266
0.000506267
0.000506267
0.000506268
0.00050627
0.000506271
0.000506273
0.000506275
0.000506277
0.000506279
0.000506281
0.000506283
0.000506286
0.000506288
0.000506291
0.000506294
0.000506296
0.000506298
0.000506301
0.000506303
0.000506305
0.000506307
0.000506309
0.00050631
0.000506312
0.000506313
0.000506314
0.000506315
0.000506315
0.000506316
0.000506316
0.000506316
0.000506316
0.000506316
0.000506315
0.000506315
0.000506314
0.000506313
0.000506312
0.000506311
0.00050631
0.000506309
0.000506308
0.000506307
0.000506306
0.000506305
0.000506304
0.000506303
0.000506302
0.000506301
0.0005063
0.000506299
0.000506298
0.000506298
0.000506297
0.000506296
0.000506296
0.000506295
0.000506295
0.000506294
0.000506292
0.000506289
0.000506285
0.000506281
0.000506266
0.000506264
0.000506264
0.000506266
0.000506267
0.000506267
0.000506268
0.000506269
0.00050627
0.000506271
0.000506272
0.000506273
0.000506275
0.000506277
0.000506279
0.000506281
0.000506283
0.000506286
0.000506288
0.00050629
0.000506293
0.000506295
0.000506298
0.0005063
0.000506302
0.000506304
0.000506306
0.000506308
0.00050631
0.000506311
0.000506313
0.000506314
0.000506315
0.000506316
0.000506316
0.000506317
0.000506317
0.000506317
0.000506317
0.000506317
0.000506316
0.000506316
0.000506315
0.000506315
0.000506314
0.000506313
0.000506312
0.000506311
0.00050631
0.000506309
0.000506308
0.000506307
0.000506306
0.000506305
0.000506304
0.000506304
0.000506303
0.000506302
0.000506301
0.000506301
0.0005063
0.0005063
0.000506299
0.000506299
0.000506298
0.000506297
0.000506296
0.000506293
0.000506289
0.000506285
0.000506267
0.000506266
0.000506266
0.000506268
0.000506269
0.00050627
0.00050627
0.000506271
0.000506272
0.000506273
0.000506274
0.000506276
0.000506278
0.000506279
0.000506281
0.000506283
0.000506285
0.000506288
0.00050629
0.000506292
0.000506295
0.000506297
0.000506299
0.000506302
0.000506304
0.000506306
0.000506308
0.000506309
0.000506311
0.000506312
0.000506314
0.000506315
0.000506316
0.000506317
0.000506317
0.000506318
0.000506318
0.000506318
0.000506318
0.000506318
0.000506317
0.000506317
0.000506316
0.000506316
0.000506315
0.000506314
0.000506314
0.000506313
0.000506312
0.000506311
0.00050631
0.000506309
0.000506309
0.000506308
0.000506307
0.000506306
0.000506305
0.000506305
0.000506304
0.000506304
0.000506303
0.000506303
0.000506303
0.000506302
0.000506302
0.000506301
0.000506299
0.000506296
0.000506292
0.000506288
0.000506269
0.000506268
0.000506269
0.00050627
0.000506271
0.000506272
0.000506273
0.000506274
0.000506275
0.000506276
0.000506277
0.000506278
0.00050628
0.000506282
0.000506284
0.000506286
0.000506288
0.00050629
0.000506292
0.000506294
0.000506296
0.000506299
0.000506301
0.000506303
0.000506305
0.000506307
0.000506309
0.00050631
0.000506312
0.000506313
0.000506315
0.000506316
0.000506317
0.000506317
0.000506318
0.000506318
0.000506319
0.000506319
0.000506319
0.000506319
0.000506318
0.000506318
0.000506318
0.000506317
0.000506317
0.000506316
0.000506315
0.000506314
0.000506314
0.000506313
0.000506312
0.000506311
0.000506311
0.00050631
0.000506309
0.000506309
0.000506308
0.000506307
0.000506307
0.000506307
0.000506306
0.000506306
0.000506306
0.000506305
0.000506305
0.000506304
0.000506302
0.000506299
0.000506295
0.000506292
0.000506271
0.00050627
0.000506271
0.000506273
0.000506274
0.000506275
0.000506276
0.000506276
0.000506277
0.000506278
0.00050628
0.000506281
0.000506282
0.000506284
0.000506286
0.000506288
0.00050629
0.000506292
0.000506294
0.000506296
0.000506298
0.0005063
0.000506302
0.000506304
0.000506306
0.000506308
0.00050631
0.000506311
0.000506313
0.000506314
0.000506315
0.000506316
0.000506317
0.000506318
0.000506319
0.000506319
0.000506319
0.000506319
0.00050632
0.000506319
0.000506319
0.000506319
0.000506319
0.000506318
0.000506318
0.000506317
0.000506316
0.000506316
0.000506315
0.000506314
0.000506314
0.000506313
0.000506312
0.000506312
0.000506311
0.000506311
0.00050631
0.00050631
0.000506309
0.000506309
0.000506309
0.000506308
0.000506308
0.000506308
0.000506308
0.000506307
0.000506305
0.000506302
0.000506298
0.000506294
0.000506273
0.000506273
0.000506274
0.000506276
0.000506277
0.000506277
0.000506278
0.000506279
0.00050628
0.000506281
0.000506282
0.000506283
0.000506285
0.000506286
0.000506288
0.00050629
0.000506291
0.000506293
0.000506295
0.000506297
0.000506299
0.000506301
0.000506303
0.000506305
0.000506307
0.000506309
0.00050631
0.000506312
0.000506313
0.000506315
0.000506316
0.000506317
0.000506318
0.000506318
0.000506319
0.00050632
0.00050632
0.00050632
0.00050632
0.00050632
0.00050632
0.00050632
0.000506319
0.000506319
0.000506319
0.000506318
0.000506318
0.000506317
0.000506316
0.000506316
0.000506315
0.000506315
0.000506314
0.000506313
0.000506313
0.000506312
0.000506312
0.000506312
0.000506311
0.000506311
0.000506311
0.000506311
0.00050631
0.00050631
0.00050631
0.000506309
0.000506308
0.000506305
0.000506301
0.000506297
0.000506275
0.000506275
0.000506276
0.000506278
0.000506279
0.00050628
0.00050628
0.000506281
0.000506282
0.000506283
0.000506284
0.000506285
0.000506286
0.000506288
0.000506289
0.000506291
0.000506293
0.000506295
0.000506296
0.000506298
0.0005063
0.000506302
0.000506304
0.000506306
0.000506308
0.000506309
0.000506311
0.000506312
0.000506314
0.000506315
0.000506316
0.000506317
0.000506318
0.000506319
0.000506319
0.00050632
0.00050632
0.00050632
0.00050632
0.00050632
0.00050632
0.00050632
0.00050632
0.00050632
0.000506319
0.000506319
0.000506318
0.000506318
0.000506317
0.000506317
0.000506316
0.000506316
0.000506315
0.000506315
0.000506314
0.000506314
0.000506313
0.000506313
0.000506313
0.000506313
0.000506313
0.000506312
0.000506312
0.000506312
0.000506312
0.000506311
0.00050631
0.000506307
0.000506303
0.000506299
0.000506276
0.000506277
0.000506278
0.00050628
0.000506281
0.000506282
0.000506282
0.000506283
0.000506283
0.000506284
0.000506285
0.000506286
0.000506288
0.000506289
0.00050629
0.000506292
0.000506294
0.000506295
0.000506297
0.000506299
0.000506301
0.000506302
0.000506304
0.000506306
0.000506308
0.000506309
0.000506311
0.000506312
0.000506314
0.000506315
0.000506316
0.000506317
0.000506318
0.000506318
0.000506319
0.000506319
0.00050632
0.00050632
0.00050632
0.00050632
0.00050632
0.00050632
0.00050632
0.00050632
0.000506319
0.000506319
0.000506318
0.000506318
0.000506318
0.000506317
0.000506317
0.000506316
0.000506316
0.000506315
0.000506315
0.000506315
0.000506314
0.000506314
0.000506314
0.000506314
0.000506313
0.000506313
0.000506313
0.000506313
0.000506313
0.000506312
0.000506311
0.000506308
0.000506304
0.0005063
0.000506277
0.000506278
0.000506279
0.000506281
0.000506281
0.000506282
0.000506283
0.000506283
0.000506284
0.000506285
0.000506285
0.000506286
0.000506288
0.000506289
0.00050629
0.000506292
0.000506293
0.000506295
0.000506296
0.000506298
0.0005063
0.000506302
0.000506303
0.000506305
0.000506307
0.000506308
0.00050631
0.000506311
0.000506312
0.000506314
0.000506315
0.000506316
0.000506316
0.000506317
0.000506318
0.000506318
0.000506319
0.000506319
0.000506319
0.000506319
0.000506319
0.000506319
0.000506319
0.000506319
0.000506318
0.000506318
0.000506318
0.000506317
0.000506317
0.000506316
0.000506316
0.000506316
0.000506315
0.000506315
0.000506314
0.000506314
0.000506314
0.000506314
0.000506313
0.000506313
0.000506313
0.000506313
0.000506313
0.000506313
0.000506313
0.000506312
0.000506311
0.000506308
0.000506304
0.0005063
0.000506278
0.000506278
0.000506279
0.00050628
0.000506281
0.000506281
0.000506281
0.000506282
0.000506282
0.000506283
0.000506284
0.000506285
0.000506286
0.000506287
0.000506288
0.000506289
0.000506291
0.000506292
0.000506294
0.000506296
0.000506297
0.000506299
0.0005063
0.000506302
0.000506304
0.000506305
0.000506307
0.000506308
0.000506309
0.00050631
0.000506312
0.000506313
0.000506313
0.000506314
0.000506315
0.000506315
0.000506316
0.000506316
0.000506316
0.000506316
0.000506316
0.000506316
0.000506316
0.000506316
0.000506316
0.000506315
0.000506315
0.000506315
0.000506314
0.000506314
0.000506314
0.000506313
0.000506313
0.000506313
0.000506312
0.000506312
0.000506312
0.000506312
0.000506311
0.000506311
0.000506311
0.000506311
0.000506311
0.000506311
0.000506311
0.00050631
0.000506309
0.000506306
0.000506302
0.000506298
0.000506277
0.000506277
0.000506278
0.000506278
0.000506279
0.000506279
0.000506279
0.00050628
0.00050628
0.000506281
0.000506281
0.000506282
0.000506283
0.000506284
0.000506285
0.000506286
0.000506287
0.000506288
0.00050629
0.000506291
0.000506293
0.000506294
0.000506296
0.000506297
0.000506299
0.0005063
0.000506302
0.000506303
0.000506304
0.000506305
0.000506306
0.000506307
0.000506308
0.000506309
0.00050631
0.00050631
0.000506311
0.000506311
0.000506311
0.000506312
0.000506312
0.000506312
0.000506312
0.000506311
0.000506311
0.000506311
0.000506311
0.000506311
0.00050631
0.00050631
0.00050631
0.000506309
0.000506309
0.000506309
0.000506308
0.000506308
0.000506308
0.000506308
0.000506308
0.000506308
0.000506308
0.000506308
0.000506308
0.000506308
0.000506308
0.000506307
0.000506306
0.000506303
0.000506299
0.000506295
0.000506276
0.000506276
0.000506276
0.000506277
0.000506277
0.000506277
0.000506277
0.000506277
0.000506278
0.000506278
0.000506279
0.000506279
0.00050628
0.00050628
0.000506281
0.000506282
0.000506283
0.000506285
0.000506286
0.000506287
0.000506288
0.00050629
0.000506291
0.000506293
0.000506294
0.000506296
0.000506297
0.000506298
0.0005063
0.000506301
0.000506302
0.000506303
0.000506304
0.000506305
0.000506305
0.000506306
0.000506306
0.000506307
0.000506307
0.000506307
0.000506308
0.000506308
0.000506308
0.000506308
0.000506307
0.000506307
0.000506307
0.000506307
0.000506307
0.000506306
0.000506306
0.000506306
0.000506305
0.000506305
0.000506305
0.000506305
0.000506305
0.000506305
0.000506305
0.000506305
0.000506305
0.000506305
0.000506305
0.000506305
0.000506305
0.000506304
0.000506302
0.0005063
0.000506296
0.000506292
)
;

boundaryField
{
    left
    {
        type            symmetryPlane;
    }
    right
    {
        type            symmetryPlane;
    }
    top
    {
        type            symmetryPlane;
    }
    bottom
    {
        type            symmetryPlane;
    }
    frontAndBack
    {
        type            empty;
    }
}


// ************************************************************************* //
