/*--------------------------------*- C++ -*----------------------------------*\
| =========                 |                                                 |
| \\      /  F ield         | OpenFOAM: The Open Source CFD Toolbox           |
|  \\    /   O peration     | Version:  v1606+                                |
|   \\  /    A nd           | Web:      www.OpenFOAM.com                      |
|    \\/     M anipulation  |                                                 |
\*---------------------------------------------------------------------------*/
FoamFile
{
    version     2.0;
    format      ascii;
    class       volScalarField;
    location    "0.0019";
    object      Tu;
}
// * * * * * * * * * * * * * * * * * * * * * * * * * * * * * * * * * * * * * //

dimensions      [0 0 0 1 0 0 0];

internalField   nonuniform List<scalar> 
2450
(
299.925
300.109
300.095
300.119
300.127
300.148
300.159
300.164
300.166
300.165
300.164
300.163
300.161
300.16
300.159
300.159
300.158
300.159
300.159
300.16
300.161
300.163
300.164
300.166
300.167
300.169
300.171
300.172
300.173
300.175
300.176
300.177
300.177
300.178
300.178
300.178
300.178
300.178
300.177
300.177
300.176
300.175
300.175
300.174
300.173
300.172
300.171
300.17
300.169
300.168
300.167
300.166
300.165
300.164
300.163
300.162
300.161
300.16
300.16
300.159
300.158
300.157
300.157
300.156
300.156
300.156
300.156
300.157
300.158
300.159
300.115
300.119
300.115
300.125
300.129
300.144
300.153
300.157
300.158
300.159
300.159
300.159
300.16
300.16
300.161
300.161
300.162
300.164
300.165
300.166
300.167
300.169
300.17
300.171
300.172
300.173
300.174
300.175
300.176
300.176
300.176
300.177
300.177
300.177
300.177
300.176
300.176
300.176
300.175
300.175
300.174
300.173
300.172
300.172
300.171
300.17
300.169
300.168
300.167
300.166
300.165
300.164
300.163
300.162
300.161
300.16
300.16
300.159
300.158
300.157
300.156
300.156
300.155
300.155
300.155
300.154
300.155
300.156
300.157
300.159
300.092
300.114
300.122
300.13
300.139
300.148
300.156
300.156
300.156
300.157
300.157
300.157
300.158
300.159
300.159
300.16
300.162
300.163
300.164
300.166
300.167
300.168
300.169
300.171
300.172
300.172
300.173
300.174
300.174
300.175
300.175
300.175
300.175
300.175
300.175
300.175
300.174
300.174
300.173
300.173
300.172
300.171
300.171
300.17
300.169
300.168
300.167
300.166
300.165
300.164
300.164
300.163
300.162
300.161
300.16
300.159
300.158
300.157
300.157
300.156
300.155
300.155
300.154
300.154
300.153
300.153
300.154
300.155
300.157
300.159
300.119
300.13
300.132
300.14
300.146
300.151
300.154
300.155
300.156
300.156
300.156
300.157
300.157
300.158
300.159
300.16
300.161
300.162
300.163
300.165
300.166
300.167
300.168
300.17
300.171
300.171
300.172
300.173
300.173
300.174
300.174
300.174
300.174
300.174
300.174
300.174
300.174
300.173
300.173
300.172
300.171
300.171
300.17
300.169
300.168
300.168
300.167
300.166
300.165
300.164
300.163
300.162
300.161
300.16
300.159
300.159
300.158
300.157
300.156
300.155
300.155
300.154
300.154
300.153
300.153
300.153
300.153
300.155
300.157
300.159
300.128
300.13
300.139
300.146
300.15
300.152
300.154
300.155
300.155
300.156
300.156
300.156
300.157
300.158
300.159
300.16
300.161
300.162
300.163
300.164
300.166
300.167
300.168
300.169
300.17
300.171
300.172
300.173
300.173
300.174
300.174
300.174
300.174
300.174
300.174
300.174
300.173
300.173
300.173
300.172
300.171
300.171
300.17
300.169
300.168
300.168
300.167
300.166
300.165
300.164
300.163
300.162
300.161
300.16
300.159
300.159
300.158
300.157
300.156
300.156
300.155
300.154
300.154
300.153
300.153
300.153
300.154
300.155
300.158
300.16
300.148
300.144
300.147
300.149
300.152
300.153
300.154
300.155
300.155
300.156
300.156
300.156
300.157
300.158
300.159
300.16
300.161
300.162
300.163
300.165
300.166
300.167
300.168
300.169
300.17
300.171
300.172
300.173
300.173
300.174
300.174
300.174
300.174
300.174
300.174
300.174
300.174
300.173
300.173
300.172
300.171
300.171
300.17
300.169
300.169
300.168
300.167
300.166
300.165
300.164
300.163
300.162
300.162
300.161
300.16
300.159
300.158
300.157
300.157
300.156
300.155
300.155
300.154
300.154
300.154
300.154
300.154
300.156
300.158
300.16
300.159
300.152
300.151
300.152
300.153
300.154
300.154
300.155
300.155
300.156
300.156
300.157
300.157
300.158
300.159
300.16
300.161
300.162
300.164
300.165
300.166
300.167
300.168
300.17
300.171
300.171
300.172
300.173
300.173
300.174
300.174
300.174
300.174
300.174
300.174
300.174
300.174
300.173
300.173
300.172
300.172
300.171
300.17
300.17
300.169
300.168
300.167
300.166
300.165
300.165
300.164
300.163
300.162
300.161
300.16
300.159
300.159
300.158
300.157
300.157
300.156
300.155
300.155
300.155
300.154
300.154
300.155
300.156
300.159
300.161
300.163
300.155
300.153
300.153
300.154
300.154
300.155
300.155
300.155
300.156
300.156
300.157
300.157
300.158
300.159
300.16
300.161
300.163
300.164
300.165
300.166
300.168
300.169
300.17
300.171
300.172
300.172
300.173
300.174
300.174
300.174
300.174
300.175
300.174
300.174
300.174
300.174
300.173
300.173
300.172
300.172
300.171
300.171
300.17
300.169
300.168
300.167
300.167
300.166
300.165
300.164
300.163
300.162
300.162
300.161
300.16
300.159
300.159
300.158
300.157
300.157
300.156
300.156
300.155
300.155
300.155
300.156
300.157
300.16
300.162
300.164
300.157
300.154
300.154
300.154
300.154
300.155
300.155
300.155
300.156
300.156
300.157
300.158
300.159
300.16
300.161
300.162
300.163
300.164
300.166
300.167
300.168
300.169
300.17
300.171
300.172
300.173
300.173
300.174
300.174
300.174
300.175
300.175
300.175
300.175
300.174
300.174
300.174
300.173
300.173
300.172
300.172
300.171
300.17
300.169
300.169
300.168
300.167
300.166
300.165
300.165
300.164
300.163
300.162
300.161
300.161
300.16
300.159
300.159
300.158
300.157
300.157
300.156
300.156
300.156
300.156
300.156
300.158
300.16
300.163
300.163
300.157
300.155
300.154
300.154
300.155
300.155
300.155
300.155
300.156
300.156
300.157
300.158
300.159
300.16
300.161
300.162
300.164
300.165
300.166
300.167
300.168
300.169
300.17
300.171
300.172
300.173
300.173
300.174
300.174
300.175
300.175
300.175
300.175
300.175
300.175
300.174
300.174
300.173
300.173
300.172
300.172
300.171
300.171
300.17
300.169
300.168
300.168
300.167
300.166
300.165
300.164
300.164
300.163
300.162
300.161
300.161
300.16
300.159
300.159
300.158
300.158
300.157
300.157
300.157
300.157
300.157
300.159
300.161
300.164
300.162
300.157
300.155
300.154
300.154
300.155
300.155
300.155
300.156
300.156
300.157
300.158
300.158
300.159
300.161
300.162
300.163
300.164
300.165
300.167
300.168
300.169
300.17
300.171
300.172
300.172
300.173
300.174
300.174
300.175
300.175
300.175
300.175
300.175
300.175
300.175
300.174
300.174
300.174
300.173
300.173
300.172
300.172
300.171
300.17
300.17
300.169
300.168
300.167
300.167
300.166
300.165
300.164
300.164
300.163
300.162
300.161
300.161
300.16
300.16
300.159
300.159
300.158
300.158
300.158
300.158
300.158
300.16
300.162
300.165
300.16
300.157
300.155
300.155
300.155
300.155
300.155
300.155
300.156
300.157
300.157
300.158
300.159
300.16
300.161
300.162
300.163
300.165
300.166
300.167
300.168
300.169
300.17
300.171
300.172
300.173
300.173
300.174
300.174
300.175
300.175
300.175
300.175
300.175
300.175
300.175
300.175
300.174
300.174
300.174
300.173
300.172
300.172
300.171
300.171
300.17
300.169
300.169
300.168
300.167
300.166
300.166
300.165
300.164
300.164
300.163
300.162
300.162
300.161
300.161
300.16
300.16
300.159
300.159
300.159
300.159
300.159
300.161
300.164
300.166
300.159
300.157
300.155
300.155
300.155
300.155
300.155
300.156
300.156
300.157
300.158
300.159
300.16
300.161
300.162
300.163
300.164
300.165
300.166
300.168
300.169
300.17
300.171
300.172
300.172
300.173
300.174
300.174
300.175
300.175
300.175
300.175
300.175
300.175
300.175
300.175
300.175
300.175
300.174
300.174
300.173
300.173
300.172
300.172
300.171
300.17
300.17
300.169
300.168
300.168
300.167
300.166
300.166
300.165
300.164
300.164
300.163
300.163
300.162
300.162
300.161
300.161
300.16
300.16
300.16
300.16
300.161
300.162
300.165
300.167
300.157
300.157
300.156
300.155
300.155
300.155
300.156
300.156
300.157
300.158
300.158
300.159
300.16
300.161
300.162
300.164
300.165
300.166
300.167
300.168
300.169
300.17
300.171
300.172
300.173
300.173
300.174
300.175
300.175
300.175
300.175
300.176
300.176
300.176
300.176
300.175
300.175
300.175
300.175
300.174
300.174
300.173
300.173
300.172
300.172
300.171
300.17
300.17
300.169
300.168
300.168
300.167
300.167
300.166
300.165
300.165
300.164
300.164
300.163
300.163
300.162
300.162
300.161
300.161
300.161
300.161
300.162
300.163
300.166
300.168
300.156
300.157
300.156
300.156
300.156
300.156
300.156
300.157
300.158
300.158
300.159
300.16
300.161
300.162
300.163
300.164
300.165
300.166
300.168
300.169
300.17
300.171
300.171
300.172
300.173
300.174
300.174
300.175
300.175
300.176
300.176
300.176
300.176
300.176
300.176
300.176
300.175
300.175
300.175
300.175
300.174
300.174
300.173
300.173
300.172
300.172
300.171
300.17
300.17
300.169
300.169
300.168
300.167
300.167
300.166
300.166
300.165
300.165
300.164
300.164
300.163
300.163
300.162
300.162
300.162
300.162
300.163
300.165
300.167
300.17
300.155
300.158
300.157
300.156
300.156
300.157
300.157
300.158
300.158
300.159
300.16
300.161
300.162
300.163
300.164
300.165
300.166
300.167
300.168
300.169
300.17
300.171
300.172
300.173
300.173
300.174
300.175
300.175
300.175
300.176
300.176
300.176
300.176
300.176
300.176
300.176
300.176
300.176
300.175
300.175
300.174
300.174
300.174
300.173
300.173
300.172
300.171
300.171
300.17
300.17
300.169
300.169
300.168
300.168
300.167
300.166
300.166
300.166
300.165
300.165
300.164
300.164
300.164
300.163
300.163
300.163
300.164
300.166
300.168
300.171
300.154
300.158
300.158
300.157
300.157
300.157
300.158
300.158
300.159
300.16
300.161
300.162
300.163
300.164
300.165
300.166
300.167
300.168
300.169
300.17
300.171
300.172
300.172
300.173
300.174
300.174
300.175
300.175
300.176
300.176
300.176
300.176
300.176
300.176
300.176
300.176
300.176
300.176
300.176
300.175
300.175
300.174
300.174
300.174
300.173
300.173
300.172
300.172
300.171
300.171
300.17
300.169
300.169
300.168
300.168
300.167
300.167
300.167
300.166
300.166
300.165
300.165
300.165
300.165
300.164
300.165
300.165
300.167
300.17
300.172
300.154
300.159
300.159
300.158
300.158
300.158
300.159
300.159
300.16
300.161
300.162
300.163
300.164
300.164
300.165
300.166
300.167
300.168
300.169
300.17
300.171
300.172
300.173
300.173
300.174
300.175
300.175
300.176
300.176
300.176
300.176
300.177
300.177
300.177
300.177
300.177
300.176
300.176
300.176
300.176
300.175
300.175
300.174
300.174
300.174
300.173
300.173
300.172
300.172
300.171
300.171
300.17
300.17
300.169
300.169
300.168
300.168
300.168
300.167
300.167
300.166
300.166
300.166
300.166
300.166
300.166
300.167
300.168
300.171
300.173
300.155
300.16
300.16
300.159
300.159
300.159
300.16
300.16
300.161
300.162
300.163
300.163
300.164
300.165
300.166
300.167
300.168
300.169
300.17
300.171
300.172
300.172
300.173
300.174
300.174
300.175
300.176
300.176
300.176
300.177
300.177
300.177
300.177
300.177
300.177
300.177
300.177
300.176
300.176
300.176
300.176
300.175
300.175
300.175
300.174
300.174
300.173
300.173
300.172
300.172
300.171
300.171
300.171
300.17
300.17
300.169
300.169
300.169
300.168
300.168
300.168
300.167
300.167
300.167
300.167
300.167
300.168
300.169
300.172
300.175
300.156
300.161
300.161
300.16
300.16
300.16
300.161
300.161
300.162
300.163
300.164
300.164
300.165
300.166
300.167
300.168
300.169
300.17
300.171
300.171
300.172
300.173
300.174
300.174
300.175
300.175
300.176
300.176
300.177
300.177
300.177
300.177
300.177
300.177
300.177
300.177
300.177
300.177
300.177
300.176
300.176
300.176
300.175
300.175
300.175
300.174
300.174
300.173
300.173
300.173
300.172
300.172
300.171
300.171
300.171
300.17
300.17
300.169
300.169
300.169
300.169
300.168
300.168
300.168
300.168
300.168
300.169
300.171
300.173
300.176
300.157
300.162
300.162
300.161
300.161
300.161
300.162
300.162
300.163
300.164
300.164
300.165
300.166
300.167
300.168
300.169
300.169
300.17
300.171
300.172
300.173
300.173
300.174
300.175
300.175
300.176
300.176
300.176
300.177
300.177
300.177
300.177
300.177
300.177
300.177
300.177
300.177
300.177
300.177
300.177
300.176
300.176
300.176
300.175
300.175
300.175
300.174
300.174
300.174
300.173
300.173
300.173
300.172
300.172
300.171
300.171
300.171
300.17
300.17
300.17
300.17
300.169
300.169
300.169
300.169
300.169
300.17
300.172
300.175
300.177
300.158
300.163
300.163
300.162
300.162
300.162
300.163
300.163
300.164
300.165
300.165
300.166
300.167
300.168
300.168
300.169
300.17
300.171
300.172
300.172
300.173
300.174
300.174
300.175
300.175
300.176
300.176
300.177
300.177
300.177
300.177
300.178
300.178
300.178
300.178
300.178
300.178
300.177
300.177
300.177
300.177
300.177
300.176
300.176
300.176
300.175
300.175
300.175
300.174
300.174
300.174
300.173
300.173
300.173
300.172
300.172
300.172
300.171
300.171
300.171
300.171
300.17
300.17
300.17
300.17
300.17
300.171
300.173
300.176
300.178
300.159
300.165
300.164
300.163
300.163
300.163
300.164
300.164
300.165
300.165
300.166
300.167
300.168
300.168
300.169
300.17
300.171
300.171
300.172
300.173
300.173
300.174
300.175
300.175
300.176
300.176
300.177
300.177
300.177
300.177
300.178
300.178
300.178
300.178
300.178
300.178
300.178
300.178
300.178
300.177
300.177
300.177
300.177
300.176
300.176
300.176
300.175
300.175
300.175
300.175
300.174
300.174
300.174
300.173
300.173
300.173
300.173
300.172
300.172
300.172
300.172
300.171
300.171
300.171
300.171
300.172
300.172
300.174
300.177
300.179
300.161
300.166
300.165
300.164
300.164
300.164
300.165
300.165
300.166
300.166
300.167
300.168
300.168
300.169
300.17
300.17
300.171
300.172
300.173
300.173
300.174
300.174
300.175
300.176
300.176
300.176
300.177
300.177
300.177
300.178
300.178
300.178
300.178
300.178
300.178
300.178
300.178
300.178
300.178
300.178
300.177
300.177
300.177
300.177
300.177
300.176
300.176
300.176
300.175
300.175
300.175
300.175
300.174
300.174
300.174
300.174
300.173
300.173
300.173
300.173
300.173
300.172
300.172
300.172
300.172
300.173
300.173
300.175
300.178
300.181
300.162
300.167
300.166
300.165
300.165
300.165
300.166
300.166
300.167
300.167
300.168
300.168
300.169
300.17
300.17
300.171
300.172
300.172
300.173
300.174
300.174
300.175
300.175
300.176
300.176
300.177
300.177
300.177
300.178
300.178
300.178
300.178
300.178
300.178
300.178
300.178
300.178
300.178
300.178
300.178
300.178
300.178
300.177
300.177
300.177
300.177
300.176
300.176
300.176
300.176
300.175
300.175
300.175
300.175
300.175
300.174
300.174
300.174
300.174
300.174
300.173
300.173
300.173
300.173
300.173
300.174
300.174
300.176
300.179
300.182
300.164
300.168
300.167
300.166
300.166
300.166
300.166
300.167
300.167
300.168
300.168
300.169
300.17
300.17
300.171
300.172
300.172
300.173
300.173
300.174
300.175
300.175
300.176
300.176
300.177
300.177
300.177
300.178
300.178
300.178
300.178
300.178
300.178
300.179
300.179
300.179
300.179
300.178
300.178
300.178
300.178
300.178
300.178
300.178
300.177
300.177
300.177
300.177
300.176
300.176
300.176
300.176
300.176
300.175
300.175
300.175
300.175
300.175
300.175
300.174
300.174
300.174
300.174
300.174
300.174
300.174
300.175
300.177
300.18
300.182
300.165
300.169
300.168
300.167
300.167
300.167
300.167
300.168
300.168
300.169
300.169
300.17
300.17
300.171
300.171
300.172
300.173
300.173
300.174
300.174
300.175
300.175
300.176
300.176
300.177
300.177
300.177
300.178
300.178
300.178
300.178
300.179
300.179
300.179
300.179
300.179
300.179
300.179
300.179
300.179
300.178
300.178
300.178
300.178
300.178
300.178
300.177
300.177
300.177
300.177
300.177
300.176
300.176
300.176
300.176
300.176
300.176
300.175
300.175
300.175
300.175
300.175
300.175
300.175
300.175
300.175
300.176
300.178
300.181
300.183
300.167
300.169
300.168
300.168
300.167
300.168
300.168
300.168
300.169
300.169
300.17
300.17
300.171
300.171
300.172
300.172
300.173
300.174
300.174
300.175
300.175
300.176
300.176
300.177
300.177
300.177
300.178
300.178
300.178
300.178
300.179
300.179
300.179
300.179
300.179
300.179
300.179
300.179
300.179
300.179
300.179
300.179
300.178
300.178
300.178
300.178
300.178
300.178
300.177
300.177
300.177
300.177
300.177
300.177
300.176
300.176
300.176
300.176
300.176
300.176
300.176
300.176
300.176
300.176
300.176
300.176
300.177
300.179
300.182
300.184
300.168
300.17
300.169
300.168
300.168
300.168
300.169
300.169
300.169
300.17
300.17
300.171
300.171
300.172
300.172
300.173
300.173
300.174
300.174
300.175
300.175
300.176
300.176
300.177
300.177
300.178
300.178
300.178
300.178
300.179
300.179
300.179
300.179
300.179
300.179
300.179
300.179
300.179
300.179
300.179
300.179
300.179
300.179
300.179
300.178
300.178
300.178
300.178
300.178
300.178
300.178
300.177
300.177
300.177
300.177
300.177
300.177
300.177
300.177
300.176
300.176
300.176
300.176
300.176
300.176
300.177
300.178
300.179
300.182
300.185
300.17
300.171
300.17
300.169
300.169
300.169
300.169
300.17
300.17
300.17
300.171
300.171
300.172
300.172
300.173
300.173
300.174
300.174
300.175
300.175
300.176
300.176
300.177
300.177
300.177
300.178
300.178
300.178
300.179
300.179
300.179
300.179
300.179
300.179
300.179
300.18
300.18
300.179
300.179
300.179
300.179
300.179
300.179
300.179
300.179
300.179
300.179
300.178
300.178
300.178
300.178
300.178
300.178
300.178
300.178
300.177
300.177
300.177
300.177
300.177
300.177
300.177
300.177
300.177
300.177
300.177
300.178
300.18
300.183
300.186
300.171
300.172
300.171
300.17
300.17
300.17
300.17
300.17
300.171
300.171
300.172
300.172
300.173
300.173
300.173
300.174
300.174
300.175
300.175
300.176
300.176
300.177
300.177
300.178
300.178
300.178
300.179
300.179
300.179
300.179
300.18
300.18
300.18
300.18
300.18
300.18
300.18
300.18
300.18
300.18
300.18
300.18
300.18
300.18
300.179
300.179
300.179
300.179
300.179
300.179
300.179
300.179
300.178
300.178
300.178
300.178
300.178
300.178
300.178
300.178
300.178
300.178
300.178
300.178
300.178
300.178
300.179
300.181
300.184
300.187
300.172
300.173
300.172
300.171
300.171
300.171
300.171
300.172
300.172
300.172
300.173
300.173
300.174
300.174
300.175
300.175
300.176
300.176
300.177
300.177
300.177
300.178
300.178
300.179
300.179
300.179
300.18
300.18
300.18
300.18
300.181
300.181
300.181
300.181
300.181
300.181
300.181
300.181
300.181
300.181
300.181
300.181
300.181
300.181
300.181
300.18
300.18
300.18
300.18
300.18
300.18
300.18
300.18
300.18
300.18
300.179
300.179
300.179
300.179
300.179
300.179
300.179
300.179
300.179
300.179
300.18
300.181
300.182
300.186
300.188
300.174
300.175
300.174
300.173
300.173
300.173
300.174
300.174
300.174
300.175
300.175
300.175
300.176
300.176
300.177
300.177
300.178
300.178
300.179
300.179
300.18
300.18
300.18
300.181
300.181
300.182
300.182
300.182
300.182
300.183
300.183
300.183
300.183
300.183
300.183
300.183
300.183
300.183
300.183
300.183
300.183
300.183
300.183
300.183
300.183
300.183
300.182
300.182
300.182
300.182
300.182
300.182
300.182
300.182
300.182
300.182
300.182
300.181
300.181
300.181
300.181
300.181
300.181
300.181
300.181
300.182
300.183
300.185
300.188
300.19
300.175
300.176
300.176
300.176
300.176
300.176
300.176
300.177
300.177
300.177
300.178
300.178
300.179
300.18
300.18
300.181
300.181
300.182
300.182
300.183
300.183
300.184
300.184
300.185
300.185
300.185
300.186
300.186
300.186
300.186
300.187
300.187
300.187
300.187
300.187
300.187
300.187
300.187
300.187
300.187
300.187
300.187
300.186
300.186
300.186
300.186
300.186
300.186
300.186
300.186
300.185
300.185
300.185
300.185
300.185
300.185
300.185
300.185
300.185
300.185
300.185
300.185
300.185
300.185
300.185
300.185
300.186
300.188
300.191
300.194
300.175
300.176
300.176
300.176
300.176
300.176
300.177
300.177
300.178
300.179
300.179
300.18
300.181
300.182
300.182
300.183
300.184
300.185
300.185
300.186
300.187
300.187
300.188
300.188
300.189
300.189
300.19
300.19
300.19
300.19
300.191
300.191
300.191
300.191
300.191
300.191
300.191
300.191
300.19
300.19
300.19
300.19
300.19
300.19
300.19
300.189
300.189
300.189
300.189
300.189
300.189
300.188
300.188
300.188
300.188
300.188
300.188
300.188
300.188
300.188
300.187
300.187
300.187
300.187
300.187
300.188
300.189
300.191
300.194
300.196
)
;

boundaryField
{
    left
    {
        type            symmetryPlane;
    }
    right
    {
        type            symmetryPlane;
    }
    top
    {
        type            symmetryPlane;
    }
    bottom
    {
        type            symmetryPlane;
    }
    frontAndBack
    {
        type            empty;
    }
}


// ************************************************************************* //
