/*--------------------------------*- C++ -*----------------------------------*\
| =========                 |                                                 |
| \\      /  F ield         | OpenFOAM: The Open Source CFD Toolbox           |
|  \\    /   O peration     | Version:  v1606+                                |
|   \\  /    A nd           | Web:      www.OpenFOAM.com                      |
|    \\/     M anipulation  |                                                 |
\*---------------------------------------------------------------------------*/
FoamFile
{
    version     2.0;
    format      ascii;
    class       volScalarField;
    location    "0.08";
    object      dgdt;
}
// * * * * * * * * * * * * * * * * * * * * * * * * * * * * * * * * * * * * * //

dimensions      [0 0 -1 0 0 0 0];

internalField   nonuniform List<scalar> 
6000
(
-13.9371
-15.8077
-15.9983
-15.9652
-15.963
-15.6784
-15.2089
-14.9269
-14.5952
-14.3986
-14.2688
-14.2156
-14.1828
-14.1769
-14.1874
-14.1926
-14.2015
-14.2066
-14.2266
-14.2674
-14.3493
-14.523
-14.8587
-15.1999
-15.6969
-16.0731
-16.069
-16.0666
-15.8306
-13.5938
-2.66116
-2.20149
-2.13919
-2.10058
-2.09699
-2.13925
-2.21358
-2.25843
-2.24881
-2.27599
-2.29975
-2.31417
-2.32611
-2.33184
-2.33384
-2.3315
-2.32839
-2.32151
-2.31093
-2.29952
-2.28384
-2.26309
-2.27033
-2.21376
-2.1384
-2.08291
-2.08277
-2.09313
-2.16673
-2.6539
-0.235183
-0.279473
-0.31283
-0.323831
-0.3299
-0.336147
-0.344708
-0.351204
-0.352123
-0.355888
-0.359136
-0.361407
-0.363279
-0.364351
-0.36487
-0.364871
-0.364443
-0.363464
-0.361995
-0.360215
-0.357776
-0.354851
-0.353901
-0.346929
-0.338472
-0.332059
-0.326494
-0.316797
-0.284799
-0.241851
-0.179001
-0.185756
-0.190305
-0.192425
-0.192718
-0.192224
-0.19202
-0.191804
-0.191789
-0.192363
-0.192887
-0.1933
-0.193649
-0.193911
-0.194074
-0.194158
-0.194169
-0.194118
-0.194002
-0.19384
-0.193627
-0.193396
-0.193731
-0.194312
-0.195049
-0.196022
-0.196468
-0.195114
-0.190963
-0.183294
-0.182024
-0.191071
-0.192499
-0.192875
-0.192087
-0.1903
-0.188069
-0.18573
-0.183519
-0.18174
-0.180395
-0.17945
-0.178818
-0.178462
-0.178338
-0.178433
-0.178742
-0.1793
-0.180147
-0.181344
-0.182949
-0.185068
-0.187654
-0.190409
-0.193169
-0.195468
-0.196871
-0.197083
-0.195942
-0.186215
-0.196245
-0.200243
-0.201158
-0.201805
-0.201983
-0.201505
-0.200297
-0.198492
-0.196315
-0.193919
-0.191606
-0.189629
-0.188106
-0.187108
-0.186657
-0.186762
-0.187417
-0.188625
-0.190367
-0.192586
-0.19516
-0.197879
-0.200403
-0.202584
-0.204213
-0.205167
-0.20547
-0.205276
-0.204712
-0.200491
-0.210865
-0.205974
-0.206069
-0.206742
-0.207607
-0.208395
-0.208856
-0.208905
-0.2085
-0.207656
-0.20651
-0.205272
-0.204177
-0.203388
-0.203021
-0.203122
-0.203692
-0.204683
-0.205988
-0.207442
-0.20883
-0.209932
-0.21062
-0.210891
-0.210774
-0.210363
-0.209876
-0.209556
-0.209825
-0.214897
-0.21781
-0.209839
-0.209299
-0.209959
-0.211032
-0.212281
-0.213465
-0.214464
-0.215202
-0.21565
-0.215869
-0.215924
-0.215889
-0.215835
-0.215828
-0.215914
-0.216092
-0.216324
-0.216545
-0.216683
-0.216666
-0.216424
-0.215913
-0.215166
-0.214251
-0.213287
-0.212501
-0.212113
-0.212939
-0.221141
-0.219662
-0.212613
-0.211779
-0.212484
-0.213643
-0.215091
-0.216656
-0.218196
-0.219616
-0.220852
-0.221873
-0.222665
-0.223234
-0.223605
-0.223813
-0.223884
-0.223819
-0.223597
-0.223183
-0.222551
-0.221693
-0.220624
-0.219385
-0.218043
-0.216685
-0.215451
-0.214507
-0.214004
-0.215034
-0.222227
-0.219455
-0.213787
-0.213214
-0.214093
-0.215304
-0.216771
-0.218413
-0.220137
-0.221869
-0.223537
-0.225058
-0.226353
-0.227361
-0.228055
-0.228428
-0.228486
-0.22823
-0.227658
-0.226777
-0.225613
-0.224225
-0.222695
-0.22111
-0.219541
-0.218059
-0.216753
-0.2157
-0.214969
-0.215672
-0.221431
-0.218495
-0.214165
-0.214099
-0.215211
-0.216512
-0.217986
-0.219602
-0.221289
-0.222979
-0.224605
-0.226097
-0.227385
-0.228409
-0.229128
-0.229518
-0.229566
-0.229275
-0.228657
-0.227737
-0.226557
-0.225174
-0.223661
-0.222088
-0.220522
-0.219029
-0.217677
-0.216493
-0.215487
-0.215643
-0.220037
-0.217559
-0.214434
-0.214773
-0.216063
-0.217464
-0.218975
-0.220583
-0.222227
-0.223844
-0.225376
-0.226763
-0.22795
-0.22889
-0.229549
-0.229904
-0.229946
-0.229674
-0.229099
-0.228246
-0.227147
-0.22585
-0.22441
-0.222886
-0.221337
-0.219824
-0.218405
-0.21709
-0.215878
-0.215604
-0.218774
-0.216591
-0.214619
-0.215283
-0.216711
-0.218217
-0.21979
-0.221416
-0.223039
-0.224603
-0.226061
-0.227364
-0.228469
-0.229339
-0.229945
-0.230271
-0.230306
-0.230051
-0.229516
-0.228719
-0.227688
-0.226459
-0.225076
-0.223587
-0.222039
-0.220486
-0.218982
-0.21754
-0.21617
-0.215554
-0.217558
-0.215624
-0.214669
-0.215628
-0.217192
-0.218812
-0.220465
-0.222123
-0.223739
-0.225268
-0.226672
-0.227914
-0.228959
-0.229778
-0.230348
-0.230651
-0.230681
-0.230438
-0.22993
-0.229172
-0.228188
-0.227008
-0.225666
-0.224198
-0.222642
-0.22104
-0.21944
-0.217867
-0.216346
-0.215422
-0.216402
-0.214712
-0.214592
-0.215836
-0.217547
-0.219292
-0.221027
-0.222722
-0.224336
-0.225839
-0.227202
-0.228399
-0.2294
-0.230182
-0.230724
-0.231011
-0.231037
-0.230802
-0.230312
-0.229582
-0.228633
-0.227488
-0.226175
-0.224723
-0.223157
-0.221508
-0.219813
-0.218103
-0.216422
-0.215205
-0.215346
-0.213888
-0.214429
-0.215945
-0.217817
-0.219686
-0.221497
-0.223221
-0.224833
-0.226315
-0.227649
-0.228813
-0.229783
-0.230538
-0.23106
-0.231335
-0.231357
-0.231127
-0.23065
-0.22994
-0.229013
-0.227893
-0.226602
-0.225161
-0.223589
-0.221902
-0.220123
-0.21828
-0.21643
-0.214932
-0.214409
-0.213156
-0.214219
-0.215996
-0.21803
-0.220008
-0.221875
-0.223616
-0.225224
-0.226694
-0.22801
-0.229154
-0.230106
-0.230844
-0.231352
-0.231618
-0.231638
-0.23141
-0.230941
-0.230241
-0.229327
-0.228219
-0.226939
-0.225504
-0.223929
-0.222219
-0.220379
-0.218421
-0.216403
-0.214638
-0.213589
-0.212511
-0.213995
-0.216022
-0.218195
-0.220249
-0.222146
-0.223895
-0.225504
-0.226971
-0.228284
-0.229422
-0.230364
-0.231093
-0.231593
-0.231854
-0.231871
-0.231644
-0.231177
-0.230482
-0.229571
-0.228464
-0.227181
-0.225743
-0.224161
-0.222439
-0.220565
-0.218529
-0.216367
-0.214349
-0.212875
-0.211942
-0.213777
-0.216026
-0.21829
-0.22038
-0.222291
-0.224049
-0.225669
-0.227148
-0.22847
-0.229613
-0.230555
-0.231281
-0.231778
-0.232036
-0.232051
-0.231822
-0.231355
-0.230657
-0.229743
-0.228626
-0.227329
-0.225873
-0.224275
-0.222539
-0.220649
-0.218575
-0.216321
-0.21408
-0.212251
-0.211432
-0.213561
-0.215924
-0.218261
-0.220372
-0.222298
-0.224078
-0.225726
-0.227232
-0.228574
-0.229732
-0.230685
-0.231417
-0.231915
-0.232173
-0.232186
-0.231955
-0.231482
-0.230775
-0.229846
-0.228711
-0.227389
-0.225902
-0.224272
-0.222508
-0.220598
-0.218502
-0.216182
-0.213822
-0.211697
-0.210948
-0.213314
-0.215803
-0.218103
-0.220232
-0.222184
-0.224001
-0.225691
-0.227235
-0.22861
-0.229791
-0.230759
-0.231499
-0.232
-0.232258
-0.23227
-0.232035
-0.231556
-0.230839
-0.229892
-0.228731
-0.227374
-0.225845
-0.224168
-0.222362
-0.220423
-0.218302
-0.21598
-0.213539
-0.211175
-0.210443
-0.212995
-0.215319
-0.217854
-0.219991
-0.221974
-0.223842
-0.225585
-0.227176
-0.228587
-0.229791
-0.230772
-0.231518
-0.232021
-0.232278
-0.232289
-0.232052
-0.231569
-0.230843
-0.229881
-0.228695
-0.227299
-0.225721
-0.223988
-0.222129
-0.220154
-0.218026
-0.215611
-0.213188
-0.210636
-0.209891
-0.212587
-0.215292
-0.217501
-0.219656
-0.221687
-0.223617
-0.22542
-0.227061
-0.228505
-0.229729
-0.230719
-0.231468
-0.231971
-0.232227
-0.232236
-0.231998
-0.231513
-0.230782
-0.229809
-0.228601
-0.227172
-0.225543
-0.223749
-0.221824
-0.219799
-0.217653
-0.215311
-0.21275
-0.210056
-0.209287
-0.212078
-0.214418
-0.217042
-0.219236
-0.221336
-0.22334
-0.225206
-0.226892
-0.228363
-0.229601
-0.230596
-0.231344
-0.231845
-0.2321
-0.232107
-0.231869
-0.231384
-0.230651
-0.229672
-0.228449
-0.226992
-0.225318
-0.223459
-0.22146
-0.219361
-0.217171
-0.214702
-0.212218
-0.209429
-0.208636
-0.211482
-0.214154
-0.216488
-0.218749
-0.220937
-0.223019
-0.224945
-0.226668
-0.228158
-0.229403
-0.230397
-0.231141
-0.231638
-0.231889
-0.231896
-0.231658
-0.231174
-0.230444
-0.229464
-0.228234
-0.226758
-0.225047
-0.223129
-0.22105
-0.21886
-0.216594
-0.21421
-0.211596
-0.208756
-0.207935
-0.210801
-0.213409
-0.215861
-0.218217
-0.2205
-0.22266
-0.224637
-0.226385
-0.227883
-0.229125
-0.230113
-0.23085
-0.231342
-0.231589
-0.231595
-0.231358
-0.230879
-0.230153
-0.229177
-0.227948
-0.226463
-0.224728
-0.222761
-0.220606
-0.218322
-0.215958
-0.213506
-0.210894
-0.208035
-0.20718
-0.210049
-0.212691
-0.215207
-0.217664
-0.220037
-0.222263
-0.224274
-0.226033
-0.227527
-0.22876
-0.229738
-0.230467
-0.230951
-0.231195
-0.231199
-0.230965
-0.23049
-0.229771
-0.228803
-0.227581
-0.226098
-0.224353
-0.222354
-0.220135
-0.217762
-0.2153
-0.212773
-0.21013
-0.207265
-0.206371
-0.20925
-0.211934
-0.214536
-0.217089
-0.219547
-0.221822
-0.223847
-0.225599
-0.227081
-0.2283
-0.229266
-0.229985
-0.230463
-0.230703
-0.230707
-0.230474
-0.230003
-0.229292
-0.228334
-0.227124
-0.225653
-0.223912
-0.2219
-0.219635
-0.217182
-0.214628
-0.212017
-0.209326
-0.206447
-0.205519
-0.208415
-0.211159
-0.213848
-0.216495
-0.219023
-0.221321
-0.223339
-0.225072
-0.226534
-0.227738
-0.228692
-0.229403
-0.229875
-0.230113
-0.230116
-0.229884
-0.229417
-0.228712
-0.227764
-0.226567
-0.225113
-0.22339
-0.221385
-0.2191
-0.216581
-0.213932
-0.211238
-0.208491
-0.205593
-0.204629
-0.207548
-0.210387
-0.213136
-0.215878
-0.21845
-0.220741
-0.222731
-0.224438
-0.22588
-0.227069
-0.228015
-0.228721
-0.22919
-0.229426
-0.229428
-0.229197
-0.228733
-0.228032
-0.227091
-0.225905
-0.224469
-0.22277
-0.220791
-0.218513
-0.215955
-0.213217
-0.210434
-0.207629
-0.204706
-0.203699
-0.206654
-0.209492
-0.212402
-0.215226
-0.217803
-0.220058
-0.222009
-0.223688
-0.225115
-0.226297
-0.227238
-0.227942
-0.228411
-0.228646
-0.228648
-0.228417
-0.227953
-0.227253
-0.226314
-0.225135
-0.223711
-0.222036
-0.220093
-0.217852
-0.215292
-0.212482
-0.209596
-0.206725
-0.203766
-0.202729
-0.205721
-0.208621
-0.211662
-0.21452
-0.217052
-0.219248
-0.22116
-0.222821
-0.224242
-0.225425
-0.226369
-0.227075
-0.227544
-0.227779
-0.227782
-0.22755
-0.227084
-0.226382
-0.22544
-0.224259
-0.22284
-0.22118
-0.219271
-0.217084
-0.214566
-0.211724
-0.208728
-0.205774
-0.202774
-0.201717
-0.204736
-0.207804
-0.210888
-0.213712
-0.21616
-0.218296
-0.220185
-0.221845
-0.223273
-0.224465
-0.225416
-0.226126
-0.226597
-0.226833
-0.226835
-0.226603
-0.226135
-0.225428
-0.22448
-0.22329
-0.221861
-0.2202
-0.21831
-0.216176
-0.213739
-0.210928
-0.207847
-0.204784
-0.201752
-0.200647
-0.203669
-0.206915
-0.210022
-0.212745
-0.2151
-0.217204
-0.219099
-0.220778
-0.222226
-0.223431
-0.22439
-0.225105
-0.225578
-0.225814
-0.225816
-0.225584
-0.225114
-0.224403
-0.223446
-0.222242
-0.220795
-0.219114
-0.217215
-0.215108
-0.212757
-0.210047
-0.206953
-0.20372
-0.200685
-0.199497
-0.202649
-0.205979
-0.208995
-0.211581
-0.213884
-0.216004
-0.217935
-0.219647
-0.221118
-0.222337
-0.223303
-0.224019
-0.224492
-0.224728
-0.22473
-0.224498
-0.224029
-0.223316
-0.222353
-0.221136
-0.219665
-0.217951
-0.216016
-0.21389
-0.211583
-0.209005
-0.206004
-0.202684
-0.199529
-0.198257
-0.201605
-0.204884
-0.20774
-0.210237
-0.212564
-0.214744
-0.216728
-0.218476
-0.219966
-0.221193
-0.222159
-0.222873
-0.223344
-0.223578
-0.22358
-0.22335
-0.222883
-0.222173
-0.22121
-0.219985
-0.218497
-0.216749
-0.214761
-0.212575
-0.210238
-0.207738
-0.204892
-0.201625
-0.19828
-0.196964
-0.20038
-0.203543
-0.206281
-0.208798
-0.211215
-0.213472
-0.215505
-0.217277
-0.218776
-0.220001
-0.220962
-0.221669
-0.222134
-0.222365
-0.222367
-0.22214
-0.221679
-0.220975
-0.220018
-0.218795
-0.217299
-0.215529
-0.213495
-0.211232
-0.208806
-0.206277
-0.203541
-0.20039
-0.196976
-0.195519
-0.198938
-0.201993
-0.20473
-0.207361
-0.209885
-0.212207
-0.214269
-0.216048
-0.217543
-0.218759
-0.219709
-0.220406
-0.220864
-0.221091
-0.221092
-0.220868
-0.220414
-0.21972
-0.218774
-0.217561
-0.21607
-0.214293
-0.212232
-0.209909
-0.207379
-0.204738
-0.201993
-0.19894
-0.195525
-0.193939
-0.197332
-0.200365
-0.203207
-0.20597
-0.208577
-0.210932
-0.213001
-0.214774
-0.216256
-0.217458
-0.218395
-0.21908
-0.21953
-0.219752
-0.219754
-0.219534
-0.219087
-0.218404
-0.217471
-0.216273
-0.214794
-0.213025
-0.210959
-0.208604
-0.205995
-0.203224
-0.200371
-0.197336
-0.193947
-0.192331
-0.195685
-0.198766
-0.201736
-0.204606
-0.207255
-0.209618
-0.21168
-0.21344
-0.214908
-0.216095
-0.217017
-0.217691
-0.218132
-0.21835
-0.218351
-0.218135
-0.217696
-0.217024
-0.216105
-0.214921
-0.213458
-0.211701
-0.209643
-0.207283
-0.204634
-0.201759
-0.198782
-0.195694
-0.192343
-0.190716
-0.194045
-0.197214
-0.200295
-0.203223
-0.205881
-0.208239
-0.21029
-0.212039
-0.213492
-0.214665
-0.215575
-0.216238
-0.216671
-0.216885
-0.216885
-0.216673
-0.216241
-0.215579
-0.214672
-0.213502
-0.212052
-0.210308
-0.208261
-0.205907
-0.203251
-0.200323
-0.197234
-0.194061
-0.190733
-0.189032
-0.192401
-0.19567
-0.198836
-0.201781
-0.204436
-0.206787
-0.208831
-0.210569
-0.212011
-0.213172
-0.214069
-0.214722
-0.215147
-0.215356
-0.215357
-0.215148
-0.214723
-0.214071
-0.213175
-0.212017
-0.210578
-0.208844
-0.206805
-0.204459
-0.201808
-0.198865
-0.195696
-0.192422
-0.189053
-0.187269
-0.190739
-0.194111
-0.19732
-0.200268
-0.20292
-0.205268
-0.207307
-0.209037
-0.210468
-0.211617
-0.212502
-0.213144
-0.213562
-0.213767
-0.213767
-0.213562
-0.213144
-0.212501
-0.211616
-0.210469
-0.20904
-0.207314
-0.205281
-0.202939
-0.200292
-0.197349
-0.194141
-0.190767
-0.187297
-0.185443
-0.189077
-0.19252
-0.195744
-0.19869
-0.201343
-0.20369
-0.205725
-0.207447
-0.208867
-0.210003
-0.210877
-0.211508
-0.211918
-0.212119
-0.212119
-0.211917
-0.211506
-0.210874
-0.21
-0.208864
-0.207445
-0.205726
-0.203697
-0.201357
-0.198712
-0.195771
-0.192553
-0.189112
-0.185476
-0.183534
-0.187395
-0.190884
-0.194111
-0.197058
-0.199712
-0.202059
-0.204089
-0.205803
-0.207212
-0.208335
-0.209195
-0.209816
-0.210217
-0.210414
-0.210413
-0.210215
-0.209812
-0.20919
-0.208329
-0.207205
-0.205796
-0.204084
-0.202058
-0.199719
-0.197074
-0.194136
-0.190916
-0.18743
-0.183581
-0.182095
-0.185787
-0.189227
-0.192431
-0.195374
-0.19803
-0.200377
-0.202403
-0.204108
-0.205504
-0.206612
-0.207459
-0.208067
-0.20846
-0.208652
-0.208652
-0.208458
-0.208064
-0.207453
-0.206605
-0.205494
-0.204096
-0.202391
-0.200368
-0.198028
-0.195381
-0.192448
-0.189248
-0.185808
-0.182115
-0.180548
-0.184107
-0.187502
-0.190693
-0.193637
-0.196298
-0.198647
-0.200669
-0.202363
-0.203745
-0.204838
-0.205669
-0.206265
-0.206649
-0.206837
-0.206836
-0.206647
-0.206262
-0.205663
-0.204829
-0.203733
-0.202348
-0.200651
-0.19863
-0.196285
-0.193632
-0.190697
-0.187512
-0.184115
-0.180561
-0.178603
-0.182224
-0.185666
-0.188881
-0.191843
-0.194517
-0.19687
-0.198886
-0.200569
-0.201935
-0.203011
-0.203827
-0.20441
-0.204784
-0.204967
-0.204967
-0.204783
-0.204407
-0.203822
-0.203004
-0.201924
-0.200553
-0.198866
-0.196847
-0.194495
-0.191827
-0.188874
-0.185667
-0.182227
-0.178602
-0.17661
-0.180281
-0.183763
-0.187011
-0.19
-0.19269
-0.195047
-0.197057
-0.198725
-0.200074
-0.201132
-0.201932
-0.202501
-0.202867
-0.203045
-0.203044
-0.202866
-0.2025
-0.201929
-0.201127
-0.200065
-0.198711
-0.197036
-0.19502
-0.192661
-0.189974
-0.186993
-0.183755
-0.180278
-0.176605
-0.174578
-0.178289
-0.181809
-0.185094
-0.188113
-0.190819
-0.193177
-0.195178
-0.196831
-0.198162
-0.199202
-0.199984
-0.200541
-0.200896
-0.20107
-0.20107
-0.200897
-0.200541
-0.199983
-0.199199
-0.198156
-0.19682
-0.195159
-0.193151
-0.190786
-0.188079
-0.185067
-0.181792
-0.17828
-0.17457
-0.172504
-0.176252
-0.179813
-0.183139
-0.186186
-0.188903
-0.191259
-0.193248
-0.194884
-0.196197
-0.197218
-0.197985
-0.198528
-0.198875
-0.199043
-0.199044
-0.198876
-0.19853
-0.197987
-0.197219
-0.196195
-0.194878
-0.193234
-0.191236
-0.188871
-0.186148
-0.183102
-0.179787
-0.176236
-0.172491
-0.170389
-0.174176
-0.177781
-0.181145
-0.184216
-0.18694
-0.189289
-0.191265
-0.192885
-0.194179
-0.195183
-0.195934
-0.196464
-0.196802
-0.196966
-0.196967
-0.196804
-0.196467
-0.195938
-0.195188
-0.194183
-0.192885
-0.191259
-0.189273
-0.186911
-0.184178
-0.181104
-0.177747
-0.174153
-0.170371
-0.168234
-0.172063
-0.175713
-0.179112
-0.182199
-0.184924
-0.187265
-0.189228
-0.190833
-0.19211
-0.193097
-0.193832
-0.19435
-0.194678
-0.194838
-0.194839
-0.194681
-0.194355
-0.193839
-0.193105
-0.192119
-0.19084
-0.189231
-0.187259
-0.184904
-0.182166
-0.17907
-0.175673
-0.172034
-0.168212
-0.166039
-0.169914
-0.173606
-0.177033
-0.18013
-0.182852
-0.185187
-0.187138
-0.188729
-0.18999
-0.190961
-0.191681
-0.192187
-0.192506
-0.19266
-0.192663
-0.192508
-0.192192
-0.191689
-0.190972
-0.190003
-0.188742
-0.187149
-0.18519
-0.182844
-0.180106
-0.176996
-0.173565
-0.16988
-0.166016
-0.163803
-0.167721
-0.171454
-0.174902
-0.178004
-0.180725
-0.183055
-0.184998
-0.186576
-0.187823
-0.188778
-0.189483
-0.189976
-0.190286
-0.19044
-0.190439
-0.190289
-0.189981
-0.189491
-0.188789
-0.187837
-0.186593
-0.185015
-0.183068
-0.180729
-0.177992
-0.174873
-0.171418
-0.167691
-0.16378
-0.161524
-0.165487
-0.169252
-0.172714
-0.175821
-0.178544
-0.180873
-0.18281
-0.184378
-0.185609
-0.186548
-0.187238
-0.187719
-0.188028
-0.188172
-0.188168
-0.188026
-0.187724
-0.187244
-0.186558
-0.185624
-0.184396
-0.182832
-0.180894
-0.17856
-0.175823
-0.172697
-0.169223
-0.165463
-0.161503
-0.159198
-0.163209
-0.166995
-0.170467
-0.173583
-0.176315
-0.178646
-0.180579
-0.182136
-0.183351
-0.184273
-0.184945
-0.185411
-0.185707
-0.18584
-0.185839
-0.185699
-0.185409
-0.184949
-0.18428
-0.183363
-0.182153
-0.180602
-0.178672
-0.176339
-0.173597
-0.170464
-0.166973
-0.163177
-0.159177
-0.156819
-0.16087
-0.164678
-0.168165
-0.171296
-0.174041
-0.176379
-0.178308
-0.179852
-0.18105
-0.181952
-0.182606
-0.183053
-0.183327
-0.183465
-0.183465
-0.183343
-0.183057
-0.182608
-0.181956
-0.181058
-0.179866
-0.178329
-0.176406
-0.174071
-0.17132
-0.168174
-0.164667
-0.160843
-0.156801
-0.154385
-0.158469
-0.162302
-0.165812
-0.168967
-0.171731
-0.174075
-0.175998
-0.177527
-0.178706
-0.179588
-0.180225
-0.180662
-0.180931
-0.181061
-0.18107
-0.180941
-0.180665
-0.180224
-0.179587
-0.178708
-0.177535
-0.176014
-0.174099
-0.171761
-0.168998
-0.165832
-0.162304
-0.158451
-0.154375
-0.151899
-0.156006
-0.159876
-0.163417
-0.166603
-0.169386
-0.171735
-0.173649
-0.17516
-0.176318
-0.177178
-0.177796
-0.17822
-0.178481
-0.178602
-0.178616
-0.178461
-0.178217
-0.177789
-0.177171
-0.176312
-0.17516
-0.173657
-0.171752
-0.169414
-0.166636
-0.163447
-0.159894
-0.156014
-0.151902
-0.149373
-0.15352
-0.157413
-0.16099
-0.164209
-0.16701
-0.169358
-0.171259
-0.172749
-0.173883
-0.174719
-0.175317
-0.175725
-0.175965
-0.176082
-0.17607
-0.175952
-0.175707
-0.1753
-0.174704
-0.173869
-0.172739
-0.171256
-0.169366
-0.167031
-0.16424
-0.161024
-0.157441
-0.153547
-0.149384
-0.146805
-0.151003
-0.154918
-0.158534
-0.161785
-0.164599
-0.166941
-0.168825
-0.170291
-0.171399
-0.172211
-0.172787
-0.173173
-0.17341
-0.173519
-0.173499
-0.173405
-0.173139
-0.172764
-0.17219
-0.171378
-0.170272
-0.168811
-0.166938
-0.164609
-0.161809
-0.158565
-0.154941
-0.151001
-0.14681
-0.144183
-0.148404
-0.152381
-0.156047
-0.159328
-0.162148
-0.16448
-0.166342
-0.167783
-0.168865
-0.169654
-0.170206
-0.170565
-0.170805
-0.170913
-0.170916
-0.170812
-0.170566
-0.170191
-0.169631
-0.168839
-0.167755
-0.166317
-0.164463
-0.162145
-0.159342
-0.156073
-0.152406
-0.148411
-0.144189
-0.14153
-0.145784
-0.149819
-0.153532
-0.156834
-0.159653
-0.161969
-0.163808
-0.165223
-0.16628
-0.167047
-0.167584
-0.167947
-0.168157
-0.168258
-0.168258
-0.168138
-0.167943
-0.167568
-0.167022
-0.16625
-0.165188
-0.163772
-0.161938
-0.159634
-0.156834
-0.153549
-0.149845
-0.145808
-0.141538
-0.138849
-0.143158
-0.147234
-0.150983
-0.154296
-0.157106
-0.159403
-0.161218
-0.162609
-0.163643
-0.164388
-0.164909
-0.165262
-0.165459
-0.165551
-0.165545
-0.16543
-0.165235
-0.164887
-0.164362
-0.163609
-0.162569
-0.161175
-0.15936
-0.157071
-0.154279
-0.150987
-0.147253
-0.143175
-0.138854
-0.136131
-0.140488
-0.144615
-0.148391
-0.151706
-0.154503
-0.15678
-0.158573
-0.159941
-0.160953
-0.161677
-0.162177
-0.162501
-0.162704
-0.162796
-0.162795
-0.162707
-0.162494
-0.162159
-0.161652
-0.16092
-0.1599
-0.158525
-0.156728
-0.154454
-0.151671
-0.148377
-0.144621
-0.140498
-0.13613
-0.133377
-0.137783
-0.141954
-0.145747
-0.149057
-0.151839
-0.154099
-0.155874
-0.157222
-0.158212
-0.158916
-0.159399
-0.159713
-0.159903
-0.159991
-0.159994
-0.159913
-0.159712
-0.159384
-0.158894
-0.158182
-0.157183
-0.155826
-0.154043
-0.15178
-0.149005
-0.145715
-0.141944
-0.13778
-0.133368
-0.130585
-0.135041
-0.139246
-0.143045
-0.146346
-0.149116
-0.151363
-0.153123
-0.154453
-0.155423
-0.156108
-0.156574
-0.156876
-0.157053
-0.157135
-0.157135
-0.157054
-0.15686
-0.156559
-0.15609
-0.155399
-0.15442
-0.15308
-0.151309
-0.149053
-0.146283
-0.142995
-0.13922
-0.135031
-0.130569
-0.12775
-0.132253
-0.136482
-0.140281
-0.143574
-0.146337
-0.148577
-0.150326
-0.151639
-0.152589
-0.153254
-0.153701
-0.153987
-0.154155
-0.154231
-0.154228
-0.154141
-0.153975
-0.153692
-0.153242
-0.152572
-0.151614
-0.150291
-0.148531
-0.146278
-0.143506
-0.140218
-0.136439
-0.13223
-0.127725
-0.124869
-0.129414
-0.133659
-0.137455
-0.140745
-0.14351
-0.145748
-0.147487
-0.148784
-0.149713
-0.150355
-0.150782
-0.151052
-0.151209
-0.151281
-0.15128
-0.151206
-0.151064
-0.150781
-0.15035
-0.149703
-0.148769
-0.147464
-0.145714
-0.143461
-0.140682
-0.137387
-0.133602
-0.129376
-0.124834
-0.121941
-0.126521
-0.130777
-0.134573
-0.137869
-0.140643
-0.142883
-0.144613
-0.145891
-0.146796
-0.147413
-0.147819
-0.148072
-0.148218
-0.148284
-0.148284
-0.148222
-0.148072
-0.147818
-0.147413
-0.146794
-0.145886
-0.144603
-0.142863
-0.140609
-0.137818
-0.134509
-0.130715
-0.126475
-0.121899
-0.11897
-0.123586
-0.127844
-0.131645
-0.134957
-0.137745
-0.139988
-0.141707
-0.142962
-0.14384
-0.14443
-0.144811
-0.145045
-0.145177
-0.145236
-0.145236
-0.145177
-0.145039
-0.144812
-0.144434
-0.143845
-0.142966
-0.141708
-0.139983
-0.137728
-0.134922
-0.131592
-0.127782
-0.123528
-0.118922
-0.115953
-0.120601
-0.124865
-0.128682
-0.132017
-0.134822
-0.137068
-0.138771
-0.14
-0.140845
-0.141404
-0.141757
-0.14197
-0.142087
-0.142139
-0.14214
-0.14209
-0.141975
-0.141763
-0.141412
-0.140855
-0.140011
-0.138783
-0.137077
-0.134823
-0.132002
-0.128647
-0.124813
-0.120544
-0.115909
-0.112895
-0.11756
-0.12185
-0.125695
-0.129059
-0.131882
-0.134125
-0.135808
-0.137003
-0.137813
-0.138335
-0.138658
-0.138847
-0.138948
-0.138992
-0.138993
-0.138951
-0.138852
-0.138665
-0.138345
-0.137826
-0.13702
-0.135827
-0.134144
-0.131897
-0.129064
-0.125682
-0.121819
-0.117528
-0.112867
-0.109816
-0.114496
-0.118818
-0.122698
-0.12609
-0.128925
-0.131159
-0.132815
-0.133973
-0.134741
-0.135225
-0.135514
-0.135677
-0.135761
-0.135796
-0.135797
-0.135764
-0.135682
-0.135521
-0.135235
-0.134755
-0.133992
-0.132838
-0.131186
-0.128952
-0.126111
-0.122704
-0.118809
-0.11449
-0.109803
-0.106736
-0.111448
-0.115792
-0.1197
-0.123113
-0.125951
-0.12817
-0.129794
-0.130909
-0.131632
-0.132073
-0.132326
-0.132461
-0.132526
-0.132552
-0.132553
-0.132529
-0.132465
-0.132333
-0.132082
-0.131645
-0.130927
-0.129817
-0.128199
-0.125984
-0.123145
-0.119722
-0.115796
-0.111443
-0.106728
-0.103657
-0.108417
-0.112774
-0.116704
-0.120124
-0.122956
-0.125154
-0.126743
-0.127812
-0.128486
-0.128881
-0.129095
-0.1292
-0.129245
-0.12926
-0.129261
-0.129247
-0.129204
-0.129101
-0.128889
-0.128497
-0.127828
-0.126763
-0.125182
-0.122991
-0.120164
-0.116737
-0.112788
-0.108401
-0.103654
-0.100575
-0.105355
-0.10976
-0.113706
-0.117117
-0.119933
-0.122109
-0.123663
-0.124685
-0.125307
-0.125653
-0.125824
-0.125897
-0.125919
-0.125923
-0.125923
-0.125921
-0.125899
-0.125828
-0.125658
-0.125314
-0.124696
-0.123678
-0.122132
-0.119964
-0.117157
-0.113748
-0.109792
-0.105372
-0.100589
-0.0975154
-0.102326
-0.106769
-0.1107
-0.114078
-0.116875
-0.119038
-0.120561
-0.121536
-0.122102
-0.122392
-0.122516
-0.122551
-0.122548
-0.122539
-0.122539
-0.122549
-0.122552
-0.122518
-0.122395
-0.122105
-0.121541
-0.120569
-0.119051
-0.116898
-0.114113
-0.110746
-0.106814
-0.102368
-0.0975433
-0.0945004
-0.0993719
-0.103807
-0.107671
-0.110989
-0.11378
-0.11595
-0.117454
-0.118379
-0.11888
-0.119106
-0.119173
-0.119163
-0.11913
-0.119106
-0.119106
-0.11913
-0.119163
-0.119173
-0.119106
-0.11888
-0.118379
-0.117454
-0.115953
-0.113791
-0.111013
-0.107711
-0.103853
-0.0994052
-0.0945309
-0.0915279
-0.0964519
-0.100848
-0.104581
-0.10783
-0.11066
-0.112877
-0.114371
-0.115238
-0.115658
-0.115801
-0.115797
-0.115732
-0.115662
-0.115619
-0.115619
-0.115662
-0.115732
-0.115796
-0.1158
-0.115655
-0.115233
-0.114366
-0.112871
-0.110658
-0.107838
-0.104607
-0.10089
-0.096492
-0.0915627
-0.0886088
-0.0935809
-0.0978451
-0.101373
-0.104605
-0.107571
-0.109885
-0.111365
-0.112142
-0.112449
-0.112484
-0.112389
-0.112257
-0.112142
-0.112077
-0.112077
-0.112142
-0.112256
-0.112388
-0.112481
-0.112445
-0.112136
-0.111356
-0.109873
-0.107558
-0.104596
-0.10138
-0.0978752
-0.0936217
-0.088645
-0.0857375
-0.0907153
-0.0947074
-0.0980247
-0.101395
-0.104645
-0.107086
-0.108503
-0.109127
-0.109265
-0.109152
-0.108943
-0.108729
-0.108563
-0.108474
-0.108474
-0.108563
-0.108729
-0.108942
-0.10915
-0.109261
-0.109121
-0.108494
-0.107073
-0.104628
-0.101377
-0.0980151
-0.0947201
-0.0907444
-0.0857687
-0.0828584
-0.0877057
-0.0913444
-0.0946452
-0.0984322
-0.102119
-0.104627
-0.10585
-0.106206
-0.106097
-0.105791
-0.105442
-0.105133
-0.10491
-0.104795
-0.104795
-0.10491
-0.105133
-0.105441
-0.10579
-0.106096
-0.106203
-0.105845
-0.104619
-0.102106
-0.0984146
-0.0946304
-0.0913437
-0.0877203
-0.0828774
-0.0797475
-0.0844005
-0.0878119
-0.0914927
-0.0961129
-0.100282
-0.102625
-0.103418
-0.103348
-0.102905
-0.102361
-0.101853
-0.101444
-0.101162
-0.101019
-0.101019
-0.101162
-0.101443
-0.101853
-0.102362
-0.102906
-0.103349
-0.103419
-0.102624
-0.100278
-0.0961019
-0.0914761
-0.0877948
-0.0843904
-0.0797996
-0.0765011
-0.080866
-0.0844788
-0.0891569
-0.0949617
-0.0993288
-0.101039
-0.101094
-0.100442
-0.0995992
-0.0987985
-0.0981314
-0.0976281
-0.0972943
-0.0971289
-0.0971289
-0.0972945
-0.0976284
-0.0981322
-0.0987999
-0.0996014
-0.100445
-0.101099
-0.101046
-0.0993349
-0.094961
-0.0891461
-0.0844623
-0.0808644
-0.0764485
-0.0732241
-0.0776253
-0.0820913
-0.0883581
-0.0953275
-0.0990528
-0.0995256
-0.0985837
-0.0972784
-0.0960433
-0.0950171
-0.0942245
-0.0936536
-0.0932857
-0.093106
-0.0931061
-0.0932861
-0.0936543
-0.0942257
-0.0950192
-0.0960466
-0.0972836
-0.0985916
-0.0995368
-0.0990663
-0.0953388
-0.0883607
-0.0820894
-0.0776228
-0.0732215
-0.0701789
-0.0751104
-0.0811343
-0.0893483
-0.096689
-0.0985343
-0.0973822
-0.0954388
-0.0935934
-0.092087
-0.0909328
-0.0900849
-0.0894936
-0.0891202
-0.0889399
-0.08894
-0.0891207
-0.0894945
-0.0900863
-0.0909351
-0.0920905
-0.0935986
-0.0954464
-0.0973931
-0.098549
-0.0967062
-0.0893601
-0.0811387
-0.0751069
-0.0700857
-0.0675113
-0.0733582
-0.0814231
-0.0915718
-0.0970612
-0.0962877
-0.0937545
-0.0912138
-0.0891653
-0.0876229
-0.0864948
-0.0856898
-0.0851388
-0.084795
-0.08463
-0.0846302
-0.0847955
-0.0851397
-0.0856912
-0.0864968
-0.0876257
-0.0891693
-0.0912192
-0.093762
-0.0962981
-0.0970759
-0.0915866
-0.0814337
-0.0733404
-0.0675482
-0.0652512
-0.0712641
-0.0811829
-0.0920691
-0.0935671
-0.0910522
-0.088129
-0.0857338
-0.0839495
-0.0826517
-0.0817173
-0.0810556
-0.0806047
-0.080324
-0.0801896
-0.0801897
-0.0803245
-0.0806055
-0.0810569
-0.081719
-0.0826539
-0.0839522
-0.0857369
-0.0881327
-0.091057
-0.0935751
-0.0920827
-0.0811957
-0.0712399
-0.0652634
-0.062356
-0.0680323
-0.0747676
-0.0854031
-0.0851332
-0.082895
-0.0808375
-0.079296
-0.0781549
-0.0773104
-0.0766895
-0.0762418
-0.0759328
-0.0757388
-0.0756455
-0.0756456
-0.0757393
-0.0759336
-0.076243
-0.0766909
-0.0773121
-0.0781567
-0.0792978
-0.0808394
-0.0828973
-0.0851377
-0.0854118
-0.0748861
-0.0680413
-0.0623776
-0.0580572
-0.0640156
-0.0703224
-0.0742926
-0.0743497
-0.0737095
-0.0730703
-0.0725841
-0.0721732
-0.0718292
-0.0715516
-0.0713382
-0.0711844
-0.0710851
-0.0710367
-0.0710368
-0.0710855
-0.0711851
-0.0713392
-0.0715529
-0.0718306
-0.0721748
-0.0725858
-0.0730723
-0.0737122
-0.0743543
-0.0743088
-0.070258
-0.0640825
-0.0580668
-0.0521804
-0.0543581
-0.0662345
-0.0654171
-0.065434
-0.0657332
-0.0660339
-0.0662526
-0.066381
-0.0664362
-0.0664492
-0.0664423
-0.0664292
-0.0664173
-0.0664106
-0.0664107
-0.0664177
-0.0664298
-0.0664432
-0.0664503
-0.0664375
-0.0663825
-0.0662544
-0.0660361
-0.0657361
-0.0654379
-0.0654266
-0.066201
-0.0543457
-0.0521596
-0.0423226
-0.051666
-0.0585698
-0.0596376
-0.0591911
-0.0595027
-0.0600414
-0.0605649
-0.06098
-0.0612832
-0.0614959
-0.0616407
-0.0617357
-0.061793
-0.0618197
-0.0618198
-0.0617933
-0.0617363
-0.0616415
-0.0614968
-0.0612844
-0.0609813
-0.0605664
-0.0600432
-0.0595046
-0.0591929
-0.059638
-0.058566
-0.0516566
-0.0423465
-0.0349736
-0.0472876
-0.0534228
-0.0543465
-0.0540442
-0.0543256
-0.0548894
-0.0554953
-0.0560203
-0.0564429
-0.0567647
-0.0570003
-0.0571638
-0.0572664
-0.0573152
-0.0573153
-0.0572666
-0.0571642
-0.0570009
-0.0567655
-0.0564438
-0.0560213
-0.0554964
-0.0548905
-0.0543263
-0.0540437
-0.0543432
-0.0534116
-0.0472948
-0.0349685
-0.0310041
-0.0423131
-0.0465576
-0.0487398
-0.0491003
-0.049701
-0.0503355
-0.0509469
-0.0514893
-0.0519352
-0.0522893
-0.0525587
-0.0527512
-0.0528742
-0.0529327
-0.0529328
-0.0528743
-0.0527514
-0.0525591
-0.0522898
-0.0519358
-0.05149
-0.0509475
-0.0503361
-0.0497011
-0.0490991
-0.0487364
-0.0465474
-0.0423451
-0.0310036
-0.0299991
-0.0384269
-0.0416503
-0.0443954
-0.0450945
-0.0458086
-0.0463652
-0.0468705
-0.0473185
-0.0477104
-0.0480348
-0.0482899
-0.0484766
-0.0485975
-0.0486546
-0.0486546
-0.0485975
-0.0484766
-0.04829
-0.0480349
-0.0477106
-0.0473188
-0.0468709
-0.0463655
-0.0458085
-0.0450938
-0.0443937
-0.041647
-0.0384304
-0.0300016
-0.0313339
-0.0393762
-0.0403738
-0.0420728
-0.0421949
-0.0424637
-0.0426912
-0.042962
-0.0432646
-0.0435534
-0.0438074
-0.0440153
-0.0441712
-0.0442738
-0.0443226
-0.0443226
-0.0442737
-0.044171
-0.044015
-0.0438072
-0.0435532
-0.0432644
-0.0429618
-0.0426911
-0.0424636
-0.042195
-0.0420731
-0.0403748
-0.0393803
-0.031337
-0.0343824
-0.041355
-0.0401767
-0.0398163
-0.0389312
-0.0386299
-0.0385646
-0.0386497
-0.03881
-0.038987
-0.0391551
-0.0393018
-0.0394163
-0.039494
-0.0395329
-0.0395328
-0.0394938
-0.0394159
-0.0393013
-0.0391545
-0.0389863
-0.0388092
-0.0386489
-0.0385638
-0.0386293
-0.038931
-0.0398168
-0.0401787
-0.0413583
-0.0343846
-0.0346583
-0.0386367
-0.0354742
-0.0338642
-0.032718
-0.0322699
-0.0320789
-0.03203
-0.0320306
-0.0320527
-0.0320862
-0.0321185
-0.0321477
-0.0321685
-0.0321788
-0.0321787
-0.0321682
-0.0321472
-0.0321179
-0.0320854
-0.0320517
-0.0320295
-0.0320288
-0.0320777
-0.0322687
-0.032717
-0.0338638
-0.0354749
-0.0386378
-0.0346602
-0.0189594
-0.0218868
-0.0202405
-0.0196445
-0.0193348
-0.0192649
-0.0192172
-0.019177
-0.0191281
-0.0190926
-0.0190643
-0.0190415
-0.0190251
-0.0190144
-0.0190085
-0.0190084
-0.0190141
-0.0190245
-0.0190407
-0.0190633
-0.0190915
-0.0191267
-0.0191755
-0.0192156
-0.0192633
-0.0193333
-0.0196433
-0.0202399
-0.0218871
-0.0189612
-0.00158086
-0.00222585
-0.00361434
-0.00435907
-0.00485755
-0.0051058
-0.00519716
-0.00520612
-0.00518202
-0.005143
-0.00510311
-0.00506756
-0.00503991
-0.00502007
-0.00501027
-0.00500997
-0.00501917
-0.0050384
-0.00506542
-0.00510034
-0.00513955
-0.00517786
-0.00520117
-0.00519145
-0.00509927
-0.00485037
-0.00435119
-0.00360616
-0.00221941
-0.00157827
9.0004e-05
0.000290649
9.39546e-05
7.75943e-05
7.06178e-05
8.70922e-05
0.000110252
0.000133009
0.000153708
0.000170486
0.000182975
0.000192058
0.000197721
0.000201506
0.000203276
0.000203301
0.000201579
0.000197831
0.00019218
0.000183102
0.000170632
0.000153883
0.000133206
0.000110455
8.72474e-05
7.06497e-05
7.71467e-05
9.28782e-05
0.000289773
8.95615e-05
-1.2316e-05
-8.11227e-06
-9.79894e-06
-9.10757e-06
-6.98143e-06
-4.69774e-06
-2.82216e-06
-1.51073e-06
-6.3371e-07
-8.27485e-08
2.74705e-07
5.02199e-07
6.4398e-07
7.18135e-07
7.45007e-07
7.43726e-07
7.13779e-07
6.33986e-07
4.83311e-07
2.43193e-07
-1.31635e-07
-7.08792e-07
-1.62787e-06
-3.00124e-06
-4.96701e-06
-7.34982e-06
-9.5389e-06
-1.02167e-05
-8.26291e-06
-1.23749e-05
-3.4784e-07
-2.38935e-07
-2.73709e-07
-3.1976e-07
-3.40723e-07
-3.3667e-07
-3.19933e-07
-2.99315e-07
-2.79355e-07
-2.6321e-07
-2.4919e-07
-2.39215e-07
-2.31032e-07
-2.26404e-07
-2.24189e-07
-2.24188e-07
-2.26405e-07
-2.31051e-07
-2.39286e-07
-2.49351e-07
-2.63496e-07
-2.79838e-07
-3.00126e-07
-3.21225e-07
-3.38586e-07
-3.43188e-07
-3.22199e-07
-2.75054e-07
-2.39677e-07
-3.47091e-07
-1.53517e-09
-7.50545e-10
-7.37196e-10
-8.8926e-10
-9.71155e-10
-9.66648e-10
-9.10973e-10
-8.35838e-10
-7.61869e-10
-7.00649e-10
-6.47787e-10
-6.09837e-10
-5.79567e-10
-5.61965e-10
-5.53454e-10
-5.53463e-10
-5.61998e-10
-5.79644e-10
-6.10009e-10
-6.48113e-10
-7.0121e-10
-7.62784e-10
-8.37312e-10
-9.13238e-10
-9.69859e-10
-9.7512e-10
-8.93161e-10
-7.39866e-10
-7.51751e-10
-1.5331e-09
-1.96885e-12
-5.95133e-13
-3.59424e-13
-3.78782e-13
-3.91167e-13
-3.73778e-13
-3.3666e-13
-2.9455e-13
-2.58691e-13
-2.25475e-13
-2.01657e-13
-1.84091e-13
-1.70693e-13
-1.6177e-13
-1.58917e-13
-1.5892e-13
-1.61781e-13
-1.70716e-13
-1.84136e-13
-2.0174e-13
-2.25619e-13
-2.58934e-13
-2.94945e-13
-3.37276e-13
-3.74663e-13
-3.92273e-13
-3.79914e-13
-3.60313e-13
-5.95538e-13
-1.96481e-12
-5.19955e-14
-4.90261e-14
-5.20048e-14
-4.43658e-14
-3.93733e-14
-3.85473e-14
-3.89003e-14
-3.91701e-14
-3.82099e-14
-4.20229e-14
-4.14783e-14
-4.14478e-14
-4.27929e-14
-4.44314e-14
-4.40421e-14
-4.40436e-14
-4.44363e-14
-4.28012e-14
-4.14602e-14
-4.14966e-14
-4.20488e-14
-3.82423e-14
-3.92138e-14
-3.89562e-14
-3.86154e-14
-3.94526e-14
-4.44573e-14
-5.20889e-14
-4.90273e-14
-5.18497e-14
-4.40863e-14
-4.20679e-14
-3.41424e-14
-3.1583e-14
-2.99706e-14
-2.95568e-14
-2.89432e-14
-2.82303e-14
-2.79843e-14
-2.79842e-14
-2.74375e-14
-2.67682e-14
-2.71376e-14
-2.71847e-14
-2.73163e-14
-2.73174e-14
-2.71884e-14
-2.71438e-14
-2.6777e-14
-2.74498e-14
-2.80007e-14
-2.80053e-14
-2.82569e-14
-2.89767e-14
-2.95972e-14
-3.00152e-14
-3.16288e-14
-3.41719e-14
-4.20519e-14
-4.39708e-14
-3.07787e-14
-2.57483e-14
-2.13076e-14
-2.09309e-14
-2.04856e-14
-2.05883e-14
-2.03273e-14
-2.00028e-14
-2.01736e-14
-2.02554e-14
-2.00059e-14
-1.9607e-14
-2.00338e-14
-2.01686e-14
-2.0306e-14
-2.03068e-14
-2.01711e-14
-2.00378e-14
-1.96125e-14
-2.00134e-14
-2.02652e-14
-2.01858e-14
-2.00178e-14
-2.03458e-14
-2.06103e-14
-2.05092e-14
-2.09555e-14
-2.13268e-14
-2.57354e-14
-3.06873e-14
-1.94988e-14
-1.56017e-14
-1.38658e-14
-1.40405e-14
-1.39209e-14
-1.41526e-14
-1.40749e-14
-1.39419e-14
-1.4144e-14
-1.42617e-14
-1.41177e-14
-1.38518e-14
-1.416e-14
-1.42747e-14
-1.43705e-14
-1.43708e-14
-1.4276e-14
-1.41621e-14
-1.38548e-14
-1.41219e-14
-1.42673e-14
-1.41512e-14
-1.3951e-14
-1.40865e-14
-1.41665e-14
-1.39354e-14
-1.40552e-14
-1.3875e-14
-1.55926e-14
-1.94429e-14
-1.04196e-14
-9.18232e-15
-8.68883e-15
-8.90491e-15
-8.86417e-15
-9.04825e-15
-9.01446e-15
-8.94655e-15
-9.07378e-15
-9.15225e-15
-9.054e-15
-8.8773e-15
-9.04695e-15
-9.12068e-15
-9.17111e-15
-9.17134e-15
-9.12142e-15
-9.04816e-15
-8.87903e-15
-9.05647e-15
-9.15563e-15
-9.07822e-15
-8.95225e-15
-9.02183e-15
-9.05736e-15
-8.87395e-15
-8.9155e-15
-8.69625e-15
-9.18066e-15
-1.03928e-14
-5.33298e-15
-5.04623e-15
-4.91808e-15
-5.04495e-15
-5.0083e-15
-5.10673e-15
-5.08073e-15
-5.0445e-15
-5.10654e-15
-5.14984e-15
-5.09183e-15
-4.9909e-15
-5.0667e-15
-5.10851e-15
-5.12978e-15
-5.12988e-15
-5.10885e-15
-5.06726e-15
-4.99171e-15
-5.09302e-15
-5.15152e-15
-5.10882e-15
-5.0475e-15
-5.08469e-15
-5.11171e-15
-5.01352e-15
-5.05067e-15
-4.9218e-15
-5.0442e-15
-5.31922e-15
-2.53487e-15
-2.58697e-15
-2.54963e-15
-2.60976e-15
-2.57903e-15
-2.62151e-15
-2.5998e-15
-2.57835e-15
-2.60049e-15
-2.61916e-15
-2.58641e-15
-2.53299e-15
-2.55934e-15
-2.57972e-15
-2.5863e-15
-2.58634e-15
-2.57987e-15
-2.55958e-15
-2.53335e-15
-2.58696e-15
-2.61997e-15
-2.60163e-15
-2.57989e-15
-2.60186e-15
-2.62413e-15
-2.58173e-15
-2.61282e-15
-2.55164e-15
-2.58591e-15
-2.52844e-15
-1.11413e-15
-1.21207e-15
-1.20129e-15
-1.22644e-15
-1.20592e-15
-1.22093e-15
-1.20589e-15
-1.19377e-15
-1.19862e-15
-1.20512e-15
-1.18832e-15
-1.16255e-15
-1.16895e-15
-1.17773e-15
-1.17882e-15
-1.17883e-15
-1.17778e-15
-1.16904e-15
-1.1627e-15
-1.18856e-15
-1.20549e-15
-1.19914e-15
-1.19449e-15
-1.20687e-15
-1.22219e-15
-1.20719e-15
-1.22792e-15
-1.20224e-15
-1.2115e-15
-1.11115e-15
-4.50683e-16
-5.18562e-16
-5.16703e-16
-5.26578e-16
-5.15378e-16
-5.19623e-16
-5.1101e-16
-5.04863e-16
-5.04473e-16
-5.06216e-16
-4.98397e-16
-4.86983e-16
-4.87399e-16
-4.90764e-16
-4.90481e-16
-4.90486e-16
-4.90783e-16
-4.87432e-16
-4.8704e-16
-4.98491e-16
-5.06365e-16
-5.04693e-16
-5.05174e-16
-5.11438e-16
-5.20178e-16
-5.15916e-16
-5.27233e-16
-5.17122e-16
-5.18313e-16
-4.49464e-16
-1.67783e-16
-2.03288e-16
-2.03893e-16
-2.07682e-16
-2.02525e-16
-2.03427e-16
-1.9925e-16
-1.96492e-16
-1.95409e-16
-1.95697e-16
-1.92394e-16
-1.87731e-16
-1.87114e-16
-1.8827e-16
-1.87915e-16
-1.87916e-16
-1.88276e-16
-1.87124e-16
-1.8775e-16
-1.92428e-16
-1.95753e-16
-1.95494e-16
-1.96615e-16
-1.99421e-16
-2.03651e-16
-2.02735e-16
-2.07948e-16
-2.04058e-16
-2.03174e-16
-1.6729e-16
-5.75722e-17
-7.33392e-17
-7.41487e-17
-7.5597e-17
-7.35447e-17
-7.36516e-17
-7.18953e-17
-7.07991e-17
-7.01008e-17
-7.00755e-17
-6.88055e-17
-6.70422e-17
-6.65899e-17
-6.69471e-17
-6.67497e-17
-6.67499e-17
-6.69485e-17
-6.65927e-17
-6.70482e-17
-6.88168e-17
-7.00951e-17
-7.01312e-17
-7.08441e-17
-7.19587e-17
-7.37355e-17
-7.36211e-17
-7.56969e-17
-7.42121e-17
-7.32933e-17
-5.7396e-17
-1.82852e-17
-2.44521e-17
-2.49566e-17
-2.54969e-17
-2.47793e-17
-2.47637e-17
-2.41116e-17
-2.37227e-17
-2.33987e-17
-2.33529e-17
-2.29067e-17
-2.22879e-17
-2.20774e-17
-2.21761e-17
-2.20931e-17
-2.20932e-17
-2.21763e-17
-2.2078e-17
-2.22896e-17
-2.29102e-17
-2.33592e-17
-2.34089e-17
-2.3738e-17
-2.41335e-17
-2.47931e-17
-2.48052e-17
-2.55325e-17
-2.49782e-17
-2.44341e-17
-1.8223e-17
-5.38887e-18
-7.56112e-18
-7.79954e-18
-7.99306e-18
-7.76994e-18
-7.7559e-18
-7.53898e-18
-7.41484e-18
-7.29006e-18
-7.26606e-18
-7.12221e-18
-6.92023e-18
-6.84144e-18
-6.86552e-18
-6.83626e-18
-6.83625e-18
-6.86554e-18
-6.84155e-18
-6.92065e-18
-7.12319e-18
-7.26796e-18
-7.29323e-18
-7.41976e-18
-7.54609e-18
-7.76557e-18
-7.77829e-18
-8.00506e-18
-7.8067e-18
-7.55516e-18
-5.37014e-18
-1.47912e-18
-2.17493e-18
-2.26917e-18
-2.3345e-18
-2.27219e-18
-2.2673e-18
-2.20197e-18
-2.16607e-18
-2.12404e-18
-2.11473e-18
-2.07199e-18
-2.01056e-18
-1.9852e-18
-1.99019e-18
-1.98116e-18
-1.98115e-18
-1.99018e-18
-1.9852e-18
-2.01064e-18
-2.07224e-18
-2.11527e-18
-2.12497e-18
-2.16755e-18
-2.20415e-18
-2.27028e-18
-2.2748e-18
-2.33824e-18
-2.27138e-18
-2.17299e-18
-1.47343e-18
-3.78394e-19
-5.82808e-19
-6.15445e-19
-6.36001e-19
-6.20401e-19
-6.19244e-19
-6.01329e-19
-5.91868e-19
-5.79178e-19
-5.76116e-19
-5.64368e-19
-5.46939e-19
-5.39704e-19
-5.40497e-19
-5.38012e-19
-5.38006e-19
-5.40486e-19
-5.39695e-19
-5.46952e-19
-5.64427e-19
-5.76257e-19
-5.79435e-19
-5.9229e-19
-6.01957e-19
-6.20134e-19
-6.21167e-19
-6.37124e-19
-6.16125e-19
-5.82245e-19
-3.76856e-19
-9.03353e-20
-1.45549e-19
-1.55644e-19
-1.61636e-19
-1.58145e-19
-1.57991e-19
-1.53492e-19
-1.51218e-19
-1.47735e-19
-1.4684e-19
-1.43846e-19
-1.39232e-19
-1.37375e-19
-1.37426e-19
-1.36811e-19
-1.36808e-19
-1.37422e-19
-1.37369e-19
-1.39232e-19
-1.43858e-19
-1.46875e-19
-1.47802e-19
-1.51332e-19
-1.53667e-19
-1.58238e-19
-1.58362e-19
-1.61956e-19
-1.55836e-19
-1.45386e-19
-8.99171e-20
-2.00639e-20
-3.38021e-20
-3.66307e-20
-3.82535e-20
-3.75706e-20
-3.75885e-20
-3.65562e-20
-3.60589e-20
-3.5184e-20
-3.4947e-20
-3.42388e-20
-3.31003e-20
-3.26678e-20
-3.2643e-20
-3.25052e-20
-3.25045e-20
-3.26413e-20
-3.26657e-20
-3.30993e-20
-3.42409e-20
-3.49548e-20
-3.52006e-20
-3.60881e-20
-3.66021e-20
-3.7654e-20
-3.76305e-20
-3.83413e-20
-3.6685e-20
-3.37606e-20
-1.99647e-20
-4.12907e-21
-7.26477e-21
-7.98565e-21
-8.39309e-21
-8.28293e-21
-8.30464e-21
-8.09008e-21
-7.99222e-21
-7.79133e-21
-7.73406e-21
-7.57899e-21
-7.31804e-21
-7.22639e-21
-7.21226e-21
-7.18442e-21
-7.18422e-21
-7.21171e-21
-7.22566e-21
-7.31753e-21
-7.5792e-21
-7.73572e-21
-7.79521e-21
-7.99943e-21
-8.10152e-21
-8.3213e-21
-8.29892e-21
-8.41589e-21
-7.99971e-21
-7.25405e-21
-4.10514e-21
-7.77721e-22
-1.42839e-21
-1.59573e-21
-1.69103e-21
-1.67961e-21
-1.68952e-21
-1.65008e-21
-1.63339e-21
-1.59158e-21
-1.57907e-21
-1.54785e-21
-1.4927e-21
-1.47504e-21
-1.47021e-21
-1.46507e-21
-1.46501e-21
-1.47004e-21
-1.47481e-21
-1.49252e-21
-1.54783e-21
-1.57939e-21
-1.59244e-21
-1.63508e-21
-1.65281e-21
-1.69359e-21
-1.68374e-21
-1.69675e-21
-1.59936e-21
-1.42586e-21
-7.72427e-22
-1.31077e-22
-2.50998e-22
-2.86084e-22
-3.0678e-22
-3.07615e-22
-3.11128e-22
-3.05125e-22
-3.02937e-22
-2.95238e-22
-2.92843e-22
-2.87173e-22
-2.76592e-22
-2.73525e-22
-2.72226e-22
-2.71342e-22
-2.71325e-22
-2.72179e-22
-2.73461e-22
-2.76534e-22
-2.8715e-22
-2.929e-22
-2.95422e-22
-3.03314e-22
-3.05756e-22
-3.12079e-22
-3.08644e-22
-3.08142e-22
-2.86942e-22
-2.50381e-22
-1.29886e-22
-1.86207e-23
-3.71518e-23
-4.36634e-23
-4.78512e-23
-4.88095e-23
-4.99046e-23
-4.93272e-23
-4.92327e-23
-4.80621e-23
-4.76945e-23
-4.68048e-23
-4.50254e-23
-4.45607e-23
-4.42786e-23
-4.41444e-23
-4.414e-23
-4.42666e-23
-4.4544e-23
-4.50094e-23
-4.67963e-23
-4.77035e-23
-4.81e-23
-4.93145e-23
-4.94671e-23
-5.01187e-23
-4.90577e-23
-4.81659e-23
-4.38678e-23
-3.70197e-23
-1.83829e-23
-1.81978e-24
-3.77055e-24
-4.78042e-24
-5.56157e-24
-5.93057e-24
-6.24399e-24
-6.29671e-24
-6.36674e-24
-6.25514e-24
-6.22569e-24
-6.12075e-24
-5.88237e-24
-5.82551e-24
-5.77806e-24
-5.76224e-24
-5.76119e-24
-5.77517e-24
-5.82143e-24
-5.87833e-24
-6.11822e-24
-6.22692e-24
-6.26267e-24
-6.38389e-24
-6.32673e-24
-6.29046e-24
-5.9882e-24
-5.63087e-24
-4.8252e-24
-3.74147e-24
-1.77299e-24
5.24124e-26
1.22266e-25
1.65232e-26
-1.17197e-25
-2.27572e-25
-3.11852e-25
-3.62395e-25
-3.97253e-25
-4.07987e-25
-4.15449e-25
-4.12794e-25
-3.97174e-25
-3.93085e-25
-3.88289e-25
-3.86926e-25
-3.8668e-25
-3.87613e-25
-3.92145e-25
-3.96222e-25
-4.12145e-25
-4.15581e-25
-4.09454e-25
-4.00761e-25
-3.68638e-25
-3.21621e-25
-2.40545e-25
-1.32046e-25
6.74106e-27
1.28398e-25
6.14913e-26
9.17987e-26
2.1067e-25
2.14672e-25
1.94306e-25
1.65425e-25
1.43939e-25
1.25247e-25
1.1378e-25
1.03833e-25
9.88789e-26
9.53198e-26
9.08957e-26
9.04459e-26
8.99319e-26
9.00923e-26
9.01457e-26
9.00778e-26
9.06487e-26
9.11039e-26
9.54692e-26
9.88697e-26
1.03552e-25
1.13076e-25
1.23981e-25
1.41944e-25
1.62603e-25
1.91248e-25
2.12676e-25
2.1196e-25
9.35e-26
3.27666e-26
7.78604e-26
8.43164e-26
8.16649e-26
7.47281e-26
6.95064e-26
6.40953e-26
6.09115e-26
5.72744e-26
5.54885e-26
5.3951e-26
5.14805e-26
5.11988e-26
5.07163e-26
5.07615e-26
5.07717e-26
5.07451e-26
5.12399e-26
5.15232e-26
5.39822e-26
5.54884e-26
5.72204e-26
6.07731e-26
6.38446e-26
6.91096e-26
7.41317e-26
8.10456e-26
8.38954e-26
7.80892e-26
3.30647e-26
8.81385e-27
2.17021e-26
2.41222e-26
2.38866e-26
2.23325e-26
2.11216e-26
1.97456e-26
1.89482e-26
1.79068e-26
1.73856e-26
1.69267e-26
1.61326e-26
1.60518e-26
1.58695e-26
1.58838e-26
1.58857e-26
1.58749e-26
1.60597e-26
1.61408e-26
1.69328e-26
1.73856e-26
1.78964e-26
1.89215e-26
1.9697e-26
2.10447e-26
2.22105e-26
2.37652e-26
2.40379e-26
2.17387e-26
8.86128e-27
2.04441e-27
5.24803e-27
5.94224e-27
5.95082e-27
5.62239e-27
5.35423e-27
5.03396e-27
4.84884e-27
4.58727e-27
4.45282e-27
4.33628e-27
4.12681e-27
4.10848e-27
4.05505e-27
4.05964e-27
4.05999e-27
4.05606e-27
4.10993e-27
4.12832e-27
4.33736e-27
4.45276e-27
4.58523e-27
4.84376e-27
5.02475e-27
5.33969e-27
5.59824e-27
5.92755e-27
5.92539e-27
5.25376e-27
2.05207e-27
4.32422e-28
1.15703e-27
1.3301e-27
1.34182e-27
1.27598e-27
1.21915e-27
1.14947e-27
1.10902e-27
1.04888e-27
1.01711e-27
9.90304e-28
9.41008e-28
9.37372e-28
9.23772e-28
9.25142e-28
9.25204e-28
9.23951e-28
9.37626e-28
9.41269e-28
9.90484e-28
1.01708e-27
1.04849e-27
1.10807e-27
1.14777e-27
1.21648e-27
1.27136e-27
1.33752e-27
1.32694e-27
1.1579e-27
4.33484e-28
8.54716e-29
2.38029e-28
2.77273e-28
2.81143e-28
2.68532e-28
2.56995e-28
2.42673e-28
2.34294e-28
2.21394e-28
2.14395e-28
2.08669e-28
1.97972e-28
1.9732e-28
1.9418e-28
1.94547e-28
1.94557e-28
1.94211e-28
1.97363e-28
1.98016e-28
2.08697e-28
2.14385e-28
2.21319e-28
2.34121e-28
2.42369e-28
2.56516e-28
2.67678e-28
2.80369e-28
2.76685e-28
2.38143e-28
8.56166e-29
1.59757e-29
4.63039e-29
5.45733e-29
5.55523e-29
5.32362e-29
5.09862e-29
4.81833e-29
4.65266e-29
4.39124e-29
4.24591e-29
4.13057e-29
3.91274e-29
3.90197e-29
3.83468e-29
3.84355e-29
3.84372e-29
3.83517e-29
3.90266e-29
3.91342e-29
4.13096e-29
4.24563e-29
4.38986e-29
4.64958e-29
4.81302e-29
5.09033e-29
5.30838e-29
5.54181e-29
5.447e-29
4.63183e-29
1.59922e-29
2.84107e-30
8.58103e-30
1.0228e-29
1.04443e-29
1.00348e-29
9.61249e-30
9.08733e-30
8.77338e-30
8.26922e-30
7.98255e-30
7.76162e-30
7.34104e-30
7.32456e-30
7.18891e-30
7.20866e-30
7.20892e-30
7.18967e-30
7.32562e-30
7.34204e-30
7.76211e-30
7.98191e-30
8.26672e-30
8.76805e-30
9.07833e-30
9.59856e-30
1.00086e-29
1.04217e-29
1.02103e-29
8.58296e-30
2.84297e-30
4.84226e-31
1.52299e-30
1.83497e-30
1.87895e-30
1.80914e-30
1.73274e-30
1.63824e-30
1.5811e-30
1.48813e-30
1.43419e-30
1.39373e-30
1.31625e-30
1.31393e-30
1.28799e-30
1.29209e-30
1.29212e-30
1.28809e-30
1.31408e-30
1.31639e-30
1.39378e-30
1.43405e-30
1.48769e-30
1.58019e-30
1.63676e-30
1.73048e-30
1.80479e-30
1.87531e-30
1.8321e-30
1.52315e-30
4.84285e-31
7.97315e-32
2.59826e-31
3.16053e-31
3.24455e-31
3.13088e-31
2.99859e-31
2.83556e-31
2.73592e-31
2.57163e-31
2.47455e-31
2.40352e-31
2.2667e-31
2.26375e-31
2.21645e-31
2.22444e-31
2.22447e-31
2.21652e-31
2.26392e-31
2.26686e-31
2.40353e-31
2.47424e-31
2.5708e-31
2.73428e-31
2.83305e-31
2.9948e-31
3.12364e-31
3.23859e-31
3.15558e-31
2.59876e-31
7.97151e-32
1.23765e-32
4.26837e-32
5.26755e-32
5.42727e-32
5.24727e-32
5.02312e-32
4.74875e-32
4.57849e-32
4.29666e-32
4.12725e-32
4.00611e-32
3.7725e-32
3.76897e-32
3.686e-32
3.70106e-32
3.70114e-32
3.68626e-32
3.76926e-32
3.77269e-32
4.00601e-32
4.12665e-32
4.29528e-32
4.576e-32
4.74474e-32
5.01742e-32
5.23588e-32
5.41759e-32
5.25932e-32
4.26647e-32
1.23783e-32
1.93761e-33
6.8111e-33
8.43044e-33
8.68417e-33
8.40252e-33
8.03847e-33
7.59867e-33
7.32344e-33
6.86425e-33
6.58443e-33
6.38863e-33
6.00884e-33
6.00613e-33
5.86802e-33
5.89488e-33
5.89505e-33
5.86851e-33
6.00668e-33
6.00927e-33
6.38872e-33
6.58385e-33
6.86267e-33
7.32048e-33
7.59388e-33
8.03189e-33
8.38819e-33
8.67395e-33
8.42416e-33
6.81763e-33
1.9391e-33
2.85817e-34
1.06096e-33
1.32993e-33
1.37329e-33
1.33021e-33
1.27141e-33
1.20105e-33
1.15646e-33
1.08213e-33
1.03618e-33
1.00462e-33
9.43541e-34
9.43339e-34
9.20632e-34
9.25209e-34
9.25223e-34
9.20672e-34
9.43378e-34
9.43554e-34
1.00457e-33
1.03602e-33
1.08181e-33
1.15591e-33
1.20023e-33
1.27029e-33
1.3279e-33
1.37147e-33
1.32835e-33
1.06083e-33
2.85465e-34
4.10947e-35
1.5853e-34
2.00968e-34
2.0825e-34
2.02192e-34
1.9327e-34
1.82583e-34
1.75733e-34
1.64238e-34
1.57042e-34
1.52182e-34
1.42757e-34
1.42773e-34
1.39201e-34
1.39954e-34
1.39955e-34
1.39203e-34
1.42773e-34
1.42752e-34
1.52165e-34
1.57005e-34
1.64175e-34
1.75633e-34
1.8244e-34
1.9308e-34
2.01834e-34
2.07969e-34
2.00733e-34
1.58537e-34
4.10769e-35
5.75624e-36
2.31151e-35
2.95897e-35
3.07391e-35
2.98973e-35
2.85675e-35
2.69836e-35
2.59576e-35
2.42293e-35
2.31351e-35
2.24074e-35
2.0995e-35
2.10031e-35
2.04588e-35
2.05786e-35
2.05786e-35
2.04588e-35
2.10027e-35
2.09935e-35
2.2404e-35
2.31287e-35
2.4219e-35
2.59418e-35
2.69617e-35
2.85388e-35
2.98435e-35
3.06984e-35
2.95566e-35
2.31153e-35
5.752e-36
7.84454e-37
3.28131e-36
4.24163e-36
4.41681e-36
4.30216e-36
4.10923e-36
3.88069e-36
3.73112e-36
3.47847e-36
3.31683e-36
3.21086e-36
3.00509e-36
3.007e-36
2.92652e-36
2.94494e-36
2.94493e-36
2.92649e-36
3.00689e-36
3.00482e-36
3.2103e-36
3.31586e-36
3.47693e-36
3.72883e-36
3.8776e-36
4.10521e-36
4.29447e-36
4.41115e-36
4.23712e-36
3.28144e-36
7.83877e-37
1.04264e-37
4.54101e-37
5.92646e-37
6.1858e-37
6.03356e-37
5.7611e-37
5.43965e-37
5.22715e-37
4.86746e-37
4.63514e-37
4.48475e-37
4.19283e-37
4.19638e-37
4.0807e-37
4.10815e-37
4.10813e-37
4.08063e-37
4.19618e-37
4.1924e-37
4.48391e-37
4.63372e-37
4.86528e-37
5.22398e-37
5.43546e-37
5.75578e-37
6.02338e-37
6.17834e-37
5.92033e-37
4.54085e-37
1.04159e-37
1.35101e-38
6.13068e-38
8.07904e-38
8.45304e-38
8.25669e-38
7.88127e-38
7.44001e-38
7.14542e-38
6.64616e-38
6.32084e-38
6.11265e-38
5.70888e-38
5.71471e-38
5.55281e-38
5.59256e-38
5.59252e-38
5.55269e-38
5.71438e-38
5.70823e-38
6.11142e-38
6.31884e-38
6.64316e-38
7.14114e-38
7.43449e-38
7.87451e-38
8.24385e-38
8.44372e-38
8.07123e-38
6.13048e-38
1.34978e-38
1.71056e-39
8.08354e-39
1.0755e-38
1.12811e-38
1.10349e-38
1.05302e-38
9.93856e-39
9.53978e-39
8.86349e-39
8.41921e-39
8.1378e-39
7.5928e-39
7.60161e-39
7.38076e-39
7.43674e-39
7.43667e-39
7.38055e-39
7.6011e-39
7.59185e-39
8.13607e-39
8.41648e-39
8.85947e-39
9.53414e-39
9.93146e-39
1.05217e-38
1.1019e-38
1.12698e-38
1.07452e-38
8.08309e-39
1.70852e-39
2.11498e-40
1.04154e-39
1.39926e-39
1.47151e-39
1.4415e-39
1.37525e-39
1.29773e-39
1.24497e-39
1.15549e-39
1.09627e-39
1.0591e-39
9.8724e-40
9.88489e-40
9.59098e-40
9.66775e-40
9.66765e-40
9.59065e-40
9.88415e-40
9.87107e-40
1.05886e-39
1.0959e-39
1.15496e-39
1.24424e-39
1.29682e-39
1.37421e-39
1.43957e-39
1.47017e-39
1.39808e-39
1.04152e-39
2.11281e-40
2.55911e-41
1.31274e-40
1.78057e-40
1.87749e-40
1.8419e-40
1.75695e-40
1.65758e-40
1.58934e-40
1.47361e-40
1.39647e-40
1.34846e-40
1.25585e-40
1.25753e-40
1.21933e-40
1.2296e-40
1.22958e-40
1.21928e-40
1.25743e-40
1.25567e-40
1.34814e-40
1.39599e-40
1.47292e-40
1.58839e-40
1.65644e-40
1.75565e-40
1.83958e-40
1.87591e-40
1.7791e-40
1.31263e-40
2.55616e-41
3.02846e-42
1.6191e-41
2.21754e-41
2.34471e-41
2.30369e-41
2.19715e-41
2.07251e-41
1.98611e-41
1.83971e-41
1.74148e-41
1.68078e-41
1.56402e-41
1.56618e-41
1.51765e-41
1.53105e-41
1.53103e-41
1.51759e-41
1.56603e-41
1.56378e-41
1.68036e-41
1.74085e-41
1.83882e-41
1.98491e-41
2.07106e-41
2.19554e-41
2.30091e-41
2.34284e-41
2.21577e-41
1.61895e-41
3.02503e-42
3.51185e-43
1.95609e-42
2.70489e-42
2.86801e-42
2.82203e-42
2.69131e-42
2.53817e-42
2.43106e-42
2.24975e-42
2.12736e-42
2.05222e-42
1.90812e-42
1.91078e-42
1.85048e-42
1.86757e-42
1.86754e-42
1.85039e-42
1.91059e-42
1.9078e-42
2.05168e-42
2.12656e-42
2.24863e-42
2.42954e-42
2.53635e-42
2.68928e-42
2.81871e-42
2.86574e-42
2.70258e-42
1.95568e-42
3.50725e-43
3.98815e-44
2.31552e-43
3.23306e-43
3.43795e-43
3.38793e-43
3.23088e-43
3.04649e-43
2.91639e-43
2.69647e-43
2.54715e-43
2.45601e-43
2.28181e-43
2.28495e-43
2.21162e-43
2.23292e-43
2.23289e-43
2.2115e-43
2.28471e-43
2.2814e-43
2.45533e-43
2.54615e-43
2.69506e-43
2.9145e-43
3.04423e-43
3.22836e-43
3.38401e-43
3.43521e-43
3.23014e-43
2.31483e-43
3.98345e-44
4.44296e-45
2.68779e-44
3.78904e-44
4.04098e-44
3.98819e-44
3.80334e-44
3.58565e-44
3.43072e-44
3.16928e-44
2.99082e-44
2.88244e-44
2.67604e-44
2.67962e-44
2.59226e-44
2.61826e-44
2.61822e-44
2.59212e-44
2.67932e-44
2.67555e-44
2.88161e-44
2.9896e-44
3.16758e-44
3.42842e-44
3.5829e-44
3.80028e-44
3.98366e-44
4.03777e-44
3.78543e-44
2.6867e-44
4.43642e-45
4.85164e-46
3.06004e-45
4.3559e-45
4.6596e-45
4.60576e-45
4.39251e-45
4.1404e-45
3.95943e-45
3.65469e-45
3.44561e-45
3.31919e-45
3.07939e-45
3.08331e-45
2.98132e-45
3.01239e-45
3.01234e-45
2.98116e-45
3.08296e-45
3.07881e-45
3.31822e-45
3.44417e-45
3.65268e-45
3.95672e-45
4.13715e-45
4.38893e-45
4.60071e-45
4.65607e-45
4.35182e-45
3.05895e-45
4.84602e-46
5.20309e-47
3.41984e-46
4.91488e-46
5.27359e-46
5.22059e-46
4.9793e-46
4.69272e-46
4.48532e-46
4.13682e-46
3.89657e-46
3.75186e-46
3.47854e-46
3.48265e-46
3.3659e-46
3.40228e-46
3.40222e-46
3.36572e-46
3.48226e-46
3.47789e-46
3.75077e-46
3.89494e-46
4.13452e-46
4.48221e-46
4.689e-46
4.97522e-46
5.21509e-46
5.26976e-46
4.91021e-46
3.41834e-46
5.19641e-47
5.47535e-48
3.75194e-47
5.44468e-47
5.86052e-47
5.81059e-47
5.5427e-47
5.22286e-47
4.98948e-47
4.59833e-47
4.32745e-47
4.16483e-47
3.85904e-47
3.86317e-47
3.73205e-47
3.77381e-47
3.77376e-47
3.73186e-47
3.86276e-47
3.85835e-47
4.16364e-47
4.32566e-47
4.59578e-47
4.98602e-47
5.21872e-47
5.5382e-47
5.80478e-47
5.85659e-47
5.4397e-47
3.75029e-47
5.46826e-48
5.66159e-49
4.04398e-48
5.92521e-48
6.39795e-48
6.35315e-48
6.06112e-48
5.71045e-48
5.45255e-48
5.02144e-48
4.72162e-48
4.54214e-48
4.20621e-48
4.21017e-48
4.06562e-48
4.11267e-48
4.11262e-48
4.06545e-48
4.20977e-48
4.2055e-48
4.54091e-48
4.71973e-48
5.01871e-48
5.44881e-48
5.70596e-48
6.05624e-48
6.34709e-48
6.39391e-48
5.91985e-48
4.04223e-48
5.65443e-49
5.75057e-50
4.28286e-49
6.33612e-49
6.8639e-49
6.8264e-49
6.51374e-49
6.13595e-49
5.85592e-49
5.3892e-49
5.0633e-49
4.8687e-49
4.50616e-49
4.50977e-49
4.3533e-49
4.40531e-49
4.40528e-49
4.35314e-49
4.50939e-49
4.50548e-49
4.86746e-49
5.06137e-49
5.38635e-49
5.85197e-49
6.13115e-49
6.50851e-49
6.82007e-49
6.8597e-49
6.33037e-49
4.28095e-49
5.74408e-50
5.74444e-51
4.45953e-50
6.66102e-50
7.23935e-50
7.21086e-50
6.88195e-50
6.48187e-50
6.18309e-50
5.6866e-50
5.33861e-50
5.13128e-50
4.74682e-50
4.74992e-50
4.58353e-50
4.64004e-50
4.64002e-50
4.58341e-50
4.74958e-50
4.74618e-50
5.13008e-50
5.33669e-50
5.68371e-50
6.17901e-50
6.47683e-50
6.87637e-50
7.20417e-50
7.23462e-50
6.65423e-50
4.45667e-50
5.73718e-51
5.63836e-52
4.56514e-51
6.88525e-51
7.50833e-51
7.49057e-51
7.15063e-51
6.73416e-51
6.42088e-51
5.90181e-51
5.53675e-51
5.3197e-51
4.91898e-51
4.9215e-51
4.74767e-51
4.80803e-51
4.80802e-51
4.74758e-51
4.92121e-51
4.91839e-51
5.31856e-51
5.53488e-51
5.89894e-51
6.41675e-51
6.72895e-51
7.14473e-51
7.48348e-51
7.50295e-51
6.87744e-51
4.56148e-51
5.63246e-52
5.44649e-53
4.5973e-52
7.00087e-52
7.66043e-52
7.65455e-52
7.30936e-52
6.88324e-52
6.56055e-52
6.02722e-52
5.651e-52
5.42784e-52
5.01725e-52
5.01935e-52
4.8409e-52
4.9044e-52
4.9044e-52
4.84084e-52
5.01911e-52
5.01674e-52
5.42679e-52
5.64921e-52
6.02444e-52
6.55645e-52
6.87798e-52
7.30326e-52
7.64714e-52
7.6544e-52
6.99207e-52
4.59279e-52
5.43988e-53
5.17399e-54
4.55404e-53
7.00301e-53
7.69015e-53
7.69734e-53
7.35328e-53
6.92502e-53
6.59881e-53
6.06045e-53
5.67978e-53
5.45472e-53
5.04125e-53
5.0434e-53
4.86342e-53
4.92939e-53
4.92941e-53
4.8634e-53
5.04322e-53
5.04081e-53
5.45378e-53
5.67813e-53
6.05782e-53
6.59486e-53
6.91988e-53
7.34722e-53
7.68994e-53
7.68391e-53
6.99386e-53
4.54927e-53
5.16819e-54
4.83782e-55
4.44008e-54
6.89495e-54
7.59916e-54
7.6201e-54
7.2839e-54
6.86171e-54
6.53875e-54
6.0054e-54
5.62778e-54
5.40577e-54
4.99671e-54
5.00001e-54
4.82183e-54
4.88979e-54
4.88982e-54
4.82184e-54
4.9999e-54
4.99637e-54
5.40497e-54
5.6263e-54
6.00297e-54
6.53507e-54
6.85685e-54
7.27812e-54
7.61302e-54
7.593e-54
6.88566e-54
4.43488e-54
4.83223e-55
4.4507e-56
4.26095e-55
6.68287e-55
7.39437e-55
7.43038e-55
7.1096e-55
6.70265e-55
6.39103e-55
5.87355e-55
5.50747e-55
5.29449e-55
4.89739e-55
4.90394e-55
4.73104e-55
4.80103e-55
4.80107e-55
4.7311e-55
4.90391e-55
4.89716e-55
5.29385e-55
5.50621e-55
5.87142e-55
6.3877e-55
6.69821e-55
7.1043e-55
7.42393e-55
7.38874e-55
6.67426e-55
4.25605e-55
4.44636e-56
4.03378e-57
4.0272e-56
6.38024e-56
7.08956e-56
7.14282e-56
6.84637e-56
6.4655e-56
6.1754e-56
5.68598e-56
5.34134e-56
5.14494e-56
4.76757e-56
4.78116e-56
4.61721e-56
4.69016e-56
4.69022e-56
4.61731e-56
4.78122e-56
4.76747e-56
5.1445e-56
5.34033e-56
5.68416e-56
6.1725e-56
6.46158e-56
6.84169e-56
7.13708e-56
7.08443e-56
6.372e-56
4.02213e-56
4.02883e-57
3.59766e-58
3.74841e-57
6.00209e-57
6.70343e-57
6.77929e-57
6.5191e-57
6.17826e-57
5.9234e-57
5.47632e-57
5.16531e-57
4.99567e-57
4.64609e-57
4.67315e-57
4.52208e-57
4.60046e-57
4.60055e-57
4.52224e-57
4.67331e-57
4.64614e-57
4.99544e-57
5.16458e-57
5.47486e-57
5.92095e-57
6.17489e-57
6.51507e-57
6.77434e-57
6.6989e-57
5.99446e-57
3.74352e-57
3.59418e-58
3.16057e-59
3.43828e-58
5.56953e-58
6.2618e-58
6.37072e-58
6.16393e-58
5.8824e-58
5.68243e-58
5.29557e-58
5.03397e-58
4.90532e-58
4.59217e-58
4.64313e-58
4.50924e-58
4.59795e-58
4.59806e-58
4.50946e-58
4.64339e-58
4.59236e-58
4.9053e-58
5.03351e-58
5.29446e-58
5.68044e-58
5.87961e-58
6.1606e-58
6.36661e-58
6.25808e-58
5.56312e-58
3.43423e-58
3.15882e-59
2.73418e-60
3.10889e-59
5.10536e-59
5.79729e-59
5.95936e-59
5.83228e-59
5.63813e-59
5.52217e-59
5.21906e-59
5.02777e-59
4.96073e-59
4.69342e-59
4.78454e-59
4.67257e-59
4.7801e-59
4.78022e-59
4.67285e-59
4.78491e-59
4.69375e-59
4.96083e-59
5.02746e-59
5.21825e-59
5.5206e-59
5.63589e-59
5.82965e-59
5.9562e-59
5.79468e-59
5.1008e-59
3.10619e-59
2.73338e-60
2.33075e-61
2.7757e-60
4.64027e-60
5.35384e-60
5.60372e-60
5.59702e-60
5.53148e-60
5.5436e-60
5.35643e-60
5.26186e-60
5.26951e-60
5.04346e-60
5.18668e-60
5.09546e-60
5.23068e-60
5.23085e-60
5.09586e-60
5.1872e-60
5.04385e-60
5.26899e-60
5.26087e-60
5.35569e-60
5.54226e-60
5.52961e-60
5.59497e-60
5.60139e-60
5.35219e-60
4.63719e-60
2.77412e-60
2.33017e-61
1.95712e-62
2.45397e-61
4.20987e-61
4.98912e-61
5.3844e-61
5.56205e-61
5.6823e-61
5.85042e-61
5.78667e-61
5.80311e-61
5.91893e-61
5.75475e-61
5.98779e-61
5.9283e-61
6.11183e-61
6.11212e-61
5.92895e-61
5.9887e-61
5.75575e-61
5.91982e-61
5.80342e-61
5.78619e-61
5.84838e-61
5.67962e-61
5.56014e-61
5.38253e-61
4.98807e-61
4.20787e-61
2.45328e-61
1.9581e-62
1.62306e-63
2.16242e-62
3.86171e-62
4.7822e-62
5.41074e-62
5.81387e-62
6.15412e-62
6.56006e-62
6.69575e-62
6.89731e-62
7.2061e-62
7.13701e-62
7.52415e-62
7.51258e-62
7.7807e-62
7.78112e-62
7.5135e-62
7.52544e-62
7.13843e-62
7.20739e-62
6.89821e-62
6.69611e-62
6.55968e-62
6.15273e-62
5.81123e-62
5.4079e-62
4.78104e-62
3.85989e-62
2.16169e-62
1.62365e-63
1.33237e-64
1.9206e-63
3.65568e-63
4.81601e-63
5.73271e-63
6.48548e-63
7.19859e-63
8.01176e-63
8.47052e-63
8.96274e-63
9.53422e-63
9.56061e-63
1.01625e-62
1.01993e-62
1.05957e-62
1.05963e-62
1.02007e-62
1.01646e-62
9.56287e-63
9.53648e-63
8.96444e-63
8.47142e-63
8.01163e-63
7.19777e-63
6.4844e-63
5.73084e-63
4.81361e-63
3.65293e-63
1.91963e-63
1.332e-64
1.0907e-65
1.75419e-64
3.64085e-64
5.15103e-64
6.56961e-64
7.91545e-64
9.2381e-64
1.06293e-63
1.14864e-63
1.23232e-63
1.32244e-63
1.3336e-63
1.42233e-63
1.43022e-63
1.48695e-63
1.48704e-63
1.43044e-63
1.42264e-63
1.33396e-63
1.32281e-63
1.23261e-63
1.14883e-63
1.06298e-63
9.23756e-64
7.91444e-64
6.56821e-64
5.14951e-64
3.63771e-64
1.75281e-64
1.09058e-65
8.95898e-67
1.68436e-65
3.87223e-65
6.00288e-65
8.28822e-65
1.05009e-64
1.26199e-64
1.4755e-64
1.60844e-64
1.73198e-64
1.86254e-64
1.8802e-64
2.00573e-64
2.01698e-64
2.09819e-64
2.09833e-64
2.0173e-64
2.0062e-64
1.88075e-64
1.86312e-64
1.73246e-64
1.60876e-64
1.47562e-64
1.26196e-64
1.05001e-64
8.28683e-65
6.00153e-65
3.8698e-65
1.68295e-65
8.9588e-67
7.63402e-68
1.7268e-66
4.51535e-66
7.72048e-66
1.12218e-65
1.45661e-65
1.76848e-65
2.07585e-65
2.26476e-65
2.43799e-65
2.61865e-65
2.63993e-65
2.81216e-65
2.82519e-65
2.93862e-65
2.93882e-65
2.82567e-65
2.81287e-65
2.64076e-65
2.61953e-65
2.43873e-65
2.26528e-65
2.07609e-65
1.76849e-65
1.45654e-65
1.12203e-65
7.71893e-66
4.51313e-66
1.72559e-66
7.63387e-68
6.80868e-69
1.92952e-67
5.81278e-67
1.05475e-66
1.56657e-66
2.04672e-66
2.4865e-66
2.91223e-66
3.16624e-66
3.39455e-66
3.63193e-66
3.64956e-66
3.877e-66
3.88802e-66
4.04202e-66
4.04231e-66
3.88871e-66
3.87803e-66
3.65077e-66
3.63323e-66
3.39565e-66
3.16704e-66
2.91261e-66
2.48655e-66
2.04664e-66
1.56635e-66
1.05454e-66
5.8103e-67
1.92868e-67
6.80916e-69
6.55522e-70
2.41229e-68
7.93648e-68
1.47377e-67
2.19827e-67
2.86568e-67
3.46216e-67
4.02686e-67
4.34819e-67
4.63174e-67
4.92802e-67
4.92997e-67
5.21852e-67
5.22134e-67
5.42397e-67
5.42438e-67
5.2223e-67
5.21995e-67
4.93167e-67
4.92986e-67
4.63332e-67
4.34936e-67
4.02744e-67
3.46227e-67
2.86558e-67
2.198e-67
1.47347e-67
7.93324e-68
2.41133e-68
6.55475e-70
6.96706e-71
3.24102e-69
1.10583e-68
2.06176e-68
3.06001e-68
3.95309e-68
4.72807e-68
5.44473e-68
5.82667e-68
6.15731e-68
6.50743e-68
6.47601e-68
6.82674e-68
6.81243e-68
7.07012e-68
7.07067e-68
6.81371e-68
6.82867e-68
6.4783e-68
6.50994e-68
6.15948e-68
5.82829e-68
5.44555e-68
4.72823e-68
3.95296e-68
3.05965e-68
2.06135e-68
1.1054e-68
3.23978e-69
6.96594e-71
8.28995e-72
4.47186e-70
1.54034e-69
2.85251e-69
4.18265e-69
5.3317e-69
6.29505e-69
7.16307e-69
7.58608e-69
7.94436e-69
8.33333e-69
8.245e-69
8.65202e-69
8.60889e-69
8.92495e-69
8.92566e-69
8.61054e-69
8.65452e-69
8.24799e-69
8.33663e-69
7.94723e-69
7.58825e-69
7.16415e-69
6.29524e-69
5.3315e-69
4.18216e-69
2.85195e-69
1.53979e-69
4.47014e-70
8.28701e-72
1.06793e-72
6.17723e-71
2.11966e-70
3.86836e-70
5.57906e-70
6.99748e-70
8.13945e-70
9.13828e-70
9.56702e-70
9.92021e-70
1.03214e-69
1.01479e-69
1.05967e-69
1.05111e-69
1.08841e-69
1.0885e-69
1.05131e-69
1.05998e-69
1.01516e-69
1.03256e-69
9.92388e-70
9.56981e-70
9.13966e-70
8.13965e-70
6.99715e-70
5.57842e-70
3.8676e-70
2.11897e-70
6.17511e-71
1.06746e-72
1.42016e-73
8.45759e-72
2.85823e-71
5.11451e-71
7.23297e-71
8.90713e-71
1.01911e-70
1.12752e-70
1.16578e-70
1.19601e-70
1.23354e-70
1.20467e-70
1.25138e-70
1.23716e-70
1.27941e-70
1.27952e-70
1.2374e-70
1.25176e-70
1.20512e-70
1.23405e-70
1.19646e-70
1.16612e-70
1.12769e-70
1.01913e-70
8.90662e-71
7.23211e-71
5.11352e-71
2.85738e-71
8.45504e-72
1.41943e-73
1.89248e-74
1.13661e-72
3.75766e-72
6.56926e-72
9.08753e-72
1.09677e-71
1.23255e-71
1.34228e-71
1.36935e-71
1.38899e-71
1.41929e-71
1.37619e-71
1.42166e-71
1.40057e-71
1.4464e-71
1.44652e-71
1.40085e-71
1.42208e-71
1.37672e-71
1.41988e-71
1.38951e-71
1.36976e-71
1.34248e-71
1.23255e-71
1.09669e-71
9.08643e-72
6.56801e-72
3.75665e-72
1.13631e-72
1.89139e-74
2.49951e-75
1.4914e-73
4.80037e-73
8.17467e-73
1.1037e-72
1.30318e-72
1.43644e-72
1.53805e-72
1.54678e-72
1.55011e-72
1.56837e-72
1.50928e-72
1.55006e-72
1.52143e-72
1.56889e-72
1.56903e-72
1.52173e-72
1.55053e-72
1.50986e-72
1.56903e-72
1.55071e-72
1.54724e-72
1.53826e-72
1.43643e-72
1.30307e-72
1.10356e-72
8.17315e-73
4.79919e-73
1.49105e-73
2.49798e-75
3.24758e-76
1.90434e-74
5.94302e-74
9.83032e-74
1.2925e-73
1.4904e-73
1.60899e-73
1.6919e-73
1.6758e-73
1.65805e-73
1.66017e-73
1.58493e-73
1.61778e-73
1.58175e-73
1.62854e-73
1.62868e-73
1.58207e-73
1.61828e-73
1.58555e-73
1.66088e-73
1.65869e-73
1.6763e-73
1.69212e-73
1.60897e-73
1.49025e-73
1.29234e-73
9.82853e-74
5.9417e-74
1.90394e-74
3.24548e-76
4.13186e-77
2.35996e-75
7.1121e-75
1.13935e-74
1.45548e-74
1.63602e-74
1.72729e-74
1.78159e-74
1.73635e-74
1.69488e-74
1.6785e-74
1.58907e-74
1.61161e-74
1.56934e-74
1.61308e-74
1.61322e-74
1.56966e-74
1.61211e-74
1.5897e-74
1.67923e-74
1.69555e-74
1.73688e-74
1.78182e-74
1.72724e-74
1.63583e-74
1.45529e-74
1.13915e-74
7.11067e-75
2.35952e-75
4.12908e-77
5.13494e-78
2.83114e-76
8.20429e-76
1.26903e-75
1.57127e-75
1.71833e-75
1.77145e-75
1.79002e-75
1.71495e-75
1.65028e-75
1.61556e-75
1.51611e-75
1.52732e-75
1.48097e-75
1.51959e-75
1.51973e-75
1.48127e-75
1.5278e-75
1.51671e-75
1.61627e-75
1.65093e-75
1.71548e-75
1.79024e-75
1.77139e-75
1.7181e-75
1.57106e-75
1.26881e-75
8.20279e-76
2.83066e-76
5.13136e-78
6.22007e-79
3.27863e-77
9.09465e-77
1.35387e-76
1.62059e-76
1.7207e-76
1.72923e-76
1.70958e-76
1.6084e-76
1.52459e-76
1.47448e-76
1.37101e-76
1.37148e-76
1.32399e-76
1.35603e-76
1.35615e-76
1.32427e-76
1.37191e-76
1.37156e-76
1.47514e-76
1.5252e-76
1.60889e-76
1.70978e-76
1.72915e-76
1.72044e-76
1.62036e-76
1.35364e-76
9.09313e-77
3.27813e-77
6.2156e-79
7.32874e-80
3.65314e-78
9.65415e-78
1.37837e-77
1.59062e-77
1.63596e-77
1.59964e-77
1.54488e-77
1.42554e-77
1.32977e-77
1.26959e-77
1.16903e-77
1.16081e-77
1.11541e-77
1.14017e-77
1.14028e-77
1.11564e-77
1.16118e-77
1.16951e-77
1.27016e-77
1.3303e-77
1.42597e-77
1.54506e-77
1.59954e-77
1.63568e-77
1.59038e-77
1.37815e-77
9.65267e-78
3.65261e-78
7.32334e-80
8.38204e-81
3.90293e-79
9.77634e-79
1.33353e-78
1.47872e-78
1.4691e-78
1.39432e-78
1.3128e-78
1.18616e-78
1.08743e-78
1.02386e-78
9.32889e-79
9.18992e-79
8.78638e-79
8.96239e-79
8.96324e-79
8.7882e-79
9.19284e-79
9.33269e-79
1.02433e-78
1.08787e-78
1.18652e-78
1.31294e-78
1.39421e-78
1.46883e-78
1.47849e-78
1.33332e-78
9.77495e-79
3.90238e-79
8.37572e-81
9.23348e-82
3.98299e-80
9.40335e-80
1.21969e-79
1.29413e-79
1.23717e-79
1.13577e-79
1.03936e-79
9.17142e-80
8.24548e-80
7.64281e-80
6.88148e-80
6.71871e-80
6.38755e-80
6.49967e-80
6.50029e-80
6.38888e-80
6.72086e-80
6.88431e-80
7.64632e-80
8.24883e-80
9.17425e-80
1.03947e-79
1.13567e-79
1.23691e-79
1.29392e-79
1.2195e-79
9.4021e-80
3.98245e-80
9.22639e-82
9.94158e-83
3.87125e-81
8.5457e-81
1.04727e-80
1.05659e-80
9.65975e-81
8.52752e-81
7.54352e-81
6.46918e-81
5.67956e-81
5.16443e-81
4.58225e-81
4.42492e-81
4.17745e-81
4.23756e-81
4.23797e-81
4.17833e-81
4.42635e-81
4.58414e-81
5.16682e-81
5.68189e-81
6.47118e-81
7.54428e-81
8.52669e-81
9.6576e-81
1.05641e-80
1.0471e-80
8.54463e-81
3.87072e-81
9.93378e-83
9.83217e-84
3.55484e-82
7.28227e-82
8.34824e-82
7.92137e-82
6.84548e-82
5.74184e-82
4.85215e-82
3.99883e-82
3.39345e-82
3.00024e-82
2.60412e-82
2.47336e-82
2.31005e-82
2.33161e-82
2.33183e-82
2.31053e-82
2.47417e-82
2.60521e-82
3.00165e-82
3.39485e-82
4.00008e-82
4.85262e-82
5.74122e-82
6.84383e-82
7.91999e-82
8.34696e-82
7.28139e-82
3.55434e-82
9.82435e-84
1.02295e-84
3.09628e-83
5.7532e-83
6.04809e-83
5.27249e-83
4.18919e-83
3.23437e-83
2.52142e-83
1.92481e-83
1.52155e-83
1.26288e-83
1.03939e-83
9.46722e-84
8.59312e-84
8.55107e-84
8.55192e-84
8.59495e-84
9.47035e-84
1.03984e-83
1.26348e-83
1.52219e-83
1.92541e-83
2.52165e-83
3.23399e-83
4.1881e-83
5.27153e-83
6.04716e-83
5.75253e-83
3.09583e-83
1.02211e-84
8.34034e-86
2.46172e-84
4.09177e-84
3.77747e-84
2.8297e-84
1.87173e-84
1.1461e-84
6.54853e-85
3.16378e-85
1.07765e-85
-2.17845e-86
-9.9264e-86
-1.5082e-85
-1.75777e-85
-1.95066e-85
-1.95085e-85
-1.75812e-85
-1.50866e-85
-9.93012e-86
-2.17896e-86
1.07815e-85
3.1648e-85
6.5491e-85
1.14595e-84
1.8712e-84
2.82915e-84
3.77688e-84
4.09129e-84
2.46134e-84
8.33341e-86
8.64548e-87
1.845e-85
2.45569e-85
1.6698e-85
6.98507e-86
-3.60462e-87
-4.85433e-86
-7.38539e-86
-8.39225e-86
-8.76051e-86
-8.92854e-86
-8.56169e-86
-8.69381e-86
-8.46954e-86
-8.7328e-86
-8.73367e-86
-8.47132e-86
-8.69665e-86
-8.56532e-86
-8.93282e-86
-8.76417e-86
-8.3949e-86
-7.38608e-86
-4.85378e-86
-3.60546e-87
6.98345e-86
1.66952e-85
2.45539e-85
1.84471e-85
8.63817e-87
5.20774e-88
1.09938e-86
8.15648e-87
-2.7962e-87
-1.12599e-86
-1.55452e-86
-1.70151e-86
-1.71824e-86
-1.61163e-86
-1.50559e-86
-1.4303e-86
-1.30999e-86
-1.29072e-86
-1.23489e-86
-1.26286e-86
-1.26299e-86
-1.23515e-86
-1.29115e-86
-1.31056e-86
-1.431e-86
-1.50623e-86
-1.61214e-86
-1.7184e-86
-1.70128e-86
-1.55406e-86
-1.1258e-86
-2.79624e-87
8.15514e-87
1.09918e-86
5.20312e-88
1.15664e-88
6.6242e-88
-9.20748e-88
-2.21979e-87
-2.75709e-87
-2.7824e-87
-2.60088e-87
-2.38666e-87
-2.1017e-87
-1.87946e-87
-1.73113e-87
-1.55172e-87
-1.50615e-87
-1.42785e-87
-1.45426e-87
-1.45441e-87
-1.42816e-87
-1.50665e-87
-1.55239e-87
-1.73198e-87
-1.88026e-87
-2.10238e-87
-2.38687e-87
-2.6005e-87
-2.78152e-87
-2.75656e-87
-2.21951e-87
-9.20712e-88
6.62249e-88
1.15559e-88
-6.04795e-90
-2.09885e-88
-4.33233e-88
-4.9541e-88
-4.7206e-88
-4.1361e-88
-3.54069e-88
-3.06154e-88
-2.58571e-88
-2.24319e-88
-2.02078e-88
-1.78292e-88
-1.7111e-88
-1.61091e-88
-1.63578e-88
-1.63595e-88
-1.61126e-88
-1.71168e-88
-1.78371e-88
-2.02179e-88
-2.24416e-88
-2.58654e-88
-3.0618e-88
-3.54013e-88
-4.13471e-88
-4.71965e-88
-4.95341e-88
-4.33191e-88
-2.09849e-88
-6.0426e-90
)
;

boundaryField
{
    inlet
    {
        type            calculated;
        value           nonuniform List<scalar> 
30
(
-13.9371
-15.8077
-15.9983
-15.9652
-15.963
-15.6784
-15.2089
-14.9269
-14.5952
-14.3986
-14.2688
-14.2156
-14.1828
-14.1769
-14.1874
-14.1926
-14.2015
-14.2066
-14.2266
-14.2674
-14.3493
-14.523
-14.8587
-15.1999
-15.6969
-16.0731
-16.069
-16.0666
-15.8306
-13.5938
)
;
    }
    outlet
    {
        type            calculated;
        value           nonuniform List<scalar> 
30
(
-6.04795e-90
-2.09885e-88
-4.33233e-88
-4.9541e-88
-4.7206e-88
-4.1361e-88
-3.54069e-88
-3.06154e-88
-2.58571e-88
-2.24319e-88
-2.02078e-88
-1.78292e-88
-1.7111e-88
-1.61091e-88
-1.63578e-88
-1.63595e-88
-1.61126e-88
-1.71168e-88
-1.78371e-88
-2.02179e-88
-2.24416e-88
-2.58654e-88
-3.0618e-88
-3.54013e-88
-4.13471e-88
-4.71965e-88
-4.95341e-88
-4.33191e-88
-2.09849e-88
-6.0426e-90
)
;
    }
    walls
    {
        type            calculated;
        value           nonuniform List<scalar> 
400
(
-13.9371
-2.66116
-0.235183
-0.179001
-0.182024
-0.196245
-0.210865
-0.21781
-0.219662
-0.219455
-0.218495
-0.217559
-0.216591
-0.215624
-0.214712
-0.213888
-0.213156
-0.212511
-0.211942
-0.211432
-0.210948
-0.210443
-0.209891
-0.209287
-0.208636
-0.207935
-0.20718
-0.206371
-0.205519
-0.204629
-0.203699
-0.202729
-0.201717
-0.200647
-0.199497
-0.198257
-0.196964
-0.195519
-0.193939
-0.192331
-0.190716
-0.189032
-0.187269
-0.185443
-0.183534
-0.182095
-0.180548
-0.178603
-0.17661
-0.174578
-0.172504
-0.170389
-0.168234
-0.166039
-0.163803
-0.161524
-0.159198
-0.156819
-0.154385
-0.151899
-0.149373
-0.146805
-0.144183
-0.14153
-0.138849
-0.136131
-0.133377
-0.130585
-0.12775
-0.124869
-0.121941
-0.11897
-0.115953
-0.112895
-0.109816
-0.106736
-0.103657
-0.100575
-0.0975154
-0.0945004
-0.0915279
-0.0886088
-0.0857375
-0.0828584
-0.0797475
-0.0765011
-0.0732241
-0.0701789
-0.0675113
-0.0652512
-0.062356
-0.0580572
-0.0521804
-0.0423226
-0.0349736
-0.0310041
-0.0299991
-0.0313339
-0.0343824
-0.0346583
-0.0189594
-0.00158086
9.0004e-05
-1.2316e-05
-3.4784e-07
-1.53517e-09
-1.96885e-12
-5.19955e-14
-4.40863e-14
-3.07787e-14
-1.94988e-14
-1.04196e-14
-5.33298e-15
-2.53487e-15
-1.11413e-15
-4.50683e-16
-1.67783e-16
-5.75722e-17
-1.82852e-17
-5.38887e-18
-1.47912e-18
-3.78394e-19
-9.03353e-20
-2.00639e-20
-4.12907e-21
-7.77721e-22
-1.31077e-22
-1.86207e-23
-1.81978e-24
5.24124e-26
9.17987e-26
3.27666e-26
8.81385e-27
2.04441e-27
4.32422e-28
8.54716e-29
1.59757e-29
2.84107e-30
4.84226e-31
7.97315e-32
1.23765e-32
1.93761e-33
2.85817e-34
4.10947e-35
5.75624e-36
7.84454e-37
1.04264e-37
1.35101e-38
1.71056e-39
2.11498e-40
2.55911e-41
3.02846e-42
3.51185e-43
3.98815e-44
4.44296e-45
4.85164e-46
5.20309e-47
5.47535e-48
5.66159e-49
5.75057e-50
5.74444e-51
5.63836e-52
5.44649e-53
5.17399e-54
4.83782e-55
4.4507e-56
4.03378e-57
3.59766e-58
3.16057e-59
2.73418e-60
2.33075e-61
1.95712e-62
1.62306e-63
1.33237e-64
1.0907e-65
8.95898e-67
7.63402e-68
6.80868e-69
6.55522e-70
6.96706e-71
8.28995e-72
1.06793e-72
1.42016e-73
1.89248e-74
2.49951e-75
3.24758e-76
4.13186e-77
5.13494e-78
6.22007e-79
7.32874e-80
8.38204e-81
9.23348e-82
9.94158e-83
9.83217e-84
1.02295e-84
8.34034e-86
8.64548e-87
5.20774e-88
1.15664e-88
-6.04795e-90
-13.5938
-2.6539
-0.241851
-0.183294
-0.186215
-0.200491
-0.214897
-0.221141
-0.222227
-0.221431
-0.220037
-0.218774
-0.217558
-0.216402
-0.215346
-0.214409
-0.213589
-0.212875
-0.212251
-0.211697
-0.211175
-0.210636
-0.210056
-0.209429
-0.208756
-0.208035
-0.207265
-0.206447
-0.205593
-0.204706
-0.203766
-0.202774
-0.201752
-0.200685
-0.199529
-0.19828
-0.196976
-0.195525
-0.193947
-0.192343
-0.190733
-0.189053
-0.187297
-0.185476
-0.183581
-0.182115
-0.180561
-0.178602
-0.176605
-0.17457
-0.172491
-0.170371
-0.168212
-0.166016
-0.16378
-0.161503
-0.159177
-0.156801
-0.154375
-0.151902
-0.149384
-0.14681
-0.144189
-0.141538
-0.138854
-0.13613
-0.133368
-0.130569
-0.127725
-0.124834
-0.121899
-0.118922
-0.115909
-0.112867
-0.109803
-0.106728
-0.103654
-0.100589
-0.0975433
-0.0945309
-0.0915627
-0.088645
-0.0857687
-0.0828774
-0.0797996
-0.0764485
-0.0732215
-0.0700857
-0.0675482
-0.0652634
-0.0623776
-0.0580668
-0.0521596
-0.0423465
-0.0349685
-0.0310036
-0.0300016
-0.031337
-0.0343846
-0.0346602
-0.0189612
-0.00157827
8.95615e-05
-1.23749e-05
-3.47091e-07
-1.5331e-09
-1.96481e-12
-5.18497e-14
-4.39708e-14
-3.06873e-14
-1.94429e-14
-1.03928e-14
-5.31922e-15
-2.52844e-15
-1.11115e-15
-4.49464e-16
-1.6729e-16
-5.7396e-17
-1.8223e-17
-5.37014e-18
-1.47343e-18
-3.76856e-19
-8.99171e-20
-1.99647e-20
-4.10514e-21
-7.72427e-22
-1.29886e-22
-1.83829e-23
-1.77299e-24
6.14913e-26
9.35e-26
3.30647e-26
8.86128e-27
2.05207e-27
4.33484e-28
8.56166e-29
1.59922e-29
2.84297e-30
4.84285e-31
7.97151e-32
1.23783e-32
1.9391e-33
2.85465e-34
4.10769e-35
5.752e-36
7.83877e-37
1.04159e-37
1.34978e-38
1.70852e-39
2.11281e-40
2.55616e-41
3.02503e-42
3.50725e-43
3.98345e-44
4.43642e-45
4.84602e-46
5.19641e-47
5.46826e-48
5.65443e-49
5.74408e-50
5.73718e-51
5.63246e-52
5.43988e-53
5.16819e-54
4.83223e-55
4.44636e-56
4.02883e-57
3.59418e-58
3.15882e-59
2.73338e-60
2.33017e-61
1.9581e-62
1.62365e-63
1.332e-64
1.09058e-65
8.9588e-67
7.63387e-68
6.80916e-69
6.55475e-70
6.96594e-71
8.28701e-72
1.06746e-72
1.41943e-73
1.89139e-74
2.49798e-75
3.24548e-76
4.12908e-77
5.13136e-78
6.2156e-79
7.32334e-80
8.37572e-81
9.22639e-82
9.93378e-83
9.82435e-84
1.02211e-84
8.33341e-86
8.63817e-87
5.20312e-88
1.15559e-88
-6.0426e-90
)
;
    }
    frontAndBackPlanes
    {
        type            empty;
    }
}


// ************************************************************************* //
