/*--------------------------------*- C++ -*----------------------------------*\
| =========                 |                                                 |
| \\      /  F ield         | OpenFOAM: The Open Source CFD Toolbox           |
|  \\    /   O peration     | Version:  v1606+                                |
|   \\  /    A nd           | Web:      www.OpenFOAM.com                      |
|    \\/     M anipulation  |                                                 |
\*---------------------------------------------------------------------------*/
FoamFile
{
    version     2.0;
    format      ascii;
    class       volScalarField;
    location    "1.7";
    object      dgdt;
}
// * * * * * * * * * * * * * * * * * * * * * * * * * * * * * * * * * * * * * //

dimensions      [0 0 -1 0 0 0 0];

internalField   nonuniform List<scalar> 
6000
(
-18.9479
-19.1927
-19.3767
-19.3182
-19.2721
-19.2064
-19.126
-17.5679
-16.6573
-17.1069
-16.8857
-16.9369
-17.0462
-17.0733
-16.9327
-16.9119
-17.0918
-17.4766
-17.2257
-19.3556
-19.4397
-19.5041
-19.5289
-19.5583
-19.5884
-19.754
-19.8953
-19.6199
-19.2859
-19.2303
-2.55693
-2.38523
-2.30361
-2.19029
-2.10058
-1.98026
-1.89653
-2.11939
-2.38302
-2.17321
-2.05145
-2.15823
-2.27695
-2.31215
-2.20182
-2.14254
-2.28454
-2.37335
-2.34573
-1.94052
-1.92497
-1.95675
-2.00668
-2.03103
-2.02388
-2.09737
-2.1708
-2.13839
-2.16866
-2.44543
-0.343069
-0.276516
-0.22189
-0.211273
-0.208045
-0.193184
-0.186913
-0.223585
-0.290732
-0.469357
-0.476468
-0.509547
-0.559838
-0.566699
-0.520982
-0.478814
-0.494457
-0.343441
-0.278967
-0.199396
-0.172281
-0.162508
-0.153289
-0.147176
-0.138791
-0.140318
-0.166855
-0.192539
-0.191985
-0.264646
-0.0713102
-0.0790051
-0.0618741
-0.0579765
-0.0598344
-0.058874
-0.0557306
-0.0591026
-0.0740625
-0.152528
-0.288353
-0.274146
-0.274404
-0.259099
-0.267291
-0.257103
-0.209893
-0.0834916
-0.0707443
-0.0597446
-0.0554213
-0.051056
-0.048072
-0.0457686
-0.0437048
-0.0447415
-0.0489953
-0.0491087
-0.0589068
-0.0786606
-0.0442205
-0.04872
-0.0446768
-0.0418007
-0.041643
-0.0435916
-0.0436824
-0.0435773
-0.0466981
-0.0586556
-0.200097
-0.173815
-0.193048
-0.177321
-0.167721
-0.156124
-0.0983594
-0.0431322
-0.0491407
-0.0477722
-0.0451372
-0.0423559
-0.0409823
-0.0397382
-0.0380928
-0.0376868
-0.0385708
-0.0388269
-0.0493263
-0.0536546
-0.0417088
-0.0425343
-0.0407837
-0.0393894
-0.0383848
-0.0371138
-0.0370136
-0.0384795
-0.0417799
-0.0450824
-0.102487
-0.158503
-0.146229
-0.157065
-0.141896
-0.0965238
-0.027259
-0.0286411
-0.0423607
-0.0446279
-0.0453112
-0.0449064
-0.0453383
-0.0445581
-0.0428298
-0.0405296
-0.0395255
-0.0402927
-0.0459676
-0.0448207
-0.0412574
-0.0410368
-0.0401342
-0.0398662
-0.039741
-0.0379692
-0.0359659
-0.0369731
-0.0393659
-0.0431724
-0.0673015
-0.160617
-0.125893
-0.143456
-0.189664
-0.13663
-0.0370341
-0.0227581
-0.035292
-0.0382176
-0.0458746
-0.0497151
-0.0506448
-0.0531699
-0.0561987
-0.0547888
-0.0509139
-0.0490134
-0.0478553
-0.0451716
-0.0483055
-0.0485373
-0.0485051
-0.0485654
-0.0486933
-0.0462032
-0.0418551
-0.0393187
-0.0400322
-0.0447245
-0.0643724
-0.129995
-0.122587
-0.121647
-0.193152
-0.195535
-0.089071
-0.0381857
-0.0380738
-0.0398233
-0.0473797
-0.0533313
-0.0542415
-0.0600083
-0.0713626
-0.0779071
-0.0731933
-0.0676291
-0.0640927
-0.0591094
-0.0599308
-0.0630911
-0.0645005
-0.0653183
-0.0633699
-0.0572633
-0.0459805
-0.0422316
-0.0416818
-0.0458655
-0.0643881
-0.11129
-0.113325
-0.104075
-0.144946
-0.191357
-0.108102
-0.0605658
-0.0541994
-0.0534951
-0.0560638
-0.0569068
-0.0561819
-0.0633877
-0.0686609
-0.0745313
-0.0768953
-0.0757425
-0.0817095
-0.0777991
-0.0564271
-0.0603304
-0.0606212
-0.0601112
-0.0573792
-0.0536013
-0.0481256
-0.0402078
-0.0434907
-0.0485296
-0.0641154
-0.100279
-0.110458
-0.0996494
-0.112408
-0.134687
-0.101731
-0.0709847
-0.0627185
-0.0603245
-0.0603589
-0.0570475
-0.0564276
-0.051008
-0.0468105
-0.0486444
-0.0537749
-0.0603721
-0.0701724
-0.0711144
-0.0411943
-0.0402071
-0.0382779
-0.0370976
-0.0368876
-0.0378565
-0.0388577
-0.0403456
-0.0418258
-0.0456928
-0.0633465
-0.0956801
-0.115485
-0.105839
-0.10533
-0.107042
-0.0909253
-0.0747173
-0.0662474
-0.0602281
-0.0568828
-0.0532747
-0.04617
-0.0386842
-0.0365668
-0.0363428
-0.0389348
-0.0422191
-0.0445828
-0.0481564
-0.0297518
-0.0288134
-0.0290839
-0.0299993
-0.0310389
-0.0324768
-0.034577
-0.036766
-0.0414441
-0.047367
-0.0671379
-0.089958
-0.110929
-0.119875
-0.113397
-0.104008
-0.0913049
-0.0791139
-0.0701116
-0.0633391
-0.0518256
-0.0409593
-0.0366545
-0.0370993
-0.0349499
-0.0367328
-0.0379586
-0.0386029
-0.0396787
-0.0397461
-0.0289122
-0.0280669
-0.0281666
-0.0286267
-0.0297573
-0.0321081
-0.0359693
-0.0409396
-0.0457974
-0.0487838
-0.0582278
-0.0757474
-0.0990884
-0.118073
-0.118554
-0.110363
-0.0982623
-0.0867991
-0.076545
-0.0674479
-0.0585552
-0.0385324
-0.0316994
-0.0362582
-0.0381447
-0.0397984
-0.0401866
-0.0398067
-0.0391531
-0.0408293
-0.0315029
-0.0299069
-0.030436
-0.0310522
-0.032507
-0.0352252
-0.0392152
-0.0445039
-0.0489238
-0.0507903
-0.0500105
-0.0481836
-0.0566186
-0.0726231
-0.0807507
-0.0825448
-0.0781564
-0.0718263
-0.0669122
-0.0652744
-0.0616887
-0.0531604
-0.0376453
-0.0376856
-0.0430697
-0.0424541
-0.0420353
-0.0419216
-0.040985
-0.0426891
-0.034127
-0.0336414
-0.0341996
-0.0349786
-0.0363233
-0.038332
-0.0410156
-0.0446494
-0.0481957
-0.0511228
-0.0469981
-0.0374491
-0.0363024
-0.0389192
-0.0391082
-0.0382115
-0.0368218
-0.0358944
-0.03536
-0.0380478
-0.0423928
-0.0490525
-0.0527934
-0.0454666
-0.0449291
-0.0438316
-0.0434553
-0.0437314
-0.0442823
-0.0425857
-0.0362069
-0.0370209
-0.03692
-0.0376047
-0.0386849
-0.0400797
-0.0416518
-0.0434955
-0.0456147
-0.0477978
-0.043581
-0.0335654
-0.0287919
-0.0269394
-0.0243239
-0.021604
-0.0201497
-0.0197855
-0.0206069
-0.0222233
-0.0263153
-0.0334724
-0.0474366
-0.0461451
-0.0430985
-0.0438017
-0.0440082
-0.0440221
-0.0433699
-0.0420697
-0.0374669
-0.0389301
-0.0383507
-0.0387428
-0.0394696
-0.0403682
-0.0413377
-0.0424388
-0.0437753
-0.0454453
-0.0427319
-0.0323047
-0.0252406
-0.0227354
-0.0206465
-0.0192178
-0.018631
-0.0193688
-0.0196413
-0.021075
-0.0215608
-0.025043
-0.0398043
-0.0436503
-0.0421243
-0.0433264
-0.0435321
-0.0428544
-0.0419095
-0.0415566
-0.0381201
-0.0395194
-0.0387148
-0.0389281
-0.0394149
-0.0401059
-0.0409116
-0.041779
-0.0428165
-0.0444367
-0.0437655
-0.0347777
-0.026036
-0.0226702
-0.0208983
-0.0193119
-0.0187485
-0.0191076
-0.0203587
-0.0208104
-0.0216171
-0.0226807
-0.0375787
-0.0440553
-0.0426812
-0.0430675
-0.0428586
-0.0418663
-0.0410092
-0.0406725
-0.0383663
-0.0392894
-0.0386312
-0.0388017
-0.0392238
-0.0398731
-0.0407
-0.0416052
-0.0426572
-0.0441336
-0.0452532
-0.0398414
-0.0313418
-0.0274703
-0.0257244
-0.0235689
-0.0206681
-0.0198048
-0.0203291
-0.0212231
-0.02172
-0.0239578
-0.0437951
-0.0452637
-0.0432827
-0.0428036
-0.0422781
-0.0412147
-0.0401704
-0.0391642
-0.0384809
-0.038834
-0.0385236
-0.0386812
-0.0391013
-0.0397607
-0.0406669
-0.0417553
-0.0430295
-0.044537
-0.0463138
-0.0454028
-0.0396136
-0.0367678
-0.0355063
-0.0322507
-0.0252137
-0.0206696
-0.0204163
-0.0210331
-0.0216014
-0.0271756
-0.050502
-0.0460214
-0.0432263
-0.0424168
-0.0416482
-0.0404292
-0.0390939
-0.0369005
-0.0386528
-0.0385384
-0.0384817
-0.0386379
-0.0390425
-0.039683
-0.0406781
-0.0419723
-0.0435298
-0.0451954
-0.0472155
-0.0488438
-0.047744
-0.0472742
-0.0481222
-0.0439874
-0.0325626
-0.024725
-0.0225481
-0.0230862
-0.0252017
-0.0362369
-0.0510145
-0.045359
-0.0425427
-0.0417016
-0.0408169
-0.0397489
-0.0381369
-0.0387782
-0.0389712
-0.0385709
-0.0385475
-0.0387376
-0.0391204
-0.0397301
-0.0409263
-0.0425752
-0.0443944
-0.045894
-0.0475863
-0.0498243
-0.0513127
-0.0528006
-0.0582637
-0.0558935
-0.0452241
-0.0362698
-0.0328688
-0.0340483
-0.0393941
-0.0570925
-0.0559816
-0.0458615
-0.0413333
-0.0408078
-0.0397306
-0.0386695
-0.038873
-0.040118
-0.0393228
-0.038805
-0.0387756
-0.0390256
-0.0394918
-0.040124
-0.041548
-0.0433975
-0.0460068
-0.0468778
-0.0476099
-0.0488376
-0.050387
-0.0537788
-0.0616096
-0.0659875
-0.0610915
-0.0561568
-0.0544248
-0.0568761
-0.0657221
-0.0777417
-0.0578703
-0.0451996
-0.0417694
-0.0409513
-0.0388904
-0.0385309
-0.0395623
-0.0388658
-0.0396447
-0.0390448
-0.0390033
-0.0393857
-0.0401877
-0.0409314
-0.0415581
-0.0476938
-0.0482464
-0.0472503
-0.0474083
-0.0471733
-0.0498855
-0.0516752
-0.0539336
-0.0634673
-0.0667548
-0.068244
-0.0699819
-0.0729692
-0.078364
-0.0653435
-0.0463447
-0.0377639
-0.0395608
-0.0396131
-0.0388054
-0.0397149
-0.0400827
-0.0399897
-0.0398568
-0.0390948
-0.0389026
-0.0393158
-0.0403633
-0.0428508
-0.0428875
-0.0412304
-0.0427841
-0.0461772
-0.0477533
-0.0486142
-0.0457566
-0.0365949
-0.0357006
-0.0438272
-0.0526953
-0.0579755
-0.0609791
-0.0615175
-0.058242
-0.0445836
-0.0350737
-0.0341705
-0.0370348
-0.0385719
-0.0394087
-0.0401912
-0.0407609
-0.0408732
-0.039859
-0.0388767
-0.038278
-0.0383537
-0.0387559
-0.0405365
-0.0367465
-0.0221528
-0.0199331
-0.0304059
-0.0390995
-0.0433647
-0.0389953
-0.0319775
-0.028057
-0.0287845
-0.0330604
-0.0375353
-0.0406572
-0.0404751
-0.0363431
-0.032469
-0.032298
-0.0351646
-0.038414
-0.0396111
-0.0397496
-0.0399381
-0.0405144
-0.0406654
-0.0396123
-0.0386291
-0.0376491
-0.0376718
-0.03883
-0.04009
-0.0315044
-0.0168106
-0.0133198
-0.0133246
-0.0201554
-0.0296462
-0.0347821
-0.03357
-0.0285508
-0.0243896
-0.0232617
-0.0238448
-0.0251565
-0.0266853
-0.0278187
-0.0303096
-0.0337384
-0.0382203
-0.0403097
-0.0402008
-0.0397097
-0.0396296
-0.0400703
-0.0400661
-0.0393009
-0.0382535
-0.0380172
-0.0384076
-0.0392996
-0.0394186
-0.034349
-0.0206637
-0.0132873
-0.0136954
-0.0132067
-0.0219093
-0.0315641
-0.0343334
-0.0312315
-0.0248702
-0.0210666
-0.0209313
-0.0209866
-0.022826
-0.0271746
-0.0325959
-0.037886
-0.0410655
-0.041373
-0.0404221
-0.0396416
-0.0393356
-0.0395407
-0.0393694
-0.0388579
-0.0389006
-0.0389608
-0.0390813
-0.0386222
-0.0392169
-0.0389474
-0.029445
-0.0144983
-0.0141011
-0.0141596
-0.0183824
-0.0287419
-0.0332794
-0.0331666
-0.0273722
-0.0217955
-0.0206266
-0.0209839
-0.0237849
-0.0303501
-0.0372988
-0.0413529
-0.0424713
-0.0415915
-0.040282
-0.0393643
-0.0389048
-0.0389428
-0.0386597
-0.0382242
-0.038514
-0.038255
-0.0383383
-0.0389441
-0.0401181
-0.0412005
-0.0374058
-0.0198592
-0.0145508
-0.0145734
-0.0165664
-0.0255506
-0.0322657
-0.0333195
-0.0303282
-0.0252606
-0.0227519
-0.02317
-0.0274473
-0.0355283
-0.0414926
-0.0432821
-0.0427885
-0.0413078
-0.0398715
-0.0388717
-0.0383235
-0.0382436
-0.0378865
-0.0370449
-0.0371893
-0.037285
-0.0376468
-0.0383446
-0.0396701
-0.0414622
-0.0414522
-0.0295761
-0.0149151
-0.0151436
-0.0161284
-0.0224928
-0.0306983
-0.0339935
-0.0334973
-0.0301018
-0.0270056
-0.0273491
-0.0322253
-0.0397306
-0.0442001
-0.0438369
-0.042328
-0.0406541
-0.0392078
-0.038203
-0.0376102
-0.0374204
-0.0370125
-0.0358995
-0.0358752
-0.0360167
-0.0364557
-0.0373058
-0.0388193
-0.0409291
-0.0426403
-0.0382943
-0.0180882
-0.0154257
-0.0168019
-0.0212888
-0.0303263
-0.0362629
-0.036495
-0.0344138
-0.0328009
-0.0339751
-0.0386912
-0.0449316
-0.0471689
-0.0441933
-0.041668
-0.0397939
-0.0383638
-0.0373914
-0.0367775
-0.0364845
-0.0360428
-0.0350148
-0.034945
-0.0349741
-0.0354099
-0.0362962
-0.0378653
-0.040217
-0.0426295
-0.0422679
-0.0253445
-0.0175063
-0.0184281
-0.0221244
-0.0318082
-0.0397046
-0.0413644
-0.0410929
-0.041361
-0.0435309
-0.0477486
-0.0517833
-0.0508493
-0.0454216
-0.0412174
-0.0389667
-0.0374748
-0.0364951
-0.0358603
-0.0354722
-0.0349994
-0.0342803
-0.0344018
-0.0340336
-0.0344167
-0.0352828
-0.0369114
-0.0393542
-0.0422693
-0.0441104
-0.0347622
-0.0226959
-0.022065
-0.0250283
-0.0359032
-0.0447626
-0.0480049
-0.0496367
-0.0512631
-0.0529253
-0.054564
-0.0550239
-0.0524513
-0.0471435
-0.0416158
-0.0383322
-0.0366829
-0.0355983
-0.0349025
-0.0344239
-0.0339121
-0.033465
-0.0347132
-0.0330453
-0.0332192
-0.0339446
-0.0358378
-0.0383049
-0.0415595
-0.0459052
-0.0444626
-0.0313377
-0.0283651
-0.0322166
-0.044649
-0.0519577
-0.0547113
-0.0566065
-0.0569756
-0.0560697
-0.0544049
-0.0522913
-0.0501055
-0.0465048
-0.0417151
-0.037851
-0.0357765
-0.0346894
-0.0338984
-0.0333445
-0.0327616
-0.0318183
-0.0345293
-0.0323041
-0.031526
-0.0318839
-0.0345117
-0.0375019
-0.0410791
-0.0489984
-0.0548398
-0.0433373
-0.0397014
-0.0465041
-0.0584354
-0.0602104
-0.0591929
-0.0588482
-0.0573588
-0.0545622
-0.051019
-0.0474274
-0.0452341
-0.0429974
-0.0403592
-0.0370523
-0.0347716
-0.0336581
-0.0327849
-0.0322343
-0.0314916
-0.0282349
-0.0287336
-0.0318701
-0.0286921
-0.0282479
-0.0313931
-0.0393465
-0.0447539
-0.0557338
-0.0697688
-0.0609314
-0.0581162
-0.0679688
-0.0739921
-0.0673246
-0.060782
-0.0575474
-0.0550155
-0.0514321
-0.0473363
-0.0435162
-0.040732
-0.0390068
-0.0374017
-0.0354923
-0.0335678
-0.0324177
-0.0314928
-0.0311536
-0.0300539
-0.0250674
-0.0229921
-0.0257491
-0.0261164
-0.0273274
-0.0279904
-0.0360687
-0.04898
-0.0661843
-0.0903218
-0.0846344
-0.0818832
-0.0889959
-0.0836068
-0.0678022
-0.0571422
-0.0527269
-0.0503222
-0.0471307
-0.0438884
-0.041041
-0.037591
-0.0354818
-0.0341224
-0.0330904
-0.0319168
-0.0309351
-0.0298909
-0.0301274
-0.0283637
-0.02459
-0.0247486
-0.0224174
-0.0228542
-0.0255362
-0.0308935
-0.0357954
-0.0485087
-0.0678674
-0.0980189
-0.101206
-0.100059
-0.0943935
-0.0761988
-0.057457
-0.052128
-0.0519903
-0.0478295
-0.044694
-0.0407958
-0.0373181
-0.0347494
-0.0326493
-0.0309993
-0.0300948
-0.0295851
-0.0290707
-0.0278106
-0.0286885
-0.0262176
-0.0285554
-0.027029
-0.025781
-0.024783
-0.024419
-0.0302088
-0.0380924
-0.0508294
-0.0693932
-0.0896135
-0.0984882
-0.094312
-0.0787745
-0.0593681
-0.0545848
-0.0579022
-0.0575789
-0.0509037
-0.0432719
-0.0383072
-0.0351682
-0.0322103
-0.0298267
-0.0281227
-0.0270161
-0.026768
-0.0269078
-0.0259464
-0.0252334
-0.0246023
-0.0332703
-0.0293619
-0.0259353
-0.0242232
-0.0242674
-0.0299495
-0.0407131
-0.0563418
-0.0735599
-0.0855263
-0.0863703
-0.0778966
-0.0648616
-0.0621081
-0.0689831
-0.0697039
-0.0630925
-0.0544731
-0.0452935
-0.0373778
-0.0328447
-0.0297261
-0.0269157
-0.0250407
-0.0240201
-0.0239426
-0.0248123
-0.024988
-0.031315
-0.0241258
-0.0293834
-0.0262931
-0.0194489
-0.018954
-0.0221634
-0.0329242
-0.0498386
-0.0716914
-0.0887955
-0.0870182
-0.0788874
-0.07221
-0.0721542
-0.0795905
-0.0830204
-0.0759908
-0.0671362
-0.0589657
-0.0496565
-0.0399895
-0.0338168
-0.0286946
-0.0240806
-0.0216201
-0.0206314
-0.0209474
-0.022593
-0.0245153
-0.0297797
-0.0241303
-0.0187752
-0.0180475
-0.0112336
-0.0136505
-0.0212307
-0.0403323
-0.06197
-0.0830792
-0.0944414
-0.085589
-0.0788822
-0.0801715
-0.08372
-0.0860305
-0.0820345
-0.0731146
-0.0646484
-0.0573228
-0.0504846
-0.0438154
-0.0380853
-0.029939
-0.0213086
-0.0179604
-0.0166648
-0.0171291
-0.0194249
-0.0231657
-0.0297406
-0.0245032
-0.00995062
-0.00869799
-0.00465951
-0.0100735
-0.0222495
-0.042181
-0.0555847
-0.0677739
-0.0746418
-0.0709362
-0.0721356
-0.08051
-0.0779553
-0.0749447
-0.0672573
-0.0579229
-0.0512553
-0.0467252
-0.043062
-0.0407668
-0.0412366
-0.0286316
-0.0188688
-0.0139464
-0.0123701
-0.0127715
-0.0149934
-0.0200616
-0.0270669
-0.0247716
-0.00263281
0.00387811
0.00255946
-0.00659611
-0.0328885
-0.0317016
-0.0320537
-0.0365009
-0.0400001
-0.0410708
-0.0468042
-0.050901
-0.0509211
-0.046265
-0.0400155
-0.0357096
-0.0327377
-0.0307642
-0.028409
-0.0319891
-0.0472283
-0.0261094
-0.0181523
-0.0101379
-0.00835819
-0.00813194
-0.00973956
-0.0138009
-0.0217281
-0.0223383
0.00818077
0.0159124
0.014119
-0.00882495
-0.0136214
-0.0073573
-0.00528676
-0.00697315
-0.0100606
-0.0118785
-0.0121533
-0.0120679
-0.0134147
-0.0168654
-0.0179042
-0.0173183
-0.0154686
-0.015854
-0.012492
-0.00976897
-0.00719942
-0.00387291
-0.00484612
-0.00577192
-0.00224561
-0.00355685
-0.00388925
-0.00644577
-0.0130588
-0.0168497
0.0102279
0.0230743
0.00398544
-0.00857602
-0.00296653
-0.000833192
-0.000440797
-0.000537826
-0.000611689
-0.000534216
-0.000419206
-0.000458643
-0.000387231
-0.000320118
-0.00130766
-0.00156258
-0.00182847
-0.00118427
-0.000512086
0.000240466
0.0003502
0.000141251
8.14669e-06
-0.000615842
-0.000747371
0.00215247
0.00213678
-0.000196992
-0.0052121
-0.011821
0.0239632
0.0232829
-0.00340598
-0.00457456
-0.000751185
-0.000203276
-0.000154696
-0.000107919
-7.07289e-06
8.61591e-05
0.000124079
0.000133576
0.000155699
0.000231009
0.000223278
0.00019807
2.22263e-05
0.000124813
8.91045e-05
9.71156e-05
0.000138951
0.000138962
0.000211259
0.000362278
0.000788653
0.00238205
0.00800499
0.00478241
0.000655972
-0.00447567
0.0191805
0.0130119
0.00200063
-0.000658673
5.78505e-05
-9.46953e-05
-0.000160952
-0.000135631
-7.22554e-05
-2.08038e-05
2.3438e-06
2.09945e-05
4.79736e-05
6.22757e-05
9.35408e-05
8.94546e-05
0.00012964
8.56191e-05
3.13593e-05
1.47242e-05
3.28334e-06
1.16675e-05
9.77753e-05
0.000367629
0.00111012
0.00173434
0.00756866
0.00506647
0.00374594
0.00235177
0.0108384
0.00988797
0.0045032
0.00172706
0.00031726
-5.96382e-05
-0.000143589
-0.000149756
-0.000120061
-8.58007e-05
-6.07069e-05
-4.18013e-05
-2.47914e-05
-3.18035e-06
-2.18424e-05
-1.64536e-06
-2.63725e-05
-1.2044e-05
-2.42074e-05
-3.3073e-05
-3.40991e-05
-2.50561e-05
3.94584e-05
0.000260204
0.00101244
0.000165538
0.000596619
0.0024574
0.0029566
0.00401731
0.0088464
0.00815951
0.00494465
0.00222543
0.000332725
-7.48263e-05
-0.000137496
-0.000143936
-0.000120999
-9.27076e-05
-7.11865e-05
-5.49373e-05
-4.03998e-05
-4.15711e-05
-2.51488e-05
-6.22564e-05
-3.42624e-05
-3.59109e-05
-3.82843e-05
-3.72777e-05
-3.42592e-05
-2.5791e-05
1.83482e-05
0.000165275
0.000695799
-0.000348091
-0.00268511
-0.00227443
-0.00137496
0.00126669
0.00755012
0.00653435
0.00444832
0.00196874
0.000149903
-0.000106219
-0.000141281
-0.000141289
-0.000116491
-8.88186e-05
-7.12913e-05
-5.93787e-05
-4.8725e-05
-3.89817e-05
-4.51447e-05
-2.85363e-05
-3.76533e-05
-3.80684e-05
-3.62017e-05
-3.29566e-05
-2.8101e-05
-2.09673e-05
7.06173e-06
0.000103187
0.000223954
-0.0014622
-0.00695958
-0.00706548
-0.00397221
0.000654056
0.00629065
0.0054077
0.00349909
0.00170916
0.000121512
-0.000118087
-0.000138354
-0.000135591
-0.000112396
-8.66914e-05
-7.27069e-05
-6.3185e-05
-5.48914e-05
-4.7878e-05
-4.26875e-05
-4.17504e-05
-4.03125e-05
-3.73768e-05
-3.33979e-05
-2.75801e-05
-1.97786e-05
-8.83364e-06
1.97454e-05
0.000110845
0.000311811
0.00104336
-0.00766849
-0.00459308
-0.00176233
0.00186201
0.00507389
0.00443304
0.00766289
-0.00148734
5.24802e-05
-7.62153e-05
-0.000120415
-0.000118385
-0.000101076
-8.22469e-05
-7.08277e-05
-6.43052e-05
-5.83375e-05
-5.5862e-05
-5.14361e-05
-4.61568e-05
-4.29993e-05
-3.89535e-05
-3.28375e-05
-2.50127e-05
-1.42973e-05
1.67988e-06
3.44742e-05
0.000120846
0.000318944
0.00139475
0.00413867
0.00254409
0.000690843
0.00207448
0.0038748
0.00344958
-0.00417247
0.0021169
0.000179803
-0.000246895
-6.89543e-05
-8.48026e-05
-7.99475e-05
-7.20373e-05
-6.49662e-05
-6.19937e-05
-6.12357e-05
-5.45939e-05
-5.65182e-05
-5.01678e-05
-4.63736e-05
-4.10362e-05
-3.37284e-05
-2.43098e-05
-1.15946e-05
5.6159e-06
3.54791e-05
9.82361e-05
0.000234964
0.000925586
0.00575011
0.005249
0.00204134
0.00237027
0.00318197
0.00292062
0.00408715
0.00100052
0.000236288
0.000229646
-2.95295e-05
-4.36743e-05
-5.28367e-05
-5.48078e-05
-5.41033e-05
-5.52356e-05
-5.87412e-05
-7.22269e-05
-5.80071e-05
-5.27713e-05
-4.7958e-05
-4.17832e-05
-3.36062e-05
-2.31268e-05
-9.61382e-06
7.97854e-06
3.62993e-05
7.94465e-05
0.000165554
0.000614478
0.00353493
0.00379133
0.00267211
0.00259588
0.00277624
0.00252368
0.00209429
0.00107351
0.000244907
1.83679e-05
2.35171e-05
-8.43485e-06
-2.57921e-05
-3.39769e-05
-3.92147e-05
-4.43854e-05
-5.0575e-05
-3.64096e-05
-5.26775e-05
-4.89519e-05
-4.57116e-05
-3.96637e-05
-3.14479e-05
-2.03579e-05
-5.64134e-06
1.33858e-05
4.32609e-05
8.394e-05
0.000153333
0.000547622
0.00296907
0.00351189
0.00210434
0.00260604
0.00291188
0.00281479
0.00235017
0.000918691
0.000239215
0.000218358
4.65608e-05
1.49281e-05
-2.61736e-06
-1.29842e-05
-2.14375e-05
-3.02163e-05
-4.06487e-05
-5.31263e-05
-4.68802e-05
-4.46631e-05
-3.9422e-05
-3.40471e-05
-2.60802e-05
-1.4773e-05
8.26309e-07
2.09946e-05
5.29072e-05
9.42069e-05
0.000159694
0.0005426
0.00263333
0.00323154
0.00250022
0.0022237
0.00296058
0.00269705
0.0024672
0.000902524
0.000248828
3.43743e-05
5.61111e-05
2.64808e-05
1.36643e-05
4.38995e-06
-3.95537e-06
-1.58157e-05
-2.38227e-05
-4.44711e-05
-3.1737e-05
-2.68014e-05
-2.9073e-05
-2.55171e-05
-1.83064e-05
-7.21053e-06
8.75948e-06
3.03872e-05
6.49671e-05
0.000106847
0.000170833
0.000536851
0.00236084
0.002582
0.00197101
0.0016141
0.00286479
0.00290085
0.00306328
0.00110649
0.000238056
0.000153764
5.10955e-05
2.87917e-05
2.28725e-05
1.86809e-05
1.20323e-05
4.71135e-06
-6.0131e-06
-2.3806e-06
-1.6366e-05
-1.23572e-05
-1.9208e-05
-1.63622e-05
-9.45119e-06
1.55236e-06
1.74388e-05
3.9778e-05
7.60334e-05
0.000117052
0.000179312
0.000518665
0.00210985
0.00143635
0.00103243
0.00179464
0.00291177
0.00283723
0.00291159
0.00125915
0.000258673
9.19053e-05
4.03971e-05
2.4783e-05
2.71537e-05
2.79831e-05
2.3672e-05
1.80226e-05
4.43464e-06
-5.70508e-06
-1.1077e-05
-1.81264e-05
-1.40503e-05
-8.16374e-06
-1.18256e-06
9.19376e-06
2.40896e-05
4.6104e-05
8.33273e-05
0.000123644
0.000186351
0.000510839
0.00192793
0.000675934
0.000890557
0.00224278
0.0026301
0.00296893
0.00260151
0.00146385
0.000316631
7.85328e-05
2.65454e-05
1.7953e-05
2.74489e-05
3.35759e-05
3.26287e-05
2.5333e-05
1.47559e-05
1.18189e-05
-3.77624e-07
-1.08047e-05
-3.54574e-06
-1.10862e-06
4.57785e-06
1.36999e-05
2.70336e-05
4.8054e-05
8.5017e-05
0.000124712
0.000192641
0.000515281
0.00194272
0.000623231
-4.56141e-05
0.0013243
0.00272205
0.00306286
0.00239401
0.0017514
0.000432216
7.36538e-05
1.4024e-05
1.0468e-05
2.49983e-05
3.51612e-05
3.65972e-05
2.94883e-05
2.03381e-05
8.08555e-06
2.04799e-06
-1.87123e-07
-1.7956e-06
-2.68712e-07
4.38881e-06
1.22903e-05
2.37372e-05
4.29947e-05
7.72251e-05
0.000114719
0.000193983
0.000543666
0.00180997
0.00214183
0.00135587
0.00106228
0.00254803
0.00238087
0.00237332
0.00195608
0.000575691
7.54303e-05
1.06376e-06
7.44952e-07
1.93762e-05
3.1972e-05
3.34889e-05
2.88215e-05
1.54301e-05
1.60888e-06
-6.38026e-06
-9.23233e-06
-1.05184e-05
-9.47737e-06
-5.90803e-06
4.16111e-07
9.82179e-06
2.65544e-05
5.63769e-05
9.3408e-05
0.000190711
0.000679481
0.00197682
0.00377286
0.00498794
0.00345279
0.0021891
0.00183991
0.00202362
0.00196839
0.000716848
8.49475e-05
-9.20478e-06
-9.52438e-06
1.38962e-05
2.75272e-05
2.52868e-05
1.67657e-05
3.13054e-07
-1.59816e-05
-2.59725e-05
-2.97151e-05
-3.06965e-05
-2.98976e-05
-2.75916e-05
-2.32764e-05
-1.61556e-05
-2.88076e-06
2.2437e-05
6.30127e-05
0.0001875
0.000798953
0.00239635
0.00405026
0.00519673
0.00480647
0.00195447
0.00118468
0.00145039
0.00203548
0.00086001
0.000106332
-1.4376e-05
-1.58416e-05
1.23793e-05
2.73533e-05
2.19406e-05
1.73606e-06
-2.11032e-05
-4.04068e-05
-5.32969e-05
-5.89378e-05
-5.99857e-05
-5.9189e-05
-5.74651e-05
-5.47973e-05
-4.91854e-05
-3.85351e-05
-1.45303e-05
3.44991e-05
0.000191041
0.000901186
0.00245599
0.00401975
0.00427326
0.00432585
0.00213734
0.00100316
0.00124185
0.00219668
0.000978739
0.000132668
-9.01537e-06
-1.48026e-05
1.95832e-05
3.44672e-05
1.93287e-05
-1.18952e-05
-4.35802e-05
-6.81168e-05
-8.40652e-05
-9.1658e-05
-9.30729e-05
-9.16438e-05
-8.90614e-05
-8.61119e-05
-7.98587e-05
-6.79e-05
-3.89002e-05
2.31006e-05
0.000212797
0.00100622
0.00251382
0.00282104
0.00372087
0.00380774
0.0026814
0.00164832
0.00205771
0.00254193
0.00100713
0.000159752
3.93508e-06
-3.17989e-06
3.61601e-05
5.0021e-05
2.29168e-05
-2.48616e-05
-6.8369e-05
-9.85194e-05
-0.000117061
-0.000124974
-0.000125955
-0.000122856
-0.00011735
-0.000110715
-0.000100636
-8.08889e-05
-4.10977e-05
4.0682e-05
0.000256736
0.00109622
0.0025572
0.00330009
0.00331208
0.00346036
0.00352771
0.0037313
0.00367837
0.00277404
0.00101358
0.00018014
1.81329e-05
1.38755e-05
6.05881e-05
7.39068e-05
2.92292e-05
-4.27659e-05
-9.94479e-05
-0.000134831
-0.000154005
-0.000160689
-0.000159178
-0.000152439
-0.000142403
-0.000128063
-0.000107906
-7.8729e-05
-2.4494e-05
7.84819e-05
0.000318504
0.00119974
0.00252492
0.00307428
0.00297724
0.00307794
0.00354203
0.00437976
0.00384265
0.00267945
0.00102375
0.000189812
2.8604e-05
3.3328e-05
8.9002e-05
0.00010224
3.14555e-05
-7.21935e-05
-0.000143501
-0.000181571
-0.000197953
-0.000201883
-0.000197229
-0.00018599
-0.000170217
-0.000147974
-0.000118601
-7.27356e-05
-4.54174e-06
0.000117113
0.00037896
0.00128599
0.00247554
0.00265928
0.00258672
0.00275868
0.00379619
0.00337721
0.00353383
0.00259359
0.00102242
0.000189252
3.80112e-05
5.7486e-05
0.000121155
0.000134413
2.87867e-05
-0.000110883
-0.000195254
-0.000233697
-0.000247039
-0.000246981
-0.00023771
-0.000221535
-0.000199493
-0.000169642
-0.000129181
-7.02958e-05
9.0574e-06
0.000139841
0.000435527
0.00137907
0.00252356
0.00252218
0.00260791
0.00291588
0.00374304
0.00358032
0.00339854
0.00250535
0.00095426
0.000181378
4.69239e-05
7.86257e-05
0.000154422
0.000168469
1.97195e-05
-0.000156888
-0.000249214
-0.000286029
-0.00029556
-0.000291065
-0.000277409
-0.00025657
-0.000228928
-0.000192678
-0.000142934
-7.40027e-05
1.24424e-05
0.000145383
0.000476887
0.00147557
0.00278516
0.00323626
0.00375098
0.00360106
0.00362019
0.00350026
0.0032843
0.00247773
0.000829762
0.000153207
4.27432e-05
8.64664e-05
0.000178392
0.000190616
-4.08305e-06
-0.000211366
-0.000306646
-0.000340316
-0.000345005
-0.000336041
-0.00031846
-0.000294538
-0.000263342
-0.000222215
-0.000167021
-9.10022e-05
1.88738e-06
0.000139229
0.000516894
0.00155103
0.00281487
0.00404582
0.0048506
0.00395197
0.00374209
0.00360874
0.0034469
0.00238774
0.000647384
0.000110089
1.55909e-05
7.96171e-05
0.00018512
0.000195039
-2.28269e-05
-0.000252008
-0.000359016
-0.000393436
-0.000396048
-0.00038467
-0.000366075
-0.000341309
-0.000308343
-0.000264746
-0.000204852
-0.000122091
-2.10002e-05
0.000133751
0.000560017
0.00173099
0.00256171
0.0035253
0.00429517
0.00440837
0.00450137
0.00425025
0.00369668
0.00225682
0.000616137
0.000195358
8.79521e-05
0.000141922
0.000251069
0.000246786
1.87838e-06
-0.00027442
-0.000401518
-0.000444476
-0.00045029
-0.000440102
-0.000423998
-0.000400475
-0.000368433
-0.000324782
-0.000260639
-0.000166748
-3.7686e-05
0.000123364
0.000547615
0.00193887
0.002832
0.00347401
0.00394262
0.00406883
0.00540888
0.00507949
0.00398072
0.00196265
0.0007169
0.000434223
0.000288206
0.000309297
0.000428109
0.00039045
7.0059e-05
-0.000278477
-0.000443002
-0.000500952
-0.00051553
-0.000510353
-0.000498463
-0.000478483
-0.00045076
-0.000409303
-0.000343706
-0.000238622
-9.57298e-05
0.000121858
0.000505464
0.00195995
0.00317474
0.00380348
0.00429506
0.00445852
0.0058388
0.00542739
0.00344962
0.00150619
0.000769342
0.000463537
0.000244412
0.000320923
0.000555659
0.000526541
0.000133182
-0.000288098
-0.000496502
-0.00057132
-0.000597663
-0.000598732
-0.000592034
-0.000578844
-0.000558598
-0.000519952
-0.000459191
-0.00034782
-0.000116182
0.000218941
0.000529859
0.00184187
0.00366994
0.00460408
0.00520774
0.00542595
0.00608299
0.00464896
0.00290659
0.00164983
0.000981922
0.000148521
-0.000582686
-0.000590822
8.77248e-05
0.000533398
0.000305869
-0.000224751
-0.000551994
-0.000662124
-0.000695359
-0.000701036
-0.000698441
-0.000693515
-0.000688573
-0.000652972
-0.000608342
-0.000405424
-7.46262e-06
0.000388322
0.000443554
0.00136429
0.00375464
0.00526031
0.00624296
0.00666442
0.00540945
0.00467312
0.00328249
0.00232205
0.00165394
-0.000744919
-0.002812
-0.00288323
-0.00173452
-0.000260342
0.000407112
-0.000155921
-0.000643086
-0.0008076
-0.000821363
-0.000820422
-0.000814285
-0.000817333
-0.000857866
-0.000813414
-0.000711514
-0.000422519
-4.84951e-05
0.000294227
9.87031e-05
0.000480405
0.00287234
0.0055536
0.00696494
0.0075091
0.00514036
0.0048321
0.00372192
0.0036206
0.00282843
-0.00164748
-0.00501097
-0.00506228
-0.00356845
-0.00207925
-0.000408479
-0.000438871
-0.000905058
-0.00106894
-0.00100891
-0.000966366
-0.000939485
-0.000931114
-0.000953434
-0.000852709
-0.000767504
-0.000756009
-0.000627152
-0.000223472
6.03312e-05
0.000453065
0.00196677
0.00488218
0.00682468
0.00743649
0.00514336
0.0045855
0.00351535
0.00342118
0.0033679
-0.00169318
-0.00558655
-0.00501748
-0.00332527
-0.00252598
-0.00185899
-0.00134837
-0.00120758
-0.00117018
-0.00101964
-0.000918255
-0.000868821
-0.000830614
-0.000847577
-0.000889672
-0.00125531
-0.00185812
-0.00214844
-0.00139056
0.000110565
0.00102992
0.00224213
0.00387649
0.005149
0.00687995
0.00499438
0.00313498
0.00158326
0.000115404
-0.000812004
-0.00379359
-0.00506814
-0.00356809
-0.00238259
-0.00225445
-0.00384335
-0.00347692
-0.00167009
-0.00105236
-0.000778122
-0.000657915
-0.000662609
-0.000754499
-0.00113948
-0.00173068
-0.00282521
-0.00423274
-0.00501576
-0.00364384
-0.00124413
0.000236592
0.00135665
0.0026374
0.00424245
0.00557239
0.00443004
0.00139056
-0.000509064
-0.00303438
-0.00733979
-0.0077705
-0.00570721
-0.00318018
-0.00220189
-0.00397634
-0.00794722
-0.00824541
-0.00419261
-0.0021416
-0.00149526
-0.00137349
-0.00153272
-0.001965
-0.00286942
-0.00410924
-0.00583613
-0.00770712
-0.00835746
-0.00654218
-0.00358932
-0.0014548
-0.000305702
0.000692322
0.00257082
0.00442118
0.00206866
0.000108773
-0.000694278
-0.00387466
-0.00947506
-0.0102478
-0.00716878
-0.00413479
-0.00463276
-0.00816883
-0.0130307
-0.0149273
-0.0114177
-0.00747916
-0.00571303
-0.0052144
-0.00529808
-0.00582615
-0.00679235
-0.0080058
-0.00922626
-0.0100793
-0.00998279
-0.00834296
-0.00557197
-0.00313307
-0.00177707
-0.000869963
0.000960776
0.00362187
-2.90291e-05
-0.000345169
-0.000348688
-0.0033681
-0.00803289
-0.00971482
-0.00875764
-0.00870298
-0.0115547
-0.0163465
-0.0210492
-0.023612
-0.0235889
-0.0198052
-0.0162025
-0.0141889
-0.0130974
-0.0124757
-0.012063
-0.011596
-0.0109093
-0.0100334
-0.00918728
-0.0082646
-0.0064028
-0.00396745
-0.00225463
-0.00140215
0.000737619
0.00339907
-0.000448097
0.000128245
-0.000620329
-0.00316874
-0.00665
-0.00962977
-0.012523
-0.0161856
-0.021521
-0.0266907
-0.0319663
-0.0329911
-0.0339648
-0.0311462
-0.0268667
-0.0235313
-0.0209659
-0.0187643
-0.0166228
-0.0143406
-0.011878
-0.00942327
-0.00761413
-0.0068018
-0.00580018
-0.00392817
-0.00217915
-0.00130126
0.000242366
0.00309806
-5.93302e-05
0.00108873
-0.000527228
-0.00364336
-0.00728356
-0.0119303
-0.0167299
-0.0229778
-0.0294163
-0.0343252
-0.0356752
-0.0367199
-0.0365826
-0.0346718
-0.0312919
-0.0279655
-0.0249702
-0.0221149
-0.0191803
-0.0160743
-0.012884
-0.00974809
-0.00706763
-0.00549939
-0.0046945
-0.00345013
-0.001944
-0.00118543
-0.000735169
0.00183164
0.000793734
0.00177927
-0.000359259
-0.00394682
-0.00834037
-0.0138108
-0.0193971
-0.0248968
-0.0306484
-0.0352633
-0.0365689
-0.0352209
-0.0330408
-0.0306775
-0.0283733
-0.0261261
-0.02392
-0.0216465
-0.0191992
-0.0165124
-0.013651
-0.0107335
-0.00792766
-0.00559108
-0.00410576
-0.00293736
-0.00167843
-0.00102487
-0.001413
-0.0012896
0.00227441
0.00257831
0.000388561
-0.0034059
-0.00864151
-0.0132252
-0.0164667
-0.0194924
-0.0232607
-0.027803
-0.0300678
-0.029274
-0.0270764
-0.0251164
-0.023604
-0.0222954
-0.0210187
-0.0196545
-0.0181134
-0.0162851
-0.0141383
-0.0117185
-0.00930699
-0.00689249
-0.00477792
-0.00304596
-0.00165696
-0.000976871
-0.00173428
-0.00252998
0.00523026
0.00468542
0.00230257
-0.00192242
-0.00479443
-0.00680211
-0.0084866
-0.0110753
-0.0140742
-0.0175596
-0.0197046
-0.0200598
-0.0196726
-0.0193405
-0.0190504
-0.0186794
-0.018174
-0.0175188
-0.0167234
-0.0157054
-0.0144117
-0.0124589
-0.0106698
-0.00857664
-0.00636237
-0.00417295
-0.00224901
-0.00111447
-0.00162988
-0.00380974
0.00930978
0.00806408
0.00508644
0.0022823
0.00126592
-0.000801215
-0.00334112
-0.0058644
-0.00878279
-0.0109294
-0.0117057
-0.0121732
-0.0132498
-0.0144681
-0.0153615
-0.0157739
-0.0158047
-0.0155705
-0.015177
-0.0148139
-0.026654
-0.0128395
-0.0118984
-0.0103367
-0.00833217
-0.00603692
-0.00368183
-0.00185784
-0.00164809
-0.00468488
0.0135079
0.0116842
0.00948015
0.00638523
0.00299245
0.000211441
-0.00241261
-0.00435968
-0.00600829
-0.00673811
-0.00655411
-0.00731767
-0.00928505
-0.0113872
-0.0129618
-0.013849
-0.0141741
-0.0141007
-0.0137478
-0.0130856
0.00278353
-0.013218
-0.0130915
-0.0121388
-0.0105015
-0.00832462
-0.0058336
-0.00351401
-0.00250752
-0.00620454
0.0170628
0.0157738
0.0126817
0.00662047
0.00266914
-0.000385231
-0.00191414
-0.00348647
-0.00407675
-0.00388225
-0.00373855
-0.00507337
-0.00756322
-0.0100216
-0.0118824
-0.0130195
-0.0135449
-0.0136417
-0.0135294
-0.0129191
-0.0138609
-0.0141285
-0.0143925
-0.0140754
-0.0128484
-0.0108651
-0.0084267
-0.00595949
-0.00446827
-0.00804641
0.019473
0.0165757
0.0123528
0.00510625
0.00273415
0.000400078
-0.00141618
-0.00224254
-0.00216439
-0.00198316
-0.00290987
-0.00493067
-0.00758433
-0.0100398
-0.0119559
-0.0132411
-0.0139987
-0.0144528
-0.0150427
-0.0164495
-0.0162689
-0.0155896
-0.0159247
-0.0161961
-0.0154509
-0.0135804
-0.0111387
-0.00867958
-0.00698113
-0.00943065
0.0199087
0.0148022
0.00966005
0.00418854
0.00283475
0.00064199
-0.000994738
-0.00104968
-0.000854202
-0.00182103
-0.00386088
-0.00629385
-0.00883972
-0.0111151
-0.0129514
-0.0142975
-0.01525
-0.0160375
-0.0171094
-0.0186177
-0.0189163
-0.0174799
-0.0175761
-0.0181891
-0.0180925
-0.0164233
-0.0137706
-0.0110784
-0.00930556
-0.0102773
0.018223
0.0110482
0.00753566
0.00345298
0.00249753
0.0004215
-0.000330318
-0.000550027
-0.00153316
-0.00380655
-0.00636428
-0.00878835
-0.0110429
-0.01302
-0.0146569
-0.0159389
-0.016952
-0.0178947
-0.0191175
-0.0204852
-0.020135
-0.0189576
-0.0186129
-0.0192102
-0.01979
-0.0184571
-0.0161133
-0.012961
-0.0108646
-0.0105809
0.0129908
0.00572633
0.00624898
0.00352071
0.00265207
0.000479833
-0.000749349
-0.00222129
-0.00499366
-0.00777625
-0.010165
-0.012209
-0.0140139
-0.0155835
-0.0169037
-0.0179784
-0.0188722
-0.0197419
-0.0208505
-0.022035
-0.0211784
-0.0193039
-0.0182647
-0.0184211
-0.0191361
-0.0185393
-0.0165908
-0.0142526
-0.011558
-0.0102121
0.000264261
-0.00444766
0.00112486
0.00127879
0.000419897
-0.00267075
-0.00610096
-0.00868238
-0.0113403
-0.0133469
-0.0149694
-0.016358
-0.0175847
-0.018657
-0.0195655
-0.0203121
-0.0209325
-0.021538
-0.0223281
-0.023207
-0.0217095
-0.0191577
-0.0171087
-0.016266
-0.0166101
-0.0167976
-0.0152782
-0.0139164
-0.0113289
-0.00926543
-0.0142348
-0.0180025
-0.0160932
-0.016967
-0.0158658
-0.0178751
-0.0189668
-0.0189992
-0.0193049
-0.0197756
-0.0203642
-0.020979
-0.0215693
-0.0220983
-0.0225401
-0.022884
-0.0231413
-0.0233842
-0.023765
-0.0242068
-0.022366
-0.0195563
-0.0167954
-0.0148015
-0.0146538
-0.0151275
-0.0144701
-0.0120471
-0.010585
-0.00772718
-0.0236099
-0.0308595
-0.0404703
-0.0479123
-0.0436038
-0.0385318
-0.0327557
-0.0289128
-0.0270253
-0.0261981
-0.0258867
-0.0257945
-0.0257798
-0.0257711
-0.0257308
-0.0256402
-0.0254966
-0.0253423
-0.0252897
-0.025267
-0.0234584
-0.0206914
-0.017712
-0.0151912
-0.0139554
-0.0137276
-0.0132232
-0.0119161
-0.00774924
-0.00549206
-0.0345281
-0.0434002
-0.0598453
-0.0631517
-0.0564251
-0.0478021
-0.0402892
-0.0358029
-0.0333789
-0.032034
-0.0312011
-0.0305891
-0.0300618
-0.029556
-0.0290431
-0.0285107
-0.0279538
-0.0273935
-0.0269013
-0.0264118
-0.0248127
-0.0222158
-0.0191825
-0.0164174
-0.0142848
-0.0131407
-0.0122979
-0.0114093
-0.00807787
-0.00325647
-0.0459478
-0.0528331
-0.0637761
-0.0606005
-0.0523766
-0.046522
-0.0424492
-0.039958
-0.0383601
-0.037193
-0.0362015
-0.0352609
-0.0343192
-0.0333605
-0.0323884
-0.0314129
-0.0304396
-0.0294775
-0.0285631
-0.0276521
-0.0261971
-0.0238793
-0.0208687
-0.0179225
-0.0153403
-0.0132361
-0.0117329
-0.0107531
-0.0081017
-0.00353048
-0.0455152
-0.0560707
-0.0547927
-0.0513057
-0.0440911
-0.0428124
-0.0429691
-0.0430328
-0.0426546
-0.0419338
-0.0409662
-0.0398098
-0.038512
-0.0371201
-0.0356865
-0.0342593
-0.0328668
-0.031516
-0.030218
-0.0289492
-0.0274749
-0.0254587
-0.0226444
-0.0196261
-0.0168122
-0.0142517
-0.0119996
-0.0105614
-0.0082798
-0.00644832
-0.0377173
-0.047384
-0.0495862
-0.0426813
-0.0384781
-0.0414706
-0.044689
-0.0464586
-0.0469311
-0.0465691
-0.0456385
-0.044288
-0.0426323
-0.0407839
-0.0388595
-0.0369583
-0.0351396
-0.0334187
-0.0317871
-0.0302216
-0.0286203
-0.0267791
-0.0243243
-0.0214369
-0.0185761
-0.0158812
-0.0134001
-0.0115088
-0.00999845
-0.00909168
-0.0293549
-0.0409537
-0.0414948
-0.0374715
-0.038566
-0.0443402
-0.0485403
-0.0507709
-0.0515559
-0.0513521
-0.0503795
-0.0487746
-0.0466855
-0.0442979
-0.0418143
-0.0393999
-0.037148
-0.0350846
-0.0331789
-0.0313869
-0.0296452
-0.0278476
-0.0257254
-0.0231638
-0.0204523
-0.0178121
-0.0153088
-0.0131366
-0.0119102
-0.0116632
-0.0304272
-0.0427222
-0.0409663
-0.0424844
-0.0461562
-0.0507981
-0.0540129
-0.0559128
-0.0567136
-0.0565297
-0.0554089
-0.0534173
-0.0507225
-0.0476168
-0.0444344
-0.0414381
-0.038754
-0.0363935
-0.0342919
-0.032363
-0.0305325
-0.0287368
-0.0268257
-0.0246309
-0.022229
-0.0198115
-0.0174767
-0.0153571
-0.0140556
-0.0145963
-0.0386764
-0.0473398
-0.0480571
-0.0544997
-0.0560593
-0.0578111
-0.0598837
-0.0615602
-0.0624772
-0.0623436
-0.0609754
-0.0583732
-0.0547652
-0.050643
-0.0465518
-0.0428854
-0.039789
-0.0372088
-0.0350153
-0.0330604
-0.0312305
-0.0294611
-0.0276812
-0.0257751
-0.0237205
-0.0216266
-0.0196062
-0.0178298
-0.016914
-0.0187906
-0.0477231
-0.05417
-0.0560314
-0.0615462
-0.0623445
-0.0634644
-0.0654099
-0.0675652
-0.0689637
-0.0689386
-0.0670625
-0.0634398
-0.0584682
-0.0529863
-0.0478123
-0.0434649
-0.0400497
-0.0374048
-0.035263
-0.0334104
-0.0316813
-0.0299942
-0.0283142
-0.0265999
-0.0248257
-0.0230361
-0.0213156
-0.0198531
-0.0193062
-0.021513
-0.0586244
-0.0587863
-0.0618635
-0.0648554
-0.0660319
-0.067739
-0.0706883
-0.0740319
-0.0760736
-0.0757175
-0.0725801
-0.0673418
-0.0605173
-0.0535074
-0.047397
-0.0426857
-0.0392818
-0.0368856
-0.0350284
-0.0334193
-0.0318779
-0.0303161
-0.0287253
-0.0271199
-0.0255161
-0.0239426
-0.0224373
-0.0211321
-0.02063
-0.0222953
-0.0692624
-0.063721
-0.0649166
-0.0658344
-0.0681217
-0.0709841
-0.0755594
-0.0804215
-0.0820074
-0.0797182
-0.0741674
-0.0670062
-0.0581928
-0.049815
-0.0435783
-0.03968
-0.0371744
-0.035642
-0.0344088
-0.0331968
-0.0318892
-0.030454
-0.0289239
-0.0273594
-0.025817
-0.0243483
-0.0229902
-0.021757
-0.0211457
-0.0220416
-0.0734866
-0.066621
-0.0633345
-0.0657331
-0.068808
-0.0727245
-0.0786397
-0.0828304
-0.0813416
-0.0758327
-0.0684324
-0.060522
-0.0511306
-0.0418877
-0.0356269
-0.0335067
-0.0335558
-0.0338944
-0.0337082
-0.0329758
-0.0318617
-0.0304789
-0.0289355
-0.0273367
-0.025767
-0.0243069
-0.0225833
-0.0217905
-0.0210819
-0.0213464
-0.0689158
-0.0640688
-0.0619129
-0.0637367
-0.0674235
-0.0715283
-0.0748593
-0.0739559
-0.0697196
-0.0650325
-0.0592028
-0.0523772
-0.0461644
-0.0407288
-0.0340297
-0.02953
-0.0306398
-0.0327582
-0.0336731
-0.0332006
-0.0320275
-0.0304938
-0.0287943
-0.0270599
-0.0253817
-0.023841
-0.0222902
-0.0207619
-0.0204548
-0.020272
-0.0599543
-0.0582826
-0.0569064
-0.0625311
-0.0631202
-0.0662357
-0.0672034
-0.0634188
-0.0587701
-0.0547806
-0.0503094
-0.0485797
-0.0500668
-0.0529006
-0.0505382
-0.0407461
-0.0351295
-0.0350243
-0.0357119
-0.0345116
-0.0326509
-0.0305952
-0.0285266
-0.0265298
-0.0246648
-0.0229086
-0.023011
-0.0199992
-0.0192942
-0.0187583
-0.0517373
-0.0519979
-0.0561495
-0.0550003
-0.0574855
-0.0584604
-0.0583317
-0.0585354
-0.0545029
-0.0492024
-0.0486716
-0.0531907
-0.0607062
-0.0671394
-0.0689025
-0.0604118
-0.0484684
-0.0413274
-0.0398671
-0.0370846
-0.0337592
-0.0307524
-0.0280938
-0.0257174
-0.0236058
-0.0217571
-0.0186677
-0.020272
-0.0176729
-0.0168428
-0.0449732
-0.0460108
-0.047374
-0.0495799
-0.0517875
-0.0538478
-0.0556969
-0.0565947
-0.05135
-0.0491859
-0.0533948
-0.061361
-0.0689118
-0.0753796
-0.0781511
-0.0722677
-0.059236
-0.0463773
-0.0415396
-0.038948
-0.0345768
-0.0306201
-0.0273061
-0.0245295
-0.0221671
-0.0201296
-0.0186763
-0.0158182
-0.015667
-0.0146448
-0.0393238
-0.0407502
-0.0422369
-0.0444865
-0.0472504
-0.0506856
-0.0520221
-0.0509397
-0.0481977
-0.0516901
-0.0585476
-0.0643975
-0.0719586
-0.076666
-0.0774228
-0.071821
-0.0594799
-0.0464776
-0.0391047
-0.0362238
-0.0335768
-0.0295728
-0.0258378
-0.0229217
-0.0203349
-0.0181285
-0.0161935
-0.0146633
-0.0133912
-0.0122777
-0.0344086
-0.0361041
-0.0377574
-0.0397956
-0.0423649
-0.0468504
-0.0458494
-0.045425
-0.0481574
-0.0548409
-0.0604237
-0.0666995
-0.0693867
-0.0713745
-0.0693387
-0.0632317
-0.0539496
-0.0444588
-0.0378376
-0.0322733
-0.0306401
-0.027207
-0.0237848
-0.0206893
-0.0180293
-0.0157849
-0.0138602
-0.0122137
-0.0109243
-0.00981675
-0.0297597
-0.0318753
-0.0342519
-0.036649
-0.0438483
-0.0413048
-0.0413657
-0.0445909
-0.0512604
-0.0562177
-0.0612202
-0.0640602
-0.0637404
-0.0621248
-0.0601165
-0.0566584
-0.0518252
-0.0460661
-0.0396991
-0.0330283
-0.0275027
-0.0242223
-0.0213809
-0.0182038
-0.015532
-0.0131597
-0.0111961
-0.00958361
-0.00831193
-0.00723335
-0.0249368
-0.0279743
-0.0328167
-0.0389783
-0.0377439
-0.0366126
-0.0413611
-0.047924
-0.0522773
-0.0558834
-0.0584933
-0.0579227
-0.0586811
-0.0559341
-0.0537374
-0.0536929
-0.0535633
-0.0507001
-0.0451919
-0.0381825
-0.0294071
-0.0235356
-0.0193147
-0.0158564
-0.0128118
-0.0102936
-0.00832585
-0.00676027
-0.00551759
-0.00450642
-0.0195338
-0.0240778
-0.0304696
-0.0354117
-0.0329396
-0.0364966
-0.0433039
-0.0478958
-0.0503116
-0.0509922
-0.0534614
-0.0575049
-0.0542636
-0.0507549
-0.0502797
-0.0529147
-0.0541875
-0.0527552
-0.047958
-0.0431061
-0.0314697
-0.0234832
-0.0181876
-0.013476
-0.00985033
-0.00715358
-0.00523475
-0.003754
-0.00257853
-0.00165789
-0.0125762
-0.0215607
-0.0262525
-0.0262295
-0.0290002
-0.035702
-0.0417775
-0.0454821
-0.0463248
-0.0463072
-0.0520334
-0.054188
-0.0495933
-0.0468667
-0.0479263
-0.0513027
-0.0514182
-0.0492566
-0.0447524
-0.0343335
-0.0264864
-0.0199614
-0.016071
-0.0104173
-0.00636806
-0.00370564
-0.0019181
-0.000602899
0.000455701
0.00128404
-0.00616835
-0.0163639
-0.0208692
-0.0210858
-0.0268251
-0.0343781
-0.0393986
-0.0419288
-0.0422128
-0.0433687
-0.0504951
-0.0496733
-0.0441566
-0.0430688
-0.0451333
-0.0464053
-0.0448629
-0.0403487
-0.0334804
-0.0244266
-0.0178773
-0.0138491
-0.0114865
-0.00581451
-0.00201622
0.000185922
0.00156057
0.00259846
0.00353504
0.00428594
-0.00978861
-0.015105
-0.0194778
-0.0208335
-0.0279849
-0.0341746
-0.0366484
-0.0384096
-0.0404121
-0.0425497
-0.0473521
-0.0436041
-0.0386701
-0.0387712
-0.0400642
-0.0391385
-0.0354914
-0.0294453
-0.022109
-0.0176787
-0.0148323
-0.0145776
-0.0090345
-0.00202509
0.00343894
0.00434578
0.0046348
0.00546553
0.00646256
0.00724752
-0.0162394
-0.0261252
-0.0239888
-0.0257246
-0.0297652
-0.0340755
-0.0340679
-0.0343337
-0.0368099
-0.0412557
-0.0424643
-0.0369517
-0.0333219
-0.0335125
-0.033395
-0.0310045
-0.0268417
-0.022073
-0.0181089
-0.0176923
-0.0191864
-0.0184059
-0.00947428
0.000827543
0.00935585
0.00681479
0.00629448
0.00752492
0.00901526
0.0100378
-0.0186891
-0.0278886
-0.0272876
-0.0290196
-0.0279693
-0.0288185
-0.0324638
-0.0318213
-0.0333484
-0.0369511
-0.0360273
-0.0301915
-0.0281105
-0.0280523
-0.0268724
-0.0241377
-0.0210249
-0.0189697
-0.0151137
-0.0180679
-0.0252425
-0.023683
-0.0152541
-0.00202218
0.0122912
-0.000484673
0.00708058
0.00869695
0.0115907
0.0125167
-0.0167611
-0.0226893
-0.0169816
-0.0195506
-0.0142832
-0.0211873
-0.0214662
-0.0286798
-0.0277841
-0.0307383
-0.0278365
-0.0240498
-0.0234374
-0.0231605
-0.0214687
-0.0188895
-0.017119
-0.0179477
-0.0215014
-0.0228057
-0.030264
-0.0274361
-0.0216989
-0.0155981
-0.0127453
-0.0271993
-0.00142847
0.0102551
0.0144963
0.0144264
0.000459462
0.000512436
0.00262655
0.000185453
-0.0106651
-0.00655255
-0.00528375
-0.0153863
-0.0218086
-0.022864
-0.0199067
-0.0184921
-0.0190612
-0.0187575
-0.0170764
-0.0153051
-0.0145786
-0.0180601
-0.0211296
-0.0290653
-0.0347268
-0.0271449
-0.0188264
-0.0125947
-0.013406
-0.00576289
0.0112629
0.0149286
0.0173899
-0.0439121
0.0218465
0.0218708
0.0175524
-0.00266884
-0.0029447
-0.000693356
-0.00125972
-0.00484036
-0.00921231
-0.0128016
-0.012419
-0.0133799
-0.0161046
-0.0163671
-0.014166
-0.013414
-0.0133936
-0.014076
-0.0203058
-0.0186041
-0.0158795
-0.00834408
-0.00151856
-0.000895142
-0.00143856
0.00233966
0.0039866
0.0119953
0.0186299
0.0413603
0.0386497
0.0300713
0.0103126
-0.00386275
-0.00171194
-0.000869069
-0.00110334
-0.0016409
-0.00216914
-0.00444436
-0.00746999
-0.00870628
-0.0169043
-0.0170148
-0.0102122
-0.0111485
-0.00964041
-0.00862671
-0.00490739
-0.00195234
0.000466937
0.000718392
0.000236055
-0.000149276
-0.000331741
0.000665549
0.00292626
0.011746
0.0197235
0.0160311
0.0339236
0.0171789
-0.00114976
-0.00350805
-0.000995045
-0.00131196
-0.000995913
-0.000766412
-0.000659777
-0.000856044
-0.00145567
-0.00345758
-0.00329702
-0.00381245
-0.0038787
-0.00183014
-0.000534439
0.000263653
0.000589277
0.000260096
0.000130208
-9.20706e-05
-0.000317002
-0.000408346
-0.000314774
7.1301e-05
0.00121384
0.0118122
0.0148747
0.0428336
0.0122646
0.00655985
0.000852952
-0.00168269
-0.00145366
-0.0010932
-0.00074456
-0.000536129
-0.000345525
-0.000189595
-2.66302e-05
-8.44491e-06
0.000221683
0.000289751
0.000188175
0.000260262
0.000173613
1.4872e-05
-0.000108025
-0.000164682
-0.000305858
-0.000392977
-0.000433613
-0.000420471
-0.000268784
-0.000638714
-0.00125888
0.00284695
0.0044934
0.0299287
0.00809225
0.00615416
0.00246995
0.000260424
-0.000691182
-0.000735294
-0.00071854
-0.000448308
-0.000332542
-0.000251789
-0.000202431
-0.000203724
-0.000217314
-0.000206684
-0.000173362
-0.000146238
-0.000170721
-0.000239221
-0.000302545
-0.000361664
-0.00040226
-0.000428988
-0.000420444
-0.000430646
-0.000316999
-0.00139091
-0.0101839
-0.00887802
-0.0228694
-0.0193049
0.00694499
0.00551932
0.00333361
0.000658645
-0.00058617
-0.000639217
0.000101968
-0.000353727
-0.000317194
-0.000292419
-0.000282091
-0.000280682
-0.000274627
-0.000270783
-0.000269007
-0.000266166
-0.000279955
-0.000300515
-0.00032079
-0.00035643
-0.00037414
-0.000397016
-0.000419913
-0.00045159
-0.000440633
-0.00081035
6.94701e-05
-0.0333373
-0.0471476
-0.0561701
0.00594979
0.00493061
0.00328908
0.000636221
-0.000488404
-0.000352221
-0.000787579
-0.000288981
-0.000279192
-0.000272484
-0.000272838
-0.000275503
-0.000274598
-0.000273422
-0.000272022
-0.000273736
-0.000283343
-0.000294597
-0.000310836
-0.000331248
-0.000352577
-0.00036932
-0.000393156
-0.000425053
-0.000383558
-9.30702e-06
0.00202771
-0.000360612
-0.0217668
-0.0151437
0.00514415
0.00418642
0.00292887
0.000619786
-0.000427811
-0.000309437
1.06983e-05
-0.000246641
-0.000259001
-0.000251772
-0.000254532
-0.00025792
-0.000259164
-0.000260509
-0.000262036
-0.000267067
-0.000276491
-0.00028707
-0.000302403
-0.0003236
-0.000347808
-0.00037174
-0.00039464
-0.000419102
-0.00039674
-0.000130483
0.00131659
0.0102477
0.00898557
0.0104139
0.0044117
0.00352438
0.00255926
0.000846991
-0.000309671
-0.000222058
-0.000348057
-0.000217945
-0.000244611
-0.000241177
-0.000246348
-0.000248929
-0.000251864
-0.000255911
-0.000261432
-0.000270079
-0.000282953
-0.000297069
-0.000313398
-0.000334349
-0.000357052
-0.000382568
-0.000409247
-0.000437029
-0.000421921
-0.000277585
0.000568959
0.00294485
0.0132973
0.00584392
0.00373501
0.0028066
0.0022687
0.000438554
-0.000224241
-0.000201284
-7.89905e-05
-0.000222103
-0.000242954
-0.000237181
-0.000240027
-0.000246218
-0.000252247
-0.000259806
-0.000268708
-0.000280281
-0.000295105
-0.000311152
-0.000330918
-0.000354124
-0.000379543
-0.00040821
-0.000437988
-0.000464467
-0.000452035
-0.000313262
0.00038932
0.00261241
0.00441927
0.00479514
0.00322548
0.00237121
0.00193697
0.000369761
-0.000119149
-0.000162496
-0.000156085
-0.000214931
-0.000241044
-0.000237381
-0.000238493
-0.000250634
-0.000260099
-0.000271068
-0.000282884
-0.000297646
-0.000314875
-0.000333326
-0.000356162
-0.000382987
-0.000412081
-0.000444727
-0.000478941
-0.000508447
-0.00048473
-0.00036289
0.000589334
0.00173708
-0.000751014
0.00434109
0.0027965
0.00203829
0.00178725
0.000637613
-2.75777e-05
-0.000130988
-0.000168137
-0.000216294
-0.000243851
-0.00024348
-0.000243282
-0.000261272
-0.00027349
-0.000287108
-0.00030157
-0.000319419
-0.00033924
-0.000360915
-0.00038782
-0.000419578
-0.000453445
-0.000491125
-0.000534155
-0.000578722
-0.000567884
-0.000609443
0.000405545
0.00285748
-0.0101484
0.00302244
0.0021797
0.00216445
0.00192935
0.000782966
8.80349e-06
-0.000122402
-0.000174436
-0.000240905
-0.000267215
-0.000263241
-0.00026168
-0.000284133
-0.000294298
-0.000307799
-0.000323391
-0.000343317
-0.000366621
-0.000393909
-0.000426325
-0.000463284
-0.000502069
-0.000545309
-0.00059951
-0.000661017
-0.000665649
-0.000948309
0.000759728
0.000873652
0.023397
0.00285136
0.000674756
0.0026125
0.00274168
0.00103625
3.03023e-05
-0.00014532
-0.000228357
-0.000307486
-0.000331169
-0.000320388
-0.00031519
-0.000326921
-0.00032778
-0.000333207
-0.000344947
-0.000364968
-0.000393277
-0.00042979
-0.000471517
-0.000514878
-0.000559112
-0.000608447
-0.000672527
-0.000740846
-0.000747949
-0.00100204
0.000624424
0.00265949
-0.0149482
0.00212281
0.000362878
0.0039803
0.0028172
0.00122904
4.46846e-05
-0.000234
-0.000354089
-0.000455723
-0.000475329
-0.00045741
-0.000437506
-0.000418803
-0.000390044
-0.000370266
-0.000366553
-0.000381683
-0.000415752
-0.000465352
-0.00052231
-0.000576963
-0.000629429
-0.00068585
-0.000756334
-0.000829275
-0.000850987
-0.00103059
0.000235772
-0.000117954
0.0240192
0.00172211
0.00257769
0.00349279
0.00306867
0.00141657
-6.91342e-05
-0.000438412
-0.000612613
-0.000743648
-0.000763277
-0.000738375
-0.000690851
-0.00061535
-0.000524607
-0.000447693
-0.000404535
-0.000399986
-0.000436088
-0.000501811
-0.000580121
-0.000653366
-0.000718013
-0.00078191
-0.000854684
-0.000930159
-0.000972923
-0.00108785
-2.06496e-05
0.00394919
-0.00681047
0.00179282
0.00379946
0.00285681
0.00363373
0.00153636
-0.000308497
-0.000810438
-0.00105392
-0.00121546
-0.00125278
-0.00124403
-0.00116409
-0.00100757
-0.000821247
-0.000643158
-0.000515667
-0.000457001
-0.00047479
-0.000551712
-0.000654428
-0.000750433
-0.000831433
-0.000901831
-0.000969999
-0.00104032
-0.00107741
-0.00110017
-5.03011e-05
0.00290884
0.00454274
0.0018593
0.00324314
0.00189984
0.00305257
0.00172273
-0.00065902
-0.00135085
-0.00168551
-0.00187079
-0.00194074
-0.00197503
-0.00189883
-0.00170656
-0.00141392
-0.00109157
-0.000822233
-0.000650312
-0.000595666
-0.000657062
-0.000773977
-0.000888802
-0.000982769
-0.00105488
-0.00111597
-0.00116502
-0.00116667
-0.0010839
-0.000156712
0.00417937
-0.00944255
0.0017157
0.00358798
0.00192423
0.00420066
0.00175255
-0.00104085
-0.00199774
-0.0024302
-0.00261725
-0.00271586
-0.00280831
-0.00283109
-0.00266705
-0.00238808
-0.00196832
-0.0015052
-0.00111645
-0.000910611
-0.000898298
-0.000986752
-0.00110556
-0.00119589
-0.00126036
-0.00130335
-0.00132835
-0.00127018
-0.00109596
-0.000359242
0.00265355
0.00169687
0.00149156
0.0133679
-0.0061302
-0.000838726
0.00179277
-0.00137729
-0.00263366
-0.00316187
-0.0033398
-0.00342784
-0.00352886
-0.0036583
-0.00369572
-0.00355451
-0.00329858
-0.00269673
-0.00208138
-0.00160665
-0.00136739
-0.00136796
-0.00142687
-0.00149793
-0.00154099
-0.00155438
-0.0015367
-0.0014163
-0.00119467
-0.000578255
0.00224697
0.000895579
0.00122212
-0.0153591
0.00974962
0.000236093
0.00256092
-0.00198134
-0.00323577
-0.0038003
-0.00393797
-0.00396615
-0.00403579
-0.00422055
-0.00445653
-0.00467875
-0.00448929
-0.00417087
-0.00341662
-0.00268806
-0.00219959
-0.0019457
-0.00188796
-0.00189779
-0.00190461
-0.00186635
-0.00179329
-0.00161677
-0.00136657
-0.000853959
0.00216434
0.000753767
0.000850953
-0.000433315
-0.00104858
0.00169623
0.00100003
-0.00228085
-0.00379033
-0.00426932
-0.00432847
-0.00435532
-0.00432692
-0.00451133
-0.00484607
-0.00517081
-0.00537854
-0.00534435
-0.00459327
-0.00386251
-0.00319472
-0.00271376
-0.00243761
-0.00233346
-0.00227919
-0.00218453
-0.002067
-0.00184663
-0.00159238
-0.0011621
0.0018318
0.0014467
0.000737964
-0.000329006
-0.00627825
-0.00386118
0.0134238
-0.00317121
-0.00439749
-0.0046271
-0.00452656
-0.00433944
-0.00439149
-0.00460157
-0.00498503
-0.00545409
-0.00585573
-0.0057227
-0.00528879
-0.00513063
-0.0039534
-0.00337298
-0.00294767
-0.00267976
-0.00255645
-0.00242985
-0.00230536
-0.00208
-0.00184337
-0.00155901
0.00177946
0.00207688
0.000809964
-0.000219967
-0.000234767
0.00155118
-0.0202138
-0.00463276
-0.00477876
-0.00461237
-0.00446183
-0.00422716
-0.0041151
-0.00427965
-0.00458859
-0.0051413
-0.00550917
-0.00588431
-0.005397
-0.00340431
-0.00391218
-0.00370616
-0.00322417
-0.00283125
-0.00263535
-0.00253873
-0.00244821
-0.00227579
-0.00208445
-0.002059
0.00187678
0.00212655
0.000646964
-0.000209367
-0.000675766
-0.00158546
0.00372806
-0.00572563
-0.0046168
-0.00372044
-0.00358902
-0.00338508
-0.00324967
-0.00316891
-0.00320417
-0.00340037
-0.00404365
-0.00514579
-0.00251683
-0.0130236
-0.00386026
-0.0036025
-0.00320966
-0.00276575
-0.00257727
-0.00251789
-0.00246495
-0.00237918
-0.00229927
-0.00240644
-0.000877996
0.00168022
0.00108333
0.00142403
-0.00170071
-0.00319307
-0.00389977
-0.00357381
-0.00280173
-0.00205369
-0.00195982
-0.00193804
-0.00179019
-0.00168112
-0.00161221
-0.00163538
-0.0019645
-0.00262656
-0.00397987
0.00253472
-0.00567336
-0.00327986
-0.00287497
-0.00255818
-0.00237254
-0.0023588
-0.00234058
-0.00232538
-0.00236787
-0.00278621
-0.00152948
0.00156604
0.00214529
-0.00479094
-0.0032619
-0.000437018
0.00011562
-0.000430312
-0.000695035
-0.000576748
-0.000581975
-0.000555484
-0.000536777
-0.000488279
-0.000423212
-0.000380593
-0.000404516
-0.000680745
-0.00168134
-0.00178214
-0.00428973
-0.00286986
-0.00248159
-0.00224175
-0.00205216
-0.00206624
-0.00207581
-0.00209655
-0.00217309
-0.00235497
2.33991e-05
0.000916711
0.00147629
-0.00240512
0.000777716
0.000726569
0.000341933
0.000177679
5.44889e-05
2.07234e-06
7.54488e-05
9.61112e-05
9.63397e-05
8.82322e-05
9.29189e-05
0.000119848
0.000217004
6.75969e-05
-0.000101244
-0.00118649
-0.0007614
-0.00198757
-0.00216184
-0.00188471
-0.00169273
-0.0016871
-0.0017026
-0.00172904
-0.00172306
-0.00150907
-0.000357477
0.00306229
0.000953758
0.00287103
0.00145079
0.000385582
0.000310881
0.000276249
0.000233507
0.00022841
0.000237898
0.000257857
0.000249197
0.000229197
0.000214785
0.000285871
0.000140784
0.000273847
0.00027785
0.000130764
-0.000386992
-0.00124989
-0.0016564
-0.00153608
-0.00134994
-0.00130601
-0.00130237
-0.00131558
-0.00121384
-0.000858533
-0.000499381
0.00258277
0.000981259
0.00132395
0.00043043
0.000296863
0.000267298
0.000268179
0.000255767
0.000256937
0.000252778
0.000234318
0.000221145
0.000207793
0.000190663
0.000126158
0.00026593
0.000330332
0.000281612
0.000316621
0.000233293
-0.000502125
-0.0010247
-0.00113646
-0.00103851
-0.000987088
-0.000977263
-0.000963637
-0.000833742
-0.000517311
0.000223347
0.00240817
0.00142631
0.000421451
0.000273702
0.000222279
0.000210326
0.000213038
0.000209692
0.000196809
0.000168544
0.000131381
0.000107191
0.000101302
0.00011329
0.000129203
0.000138004
0.000188459
0.000223763
0.000247299
0.000301131
-5.1672e-05
-0.000495864
-0.000754237
-0.00077023
-0.000742079
-0.00072557
-0.00070309
-0.000590514
-0.000359648
7.03047e-05
0.00350676
0.000908605
0.000320145
0.000175684
0.000135498
0.000125988
0.000118775
9.54251e-05
6.37471e-05
3.93807e-05
-9.14857e-06
-1.21507e-05
-2.7149e-05
-1.38993e-05
4.4783e-05
8.72971e-05
7.44538e-05
0.000109371
0.000141871
0.000175502
3.44846e-05
-0.000274801
-0.000529877
-0.000589997
-0.000567082
-0.000552977
-0.000529497
-0.000467035
-0.000334234
6.15799e-05
0.00285798
0.00206311
0.000327971
9.20738e-05
2.17662e-05
2.84537e-06
-3.07692e-05
-7.86129e-05
-8.51403e-05
-0.000147719
-7.52201e-05
-0.00012544
-0.000140186
-0.000124302
-0.00011443
-8.12734e-05
-2.89684e-05
2.44365e-06
2.92165e-05
1.46176e-05
-5.77994e-05
-0.000254655
-0.000495828
-0.000519818
-0.000521301
-0.000454068
-0.000432365
-0.00042276
-0.000398996
-0.000270048
0.00192064
0.0021558
3.86754e-05
-3.50632e-05
-0.000103078
-0.000132439
-0.000201813
-0.000218684
-0.000324217
-0.000200017
-0.000225396
-0.000248541
-0.00024563
-0.000221239
-0.000185546
-0.000141251
-0.000104498
-7.4313e-05
-4.3202e-05
-5.12069e-05
-0.000155962
-0.000331222
-0.000472751
-0.000510623
-0.000355669
-0.000418775
-0.000382569
-0.000386184
-0.000410429
-0.000262367
0.00183402
0.00167706
-5.86338e-05
-0.000138237
-0.000173441
-0.000244629
-0.000277773
-0.000325543
-0.000232526
-0.000276096
-0.000305205
-0.000268177
-0.000240055
-0.000209691
-0.000169969
-0.00013689
-0.000107442
-7.29528e-05
-3.81722e-05
-2.7712e-05
-0.00011236
-0.000290483
-0.000464676
-0.000535647
-0.000590618
-0.000409173
-0.000345921
-0.000323675
-0.000301148
0.000291854
0.0019929
0.00165074
-0.000214324
-0.0002789
-0.000267445
-0.000300658
-0.000373554
-0.000386584
-0.000331999
-0.000255903
-0.000171126
-0.00011513
-8.66493e-05
-7.18187e-05
-5.99628e-05
-4.78614e-05
-2.93136e-05
-4.69148e-06
1.46151e-05
2.22636e-05
1.55564e-06
-0.000144697
-0.000326415
-0.000630856
-0.000114042
-0.000384231
-0.000300904
-0.000257612
-0.00022107
0.000360774
0.00164014
0.00187042
-5.02882e-05
-0.00020188
-0.000260323
-0.000267029
-0.000258483
-0.000178212
-9.33767e-05
-2.23727e-05
1.8051e-05
3.63551e-05
4.41347e-05
4.11078e-05
3.93074e-05
3.9822e-05
4.20495e-05
4.22181e-05
4.22418e-05
3.36273e-05
4.98623e-05
3.73465e-05
-9.80155e-05
-0.000285958
-0.000656133
-0.000374291
-0.000275481
-0.000192584
-0.000110404
0.000904605
-0.00114491
0.00184713
5.89472e-05
-1.58373e-05
-7.56749e-05
-5.78823e-05
-8.46508e-06
4.62218e-05
7.3546e-05
8.09405e-05
7.59349e-05
6.62607e-05
5.65423e-05
5.31555e-05
5.09418e-05
4.94607e-05
4.73302e-05
4.20753e-05
3.65971e-05
2.53779e-05
3.31203e-05
7.26416e-05
7.99818e-05
3.24828e-06
-0.000135049
-0.000237521
-0.000217689
-0.000157703
-0.000105546
3.41903e-05
-0.00309671
0.000273479
0.000126127
9.06503e-05
6.74383e-05
6.98271e-05
8.39804e-05
8.80244e-05
7.92167e-05
6.57621e-05
5.20267e-05
4.10167e-05
3.44793e-05
3.21464e-05
3.11678e-05
3.03341e-05
2.85173e-05
2.4479e-05
2.03557e-05
1.35238e-05
1.27592e-05
3.14169e-05
6.2962e-05
9.37728e-05
8.19387e-05
-4.88781e-06
-8.97427e-05
-0.000120854
-0.000177287
-0.000503419
0.00013352
-0.00367893
0.000166421
0.000104822
8.19166e-05
6.98606e-05
6.43425e-05
5.60705e-05
4.54734e-05
3.46563e-05
2.56997e-05
1.93176e-05
1.5635e-05
1.42598e-05
1.38078e-05
1.34625e-05
1.26497e-05
1.08093e-05
8.76648e-06
5.77835e-06
3.6517e-06
8.16602e-06
2.16051e-05
4.64632e-05
8.04805e-05
0.000104351
7.00227e-05
-2.13529e-05
-0.000133999
-0.000272878
0.000570801
-0.0033236
0.000162234
9.84654e-05
6.48532e-05
4.66772e-05
3.70487e-05
2.92996e-05
2.21419e-05
1.60743e-05
1.1444e-05
8.34412e-06
6.6027e-06
5.86341e-06
5.59765e-06
5.42306e-06
5.08317e-06
4.3377e-06
3.40789e-06
2.18446e-06
9.77749e-07
1.63141e-06
4.92326e-06
1.34407e-05
3.15346e-05
6.47977e-05
0.000107417
0.000113499
7.27469e-05
9.76734e-05
0.00043379
0.00119195
0.000137761
8.63822e-05
5.10017e-05
3.12676e-05
2.1792e-05
1.59882e-05
1.15482e-05
8.03433e-06
5.46236e-06
3.82031e-06
2.92484e-06
2.50123e-06
2.31332e-06
2.19061e-06
2.01464e-06
1.69019e-06
1.26409e-06
7.55726e-07
2.73525e-07
3.15668e-07
9.53681e-07
2.95391e-06
8.09086e-06
2.16918e-05
5.26098e-05
9.273e-05
0.000116833
0.000142648
0.000189729
0.000350552
0.000110581
7.56765e-05
4.41791e-05
2.39995e-05
1.4779e-05
1.00357e-05
6.87607e-06
4.53434e-06
2.89685e-06
1.90948e-06
1.39487e-06
1.13844e-06
1.00509e-06
9.12854e-07
8.07422e-07
6.51565e-07
4.54734e-07
2.4469e-07
7.94334e-08
6.4447e-08
1.77219e-07
6.00174e-07
1.81546e-06
5.4625e-06
1.53417e-05
3.29871e-05
5.17429e-05
7.31011e-05
9.60112e-05
0.000120088
8.90348e-05
6.77103e-05
4.10237e-05
2.08654e-05
1.13984e-05
7.1118e-06
4.59427e-06
2.85001e-06
1.68924e-06
1.03124e-06
7.07344e-07
5.46479e-07
4.55354e-07
3.90026e-07
3.25233e-07
2.4685e-07
1.57875e-07
7.52644e-08
2.29592e-08
1.40208e-08
3.35378e-08
1.20981e-07
4.02509e-07
1.31153e-06
3.85687e-06
9.09102e-06
1.8819e-05
3.85679e-05
6.08798e-05
6.68047e-05
7.47534e-05
6.23e-05
3.98161e-05
1.98458e-05
9.72836e-06
5.51411e-06
3.33222e-06
1.93168e-06
1.05171e-06
5.85694e-07
3.71969e-07
2.69688e-07
2.105e-07
1.68057e-07
1.30189e-07
9.14541e-08
5.30903e-08
2.24286e-08
6.43901e-09
3.22973e-09
6.69083e-09
2.49353e-08
9.10976e-08
3.13717e-07
9.49862e-07
2.64904e-06
8.16361e-06
2.29997e-05
4.1541e-05
4.35779e-05
6.60848e-05
5.89012e-05
3.98096e-05
1.99934e-05
8.92773e-06
4.53536e-06
2.5338e-06
1.36215e-06
6.76258e-07
3.41021e-07
1.99104e-07
1.34913e-07
9.85878e-08
7.31414e-08
5.22201e-08
3.35217e-08
1.74842e-08
6.51683e-09
1.72398e-09
7.69401e-10
1.41922e-09
5.39737e-09
2.10233e-08
7.38007e-08
2.37263e-07
8.79473e-07
4.11831e-06
1.46955e-05
2.98881e-05
3.30589e-05
6.15439e-05
5.75105e-05
4.06979e-05
2.07494e-05
8.55069e-06
3.84585e-06
1.95881e-06
9.68848e-07
4.37574e-07
2.00561e-07
1.07959e-07
6.83989e-08
4.67468e-08
3.20811e-08
2.09109e-08
1.20865e-08
5.58927e-09
1.82989e-09
4.38555e-10
1.84994e-10
3.18105e-10
1.2331e-09
4.92841e-09
1.70303e-08
6.04299e-08
3.34612e-07
2.28568e-06
9.65844e-06
2.15458e-05
2.53121e-05
6.03871e-05
5.77874e-05
4.21211e-05
2.16682e-05
8.30105e-06
3.27666e-06
1.50175e-06
6.79127e-07
2.80448e-07
1.18035e-07
5.88472e-08
3.46804e-08
2.19899e-08
1.38594e-08
8.17981e-09
4.21443e-09
1.71438e-09
4.91222e-10
1.05758e-10
4.41939e-11
7.46334e-11
2.95449e-10
1.16225e-09
3.9087e-09
1.60737e-08
1.41566e-07
1.3103e-06
6.37276e-06
1.55035e-05
1.90012e-05
6.16208e-05
5.91192e-05
4.36851e-05
2.23659e-05
7.95755e-06
2.74217e-06
1.12017e-06
4.62236e-07
1.76029e-07
6.84117e-08
3.15287e-08
1.7179e-08
1.0039e-08
5.78149e-09
3.07342e-09
1.402e-09
4.9838e-10
1.24524e-10
2.45041e-11
1.08374e-11
1.84721e-11
7.36392e-11
2.76437e-10
9.0584e-10
4.58115e-09
6.32755e-08
7.23864e-07
3.9439e-06
1.04585e-05
1.38719e-05
6.4324e-05
6.08767e-05
4.48763e-05
2.25048e-05
7.37164e-06
2.21116e-06
8.01968e-07
3.02922e-07
1.06731e-07
3.82918e-08
1.62879e-08
8.17905e-09
4.38006e-09
2.29217e-09
1.09177e-09
4.38447e-10
1.35541e-10
2.99465e-11
6.30235e-12
3.53151e-12
5.38794e-12
1.92596e-11
6.70024e-11
2.15516e-10
1.405e-09
2.82562e-08
3.72045e-07
2.21454e-06
6.40263e-06
8.90311e-06
6.74987e-05
6.23693e-05
4.53469e-05
2.18279e-05
6.48712e-06
1.69105e-06
5.46179e-07
1.89831e-07
6.17444e-08
2.0394e-08
7.99344e-09
3.68877e-09
1.80077e-09
8.50975e-10
3.60988e-10
1.27088e-10
3.45572e-11
7.80724e-12
2.9847e-12
2.40695e-12
2.61067e-12
5.79798e-12
1.69631e-11
5.31776e-11
4.55134e-10
1.20619e-08
1.74845e-07
1.11241e-06
3.36111e-06
4.68472e-06
6.99899e-05
6.29385e-05
4.46544e-05
2.0196e-05
5.34712e-06
1.21111e-06
3.51949e-07
1.12764e-07
3.37338e-08
1.02179e-08
3.67792e-09
1.55427e-09
6.8815e-10
2.91532e-10
1.0949e-10
3.41459e-11
9.28946e-12
3.66431e-12
2.94915e-12
2.57988e-12
2.33002e-12
2.72041e-12
5.02902e-12
1.38731e-11
1.49603e-10
4.74306e-09
7.32489e-08
4.91523e-07
1.53583e-06
2.14746e-06
7.04207e-05
6.16921e-05
4.23368e-05
1.76196e-05
4.07688e-06
8.04458e-07
2.13287e-07
6.30228e-08
1.72588e-08
4.76673e-09
1.56714e-09
6.03343e-10
2.40811e-10
9.08975e-11
3.06218e-11
9.76672e-12
4.74e-12
4.05967e-12
3.54292e-12
2.99338e-12
2.57549e-12
2.31737e-12
2.46868e-12
4.32328e-12
4.76684e-11
1.65633e-09
2.65824e-08
1.8649e-07
6.06167e-07
8.5956e-07
6.71164e-05
5.69097e-05
3.81476e-05
1.43195e-05
2.8414e-06
4.9247e-07
1.20683e-07
3.28925e-08
8.19919e-09
2.04905e-09
6.10202e-10
2.12153e-10
7.58779e-11
2.63729e-11
9.92795e-12
6.49666e-12
5.61211e-12
4.92098e-12
4.16381e-12
3.5726e-12
2.97199e-12
2.5234e-12
2.21529e-12
2.27843e-12
1.44993e-11
4.97878e-10
8.13568e-09
5.87036e-08
1.99677e-07
3.03565e-07
5.71753e-05
5.03112e-05
3.23813e-05
1.07001e-05
1.78855e-06
2.76381e-07
6.33244e-08
1.5904e-08
3.58218e-09
8.01334e-10
2.13255e-10
6.63451e-11
2.25028e-11
1.03163e-11
8.80632e-12
7.70045e-12
6.8113e-12
5.80588e-12
5.00385e-12
4.16366e-12
3.53187e-12
2.91861e-12
2.43384e-12
2.11506e-12
4.77306e-12
1.25789e-10
2.04402e-09
1.49109e-08
5.16699e-08
8.12606e-08
4.3642e-05
4.15156e-05
2.54688e-05
7.23547e-06
1.00447e-06
1.41159e-07
3.05705e-08
7.05735e-09
1.42176e-09
2.79687e-10
6.58143e-11
2.08743e-11
1.27289e-11
1.17467e-11
1.04221e-11
9.3213e-12
8.035e-12
6.98046e-12
5.84892e-12
4.98265e-12
4.11899e-12
3.43209e-12
2.80323e-12
2.34158e-12
2.51579e-12
2.68606e-11
4.13002e-10
2.99009e-09
1.02403e-08
1.55946e-08
2.82454e-05
3.13767e-05
1.82081e-05
4.34703e-06
4.97268e-07
6.51634e-08
1.3444e-08
2.8397e-09
5.03335e-10
8.5164e-11
2.18545e-11
1.63461e-11
1.53489e-11
1.38506e-11
1.25541e-11
1.09725e-11
9.62875e-12
8.15297e-12
6.99827e-12
5.8218e-12
4.86914e-12
3.97158e-12
3.29217e-12
2.6786e-12
2.30143e-12
5.82534e-12
6.65059e-11
4.65143e-10
1.55693e-09
2.28551e-09
1.04674e-05
2.04436e-05
1.15031e-05
2.26795e-06
2.14653e-07
2.69194e-08
5.31521e-09
1.01805e-09
1.54269e-10
2.68885e-11
2.04704e-11
1.95576e-11
1.80002e-11
1.65629e-11
1.4711e-11
1.30668e-11
1.12068e-11
9.71378e-12
8.16374e-12
6.87501e-12
5.63562e-12
4.69392e-12
3.82432e-12
3.11979e-12
2.52683e-12
2.55169e-12
9.50962e-12
5.59724e-11
1.79336e-10
2.53886e-10
-6.43242e-06
1.02122e-05
6.19045e-06
1.00068e-06
7.95511e-08
9.79933e-09
1.85294e-09
3.15706e-10
4.33444e-11
2.47642e-11
2.41804e-11
2.28287e-11
2.13309e-11
1.92994e-11
1.73754e-11
1.5126e-11
1.3264e-11
1.12831e-11
9.5923e-12
7.93191e-12
6.65309e-12
5.44781e-12
4.45969e-12
3.59637e-12
2.93739e-12
2.4257e-12
2.63049e-12
6.39424e-12
1.65854e-11
2.19654e-11
-1.81548e-05
2.78231e-06
2.71476e-06
3.62635e-07
2.48822e-08
3.07232e-09
5.511e-10
8.32355e-11
2.8836e-11
2.889e-11
2.80231e-11
2.67107e-11
2.46648e-11
2.25791e-11
1.99853e-11
1.77607e-11
1.53152e-11
1.31656e-11
1.1005e-11
9.31575e-12
7.68924e-12
6.33429e-12
5.12943e-12
4.20454e-12
3.39459e-12
2.74054e-12
2.28205e-12
2.17514e-12
2.64981e-12
2.65199e-12
-2.16158e-05
-9.06665e-07
9.07015e-07
1.04506e-07
6.40718e-09
8.00375e-10
1.32522e-10
3.19375e-11
3.3086e-11
3.31612e-11
3.23911e-11
3.06106e-11
2.85983e-11
2.57868e-11
2.32752e-11
2.03769e-11
1.77351e-11
1.50124e-11
1.284e-11
1.07035e-11
8.88849e-12
7.25026e-12
5.97808e-12
4.84646e-12
3.91934e-12
3.15374e-12
2.57622e-12
2.13946e-12
1.91902e-12
1.53883e-12
-1.68875e-05
-1.54982e-06
1.9903e-07
2.28099e-08
1.30756e-09
1.62812e-10
3.28633e-11
3.59361e-11
3.74576e-11
3.77819e-11
3.69543e-11
3.5222e-11
3.25205e-11
2.98544e-11
2.65911e-11
2.34693e-11
2.01551e-11
1.74345e-11
1.46927e-11
1.23135e-11
1.01328e-11
8.41071e-12
6.85775e-12
5.57034e-12
4.48935e-12
3.63695e-12
2.94529e-12
2.41111e-12
2.05967e-12
1.5731e-12
-8.3857e-06
-9.37591e-07
1.77482e-08
3.50831e-09
2.02708e-10
3.09152e-11
3.566e-11
3.98047e-11
4.20994e-11
4.27569e-11
4.21562e-11
4.01728e-11
3.76157e-11
3.42456e-11
3.07369e-11
2.68623e-11
2.35365e-11
2.0084e-11
1.70023e-11
1.412e-11
1.17937e-11
9.66535e-12
7.87872e-12
6.36361e-12
5.1689e-12
4.15102e-12
3.35288e-12
2.72974e-12
2.26676e-12
1.67185e-12
-2.77676e-06
-3.4585e-07
-4.54315e-09
3.39951e-10
3.04086e-11
3.08052e-11
3.82949e-11
4.394e-11
4.74851e-11
4.90216e-11
4.88939e-11
4.71899e-11
4.42315e-11
4.07254e-11
3.64592e-11
3.2472e-11
2.81755e-11
2.41581e-11
2.0288e-11
1.7052e-11
1.40231e-11
1.14268e-11
9.19301e-12
7.42405e-12
5.92784e-12
4.74172e-12
3.80016e-12
3.07954e-12
2.48863e-12
1.77596e-12
-6.50673e-07
-8.26095e-08
-1.87212e-09
1.73824e-11
2.55569e-11
3.13312e-11
4.13839e-11
4.97382e-11
5.56353e-11
5.90737e-11
6.02656e-11
5.91828e-11
5.65295e-11
5.2475e-11
4.80773e-11
4.28464e-11
3.75732e-11
3.22117e-11
2.74472e-11
2.27812e-11
1.85918e-11
1.48434e-11
1.17581e-11
9.12805e-12
7.06674e-12
5.48138e-12
4.30986e-12
3.4616e-12
2.73316e-12
1.87493e-12
-1.02144e-07
-1.23015e-08
-3.34109e-10
-5.45288e-12
1.97088e-11
3.26723e-11
4.78959e-11
6.14891e-11
7.21624e-11
7.95666e-11
8.38126e-11
8.48829e-11
8.28212e-11
7.92717e-11
7.3679e-11
6.71877e-11
5.98036e-11
5.26401e-11
4.50255e-11
3.76698e-11
3.05801e-11
2.42265e-11
1.83858e-11
1.34795e-11
9.60682e-12
6.85125e-12
5.02061e-12
3.901e-12
3.02414e-12
2.04202e-12
-9.49678e-09
-1.1262e-09
-6.97537e-11
-1.63791e-11
1.78973e-11
4.21474e-11
6.51733e-11
8.86939e-11
1.08478e-10
1.23675e-10
1.34144e-10
1.39741e-10
1.40637e-10
1.37507e-10
1.31646e-10
1.23061e-10
1.13492e-10
1.01921e-10
8.96286e-11
7.66974e-11
6.3999e-11
5.08765e-11
3.83113e-11
2.69046e-11
1.75325e-11
1.06436e-11
6.55368e-12
4.5342e-12
3.36151e-12
2.21925e-12
-5.92461e-10
-1.61749e-10
-5.45055e-11
-2.29085e-11
2.86859e-11
8.11375e-11
1.07193e-10
1.46475e-10
1.80682e-10
2.08302e-10
2.28946e-10
2.42225e-10
2.48589e-10
2.48546e-10
2.43193e-10
2.34578e-10
2.21412e-10
2.05358e-10
1.86564e-10
1.66158e-10
1.43183e-10
1.18261e-10
9.19653e-11
6.61085e-11
4.22116e-11
2.32105e-11
1.13141e-11
5.95472e-12
3.82516e-12
2.50288e-12
-1.64443e-10
-1.37108e-10
-5.83237e-11
-2.38727e-11
7.07205e-11
1.60233e-10
2.12201e-10
2.38691e-10
2.88946e-10
3.29777e-10
3.61532e-10
3.83909e-10
3.98036e-10
4.03533e-10
4.02767e-10
3.95655e-10
3.83915e-10
3.66931e-10
3.46326e-10
3.19206e-10
2.8724e-10
2.48626e-10
2.04342e-10
1.5456e-10
1.04198e-10
5.9301e-11
2.67099e-11
1.02986e-11
4.72234e-12
2.72795e-12
-1.52749e-10
-1.44512e-10
-5.33799e-11
4.96887e-12
1.49802e-10
2.21906e-10
3.71219e-10
3.35943e-10
3.67522e-10
4.13062e-10
4.48491e-10
4.75175e-10
4.95413e-10
5.07564e-10
5.12261e-10
5.13898e-10
5.12582e-10
5.07102e-10
4.95603e-10
4.78805e-10
4.51163e-10
4.1241e-10
3.59172e-10
2.93148e-10
2.15752e-10
1.36762e-10
6.65014e-11
2.32908e-11
7.13714e-12
3.27885e-12
-1.3505e-10
-1.3745e-10
-3.21877e-11
1.61146e-11
9.54131e-11
1.44481e-10
3.14483e-10
2.83627e-10
2.51876e-10
2.77228e-10
3.00827e-10
3.21118e-10
3.42704e-10
3.55171e-10
3.63462e-10
3.76317e-10
3.93471e-10
4.03576e-10
4.09485e-10
4.12928e-10
4.11939e-10
4.0675e-10
3.94056e-10
3.57273e-10
3.03515e-10
2.39506e-10
1.40898e-10
5.43715e-11
1.35386e-11
3.76561e-12
-9.78422e-11
-1.10508e-10
-1.63604e-11
8.33314e-14
-5.17932e-12
-2.08248e-10
-3.17053e-10
-4.11601e-10
-3.26526e-10
-3.15241e-10
-3.14549e-10
-3.08142e-10
-2.89425e-10
-2.92568e-10
-2.9457e-10
-2.73532e-10
-2.35089e-10
-2.19819e-10
-2.11539e-10
-1.9734e-10
-1.74884e-10
-1.34495e-10
-7.04812e-11
-1.18757e-11
7.86289e-11
2.17958e-10
2.11225e-10
1.03903e-10
2.72616e-11
5.69897e-12
-2.12019e-11
-5.7305e-11
-5.78674e-12
-6.1078e-12
-4.78583e-11
-7.40093e-10
-1.91158e-09
-1.9251e-09
-1.34557e-09
-1.36676e-09
-1.47151e-09
-1.49899e-09
-1.47728e-09
-1.58402e-09
-1.63323e-09
-1.60877e-09
-1.50504e-09
-1.55022e-09
-1.58223e-09
-1.55812e-09
-1.51201e-09
-1.43033e-09
-1.23764e-09
-1.07399e-09
-7.55391e-10
-1.47582e-10
1.35582e-10
1.22086e-10
4.00087e-11
6.49811e-12
)
;

boundaryField
{
    inlet
    {
        type            calculated;
        value           nonuniform List<scalar> 
30
(
-18.9479
-19.1927
-19.3767
-19.3182
-19.2721
-19.2064
-19.126
-17.5679
-16.6573
-17.1069
-16.8857
-16.9369
-17.0462
-17.0733
-16.9327
-16.9119
-17.0918
-17.4766
-17.2257
-19.3556
-19.4397
-19.5041
-19.5289
-19.5583
-19.5884
-19.754
-19.8953
-19.6199
-19.2859
-19.2303
)
;
    }
    outlet
    {
        type            calculated;
        value           nonuniform List<scalar> 
30
(
-2.12019e-11
-5.7305e-11
-5.78674e-12
-6.1078e-12
-4.78583e-11
-7.40093e-10
-1.91158e-09
-1.9251e-09
-1.34557e-09
-1.36676e-09
-1.47151e-09
-1.49899e-09
-1.47728e-09
-1.58402e-09
-1.63323e-09
-1.60877e-09
-1.50504e-09
-1.55022e-09
-1.58223e-09
-1.55812e-09
-1.51201e-09
-1.43033e-09
-1.23764e-09
-1.07399e-09
-7.55391e-10
-1.47582e-10
1.35582e-10
1.22086e-10
4.00087e-11
6.49811e-12
)
;
    }
    walls
    {
        type            calculated;
        value           nonuniform List<scalar> 
400
(
-18.9479
-2.55693
-0.343069
-0.0713102
-0.0442205
-0.0417088
-0.0412574
-0.0483055
-0.0599308
-0.0564271
-0.0411943
-0.0297518
-0.0289122
-0.0315029
-0.034127
-0.0362069
-0.0374669
-0.0381201
-0.0383663
-0.0384809
-0.0386528
-0.0389712
-0.0393228
-0.0396447
-0.0398568
-0.039859
-0.0396123
-0.0393009
-0.0388579
-0.0382242
-0.0370449
-0.0358995
-0.0350148
-0.0342803
-0.033465
-0.0318183
-0.0282349
-0.0250674
-0.02459
-0.0285554
-0.0332703
-0.0293834
-0.0187752
-0.00995062
-0.00263281
0.00818077
0.0102279
0.0239632
0.0191805
0.0108384
0.0088464
0.00755012
0.00629065
0.00507389
0.0038748
0.00318197
0.00277624
0.00291188
0.00296058
0.00286479
0.00291177
0.0026301
0.00272205
0.00254803
0.0021891
0.00195447
0.00213734
0.0026814
0.00352771
0.00354203
0.00379619
0.00374304
0.00362019
0.00374209
0.00450137
0.00540888
0.0058388
0.00608299
0.00540945
0.00514036
0.00514336
0.00499438
0.00443004
0.00206866
-2.90291e-05
-0.000448097
-5.93302e-05
0.000793734
0.00227441
0.00523026
0.00930978
0.0135079
0.0170628
0.019473
0.0199087
0.018223
0.0129908
0.000264261
-0.0142348
-0.0236099
-0.0345281
-0.0459478
-0.0455152
-0.0377173
-0.0293549
-0.0304272
-0.0386764
-0.0477231
-0.0586244
-0.0692624
-0.0734866
-0.0689158
-0.0599543
-0.0517373
-0.0449732
-0.0393238
-0.0344086
-0.0297597
-0.0249368
-0.0195338
-0.0125762
-0.00616835
-0.00978861
-0.0162394
-0.0186891
-0.0167611
0.000459462
0.0218465
0.0386497
0.0339236
0.0122646
0.00809225
0.00694499
0.00594979
0.00514415
0.0044117
0.00373501
0.00322548
0.0027965
0.0021797
0.000674756
0.000362878
0.00257769
0.00379946
0.00324314
0.00358798
0.0133679
-0.0153591
-0.000433315
-0.000329006
-0.000219967
-0.000209367
0.00142403
-0.00479094
-0.00240512
0.00287103
0.00132395
0.000421451
0.000320145
0.000327971
3.86754e-05
-5.86338e-05
-0.000214324
-5.02882e-05
5.89472e-05
0.000126127
0.000166421
0.000162234
0.000137761
0.000110581
8.90348e-05
7.47534e-05
6.60848e-05
6.15439e-05
6.03871e-05
6.16208e-05
6.4324e-05
6.74987e-05
6.99899e-05
7.04207e-05
6.71164e-05
5.71753e-05
4.3642e-05
2.82454e-05
1.04674e-05
-6.43242e-06
-1.81548e-05
-2.16158e-05
-1.68875e-05
-8.3857e-06
-2.77676e-06
-6.50673e-07
-1.02144e-07
-9.49678e-09
-5.92461e-10
-1.64443e-10
-1.52749e-10
-1.3505e-10
-9.78422e-11
-2.12019e-11
-19.2303
-2.44543
-0.264646
-0.0786606
-0.0536546
-0.0448207
-0.0451716
-0.0591094
-0.0777991
-0.0711144
-0.0481564
-0.0397461
-0.0408293
-0.0426891
-0.0425857
-0.0420697
-0.0415566
-0.0406725
-0.0391642
-0.0369005
-0.0387782
-0.040118
-0.0388658
-0.0399897
-0.0408732
-0.0406654
-0.0400661
-0.0393694
-0.0386597
-0.0378865
-0.0370125
-0.0360428
-0.0349994
-0.0339121
-0.0327616
-0.0314916
-0.0300539
-0.0283637
-0.0262176
-0.0246023
-0.0241258
-0.0241303
-0.0245032
-0.0247716
-0.0223383
-0.0168497
-0.011821
-0.00447567
0.00235177
0.00401731
0.00126669
0.000654056
0.00186201
0.00207448
0.00237027
0.00259588
0.00260604
0.0022237
0.0016141
0.00179464
0.00224278
0.0013243
0.00106228
0.00345279
0.00480647
0.00432585
0.00380774
0.00346036
0.00307794
0.00275868
0.00291588
0.00360106
0.00395197
0.00440837
0.00406883
0.00445852
0.00542595
0.00666442
0.0075091
0.00743649
0.00687995
0.00557239
0.00442118
0.00362187
0.00339907
0.00309806
0.00183164
-0.0012896
-0.00252998
-0.00380974
-0.00468488
-0.00620454
-0.00804641
-0.00943065
-0.0102773
-0.0105809
-0.0102121
-0.00926543
-0.00772718
-0.00549206
-0.00325647
-0.00353048
-0.00644832
-0.00909168
-0.0116632
-0.0145963
-0.0187906
-0.021513
-0.0222953
-0.0220416
-0.0213464
-0.020272
-0.0187583
-0.0168428
-0.0146448
-0.0122777
-0.00981675
-0.00723335
-0.00450642
-0.00165789
0.00128404
0.00428594
0.00724752
0.0100378
0.0125167
0.0144264
-0.0439121
0.0413603
0.0160311
0.0428336
0.0299287
-0.0193049
-0.0561701
-0.0151437
0.0104139
0.00584392
0.00479514
0.00434109
0.00302244
0.00285136
0.00212281
0.00172211
0.00179282
0.0018593
0.0017157
0.00149156
0.00122212
0.000850953
0.000737964
0.000809964
0.000646964
0.00108333
0.00214529
0.00147629
0.000953758
0.000981259
0.00142631
0.000908605
0.00206311
0.0021558
0.00167706
0.00165074
0.00187042
0.00184713
0.000273479
-0.00367893
-0.0033236
0.00119195
0.000350552
0.000120088
6.68047e-05
4.35779e-05
3.30589e-05
2.53121e-05
1.90012e-05
1.38719e-05
8.90311e-06
4.68472e-06
2.14746e-06
8.5956e-07
3.03565e-07
8.12606e-08
1.55946e-08
2.28551e-09
2.53886e-10
2.19654e-11
2.65199e-12
1.53883e-12
1.5731e-12
1.67185e-12
1.77596e-12
1.87493e-12
2.04202e-12
2.21925e-12
2.50288e-12
2.72795e-12
3.27885e-12
3.76561e-12
5.69897e-12
6.49811e-12
)
;
    }
    frontAndBackPlanes
    {
        type            empty;
    }
}


// ************************************************************************* //
