/*--------------------------------*- C++ -*----------------------------------*\
| =========                 |                                                 |
| \\      /  F ield         | OpenFOAM: The Open Source CFD Toolbox           |
|  \\    /   O peration     | Version:  v1606+                                |
|   \\  /    A nd           | Web:      www.OpenFOAM.com                      |
|    \\/     M anipulation  |                                                 |
\*---------------------------------------------------------------------------*/
FoamFile
{
    version     2.0;
    format      ascii;
    class       volScalarField;
    location    "1.65";
    object      dgdt;
}
// * * * * * * * * * * * * * * * * * * * * * * * * * * * * * * * * * * * * * //

dimensions      [0 0 -1 0 0 0 0];

internalField   nonuniform List<scalar> 
6000
(
-19.3585
-19.1733
-19.2559
-19.3311
-19.3488
-19.2851
-19.0869
-18.7823
-18.4893
-17.9615
-16.5788
-15.6506
-15.673
-15.4414
-15.2782
-15.8114
-16.514
-18.0126
-18.8073
-19.0965
-19.2927
-19.4088
-19.4726
-19.5022
-19.4846
-19.4138
-17.4527
-15.0726
-15.5021
-15.3575
-2.31252
-2.21197
-2.19191
-2.23323
-2.28356
-2.26656
-2.24169
-2.25234
-2.23575
-2.01598
-2.05857
-2.30284
-2.28255
-2.25631
-2.20999
-2.13114
-2.10804
-2.09492
-2.1122
-2.07983
-2.08484
-2.06433
-2.01132
-1.94665
-1.84842
-1.75586
-2.06758
-2.41739
-2.3189
-2.501
-0.17372
-0.185246
-0.168264
-0.160706
-0.171757
-0.179682
-0.192907
-0.241982
-0.37879
-0.595873
-0.495049
-0.466921
-0.506245
-0.516467
-0.474689
-0.463119
-0.500203
-0.387337
-0.293283
-0.243819
-0.188794
-0.151264
-0.137895
-0.133973
-0.130051
-0.133378
-0.159911
-0.193754
-0.22822
-0.279918
-0.0296308
-0.0459054
-0.0349835
-0.0320211
-0.0345386
-0.0370997
-0.0408429
-0.0533105
-0.109823
-0.332653
-0.342353
-0.214261
-0.215909
-0.236663
-0.212607
-0.233482
-0.297389
-0.14807
-0.0808072
-0.0571707
-0.0491765
-0.0366608
-0.0312727
-0.0295001
-0.027648
-0.0262032
-0.0271583
-0.0297847
-0.0551294
-0.0772317
-0.0222751
-0.0270864
-0.0234961
-0.0239053
-0.0262163
-0.0279312
-0.0306417
-0.0355408
-0.0506372
-0.156078
-0.316133
-0.185041
-0.12609
-0.163037
-0.151112
-0.139805
-0.159174
-0.0830375
-0.045136
-0.0395854
-0.0461572
-0.0357639
-0.0304958
-0.0300367
-0.0274678
-0.0239321
-0.0222566
-0.022253
-0.0357634
-0.0387529
-0.0241067
-0.0263457
-0.0259243
-0.0290026
-0.0326431
-0.0342015
-0.035783
-0.0391918
-0.0441133
-0.0804119
-0.220594
-0.222474
-0.0939433
-0.103039
-0.159854
-0.123812
-0.0638708
-0.0457815
-0.0379563
-0.0402443
-0.0481031
-0.038949
-0.0373372
-0.0405168
-0.0381375
-0.0344143
-0.0324815
-0.0309226
-0.0347156
-0.0321573
-0.0281145
-0.0308483
-0.0338019
-0.0395996
-0.0430549
-0.0379913
-0.0337305
-0.0350545
-0.0303497
-0.043526
-0.110322
-0.187332
-0.102627
-0.0555784
-0.126439
-0.165213
-0.0656528
-0.0142502
-0.0322209
-0.0362001
-0.0426076
-0.0365814
-0.0346276
-0.0375932
-0.038212
-0.0367354
-0.0376605
-0.0348327
-0.0390964
-0.0380391
-0.0294741
-0.0320583
-0.0332725
-0.0333819
-0.0290908
-0.0214693
-0.0176314
-0.0157086
-0.0101677
-0.0107155
-0.0300897
-0.0917046
-0.0972706
-0.0548325
-0.0603833
-0.13503
-0.107572
-0.0300004
-0.0174277
-0.0177605
-0.0315154
-0.0284284
-0.0240081
-0.0232882
-0.0229245
-0.0240586
-0.0268788
-0.0285848
-0.0333547
-0.0354005
-0.0230936
-0.0238934
-0.0196722
-0.013923
-0.0101529
-0.0101124
-0.010735
-0.00864993
-0.00420525
0.00334115
0.00312164
-0.00964247
-0.0503048
-0.0551583
-0.0389444
-0.0677938
-0.101297
-0.0599427
-0.00634707
0.0140456
-0.0144805
-0.0190278
-0.0186874
-0.0181387
-0.0170007
-0.0163967
-0.0164367
-0.0169773
-0.0182693
-0.0196719
-0.0141423
-0.0117277
-0.0101661
-0.0100205
-0.0102683
-0.0118685
-0.0118344
-0.01028
-0.00686977
0.000212089
0.00657947
0.00335939
-0.0180722
-0.0378041
-0.0418268
-0.0409272
-0.0651044
-0.059997
-0.0219929
0.0242917
0.0122616
-0.00958446
-0.0155083
-0.0157868
-0.0151339
-0.0154511
-0.0150635
-0.0144123
-0.0135307
-0.013217
-0.010203
-0.0106185
-0.0115059
-0.0121683
-0.0127238
-0.0131113
-0.0132024
-0.0120658
-0.0102772
-0.00649289
-0.00397978
-0.00752673
-0.0176488
-0.0281253
-0.0343718
-0.0282803
-0.0284957
-0.0395821
-0.0424955
-0.00863738
0.0157949
0.00400709
-0.00985677
-0.0135075
-0.0142859
-0.0149127
-0.0149734
-0.0148619
-0.0144885
-0.0129047
-0.0112399
-0.0119564
-0.0126435
-0.0133537
-0.0142816
-0.0150853
-0.0154169
-0.0147006
-0.0136959
-0.012576
-0.0122211
-0.015166
-0.0213372
-0.026255
-0.0279921
-0.0223901
-0.0176579
-0.020165
-0.0300144
-0.0249058
-0.00608144
0.00616238
-0.00473485
-0.0121187
-0.0137503
-0.0140683
-0.014175
-0.0145002
-0.0155783
-0.0154779
-0.013329
-0.0135589
-0.0143231
-0.015436
-0.0166181
-0.0171897
-0.0172039
-0.0170152
-0.0165029
-0.0159031
-0.0164164
-0.0200818
-0.0250833
-0.028057
-0.0290397
-0.0244279
-0.0195875
-0.0194484
-0.0230652
-0.0255335
-0.0202853
-0.007649
-0.00486772
-0.0118553
-0.0135647
-0.0132686
-0.0130062
-0.0132994
-0.0146637
-0.0164322
-0.0152492
-0.0159881
-0.016345
-0.0172292
-0.0178284
-0.0180645
-0.0180805
-0.0185576
-0.0187447
-0.0182153
-0.0198418
-0.0234098
-0.0278051
-0.0303259
-0.0308342
-0.0269242
-0.022823
-0.0221818
-0.0233794
-0.024072
-0.0214137
-0.0184697
-0.010929
-0.0122205
-0.0136457
-0.0128754
-0.0123112
-0.0119895
-0.0126498
-0.0144802
-0.0163646
-0.0173294
-0.0174908
-0.0180687
-0.0183018
-0.018251
-0.0183092
-0.0189618
-0.0203609
-0.0211335
-0.0226437
-0.024665
-0.0276153
-0.029954
-0.0292478
-0.0257768
-0.023667
-0.0234044
-0.022974
-0.0229084
-0.0206056
-0.0185802
-0.015567
-0.0129719
-0.0136906
-0.0126515
-0.0119232
-0.0110776
-0.0108042
-0.0117129
-0.0165912
-0.0172674
-0.0174302
-0.0178694
-0.0180406
-0.0181068
-0.0183309
-0.0190191
-0.0203934
-0.0224574
-0.0244785
-0.0243876
-0.0259498
-0.0269882
-0.0253919
-0.0235078
-0.0219657
-0.0221141
-0.0222484
-0.0220354
-0.0210571
-0.0188119
-0.0179773
-0.0150644
-0.0145331
-0.012969
-0.0115678
-0.00993411
-0.00913969
-0.00806137
-0.0160937
-0.0164636
-0.016811
-0.0172355
-0.0175425
-0.0178584
-0.0183178
-0.0192236
-0.0207828
-0.02292
-0.024508
-0.0244426
-0.0245926
-0.0245177
-0.023835
-0.0238022
-0.0237237
-0.0240927
-0.0237667
-0.0246576
-0.0237878
-0.0224632
-0.0221993
-0.0176749
-0.0159371
-0.013498
-0.0116155
-0.00962232
-0.00803633
-0.0136972
-0.0152622
-0.0155762
-0.0160759
-0.0166035
-0.0170695
-0.0177066
-0.0185201
-0.019874
-0.0219155
-0.0246128
-0.0264736
-0.0258248
-0.0251092
-0.0261458
-0.0281537
-0.0316601
-0.0337545
-0.0335085
-0.0321205
-0.0326548
-0.0320778
-0.0306104
-0.0285441
-0.0207557
-0.0169091
-0.0140192
-0.012421
-0.0123216
-0.0132183
-0.0149425
-0.0141621
-0.0145499
-0.015297
-0.0161045
-0.0168213
-0.0181099
-0.0193534
-0.0214072
-0.0239516
-0.0270286
-0.0303916
-0.0307364
-0.0303451
-0.0338344
-0.0400927
-0.047641
-0.0512539
-0.0520498
-0.0509532
-0.0515361
-0.0509338
-0.0480999
-0.0361772
-0.0228354
-0.0169537
-0.0135094
-0.0119206
-0.0126693
-0.0141688
-0.0150141
-0.0126272
-0.0130751
-0.0142266
-0.015527
-0.0164313
-0.0187274
-0.0211356
-0.0244983
-0.0265526
-0.0281497
-0.0305802
-0.033142
-0.0340962
-0.0403796
-0.0476234
-0.0564518
-0.0614316
-0.068099
-0.0708971
-0.0719567
-0.0720488
-0.066541
-0.0371446
-0.0221172
-0.0122628
-0.00958836
-0.0107939
-0.013429
-0.0145213
-0.0146167
-0.0104316
-0.0113772
-0.012545
-0.014869
-0.0138169
-0.0250872
-0.024959
-0.0298077
-0.0291732
-0.0284491
-0.0281354
-0.0268413
-0.0270636
-0.0316166
-0.0367196
-0.0477757
-0.0467004
-0.0534517
-0.0598621
-0.0631997
-0.0620876
-0.0479909
-0.0271948
-0.0165766
-0.011946
-0.010525
-0.0126764
-0.0145779
-0.0150115
-0.0149003
-0.00856457
-0.0140853
-0.00969552
-0.0122739
-0.0102758
-0.0144157
-0.0210046
-0.0293805
-0.0236015
-0.0234267
-0.0225845
-0.0193741
-0.0169377
-0.0158238
-0.0135643
-0.0151954
-0.0183264
-0.0230929
-0.0286953
-0.0322975
-0.0306676
-0.0200081
-0.0129466
-0.0109537
-0.0113197
-0.0122938
-0.0137555
-0.0148644
-0.0156252
-0.0155425
-0.010001
-0.00596431
-0.0071674
-0.00354392
-0.0121547
-0.0104214
-0.0117256
-0.00992508
-0.00927081
-0.013387
-0.0175472
-0.018597
-0.0169631
-0.0126716
-0.00934179
-0.00646894
-0.00829988
-0.00970452
-0.0112223
-0.0121057
-0.0114033
-0.00990052
-0.0097873
-0.0106661
-0.0114806
-0.0122116
-0.0132395
-0.0144161
-0.0156588
-0.0157013
-0.0101042
-0.00921213
-0.00966853
-0.008173
-0.0097031
-0.00920958
-0.00800365
-0.00407974
-0.00358167
-0.00539472
-0.0111812
-0.0197651
-0.0209868
-0.015862
-0.0109346
-0.00807634
-0.00753382
-0.00725788
-0.00741188
-0.00752411
-0.00714991
-0.00832421
-0.0101107
-0.011947
-0.0127275
-0.0128534
-0.0133316
-0.0142577
-0.015369
-0.0154125
-0.00993739
-0.0100476
-0.0100017
-0.0097261
-0.00947301
-0.00927911
-0.00753758
-0.0047382
-0.00351933
-0.00316486
-0.00541444
-0.0132065
-0.0201896
-0.0188424
-0.0139112
-0.0103577
-0.00860412
-0.00751254
-0.00704943
-0.00699282
-0.0072694
-0.00937895
-0.0122827
-0.0138786
-0.0139626
-0.0136442
-0.0137288
-0.0142025
-0.0149685
-0.014886
-0.00956378
-0.0101507
-0.00962305
-0.0093881
-0.0094776
-0.00975613
-0.00896077
-0.00634715
-0.00421949
-0.00406992
-0.00473524
-0.00904436
-0.0163385
-0.0189114
-0.0159996
-0.0128334
-0.0106819
-0.00901078
-0.00790691
-0.00779632
-0.00946856
-0.0127468
-0.0152593
-0.0157528
-0.0150415
-0.0143437
-0.0140569
-0.0141394
-0.014547
-0.0142913
-0.00886106
-0.0092518
-0.00896736
-0.00908332
-0.00982056
-0.0108403
-0.0107635
-0.00893258
-0.0057929
-0.00553127
-0.00598693
-0.00829632
-0.013453
-0.01734
-0.0170948
-0.0147465
-0.0124869
-0.0108919
-0.00999868
-0.0107302
-0.013594
-0.0168886
-0.0181153
-0.0173878
-0.0160828
-0.0149951
-0.0143163
-0.0140412
-0.0141009
-0.0136815
-0.00842904
-0.00848303
-0.00842437
-0.00893716
-0.0106048
-0.0129492
-0.0142452
-0.0123344
-0.00976825
-0.00821612
-0.00821474
-0.00916571
-0.0121231
-0.0155913
-0.0174326
-0.016584
-0.0144019
-0.0132467
-0.0138933
-0.0165098
-0.019819
-0.021781
-0.0213377
-0.0195023
-0.0175874
-0.0159699
-0.0147512
-0.0140071
-0.0136657
-0.0131014
-0.00815254
-0.00781762
-0.00757636
-0.0083644
-0.0116614
-0.0165005
-0.0210952
-0.0198773
-0.0173546
-0.0137524
-0.0123903
-0.0116037
-0.012722
-0.0146441
-0.0167972
-0.0178451
-0.0177739
-0.0187619
-0.0221204
-0.0263303
-0.0285695
-0.0282611
-0.0257851
-0.0229095
-0.0202491
-0.0178454
-0.0158155
-0.014334
-0.0134094
-0.0126599
-0.00772152
-0.00699943
-0.0058408
-0.00618781
-0.012503
-0.0203685
-0.0312359
-0.0370121
-0.0348499
-0.0263624
-0.0207617
-0.0178701
-0.0162829
-0.0154591
-0.0174075
-0.0223299
-0.0271856
-0.0316356
-0.0363472
-0.0393664
-0.0388619
-0.0355024
-0.0314746
-0.0277162
-0.0241361
-0.0207426
-0.017689
-0.0152223
-0.0135111
-0.0124838
-0.00653606
-0.00581942
-0.00263469
0.000187055
-0.00826406
-0.0171144
-0.0332377
-0.0574062
-0.0679704
-0.0544286
-0.0387325
-0.0312456
-0.0257592
-0.0241935
-0.0309493
-0.0395713
-0.0464226
-0.0503873
-0.0523063
-0.0512488
-0.0472144
-0.0422602
-0.0375713
-0.0330467
-0.0285475
-0.0240991
-0.0199455
-0.0164192
-0.0138797
-0.0125061
-0.00467857
-0.00378492
0.000178193
-0.00285826
-0.00859295
-0.0141525
-0.0273086
-0.0559133
-0.088394
-0.0880842
-0.0649366
-0.0534156
-0.0498344
-0.051899
-0.0594092
-0.0669701
-0.0707782
-0.0692749
-0.0650854
-0.0592643
-0.0534116
-0.0481083
-0.0431285
-0.0381341
-0.0328912
-0.0274196
-0.0221243
-0.0175041
-0.0142061
-0.0124546
-0.00432948
-0.00771724
-0.0041606
-0.00976954
-0.0121592
-0.0141624
-0.0197411
-0.0371119
-0.0657694
-0.0799172
-0.0796215
-0.0732798
-0.0764396
-0.0842584
-0.0874472
-0.0909619
-0.0900783
-0.0830436
-0.074617
-0.0663015
-0.0592465
-0.0533304
-0.0480371
-0.042729
-0.0369362
-0.0305747
-0.0240334
-0.0182807
-0.0143152
-0.0120796
-0.00717355
-0.0133149
-0.0103228
-0.0105522
-0.0113631
-0.0124671
-0.0162044
-0.023124
-0.0383774
-0.0552978
-0.0698379
-0.0812241
-0.0900165
-0.0980684
-0.102777
-0.105797
-0.102161
-0.0920143
-0.0811291
-0.0725931
-0.0647825
-0.0581713
-0.0523571
-0.0467053
-0.0405073
-0.0334598
-0.025567
-0.0188089
-0.014485
-0.0111813
-0.0112487
-0.0158573
-0.0135291
-0.0113518
-0.010097
-0.0113092
-0.016932
-0.0274798
-0.0408698
-0.047203
-0.0545774
-0.0706415
-0.0904069
-0.106242
-0.114282
-0.116231
-0.10969
-0.0968656
-0.0855892
-0.07713
-0.0690166
-0.0621735
-0.0555329
-0.0494783
-0.0431454
-0.0357889
-0.0274053
-0.0191879
-0.0172811
-0.00905271
-0.0126295
-0.0168711
-0.0132999
-0.0110933
-0.0100661
-0.0116268
-0.0180067
-0.0318717
-0.0493079
-0.0620342
-0.0653966
-0.0708102
-0.093609
-0.11708
-0.121406
-0.11653
-0.10574
-0.0931058
-0.0856682
-0.0788444
-0.071127
-0.0640069
-0.0565062
-0.0500373
-0.0436528
-0.0363456
-0.0276564
-0.0178009
-0.0271856
-0.00754114
-0.0126925
-0.017542
-0.0136982
-0.0115225
-0.0116839
-0.0138233
-0.0187493
-0.0330021
-0.0585074
-0.0839848
-0.110805
-0.123663
-0.117259
-0.12539
-0.114815
-0.102365
-0.093895
-0.0874396
-0.079929
-0.0760451
-0.0725946
-0.0588887
-0.0554924
-0.0472512
-0.0403837
-0.0331221
-0.0244453
-0.013916
-0.0136957
-0.00926111
-0.0162913
-0.0215189
-0.0188114
-0.0166072
-0.0170813
-0.0190481
-0.0226378
-0.0340142
-0.0661876
-0.115147
-0.174056
-0.19003
-0.14053
-0.115755
-0.0923878
-0.0808839
-0.0761357
-0.0698185
-0.0621081
-0.064698
-0.0670357
-0.0563987
-0.050713
-0.0430807
-0.0347617
-0.0258055
-0.0161544
-0.00648219
-0.00568971
-0.0016447
-0.0262353
-0.0309957
-0.0291568
-0.0269477
-0.0261971
-0.0263092
-0.027551
-0.0357759
-0.0662184
-0.121636
-0.166678
-0.147133
-0.102135
-0.0869854
-0.0620931
-0.0532212
-0.0491616
-0.0441692
-0.039796
-0.0383295
-0.0433085
-0.0490207
-0.0463586
-0.0406176
-0.0310618
-0.0209603
-0.011426
-0.00405792
-0.00748978
0.00285634
-0.0361302
-0.0369397
-0.0367713
-0.0360571
-0.0349128
-0.0330948
-0.0298679
-0.0342337
-0.0550508
-0.0807304
-0.0808686
-0.0454198
-0.0284454
-0.0275772
-0.024381
-0.0237601
-0.0212586
-0.0172968
-0.013806
-0.0127869
-0.0188168
-0.0318317
-0.0382569
-0.0366035
-0.0302742
-0.0210925
-0.0122034
-0.00392282
-0.00313161
0.00233217
-0.0379204
-0.0321428
-0.0356174
-0.0407055
-0.0425312
-0.040539
-0.0293557
-0.0278045
-0.0360219
-0.0414372
-0.0256383
-0.00925001
-0.00574853
-0.00599927
-0.00700668
-0.00743409
-0.00692318
-0.00628107
-0.00673772
-0.00597937
-0.0096645
-0.019977
-0.030482
-0.0315532
-0.0284083
-0.0235517
-0.0161277
-0.00371188
-0.00664281
0.00240381
-0.0316733
-0.0257111
-0.0333408
-0.0426273
-0.0466249
-0.041791
-0.0296547
-0.0227219
-0.0245301
-0.0285774
-0.0124021
-0.00408531
-0.00378759
-0.00356676
-0.00409656
-0.00488625
-0.00545128
-0.00573757
-0.00636473
-0.00804228
-0.0132947
-0.0204335
-0.0266775
-0.0285047
-0.029343
-0.0309715
-0.0238221
-0.00407186
-0.00107319
0.00303778
-0.028263
-0.0249385
-0.0328524
-0.0403825
-0.0352317
-0.0261534
-0.0274354
-0.023757
-0.022975
-0.0280893
-0.0112982
-0.00544263
-0.00521918
-0.00529167
-0.00618331
-0.00768282
-0.00935365
-0.010255
-0.0117611
-0.0152282
-0.0223981
-0.026733
-0.0283032
-0.030497
-0.0332966
-0.0433411
-0.0352873
-0.00506888
-0.00321365
0.00245533
-0.0269591
-0.0264943
-0.0324174
-0.0294759
-0.0158731
-0.0128267
-0.0169639
-0.0257147
-0.026461
-0.0316158
-0.0206485
-0.01261
-0.0113645
-0.0115998
-0.013229
-0.0157811
-0.0190401
-0.0211467
-0.0239326
-0.0274052
-0.0312146
-0.0336843
-0.0328489
-0.033218
-0.0405238
-0.0602209
-0.0485393
-0.00702794
-0.00739852
-0.00208463
-0.0246058
-0.0265394
-0.0281552
-0.0156883
-0.0107214
-0.0114474
-0.0142888
-0.018999
-0.0228791
-0.0286091
-0.0326985
-0.0253431
-0.023302
-0.0235072
-0.0250271
-0.0266147
-0.028706
-0.0311251
-0.0334837
-0.0332525
-0.0307736
-0.0247722
-0.0184511
-0.0158359
-0.022943
-0.0500918
-0.0652239
-0.0260834
-0.018305
-0.0107914
-0.0223266
-0.0248633
-0.0202059
-0.0105631
-0.0110593
-0.0135561
-0.0164962
-0.0172885
-0.016424
-0.017425
-0.0274623
-0.0300655
-0.0301651
-0.0312274
-0.0316288
-0.0306258
-0.0291341
-0.0282231
-0.0262305
-0.0237715
-0.0175735
-0.0103738
-0.00754241
-0.00700686
-0.00850701
-0.0201182
-0.0511819
-0.0440545
-0.0289235
-0.0212225
-0.0223806
-0.0226243
-0.0147454
-0.0110863
-0.0126394
-0.0159331
-0.0183145
-0.0180731
-0.0146341
-0.0104351
-0.0143725
-0.019884
-0.022019
-0.0232931
-0.0233132
-0.0221831
-0.0185597
-0.015288
-0.0120129
-0.0101421
-0.00737641
-0.00587782
-0.00594502
-0.00634407
-0.00711491
-0.0106312
-0.0250003
-0.0302927
-0.0231356
-0.0224451
-0.0235272
-0.0218812
-0.0142177
-0.0126812
-0.0148378
-0.0176885
-0.0191343
-0.0180398
-0.012574
-0.00699907
-0.00660074
-0.00928269
-0.0106982
-0.0112459
-0.011045
-0.0103094
-0.00821089
-0.00673376
-0.0056483
-0.00522753
-0.00513434
-0.00538052
-0.00592588
-0.00660338
-0.00731832
-0.00881968
-0.0169454
-0.0242438
-0.0193663
-0.0208196
-0.0242926
-0.0219836
-0.0154734
-0.0149121
-0.0169077
-0.0190681
-0.019048
-0.0163056
-0.00962411
-0.00510502
-0.00450759
-0.00501774
-0.00541892
-0.00551902
-0.00536276
-0.00511446
-0.00469639
-0.00451966
-0.00451834
-0.00468784
-0.00503728
-0.00554026
-0.00614058
-0.00683898
-0.00751534
-0.00866287
-0.0143516
-0.0230446
-0.0202709
-0.0222752
-0.0247775
-0.021176
-0.0164361
-0.017595
-0.0185514
-0.0199466
-0.0185485
-0.0131998
-0.0066633
-0.00432708
-0.0043576
-0.00423933
-0.00427684
-0.00423794
-0.00419626
-0.00416446
-0.00417898
-0.00428753
-0.00448682
-0.00480635
-0.00522671
-0.00576395
-0.00634955
-0.00698174
-0.00764594
-0.0090091
-0.0138473
-0.0225517
-0.0233234
-0.0244043
-0.0248622
-0.0203741
-0.0170762
-0.0177329
-0.0186071
-0.0197175
-0.0167682
-0.00927894
-0.004787
-0.00427163
-0.00425773
-0.00429105
-0.00419719
-0.0042096
-0.00418216
-0.00418721
-0.00420524
-0.00437051
-0.00461942
-0.00499103
-0.00543929
-0.00594508
-0.00650707
-0.00711492
-0.00773169
-0.00942022
-0.0152263
-0.0228007
-0.0251048
-0.0263203
-0.0246108
-0.0195961
-0.0171136
-0.0172564
-0.0200625
-0.0193165
-0.013022
-0.00600714
-0.00413178
-0.00417086
-0.00424265
-0.0041998
-0.00422772
-0.00420266
-0.00420952
-0.00419969
-0.00429933
-0.00450486
-0.00480268
-0.00517958
-0.00560849
-0.00607995
-0.00662066
-0.00724603
-0.00784944
-0.00990403
-0.0168268
-0.0232574
-0.0233761
-0.025474
-0.0237701
-0.0194179
-0.0186076
-0.0200935
-0.0218218
-0.0178309
-0.00843446
-0.00441219
-0.0040483
-0.00412795
-0.0041612
-0.00422106
-0.00420553
-0.0042179
-0.00421251
-0.00426711
-0.00443658
-0.00464905
-0.00496512
-0.00532642
-0.00571882
-0.00618478
-0.00674771
-0.00741075
-0.00798334
-0.0106082
-0.0187513
-0.0233889
-0.0218325
-0.0247923
-0.0227917
-0.0203404
-0.0209027
-0.0224219
-0.0221615
-0.0139905
-0.00547908
-0.00404343
-0.00406794
-0.00419836
-0.00419779
-0.00418481
-0.00423144
-0.00423796
-0.00425612
-0.00439955
-0.00457482
-0.00476552
-0.00507298
-0.00542535
-0.00580957
-0.00629543
-0.0068804
-0.00752945
-0.00808404
-0.0114458
-0.0209096
-0.0238356
-0.0222436
-0.0248123
-0.0221661
-0.0216573
-0.023064
-0.0242081
-0.0217143
-0.0101388
-0.00472224
-0.00409381
-0.00424873
-0.00435688
-0.00428119
-0.00427533
-0.00432495
-0.00432365
-0.00437342
-0.00454706
-0.00469375
-0.00485931
-0.0051588
-0.00551224
-0.00590085
-0.00640677
-0.0070071
-0.00762133
-0.00827889
-0.0124261
-0.022607
-0.024117
-0.0224641
-0.0251308
-0.021814
-0.0223255
-0.0242911
-0.0249597
-0.0204435
-0.00906579
-0.0047536
-0.00425829
-0.00454339
-0.00459258
-0.00446116
-0.00447679
-0.0044861
-0.00446278
-0.00453313
-0.00467797
-0.00478997
-0.00494569
-0.00523469
-0.00558896
-0.00599571
-0.00651304
-0.00712355
-0.00768907
-0.0084261
-0.0132931
-0.0237897
-0.0244996
-0.0228439
-0.0253927
-0.0218281
-0.0224706
-0.0247807
-0.0251007
-0.0198114
-0.00946465
-0.00521131
-0.00448666
-0.00462371
-0.0048552
-0.00470512
-0.00470929
-0.00467185
-0.00463367
-0.00471162
-0.00479969
-0.00488471
-0.00504703
-0.00532493
-0.00567547
-0.00608611
-0.00659419
-0.00720314
-0.00773949
-0.00853866
-0.0139801
-0.0244949
-0.0250716
-0.0233822
-0.0262502
-0.0218353
-0.022303
-0.024934
-0.0251423
-0.0214132
-0.0121059
-0.00588773
-0.0046774
-0.00487781
-0.00508646
-0.0049495
-0.00489577
-0.00483962
-0.00480656
-0.00489601
-0.00493084
-0.00500034
-0.00516789
-0.0054291
-0.005767
-0.00616993
-0.00666188
-0.00727064
-0.0078049
-0.00863685
-0.0142154
-0.0249678
-0.0258126
-0.025468
-0.0268015
-0.0218047
-0.0223847
-0.0250333
-0.0254343
-0.0239195
-0.0142881
-0.00631284
-0.00480049
-0.00469711
-0.00520989
-0.00515446
-0.00503048
-0.00497923
-0.00496264
-0.00507463
-0.00506927
-0.00514014
-0.00530371
-0.00554137
-0.00585437
-0.00624165
-0.00672188
-0.00733098
-0.00787554
-0.00872035
-0.0141585
-0.0252484
-0.0266355
-0.0270637
-0.0269094
-0.0227975
-0.0234604
-0.0252358
-0.0256932
-0.0248268
-0.0148373
-0.00642991
-0.00484385
-0.0049207
-0.0052655
-0.00530453
-0.00514809
-0.00510301
-0.00508995
-0.00523307
-0.00521147
-0.0052869
-0.00544084
-0.00566067
-0.00594262
-0.00631757
-0.00679248
-0.00739022
-0.00793134
-0.00878703
-0.0137457
-0.0252467
-0.0271321
-0.0273665
-0.02679
-0.0244748
-0.0244739
-0.0254693
-0.0259033
-0.0251326
-0.0142252
-0.00627765
-0.00483918
-0.00486752
-0.00520271
-0.00538072
-0.00528168
-0.00521983
-0.00516378
-0.00535377
-0.0053661
-0.00543007
-0.00557364
-0.00577909
-0.00603784
-0.00639919
-0.00686127
-0.00744042
-0.00795246
-0.00882275
-0.0131345
-0.0241451
-0.0272031
-0.0270431
-0.0266041
-0.0253236
-0.0251472
-0.0255711
-0.0260387
-0.024027
-0.011944
-0.00600561
-0.00477761
-0.0047498
-0.00505992
-0.00538445
-0.00544629
-0.0053421
-0.00518774
-0.00543198
-0.00551655
-0.00556173
-0.00569732
-0.00588654
-0.00612757
-0.00647072
-0.00691033
-0.00746841
-0.00793947
-0.00886408
-0.0126512
-0.0225023
-0.0265132
-0.0261763
-0.0260803
-0.0259008
-0.0255292
-0.0257351
-0.026102
-0.0214223
-0.00988671
-0.00576257
-0.00476614
-0.00463611
-0.00492615
-0.00534917
-0.00560244
-0.00548482
-0.00520648
-0.00547908
-0.00564601
-0.00568029
-0.00580677
-0.00597825
-0.00620093
-0.00652061
-0.00693439
-0.00746841
-0.00790169
-0.00894764
-0.0131957
-0.0214872
-0.0251486
-0.0245991
-0.0253112
-0.0263123
-0.0259087
-0.0260731
-0.0262281
-0.019479
-0.00910488
-0.00571884
-0.00488967
-0.00483331
-0.00489682
-0.00531596
-0.00571829
-0.00565192
-0.00529776
-0.00552546
-0.00575519
-0.00580767
-0.005918
-0.00606173
-0.00626329
-0.00655257
-0.00693759
-0.00744437
-0.0078474
-0.0090685
-0.0143955
-0.0224893
-0.024836
-0.0243655
-0.0249981
-0.0261291
-0.0261899
-0.0261711
-0.026203
-0.0186818
-0.00911952
-0.00597488
-0.00518152
-0.00504538
-0.00507735
-0.00545565
-0.00585649
-0.00585668
-0.00553914
-0.00564631
-0.00588407
-0.00597536
-0.00606361
-0.00617215
-0.00633861
-0.00658708
-0.00693824
-0.00741662
-0.00780897
-0.00927113
-0.0162479
-0.024087
-0.0255882
-0.0247298
-0.0249396
-0.0258326
-0.0254957
-0.025945
-0.025733
-0.0184715
-0.0106367
-0.00695683
-0.00568389
-0.00550016
-0.00560188
-0.00593207
-0.0061853
-0.00618149
-0.00595882
-0.00595451
-0.00612484
-0.00624316
-0.00631169
-0.0063829
-0.00649832
-0.00669359
-0.00702076
-0.00749765
-0.00788532
-0.0100904
-0.0193199
-0.0250649
-0.0253368
-0.024815
-0.0249994
-0.025186
-0.0244835
-0.0246605
-0.0249258
-0.0213953
-0.0155032
-0.00875722
-0.00649973
-0.00621998
-0.00647941
-0.00674582
-0.00681032
-0.00676513
-0.00660737
-0.00652448
-0.00659746
-0.00669479
-0.00675093
-0.00679909
-0.00686909
-0.00703472
-0.00741894
-0.00798461
-0.00852401
-0.0121916
-0.0223803
-0.0259291
-0.0254927
-0.0250955
-0.0252007
-0.0245911
-0.0241534
-0.0246712
-0.0252544
-0.0253166
-0.0206601
-0.0110177
-0.0076616
-0.00729928
-0.00765708
-0.0078403
-0.00773409
-0.00764643
-0.00749845
-0.00735698
-0.00733874
-0.00738733
-0.0074278
-0.00747237
-0.00754696
-0.00776205
-0.00835259
-0.00917376
-0.0102254
-0.0156525
-0.0246719
-0.0260251
-0.0255435
-0.025231
-0.0250558
-0.0242486
-0.02436
-0.0247493
-0.0254512
-0.0259228
-0.0230023
-0.0132688
-0.00912483
-0.00871601
-0.00911914
-0.0091483
-0.00887617
-0.00870691
-0.00852073
-0.00834514
-0.00826045
-0.00827205
-0.00828704
-0.00833661
-0.00846922
-0.00881311
-0.00971283
-0.0109388
-0.0128152
-0.0190503
-0.025635
-0.0257282
-0.0251498
-0.024701
-0.0245082
-0.0235377
-0.0237629
-0.0240987
-0.0248724
-0.0258404
-0.0235094
-0.0150029
-0.0109785
-0.0105811
-0.0109337
-0.0107072
-0.0102641
-0.00991471
-0.00964449
-0.00942185
-0.0092935
-0.00926922
-0.00927146
-0.00933902
-0.00953394
-0.0100342
-0.011165
-0.0127969
-0.0153678
-0.021027
-0.0256513
-0.02508
-0.0242657
-0.023601
-0.0235048
-0.0223285
-0.0224558
-0.0230951
-0.0240288
-0.0255983
-0.0240308
-0.0168285
-0.013363
-0.0129949
-0.0131489
-0.0126695
-0.0119668
-0.0113388
-0.0109148
-0.0106147
-0.010451
-0.0104013
-0.0104046
-0.0105006
-0.01077
-0.0113985
-0.0126134
-0.0144941
-0.0173939
-0.0220585
-0.0254778
-0.024487
-0.0232623
-0.0221268
-0.0225943
-0.0210331
-0.0211924
-0.0220233
-0.0235369
-0.0262044
-0.025293
-0.019351
-0.0164662
-0.0159476
-0.0156872
-0.0149947
-0.0139213
-0.0129683
-0.0123322
-0.0119431
-0.0117511
-0.0116838
-0.0117048
-0.0118593
-0.0122357
-0.0129443
-0.0142224
-0.016299
-0.019592
-0.0237997
-0.0259186
-0.0244923
-0.0229056
-0.022215
-0.0217697
-0.0204505
-0.0203919
-0.0217931
-0.0248073
-0.0284358
-0.0278086
-0.0236374
-0.0207518
-0.0195723
-0.0186513
-0.0176377
-0.0161915
-0.0148854
-0.013964
-0.0134714
-0.0132507
-0.013168
-0.0132389
-0.0135005
-0.0140708
-0.0149496
-0.0163457
-0.0186724
-0.0224762
-0.0261979
-0.0266082
-0.0247335
-0.022909
-0.0215431
-0.0210847
-0.019725
-0.0209776
-0.0230694
-0.0267745
-0.0310023
-0.0311909
-0.0288394
-0.0261477
-0.0241679
-0.0224772
-0.020768
-0.0189085
-0.0171783
-0.0159955
-0.0153973
-0.0151397
-0.0150516
-0.0152125
-0.0156057
-0.0164545
-0.0176394
-0.0194564
-0.0224552
-0.026675
-0.0293593
-0.0276465
-0.0249531
-0.0228842
-0.0213573
-0.0206425
-0.0204606
-0.0217517
-0.0241062
-0.0270079
-0.030074
-0.0321759
-0.0323873
-0.0314982
-0.0299364
-0.0276324
-0.0248475
-0.0222189
-0.0199693
-0.0185538
-0.0178307
-0.0175329
-0.0174826
-0.0178181
-0.0185476
-0.019748
-0.0215847
-0.0243917
-0.0282018
-0.0322056
-0.03346
-0.0302438
-0.0262364
-0.0235494
-0.0216489
-0.0206541
-0.0210723
-0.0222162
-0.0236779
-0.0261242
-0.0286737
-0.0315108
-0.0331373
-0.0345249
-0.035335
-0.0345032
-0.0309935
-0.0271803
-0.0242365
-0.0222356
-0.0212479
-0.0208803
-0.0209219
-0.0215721
-0.0228161
-0.0249209
-0.0277591
-0.0312828
-0.0345489
-0.0364377
-0.035802
-0.0325772
-0.0285764
-0.0251198
-0.0226159
-0.0211686
-0.0217456
-0.0225429
-0.0237841
-0.0255076
-0.0276537
-0.0295511
-0.0322449
-0.0350765
-0.0385229
-0.0413253
-0.0404413
-0.0358394
-0.0315365
-0.0285928
-0.0270786
-0.0265257
-0.0267253
-0.0278434
-0.029836
-0.0328181
-0.0359773
-0.0382699
-0.0384377
-0.0371147
-0.0351148
-0.0328856
-0.0299452
-0.0264474
-0.0240804
-0.0219581
-0.0227227
-0.0229652
-0.0242576
-0.0258223
-0.0274694
-0.0281331
-0.0286496
-0.0310555
-0.0366389
-0.0440466
-0.0487635
-0.0467315
-0.0417938
-0.0380023
-0.0359008
-0.0351154
-0.0355385
-0.0370196
-0.0392579
-0.0416597
-0.0429851
-0.0424717
-0.0400133
-0.036629
-0.0336868
-0.0316769
-0.0296333
-0.0276591
-0.0253337
-0.0224415
-0.0236135
-0.0238063
-0.0251078
-0.0264848
-0.028039
-0.0275276
-0.024087
-0.020401
-0.0277415
-0.0369999
-0.0468902
-0.0501379
-0.0492393
-0.0469131
-0.0453205
-0.044791
-0.0453627
-0.0462934
-0.0470372
-0.0470033
-0.0458498
-0.0435035
-0.0401071
-0.0362837
-0.033077
-0.0308173
-0.0291947
-0.0278559
-0.0261953
-0.0239292
-0.0237829
-0.0245446
-0.0262602
-0.0285284
-0.0323578
-0.0340306
-0.024605
-0.0192149
-0.0182116
-0.0274736
-0.0366368
-0.0427123
-0.0469987
-0.0496989
-0.050747
-0.0512069
-0.0515144
-0.0512234
-0.0501364
-0.0481393
-0.0454576
-0.0424656
-0.0392925
-0.0359592
-0.0329866
-0.0307216
-0.0290263
-0.0277554
-0.0265272
-0.0244978
-0.0230168
-0.025369
-0.0284838
-0.0361125
-0.0433864
-0.0474055
-0.040646
-0.0190368
-0.015018
-0.0260218
-0.0305195
-0.0362355
-0.0430837
-0.0490966
-0.0523395
-0.0536051
-0.0534744
-0.0520907
-0.0497833
-0.0468754
-0.0438209
-0.0409505
-0.0382052
-0.0354377
-0.0328976
-0.0308873
-0.0293373
-0.0280422
-0.0272292
-0.025566
-0.0214088
-0.0265545
-0.0325532
-0.0406928
-0.0442154
-0.0489819
-0.0545984
-0.0531001
-0.038993
-0.0359062
-0.0369407
-0.040208
-0.0456988
-0.0505113
-0.0531223
-0.0537475
-0.0528126
-0.0507514
-0.0480725
-0.0451355
-0.0422208
-0.0395285
-0.0370612
-0.0347146
-0.032595
-0.0309168
-0.0296718
-0.0286468
-0.0278611
-0.0271617
-0.0230874
-0.0294627
-0.0341028
-0.0367779
-0.0428544
-0.0495753
-0.0597263
-0.0718971
-0.0736778
-0.0627669
-0.054972
-0.0519458
-0.0523077
-0.0535295
-0.0539655
-0.053277
-0.0516294
-0.0492783
-0.046533
-0.0436535
-0.0408494
-0.0382703
-0.0359554
-0.033864
-0.0320512
-0.0306524
-0.029704
-0.0290756
-0.0286618
-0.0285645
-0.0279613
-0.0324163
-0.0352159
-0.0404557
-0.047506
-0.0570609
-0.0657411
-0.0751582
-0.0818859
-0.0784065
-0.0677212
-0.0607251
-0.0576366
-0.0561302
-0.0547219
-0.0529311
-0.0506867
-0.0480727
-0.0452524
-0.042396
-0.0396561
-0.0371454
-0.0349121
-0.032953
-0.0313047
-0.0300616
-0.0292836
-0.0289339
-0.0289157
-0.0292731
-0.0354657
-0.0372759
-0.0420322
-0.0493833
-0.0555372
-0.0624923
-0.0698523
-0.0766416
-0.0801761
-0.0775792
-0.0702139
-0.0638862
-0.0596703
-0.056763
-0.0543181
-0.0519488
-0.049455
-0.0467957
-0.0440161
-0.0412314
-0.038565
-0.0361149
-0.0339305
-0.0320283
-0.0304381
-0.0292265
-0.0284609
-0.0281773
-0.0283485
-0.0287612
-0.0424193
-0.0436462
-0.0490718
-0.0542832
-0.0594663
-0.0657702
-0.0718326
-0.0760086
-0.0766656
-0.0735133
-0.0677155
-0.0625579
-0.0583389
-0.0550206
-0.0522723
-0.0498279
-0.0474759
-0.0450848
-0.042585
-0.0400291
-0.0375095
-0.0351447
-0.0330052
-0.0311254
-0.0295353
-0.0282815
-0.0274252
-0.0270474
-0.0272301
-0.0276621
-0.0456077
-0.0457835
-0.0501094
-0.0550131
-0.0613167
-0.0677247
-0.0715798
-0.0730108
-0.0711748
-0.067333
-0.0621736
-0.0576984
-0.0539325
-0.0509346
-0.0485386
-0.0465217
-0.044658
-0.0427905
-0.0408044
-0.0386754
-0.0364413
-0.0342213
-0.0321406
-0.03027
-0.0286539
-0.0273305
-0.0263494
-0.0258074
-0.0258835
-0.0264021
-0.0435686
-0.043815
-0.0478154
-0.0542996
-0.0615085
-0.065826
-0.0658166
-0.0648959
-0.0617279
-0.0578356
-0.0536006
-0.0499928
-0.0470821
-0.0448838
-0.0432729
-0.0420567
-0.0410231
-0.0399622
-0.038689
-0.0371377
-0.0353366
-0.0333597
-0.0313652
-0.0294952
-0.0278338
-0.0264293
-0.0253247
-0.0246141
-0.024526
-0.0250882
-0.0368774
-0.0385157
-0.0438024
-0.0510102
-0.0550553
-0.0539861
-0.0515801
-0.0505773
-0.0485092
-0.0458471
-0.0430798
-0.0407524
-0.0389719
-0.0377568
-0.0370561
-0.0367656
-0.0367186
-0.0366585
-0.0363182
-0.0355191
-0.0342424
-0.0326009
-0.0307389
-0.02886
-0.0271228
-0.0256153
-0.0243888
-0.0235312
-0.0232831
-0.0238001
-0.0272625
-0.031114
-0.0366912
-0.0403983
-0.0390174
-0.0377437
-0.036595
-0.0358289
-0.0348351
-0.0338136
-0.032744
-0.031777
-0.0310319
-0.030639
-0.0306834
-0.031196
-0.0320766
-0.0330651
-0.0337917
-0.0339109
-0.0332914
-0.0320268
-0.0303419
-0.0284519
-0.0265965
-0.0249391
-0.0235687
-0.0225728
-0.0221814
-0.0225781
-0.016738
-0.0215614
-0.0235391
-0.0243019
-0.0260283
-0.0269726
-0.0262426
-0.0257455
-0.0248027
-0.0244652
-0.0244172
-0.0243527
-0.0242509
-0.0243695
-0.0248341
-0.0258799
-0.0274889
-0.0294368
-0.0312612
-0.0324032
-0.0325446
-0.0317466
-0.0302522
-0.0283584
-0.0263487
-0.0244728
-0.0229078
-0.0217537
-0.0212082
-0.0214176
-0.00526563
-0.00904754
-0.0108004
-0.0159043
-0.0199603
-0.0202157
-0.0191367
-0.0184701
-0.0179496
-0.0180417
-0.0184163
-0.0187505
-0.0190372
-0.0193559
-0.0200379
-0.0212965
-0.023327
-0.0260227
-0.0288715
-0.0310539
-0.0319771
-0.0317034
-0.0304768
-0.0285996
-0.0264432
-0.0242748
-0.0224596
-0.0211203
-0.0203915
-0.0203558
0.00555979
0.000548002
-0.00478554
-0.0134424
-0.0159294
-0.014721
-0.0137416
-0.0130449
-0.012952
-0.0135125
-0.0142666
-0.0149071
-0.0154121
-0.0159279
-0.0166862
-0.0179334
-0.0200218
-0.0230654
-0.0266865
-0.0297947
-0.0313406
-0.0315367
-0.0306964
-0.0289852
-0.0268394
-0.024292
-0.0222099
-0.0207207
-0.0198273
-0.0195208
0.0110972
0.00251627
-0.00316576
-0.0102382
-0.0117549
-0.0102353
-0.00942627
-0.00899853
-0.00953205
-0.0106217
-0.011794
-0.012846
-0.013743
-0.0145321
-0.0153398
-0.0164577
-0.0181725
-0.0209311
-0.0247204
-0.0283468
-0.0300567
-0.0303743
-0.0298905
-0.0286633
-0.0272387
-0.0241964
-0.0219352
-0.0205331
-0.0196195
-0.0191026
0.0119386
0.0021343
-0.00269892
-0.00790052
-0.00792545
-0.00630136
-0.00603813
-0.00628745
-0.00753146
-0.00920168
-0.0109416
-0.0126224
-0.0141596
-0.0154699
-0.0164976
-0.0173175
-0.0183382
-0.0201535
-0.0232015
-0.0264994
-0.0277213
-0.0275484
-0.0268736
-0.0260008
-0.0266836
-0.0229028
-0.0210722
-0.0203718
-0.0198498
-0.0192744
0.0100555
0.00096763
-0.00220545
-0.005962
-0.00528807
-0.00399565
-0.00396684
-0.0051196
-0.00705517
-0.00930829
-0.0117015
-0.0141424
-0.0164944
-0.0185594
-0.0201099
-0.0209687
-0.0211649
-0.0213249
-0.0225612
-0.0246504
-0.025385
-0.0245176
-0.0230181
-0.02156
-0.0190578
-0.0186213
-0.0186926
-0.0202993
-0.0206585
-0.0202258
0.00533001
-0.00189464
-0.00282483
-0.00535824
-0.00437795
-0.00422157
-0.00439058
-0.00608948
-0.00834006
-0.0109612
-0.0138793
-0.016984
-0.0200835
-0.0229241
-0.0252056
-0.0266
-0.0267666
-0.0255676
-0.0238765
-0.0237402
-0.0246313
-0.0237495
-0.0214561
-0.0190763
-0.0135953
-0.0135642
-0.0163521
-0.0209518
-0.0226737
-0.0222334
-0.00374189
-0.00763822
-0.00648213
-0.0107031
-0.00974463
-0.00935407
-0.00874596
-0.00964967
-0.0114299
-0.0139606
-0.0170627
-0.0205171
-0.0240624
-0.0274146
-0.0302828
-0.0323506
-0.0332183
-0.0324098
-0.0297646
-0.0264727
-0.0248852
-0.025341
-0.0243832
-0.0215156
-0.0182324
-0.0147703
-0.021632
-0.0269032
-0.0264035
-0.0251885
-0.0147077
-0.0185792
-0.0204476
-0.0248703
-0.0230091
-0.0193363
-0.0160816
-0.0150258
-0.0157558
-0.0178064
-0.0207477
-0.0242035
-0.0278331
-0.0313349
-0.0344474
-0.0369218
-0.038469
-0.038747
-0.0375462
-0.0349379
-0.0314078
-0.0294801
-0.0286446
-0.0283783
-0.0266479
-0.0318026
-0.0384471
-0.0330524
-0.0321088
-0.0295318
-0.0274837
-0.0346279
-0.0393638
-0.0425183
-0.0369369
-0.0286317
-0.0228503
-0.0203506
-0.0202673
-0.0218537
-0.0245078
-0.027753
-0.0312111
-0.0345863
-0.0376536
-0.0402375
-0.0421613
-0.0432517
-0.0434582
-0.0432414
-0.0420101
-0.0400037
-0.0389362
-0.0403486
-0.0507848
-0.0579393
-0.0485356
-0.0419867
-0.0379778
-0.0338182
-0.0373993
-0.0435998
-0.0516839
-0.0522396
-0.0417527
-0.0322955
-0.0266025
-0.0242056
-0.0241483
-0.0256593
-0.0281366
-0.0311258
-0.0342901
-0.0373841
-0.040238
-0.0427416
-0.0448013
-0.0463401
-0.0473654
-0.0482786
-0.0493937
-0.0504161
-0.0520672
-0.0577658
-0.0677847
-0.0606461
-0.0511525
-0.0452769
-0.042137
-0.0374695
-0.0360576
-0.0439768
-0.0547385
-0.0510628
-0.0390764
-0.0311537
-0.0274444
-0.0265285
-0.0273549
-0.0292331
-0.0317074
-0.0344618
-0.0372751
-0.0399962
-0.0425339
-0.044835
-0.0468552
-0.0485689
-0.0499632
-0.0511489
-0.0523673
-0.0548409
-0.0577322
-0.0626301
-0.0650738
-0.0596022
-0.0517046
-0.0467342
-0.0444173
-0.0419219
-0.0301372
-0.0429304
-0.0459878
-0.0412545
-0.0315704
-0.0275244
-0.0270474
-0.0284092
-0.0305414
-0.0329684
-0.0354813
-0.0379687
-0.0403668
-0.0426375
-0.0447662
-0.046755
-0.0485783
-0.0502277
-0.0517106
-0.0528761
-0.0542958
-0.0558002
-0.0578929
-0.0601472
-0.0605105
-0.0585474
-0.0521149
-0.0466451
-0.0455715
-0.0443034
-0.0226889
-0.0323395
-0.035649
-0.0310118
-0.0241715
-0.0245764
-0.0276294
-0.0311799
-0.0344339
-0.0372439
-0.0396555
-0.041765
-0.0436618
-0.0454105
-0.0470634
-0.0486463
-0.0501419
-0.0515337
-0.0528408
-0.0538819
-0.0546809
-0.0555543
-0.0565196
-0.0571819
-0.0567792
-0.0556526
-0.0515774
-0.0473292
-0.045548
-0.0465248
-0.0146514
-0.0260698
-0.0299822
-0.0234063
-0.0206339
-0.0250245
-0.0305089
-0.0353397
-0.0391414
-0.0419985
-0.0441114
-0.0457329
-0.0470733
-0.0482711
-0.0494139
-0.0505405
-0.0516328
-0.052656
-0.0536053
-0.0543509
-0.0548205
-0.0550423
-0.0550884
-0.0548027
-0.0539503
-0.0525304
-0.0500259
-0.046622
-0.0449407
-0.0454699
-0.0135527
-0.0210889
-0.023088
-0.0189002
-0.0217224
-0.0285898
-0.0350092
-0.0402497
-0.044144
-0.046797
-0.0485055
-0.0495937
-0.0503723
-0.0510382
-0.0516903
-0.0523678
-0.0530319
-0.0536478
-0.0541798
-0.0545284
-0.05459
-0.0543446
-0.0537508
-0.0528154
-0.05141
-0.0497497
-0.0477267
-0.0452865
-0.0437814
-0.0443366
-0.0140773
-0.016053
-0.0161139
-0.0191202
-0.0259372
-0.0333971
-0.0398916
-0.0452304
-0.0490487
-0.051336
-0.052495
-0.0529934
-0.0532305
-0.0534296
-0.0536768
-0.0539683
-0.0542414
-0.0544539
-0.0545666
-0.0545016
-0.0541642
-0.0535016
-0.052473
-0.051059
-0.0492649
-0.0472625
-0.0452079
-0.0432537
-0.041974
-0.0421553
-0.0177421
-0.0136432
-0.0162654
-0.024065
-0.0313029
-0.0383717
-0.0446964
-0.0500056
-0.0534993
-0.0551467
-0.0555825
-0.0554641
-0.0552488
-0.0551331
-0.0551408
-0.0551909
-0.0551626
-0.0550092
-0.0547131
-0.0542286
-0.0534941
-0.0524804
-0.0511362
-0.0493747
-0.04727
-0.0449681
-0.0427025
-0.0407871
-0.0395291
-0.0392412
-0.0275152
-0.0179352
-0.0228946
-0.0303551
-0.0366489
-0.0429163
-0.0490715
-0.0542094
-0.057021
-0.0576979
-0.057265
-0.0565737
-0.0560824
-0.0558982
-0.0559248
-0.0559573
-0.0557783
-0.0553311
-0.0546413
-0.0537184
-0.0525599
-0.0511708
-0.0495261
-0.0475536
-0.0452676
-0.0427431
-0.0402131
-0.0380924
-0.0366477
-0.0359486
-0.0388968
-0.0274262
-0.0324686
-0.0360014
-0.0406751
-0.0466696
-0.0524694
-0.0573922
-0.0590559
-0.0584857
-0.057149
-0.0560437
-0.0555517
-0.0556341
-0.0560299
-0.0563411
-0.0561984
-0.0555439
-0.0544783
-0.0530998
-0.051471
-0.0496156
-0.0475917
-0.0453648
-0.0429402
-0.0403159
-0.0376032
-0.0352132
-0.0334866
-0.0324521
-0.0476134
-0.0358338
-0.0350999
-0.0387242
-0.0437932
-0.0489352
-0.0540527
-0.0589328
-0.0590306
-0.0571859
-0.0550882
-0.0538756
-0.0537283
-0.0544585
-0.0556311
-0.056545
-0.0565812
-0.0557588
-0.054332
-0.0525018
-0.0503747
-0.0480001
-0.04549
-0.0428707
-0.0401826
-0.0374439
-0.0346275
-0.0320145
-0.0299831
-0.0286915
-0.0469621
-0.0391479
-0.0389623
-0.0396234
-0.0453525
-0.048565
-0.05306
-0.0582348
-0.0567695
-0.0539486
-0.0513627
-0.0503786
-0.0509183
-0.0526029
-0.0549424
-0.0566584
-0.0567986
-0.0557056
-0.0539459
-0.0517676
-0.0492503
-0.0464231
-0.0434155
-0.0403211
-0.0371987
-0.0341366
-0.0311286
-0.0283513
-0.0261273
-0.0246415
-0.0421972
-0.0401731
-0.0395522
-0.043403
-0.0436235
-0.0453011
-0.0492154
-0.0551879
-0.0529811
-0.0494893
-0.0465996
-0.0459964
-0.0473196
-0.0501386
-0.0538698
-0.055996
-0.0556862
-0.0542344
-0.0524158
-0.050257
-0.0477171
-0.0447672
-0.0414926
-0.0379768
-0.0343014
-0.0306703
-0.027251
-0.0242339
-0.0218883
-0.020301
-0.038769
-0.0395704
-0.0411005
-0.0407716
-0.0408906
-0.0396446
-0.0427797
-0.0516035
-0.0487637
-0.0447502
-0.0414063
-0.0412101
-0.0428649
-0.0468536
-0.0515146
-0.0525591
-0.0509961
-0.0497815
-0.0487227
-0.047266
-0.0452821
-0.0427373
-0.0396879
-0.0361036
-0.0319037
-0.0274744
-0.0233149
-0.0198196
-0.017239
-0.0155684
-0.0385291
-0.0421636
-0.0401264
-0.0417397
-0.0371517
-0.0332453
-0.0351092
-0.0401948
-0.045018
-0.0404927
-0.0363242
-0.0362036
-0.0377045
-0.0427223
-0.0459389
-0.0453943
-0.0435405
-0.0438081
-0.0441734
-0.0437903
-0.0426088
-0.0407104
-0.0383243
-0.0353393
-0.0307725
-0.025062
-0.0196317
-0.0152659
-0.0122553
-0.0104774
-0.0393867
-0.0483319
-0.0446567
-0.041409
-0.0335988
-0.0278128
-0.028151
-0.0369745
-0.0440767
-0.0373167
-0.0316148
-0.0311825
-0.0333172
-0.0409788
-0.038741
-0.0379415
-0.0393579
-0.0417631
-0.0430626
-0.0430468
-0.0419392
-0.0400529
-0.038441
-0.037221
-0.0324904
-0.0241375
-0.016535
-0.0106986
-0.00700829
-0.00512719
-0.0382618
-0.0579121
-0.0466968
-0.0392155
-0.0303915
-0.0236701
-0.0251146
-0.0353169
-0.0423728
-0.0342887
-0.0275594
-0.0269718
-0.0299522
-0.0278725
-0.032649
-0.0371354
-0.0413026
-0.0447685
-0.0460276
-0.0454688
-0.0433126
-0.0404767
-0.0394204
-0.0420386
-0.0379937
-0.0256301
-0.0142104
-0.00634332
-0.00171317
0.000134916
-0.0455726
-0.0512622
-0.0394402
-0.0340481
-0.0269925
-0.0218066
-0.0231176
-0.0326522
-0.038734
-0.0309506
-0.0249059
-0.0232841
-0.0268617
-0.0303598
-0.0365501
-0.042291
-0.0481907
-0.049932
-0.0493707
-0.0472193
-0.043066
-0.038657
-0.0379707
-0.0429571
-0.0413761
-0.0311126
-0.0134288
-0.00233252
0.00311399
0.00455835
-0.0131503
-0.0172415
-0.0267131
-0.024341
-0.0216655
-0.0195492
-0.0191657
-0.0289087
-0.032124
-0.0273738
-0.025888
-0.0251775
-0.0276162
-0.0341954
-0.0414008
-0.0492875
-0.0525702
-0.0517296
-0.0487729
-0.0442212
-0.0371461
-0.0307677
-0.0299918
-0.0321885
-0.0327295
-0.0335942
-0.0181651
0.00175965
0.00742168
0.00695929
-0.0041698
-0.00438746
-0.00958908
-0.0155962
-0.0196091
-0.019904
-0.0171058
-0.016056
-0.0240444
-0.0248316
-0.0273313
-0.0289548
-0.031816
-0.0398107
-0.0486963
-0.0524987
-0.0513046
-0.047472
-0.0419053
-0.0348793
-0.0262509
-0.0194935
-0.0151481
-0.00799025
-0.0067755
-0.00966748
-0.0198439
-0.00136773
0.010463
0.00612552
-0.00691383
-0.00512208
-0.00501546
-0.0116583
-0.0135937
-0.0149606
-0.0154525
-0.0151035
-0.0248709
-0.0311817
-0.0345656
-0.036017
-0.0396196
-0.0465462
-0.0504138
-0.0476315
-0.0423638
-0.0364956
-0.0270357
-0.0196238
-0.0139789
-0.00847282
-0.00164747
-0.000497737
-0.000465506
-0.000775415
-0.00239586
0.00226213
0.0108745
0.00211788
-0.0095979
-0.00817137
-0.00821386
-0.0101987
-0.0124325
-0.0126346
-0.0158274
-0.024446
-0.0408328
-0.0514296
-0.0485756
-0.0465355
-0.0443116
-0.04453
-0.0409421
-0.0316608
-0.0244508
-0.0215836
-0.00969542
-0.00600778
-0.00414461
-0.000414976
-0.000121585
-0.000376775
-0.000221855
0.000651438
-0.000656073
-0.00305261
0.00669995
0.00249337
-0.0136791
-0.0132269
-0.0145037
-0.0159385
-0.0178176
-0.0202055
-0.0286406
-0.0503851
-0.0694383
-0.0698342
-0.052614
-0.0435468
-0.0334587
-0.0265977
-0.0241923
-0.0124305
-0.00707271
-0.0031356
-0.00109332
-0.000125171
0.000943994
-0.000263267
-0.00047399
-0.000729043
-0.000521106
0.00018889
-0.00256766
-0.00814774
-0.00696965
-0.0149402
-0.0212281
-0.0249054
-0.0257357
-0.0276854
-0.0310837
-0.0411391
-0.0583682
-0.0774717
-0.0768339
-0.0588617
-0.0347299
-0.0203945
-0.0126745
-0.00716372
-0.00301441
-0.000771127
0.00281234
0.00106807
-3.83437e-05
-0.000263195
-0.00051799
-0.000147308
-0.000752385
-0.000717431
-0.000533891
6.90839e-05
0.00159133
-0.00570107
-0.0193203
-0.00446976
-0.0328144
-0.038901
-0.0405943
-0.04668
-0.0589135
-0.0772762
-0.0813025
-0.0749279
-0.0462512
-0.0218238
-0.00819239
-0.00226148
-0.000754655
-0.00147545
0.000990422
-4.6499e-05
-0.000326427
-9.754e-05
-1.24666e-06
-0.000371521
-0.000671757
-0.000509095
-0.000732814
-0.000746154
-0.000571629
-4.66623e-05
-0.00130635
-0.00179004
-0.013463
-0.00709934
-0.0384792
-0.039695
-0.0476628
-0.0660529
-0.0839044
-0.0803802
-0.0544218
-0.0288382
-0.00923452
-0.00147141
0.00074741
0.000242472
7.74437e-05
0.000372467
-0.000448995
0.000127539
-0.00106208
1.58567e-05
-0.000351491
-0.000425893
-0.000640815
-0.000631707
-0.000675121
-0.000660138
-0.000508584
-6.25293e-06
0.000245769
-0.000471464
0.00214083
0.00352494
-0.0314275
-0.0278887
-0.0448169
-0.0664696
-0.055704
-0.0284984
-0.010241
-0.00202933
-0.000703894
0.00025377
-0.000277717
-7.95646e-05
-0.000131781
-0.000175706
-0.000361854
-0.000442007
-0.000387421
-0.000535073
-0.000607746
-0.000484023
-0.000684272
-0.00066697
-0.000642968
-0.000547858
-0.000513588
-0.000220161
0.000785339
-0.00467934
0.0146703
0.0121654
-0.0253882
-0.0195144
-0.0303148
-0.0235307
-0.0106444
-0.00249582
-0.00044568
-0.000148278
7.97116e-05
-0.000385947
-0.000243588
-0.000404733
-0.000435528
-0.00044373
-0.000569589
-0.000628165
-0.000698741
-0.000725344
-0.000609116
-0.000693249
-0.000700143
-0.000675991
-0.000512125
-0.000492826
-0.000506945
-0.000409444
-0.000171666
-7.86818e-05
0.010392
0.0119401
0.0041501
-0.00308389
-0.00860241
-0.00375176
-0.000563047
-0.000114684
-0.000111166
-0.000192231
-0.000304999
-0.000394765
-0.000456948
-0.000556437
-0.000653604
-0.000738936
-0.000792984
-0.000821556
-0.000817441
-0.00068923
-0.000748992
-0.000970282
-0.000629305
-0.000435178
-0.000454545
-0.000451428
-0.000472637
-0.000449468
-0.000438391
0.000111624
0.00821164
0.00714875
0.00701496
0.0032756
-0.000167774
-2.12476e-05
-1.4533e-05
-3.11401e-05
-0.000125453
-0.000239207
-0.000339664
-0.000454949
-0.000572926
-0.000654888
-0.000740165
-0.000788912
-0.00081557
-0.000810801
-0.000828834
-0.00088479
-0.000831838
-0.000549479
-0.000516591
-0.000440893
-0.000409465
-0.000423898
-0.000431233
-0.000420343
-0.000436207
0.000106516
0.00402653
0.00399473
0.00392839
0.00125745
1.97973e-05
-6.48316e-05
-1.41518e-05
-4.03302e-05
-0.000130536
-0.000244936
-0.000351337
-0.000453616
-0.000555456
-0.000633227
-0.000660294
-0.000656917
-0.000653173
-0.000649052
-0.000622706
-0.00062569
-0.000570604
-0.000518755
-0.000421988
-0.000431372
-0.000395264
-0.000397155
-0.000405914
-0.000395449
-0.00059903
0.000589023
0.0023988
0.00227765
0.00168793
0.000631429
0.00016778
-9.32909e-05
-5.92117e-05
-8.0427e-05
-0.000148724
-0.00024617
-0.000334335
-0.0004123
-0.000481763
-0.00052236
-0.000514961
-0.000494587
-0.000476301
-0.000455302
-0.000435003
-0.000395747
-0.000420882
-0.000393624
-0.000335093
-0.000353267
-0.000379113
-0.000368825
-0.000378761
-0.000352308
-0.000357187
0.000622175
0.00193344
0.00155838
0.000390554
0.000233877
-7.5777e-05
-0.000196255
-0.000163333
-0.000141873
-0.000191712
-0.000262923
-0.000326847
-0.000381136
-0.000413988
-0.000418036
-0.00040658
-0.000366796
-0.000393216
-0.000397494
-0.000419954
-0.000379122
-0.000352538
-0.000345452
-0.000354116
-0.000353499
-0.000348314
-0.000357507
-0.000373637
-0.000336024
-0.00029057
0.000802861
0.00160716
0.00133097
-1.089e-05
0.000169719
-3.43456e-05
-0.000252603
-0.000285221
-0.000234062
-0.000257653
-0.000302091
-0.000341548
-0.000374034
-0.000387189
-0.000376566
-0.000396941
-0.000385339
-0.000354082
-0.000381694
-0.00033564
-0.000354505
-0.000326626
-0.000331624
-0.000355537
-0.000348671
-0.000353891
-0.000359475
-0.000378209
-0.000327122
-0.000248951
0.000486836
0.00139662
0.00101805
0.000115952
0.00011848
-5.2197e-05
-0.000279072
-0.000384412
-0.000332912
-0.000332933
-0.000359047
-0.000376888
-0.000387097
-0.000386264
-0.000379605
-0.000379869
-0.000331795
-0.000378274
-0.000284225
-0.000309074
-0.000299173
-0.000331876
-0.000336885
-0.000341132
-0.000350428
-0.000364851
-0.000366508
-0.000379653
-0.000310912
-0.000218811
0.000508598
0.00183568
0.000869618
-4.17016e-05
1.71544e-05
-7.88537e-05
-0.000270787
-0.000436761
-0.000416171
-0.000399371
-0.00041757
-0.000418086
-0.000412254
-0.000401497
-0.000393491
-0.000319707
-0.000379013
-0.00030744
-0.000323541
-0.000295959
-0.000343347
-0.000349921
-0.000355377
-0.000360374
-0.000366783
-0.000377345
-0.000375803
-0.000383468
-0.000302272
-0.00020845
0.00057464
0.00149196
0.000803299
-0.000115762
-4.24219e-05
-3.32863e-05
-0.000251529
-0.000463558
-0.000479017
-0.000445995
-0.000464496
-0.000455987
-0.000441368
-0.000424795
-0.000405772
-0.000391277
-0.000387799
-0.000355035
-0.000372825
-0.000369219
-0.000369949
-0.000377646
-0.000383627
-0.000385415
-0.000388558
-0.000392641
-0.00038954
-0.000392314
-0.00029852
-0.00019549
0.00079777
0.00115305
0.000862327
-9.30162e-05
-0.00014232
-4.62522e-05
-0.000281998
-0.000485321
-0.000511603
-0.000466468
-0.000492366
-0.000485484
-0.000469253
-0.000451092
-0.000430828
-0.000415504
-0.000403348
-0.000398189
-0.000395879
-0.000396286
-0.000401334
-0.000409817
-0.000414667
-0.000414635
-0.000414619
-0.000414547
-0.000411414
-0.000410499
-0.000307162
-0.000207906
0.0010171
0.00094597
0.000380931
-3.56679e-05
0.00303271
9.69935e-05
-0.0003025
-0.000492208
-0.000507651
-0.000467854
-0.000503852
-0.000505545
-0.000491667
-0.000476064
-0.000458565
-0.000443025
-0.000433973
-0.000426906
-0.000425799
-0.000428889
-0.000434386
-0.000442561
-0.000448278
-0.000447944
-0.000446357
-0.000444218
-0.000441395
-0.000438321
-0.00033028
-0.000259177
0.000561897
0.00128615
0.000291988
-0.000105402
0.000442917
2.77892e-05
-0.000344605
-0.000475523
-0.000497932
-0.000470848
-0.000512502
-0.000522902
-0.000511924
-0.000500072
-0.000486566
-0.000474871
-0.000465383
-0.000460793
-0.000461848
-0.000464299
-0.000467743
-0.000476373
-0.000484427
-0.000484871
-0.000482169
-0.00047892
-0.000476743
-0.000471393
-0.000359106
-0.000315506
0.000348943
0.00120201
0.00013776
-0.000124456
0.000780735
-0.000176881
-0.000330378
-0.0004554
-0.000556418
-0.000501258
-0.000533478
-0.000546672
-0.000535283
-0.000526527
-0.000516542
-0.000507552
-0.00050076
-0.000497657
-0.000498578
-0.000500903
-0.00050345
-0.00051144
-0.000520269
-0.000522015
-0.000519603
-0.00051684
-0.000516225
-0.000506114
-0.000387165
-0.000352895
0.000336291
0.00102366
0.000374684
-8.62646e-05
-0.00143574
-0.000215242
-0.000169094
-0.000492638
-0.000716949
-0.000561441
-0.000566376
-0.000578743
-0.000564538
-0.000557909
-0.000549782
-0.000542082
-0.000536603
-0.000534455
-0.000536019
-0.000539235
-0.000541494
-0.000547406
-0.000555855
-0.000559565
-0.000559705
-0.000559357
-0.000560602
-0.000541534
-0.000413541
-0.000356511
0.000376497
0.000883359
0.000720399
-0.000161266
-0.00158695
-9.1213e-05
-2.13394e-05
-0.000549135
-0.000832524
-0.000607209
-0.000594255
-0.000613544
-0.000598594
-0.000593835
-0.000586272
-0.000578325
-0.000572669
-0.000571651
-0.000574777
-0.000578709
-0.000581015
-0.00058633
-0.000595239
-0.000601463
-0.000605397
-0.000608043
-0.000609738
-0.000577419
-0.000440093
-0.000341828
0.000380604
0.000785954
0.000507228
-0.000205467
-0.000273553
6.95482e-05
8.8898e-05
-0.000479167
-0.000855442
-0.000621373
-0.000609879
-0.000648497
-0.000635585
-0.000632479
-0.000624783
-0.000616245
-0.000610354
-0.000610057
-0.000614615
-0.000619547
-0.000623153
-0.000630376
-0.000640595
-0.000649186
-0.000657025
-0.000662089
-0.000661668
-0.000614461
-0.000472288
-0.000342814
0.000421208
0.000671384
0.00021305
-0.000187513
-0.00253228
0.000285108
9.07129e-05
-0.000390791
-0.00082511
-0.000614828
-0.000616397
-0.000685627
-0.00067709
-0.000672989
-0.000665332
-0.00065707
-0.000651414
-0.000651199
-0.000656656
-0.000662919
-0.000669249
-0.00067876
-0.000689804
-0.00070062
-0.000712804
-0.000719583
-0.000714389
-0.000652074
-0.000506118
-0.000345911
0.000512603
0.00053531
0.000187245
-0.000226637
-0.000102557
0.00033404
2.84373e-05
-0.00041774
-0.000780055
-0.000618789
-0.000626428
-0.000728847
-0.000724783
-0.000715622
-0.000709956
-0.000703035
-0.000697857
-0.000697589
-0.000703228
-0.000710232
-0.000718666
-0.000729737
-0.000741662
-0.000755358
-0.000772706
-0.000781181
-0.000769845
-0.000689948
-0.000533879
-0.00029443
0.000564486
0.000628076
0.000181774
-0.000180868
0.000267833
0.000288489
-5.69463e-05
-0.000415171
-0.000759128
-0.000638691
-0.000649845
-0.000774201
-0.000777748
-0.000760346
-0.000760098
-0.000755211
-0.00075045
-0.000750212
-0.000755
-0.000760912
-0.000770724
-0.000784356
-0.000798333
-0.000816265
-0.000839037
-0.000849403
-0.000830577
-0.000726169
-0.000568803
-0.000262977
0.000525791
0.00167948
8.31929e-05
-0.000350636
-0.000151489
-6.21295e-05
-0.000148059
-0.000339145
-0.000750311
-0.000680124
-0.000696768
-0.000827833
-0.000839104
-0.000811603
-0.000818407
-0.000814899
-0.000810013
-0.000808596
-0.000811333
-0.000815962
-0.000827543
-0.00084449
-0.000861126
-0.000882774
-0.000911485
-0.000926349
-0.000901474
-0.000781488
-0.000640147
-0.000305204
0.00109523
0.00345368
0.000260988
-0.000618338
-0.00084852
-0.000555667
-0.000279458
-0.000187172
-0.000764894
-0.000746298
-0.000770279
-0.000897641
-0.000918118
-0.000881701
-0.000892
-0.000887261
-0.000880084
-0.000875756
-0.000875672
-0.000880255
-0.000892399
-0.000910908
-0.000931501
-0.00095767
-0.000993866
-0.00101659
-0.000993698
-0.000860285
-0.000813578
-0.000498071
0.00193228
-0.00453394
-0.00111258
-0.000983171
-0.00147159
-0.000899879
-0.000310278
3.70011e-05
-0.000861046
-0.000856048
-0.000890942
-0.00100087
-0.00102813
-0.000988078
-0.000990265
-0.000978732
-0.000965154
-0.000955394
-0.000952276
-0.000956578
-0.000968288
-0.000986689
-0.00101076
-0.00104432
-0.00108792
-0.00112297
-0.00110926
-0.000981219
-0.00111926
-0.000782092
0.00128981
-0.000701928
0.00123088
-0.00162914
-0.00256275
-0.000611233
-0.000200484
0.000208977
-0.00105037
-0.00103695
-0.00108354
-0.00116428
-0.00118999
-0.00114281
-0.00111885
-0.00108881
-0.00106783
-0.00104802
-0.00104022
-0.00104502
-0.00105772
-0.00107685
-0.00110424
-0.00114299
-0.00119438
-0.00124178
-0.00123555
-0.00111253
-0.00141319
-0.00123029
0.00117466
-0.00162085
-0.00122086
-0.00248372
-0.00285775
-0.00126282
-3.32961e-05
0.000136455
-0.00123573
-0.00131969
-0.00138929
-0.00142596
-0.00142471
-0.00136057
-0.00130524
-0.00124886
-0.00119021
-0.00115167
-0.00113642
-0.00114244
-0.00115842
-0.0011803
-0.00121189
-0.00125545
-0.00131336
-0.00136958
-0.0013683
-0.00126891
-0.00165498
-0.00124127
0.000291722
0.00343764
0.000207864
-0.0033319
-0.00359373
-0.00147387
-0.000104057
-0.000401194
-0.00161347
-0.00181557
-0.00189073
-0.00184285
-0.00176593
-0.00165246
-0.00153102
-0.00141686
-0.00132257
-0.00125813
-0.00123293
-0.00124332
-0.0012647
-0.00129159
-0.00132901
-0.00137922
-0.00144378
-0.00150464
-0.00151001
-0.00145707
-0.00187964
-0.00181841
0.000712905
-0.00316675
0.000165247
-0.00390109
-0.00403044
-0.00159919
-0.000492709
-0.000686457
-0.00246481
-0.00263756
-0.00269203
-0.00248337
-0.00226563
-0.00205683
-0.0018469
-0.0016405
-0.00147669
-0.00136634
-0.00131726
-0.00133062
-0.00135972
-0.00140078
-0.00144948
-0.00150809
-0.0015796
-0.00163888
-0.00164482
-0.00162686
-0.00197652
-0.00202797
4.59154e-05
0.000263381
-7.49084e-05
-0.00394263
-0.00376429
-0.00156577
-0.000523917
-0.00213533
-0.00362032
-0.00406277
-0.00394302
-0.00346808
-0.00302807
-0.00265862
-0.00230581
-0.00195796
-0.0016727
-0.00147968
-0.00138558
-0.00139366
-0.00144565
-0.00150083
-0.0015688
-0.00164613
-0.00171533
-0.00175944
-0.00174136
-0.0016971
-0.00179657
-0.00155009
0.000281792
0.000454893
-0.000330377
-0.00358423
-0.00318295
-0.00176528
1.61018e-05
-0.00481427
-0.00671244
-0.00603843
-0.00554049
-0.00492297
-0.00416348
-0.0035691
-0.00302086
-0.00248082
-0.00199529
-0.0016448
-0.001455
-0.00143219
-0.00150244
-0.00158261
-0.0016817
-0.00177654
-0.00184683
-0.00186647
-0.00179445
-0.00166614
-0.00152748
-0.00103601
0.000649104
0.000499262
-0.000773541
-0.00318377
-0.00293126
-0.00125686
-0.0013435
-0.00654806
-0.00863313
-0.00769382
-0.00722123
-0.00604636
-0.00556566
-0.00484219
-0.00415361
-0.0033874
-0.00263044
-0.00199719
-0.00160108
-0.00147028
-0.0015271
-0.00164714
-0.00178502
-0.00190456
-0.00197351
-0.00197263
-0.00183967
-0.00163611
-0.00130602
-0.00157295
0.000721421
0.000122331
-0.00138651
-0.00295459
-0.00258112
-0.00377196
-0.00374685
-0.0058664
-0.00745171
-0.00835068
-0.00755036
-0.00774952
-0.00677679
-0.0062263
-0.00566777
-0.0048559
-0.00383221
-0.00279571
-0.0020182
-0.00161666
-0.00158157
-0.00171217
-0.00187852
-0.00201919
-0.00208866
-0.00207436
-0.00193008
-0.0016439
-0.00112614
-0.000519898
3.69659e-05
-0.000469664
-0.00179097
-0.0183775
-0.000827988
-0.00436843
-0.00257066
-0.00296084
-0.00495113
-0.00607782
-0.00719081
-0.00304414
-0.00705979
-0.00694326
-0.00702554
-0.0066109
-0.00564429
-0.00432884
-0.00304727
-0.00210333
-0.00177584
-0.00181811
-0.00197127
-0.00210841
-0.00217108
-0.00217825
-0.00205313
-0.00176807
-0.00150416
-0.000991719
-0.00179474
-0.0010045
-0.00155059
0.00574131
-0.00156259
-9.20785e-05
-0.000330602
-0.0007185
-0.001799
-0.00384917
-0.00626423
-0.00220237
-0.0120576
-0.0069491
-0.00742952
-0.00774534
-0.00756191
-0.00637506
-0.00494742
-0.00333479
-0.00230793
-0.00202156
-0.00207415
-0.00218094
-0.00223126
-0.00222832
-0.0021653
-0.00195584
-0.00173728
-0.00228917
-0.00219026
-0.000923583
-0.00145377
0.00148152
0.000323271
0.000115868
6.16864e-05
-4.21203e-05
-0.000364236
-0.00109695
-0.00242052
-0.00585217
-0.00024017
-0.00523403
-0.00635163
-0.00757627
-0.0080257
-0.00782472
-0.00712242
-0.00519333
-0.00345821
-0.00244951
-0.00221318
-0.0022336
-0.00226646
-0.00225901
-0.00221614
-0.00206318
-0.00185108
-0.00216534
-0.00197064
-0.000539487
-0.00108472
0.000130607
0.000217853
0.000141672
0.000128309
7.72614e-05
2.12677e-05
-0.00017013
-0.000555805
-0.00121954
-0.00196215
-0.00275071
-0.00393014
-0.00531442
-0.00704259
-0.00854018
-0.0078996
-0.00662943
-0.0046816
-0.00312646
-0.00241187
-0.0022656
-0.00226535
-0.00224867
-0.00219684
-0.00205761
-0.001833
-0.00194762
-0.00158664
-0.000482845
-0.00107898
0.00310425
0.000206836
0.000118643
0.000166043
9.14649e-05
9.21573e-05
5.1667e-05
-3.72734e-05
-0.000165854
-0.000371748
-0.000708471
-0.00126007
-0.00234866
-0.00426636
-0.0066412
-0.00802749
-0.00659169
-0.00585435
-0.00415879
-0.002735
-0.00230257
-0.0022394
-0.0021934
-0.00214062
-0.00200217
-0.0016697
-0.00158248
-0.00129343
-0.000916459
-0.00139729
0.00452819
9.33294e-05
6.3767e-05
5.50466e-05
6.22221e-05
5.87733e-05
5.9376e-05
4.43443e-05
4.6785e-05
6.17078e-05
4.0792e-05
-3.892e-06
-0.000288264
-0.00103887
-0.0036655
-0.0056191
-0.00865873
-0.00528422
-0.00395869
-0.00315449
-0.00239738
-0.00221089
-0.00214113
-0.00209295
-0.00195208
-0.00155697
-0.00133203
-0.00130862
-0.00131371
-0.00170045
0.00092182
6.71559e-05
9.33228e-06
-9.46089e-06
8.06472e-06
7.00862e-06
5.35172e-06
1.91596e-05
6.28005e-05
0.000101124
0.000105872
9.38395e-05
0.000137061
4.74306e-05
-0.00023614
-0.0033444
-0.0051903
-0.00572849
-0.00538719
-0.00358471
-0.00262497
-0.00226519
-0.00214658
-0.0020914
-0.00194023
-0.00154802
-0.00127439
-0.0012484
-0.000661452
-0.00331688
-0.00139111
-2.68025e-05
-3.35938e-05
-3.38486e-05
-3.3648e-05
-4.26009e-05
-3.76785e-05
-1.10766e-05
3.04265e-05
6.92306e-05
0.000110264
0.000134299
0.00016521
0.000230975
0.000253642
0.000174634
-0.00294534
-0.0053496
-0.00489666
-0.0038469
-0.00289186
-0.00239601
-0.00222244
-0.0021401
-0.00197048
-0.00159193
-0.00140184
-0.00149241
-0.00131384
-0.00442794
-0.00802191
-0.000180329
-6.22315e-05
-5.10582e-05
-5.77612e-05
-7.37291e-05
-6.01143e-05
-2.04701e-05
7.60096e-06
3.04622e-05
5.16468e-05
8.17293e-05
0.000121511
0.00016087
0.000219013
0.000233719
8.27362e-05
-0.00245767
-0.00314671
-0.00386303
-0.00305446
-0.00253553
-0.00232109
-0.00220133
-0.00201454
-0.00169781
-0.00172365
-0.0021747
-0.00109511
-0.00374368
-0.0014257
-0.000321158
-8.90521e-05
-5.98283e-05
-7.20236e-05
-8.79731e-05
-7.28868e-05
-4.54568e-05
-2.42422e-05
-4.32056e-06
6.52665e-06
2.35904e-05
3.68086e-05
8.09295e-05
0.000114806
0.000339541
0.000233209
-0.000267812
-0.00186927
-0.00279693
-0.00284035
-0.0025555
-0.00234181
-0.00219829
-0.00200535
-0.00175286
-0.00191038
-0.00245828
-0.000407914
0.000245555
0.00138874
-0.000311896
-0.000116744
-7.39346e-05
-9.02142e-05
-0.000107489
-9.37634e-05
-7.6069e-05
-7.19725e-05
-7.50755e-05
-7.81099e-05
-7.98054e-05
-8.46766e-05
-0.00022777
-2.37253e-05
3.27723e-05
0.000108679
-3.68051e-06
-0.000810063
-0.00175525
-0.00208896
-0.00235474
-0.00222395
-0.0021066
-0.00192317
-0.00172449
-0.00183393
-0.00223639
-0.000572922
0.00110156
0.000634192
-3.5226e-05
-0.000126264
-0.00011794
-0.000152031
-0.000164604
-0.000162878
-0.00017483
-0.000205752
-0.000233975
-0.000244551
-0.000243814
-0.000239464
0.000818015
-0.0003212
-5.5196e-05
2.98936e-05
2.83115e-05
-0.000157611
-0.000724168
-0.00127751
-0.00163113
-0.00182819
-0.00186915
-0.00175328
-0.00157727
-0.00165663
-0.00233434
-0.000508738
-0.00038262
6.81231e-05
-6.39029e-05
-0.000210963
-0.000242219
-0.000300323
-0.000346769
-0.000330079
-0.000346777
-0.000375841
-0.000393647
-0.000378773
-0.000348374
-0.000316398
-0.00105068
-0.000169438
-8.0826e-05
2.00883e-05
2.55654e-05
2.64658e-05
-8.14316e-05
-0.000362884
-0.000710266
-0.00106199
-0.00131596
-0.00138087
-0.00130864
-0.00130181
-0.00176289
-0.00201325
-0.00117339
-0.000231724
-0.000247396
-0.000357959
-0.000424287
-0.000454516
-0.000283463
-0.000526957
-0.000428881
-0.00046122
-0.000445359
-0.000397624
-0.000334351
-0.000251089
-0.000148069
-5.19062e-05
1.80703e-05
3.50373e-05
1.67697e-05
2.27031e-05
3.80026e-05
1.76439e-05
-7.62573e-05
-0.000263853
-0.000541558
-0.000770318
-0.000837536
-0.000834384
0.00127265
-0.00836145
-0.0027987
-0.000581958
-0.000408171
-0.000407125
-0.000461756
-0.000530132
-0.000657869
-0.000339473
-0.000502362
-0.000398502
-0.00026632
-0.000158345
-7.53108e-05
-5.69897e-06
3.90443e-05
5.82665e-05
4.65188e-05
2.70871e-05
7.56415e-06
7.01977e-06
1.803e-05
3.26621e-05
4.19684e-05
3.43266e-05
-2.13034e-05
-0.000153195
-0.000284669
-0.000351029
-0.000462504
-0.00158159
-0.00345717
-0.000686789
-0.000630188
-0.000627237
-0.000649407
-0.000633857
-0.000516147
-0.000406171
-0.000130583
2.38956e-05
9.45569e-05
0.000129495
0.00012826
0.000114751
8.81868e-05
5.54438e-05
2.85584e-05
1.22017e-05
2.59798e-06
1.45886e-06
3.84405e-06
9.5177e-06
1.81174e-05
2.93672e-05
4.39876e-05
5.19782e-05
3.52447e-05
6.09992e-06
-3.02623e-05
0.000104745
-0.000609578
-0.000338289
-0.000294357
-0.000364214
-0.000273432
-0.000135706
4.31714e-05
0.000153714
0.00018759
0.000166214
0.00013771
0.000112512
9.31957e-05
6.98533e-05
4.55844e-05
2.47645e-05
1.11061e-05
4.02719e-06
7.26073e-07
2.63427e-07
6.14436e-07
1.69933e-06
3.71507e-06
7.4648e-06
1.50722e-05
3.10572e-05
4.61487e-05
4.09004e-05
5.41646e-05
0.000149618
0.000321957
1.56659e-05
3.90758e-05
7.24723e-05
0.000140715
0.000204622
0.0002178
0.000176763
0.00012299
8.32045e-05
6.01226e-05
4.5859e-05
3.47154e-05
2.46142e-05
1.55649e-05
8.19381e-06
3.45433e-06
1.09264e-06
1.70054e-07
4.43971e-08
8.8192e-08
2.53033e-07
5.85016e-07
1.24712e-06
2.843e-06
7.19381e-06
1.32144e-05
1.4296e-05
3.24483e-05
8.37665e-05
0.000118755
0.000136328
9.81679e-05
0.000122387
0.00013
0.000129724
0.000105903
7.14511e-05
4.3677e-05
2.75023e-05
1.92133e-05
1.4395e-05
1.07619e-05
7.55489e-06
4.70619e-06
2.40203e-06
9.37814e-07
2.54901e-07
3.35924e-08
7.06464e-09
1.20884e-08
3.44536e-08
8.23769e-08
1.83023e-07
4.59154e-07
1.24069e-06
2.32266e-06
3.10498e-06
9.94215e-06
3.3894e-05
4.15045e-05
0.000134089
9.24035e-05
7.6022e-05
6.46937e-05
5.47964e-05
4.03222e-05
2.5651e-05
1.50595e-05
9.205e-06
6.28569e-06
4.60524e-06
3.35882e-06
2.28338e-06
1.35525e-06
6.45939e-07
2.25529e-07
5.13359e-08
5.63603e-09
1.06442e-09
1.63935e-09
4.50071e-09
1.09106e-08
2.58658e-08
7.30658e-08
1.95256e-07
3.56067e-07
5.98514e-07
2.9219e-06
1.40745e-05
2.13772e-05
0.000121706
9.33958e-05
5.40549e-05
3.61363e-05
2.62159e-05
1.77834e-05
1.06861e-05
5.90641e-06
3.40994e-06
2.2167e-06
1.54031e-06
1.06023e-06
6.73664e-07
3.67225e-07
1.56978e-07
4.75188e-08
8.93464e-09
8.00392e-10
1.5108e-10
2.202e-10
5.77226e-10
1.42545e-09
3.77375e-09
1.17437e-08
2.91585e-08
5.19243e-08
1.1605e-07
8.86674e-07
4.91809e-06
7.60357e-06
0.000115323
0.000101577
4.77625e-05
2.47004e-05
1.50558e-05
9.05378e-06
4.93092e-06
2.49518e-06
1.33112e-06
8.02585e-07
5.16005e-07
3.2477e-07
1.86563e-07
9.06366e-08
3.39176e-08
8.73664e-09
1.32854e-09
9.60085e-11
2.1138e-11
2.98456e-11
7.35043e-11
1.8853e-10
5.81845e-10
1.88302e-09
4.21414e-09
7.42898e-09
2.37591e-08
2.51436e-07
1.36872e-06
2.03549e-06
0.000118307
0.000112294
4.70241e-05
1.862e-05
9.34329e-06
4.88328e-06
2.35369e-06
1.06795e-06
5.15819e-07
2.82277e-07
1.64358e-07
9.2865e-08
4.73892e-08
2.01747e-08
6.45929e-09
1.37553e-09
1.66366e-10
1.14871e-11
4.67254e-12
5.46147e-12
1.0475e-11
2.65556e-11
9.3136e-11
2.91765e-10
5.92116e-10
1.06443e-09
5.02032e-09
6.09388e-08
3.12167e-07
4.7245e-07
0.00012738
0.000121195
4.63421e-05
1.43472e-05
5.83816e-06
2.62506e-06
1.10631e-06
4.43051e-07
1.90532e-07
9.34181e-08
4.87614e-08
2.44644e-08
1.08801e-08
3.96021e-09
1.05763e-09
1.82795e-10
1.96661e-11
4.49441e-12
3.85509e-12
3.26547e-12
3.33467e-12
5.30341e-12
1.57685e-11
4.32445e-11
8.03769e-11
1.5102e-10
9.83251e-10
1.16916e-08
5.57073e-08
8.89093e-08
0.00014099
0.000123857
4.2722e-05
1.06068e-05
3.49714e-06
1.34809e-06
4.94523e-07
1.73763e-07
6.61402e-08
2.86394e-08
1.31496e-08
5.7557e-09
2.19036e-09
6.67882e-10
1.47445e-10
2.34348e-11
6.41942e-12
5.55387e-12
4.72954e-12
3.9795e-12
3.31119e-12
2.92984e-12
4.04129e-12
7.14597e-12
1.12766e-11
2.12895e-11
1.60687e-10
1.68519e-09
7.15933e-09
1.1062e-08
0.000150959
0.0001164
3.53461e-05
7.15119e-06
1.93472e-06
6.42022e-07
2.06164e-07
6.34624e-08
2.10438e-08
7.90396e-09
3.13572e-09
1.17718e-09
3.78533e-10
9.77847e-11
2.20881e-11
9.04572e-12
7.9283e-12
6.82938e-12
5.79294e-12
4.84472e-12
4.00942e-12
3.28455e-12
2.79398e-12
2.71256e-12
2.80114e-12
3.81006e-12
2.09446e-11
1.75828e-10
6.56822e-10
9.46332e-10
0.000147536
9.7874e-05
2.54585e-05
4.22921e-06
9.58499e-07
2.7785e-07
7.87596e-08
2.10418e-08
5.9743e-09
1.91326e-09
6.4543e-10
2.06399e-10
6.00488e-11
1.96606e-11
1.25213e-11
1.11262e-11
9.71366e-12
8.34268e-12
7.05179e-12
5.88087e-12
4.84405e-12
3.95231e-12
3.19465e-12
2.61045e-12
2.14616e-12
1.88021e-12
3.07195e-12
1.37034e-11
4.33898e-11
5.77883e-11
0.000126987
7.13005e-05
1.55092e-05
2.12501e-06
4.13891e-07
1.07137e-07
2.68856e-08
6.17773e-09
1.47382e-09
3.95633e-10
1.16023e-10
3.82078e-11
1.89642e-11
1.6988e-11
1.53092e-11
1.35481e-11
1.17899e-11
1.00952e-11
8.51897e-12
7.08905e-12
5.83029e-12
4.74266e-12
3.82441e-12
3.07173e-12
2.44915e-12
1.95726e-12
1.64592e-12
1.90566e-12
3.34554e-12
3.87458e-12
9.26822e-05
4.34048e-05
7.75702e-06
8.80272e-07
1.52138e-07
3.58175e-08
7.9928e-09
1.56736e-09
3.08441e-10
7.35583e-11
2.97115e-11
2.41773e-11
2.25352e-11
2.06056e-11
1.84915e-11
1.63077e-11
1.41464e-11
1.209e-11
1.01866e-11
8.47338e-12
6.96376e-12
5.66491e-12
4.56367e-12
3.66451e-12
2.91469e-12
2.30883e-12
1.82761e-12
1.50589e-12
1.60077e-12
1.54313e-12
5.46753e-05
2.11936e-05
3.10091e-06
2.9187e-07
4.6106e-08
1.00402e-08
2.01052e-09
3.36139e-10
6.2358e-11
3.17267e-11
3.0746e-11
2.9157e-11
2.70758e-11
2.4652e-11
2.20417e-11
1.93743e-11
1.67683e-11
1.43045e-11
1.20462e-11
1.00209e-11
8.24447e-12
6.71305e-12
5.41743e-12
4.34669e-12
3.4726e-12
2.75372e-12
2.17263e-12
1.73223e-12
1.64595e-12
1.46162e-12
2.4705e-05
7.94573e-06
9.55003e-07
7.50133e-08
1.10117e-08
2.26235e-09
4.14261e-10
6.96276e-11
3.81933e-11
3.7869e-11
3.66436e-11
3.46396e-11
3.20435e-11
2.90647e-11
2.58934e-11
2.26979e-11
1.96021e-11
1.67056e-11
1.40638e-11
1.17106e-11
9.65084e-12
7.87963e-12
6.37701e-12
5.12082e-12
4.11788e-12
3.27936e-12
2.5922e-12
2.04219e-12
1.8007e-12
1.48845e-12
8.20415e-06
2.20363e-06
2.16425e-07
1.41353e-08
1.96653e-09
3.94939e-10
7.92192e-11
4.38617e-11
4.47813e-11
4.44473e-11
4.2939e-11
4.04713e-11
3.73086e-11
3.37156e-11
2.99395e-11
2.61728e-11
2.25661e-11
1.92142e-11
1.61816e-11
1.34915e-11
1.11474e-11
9.1325e-12
7.42462e-12
5.99221e-12
4.84315e-12
3.8803e-12
3.08359e-12
2.41571e-12
1.97715e-12
1.47668e-12
1.97567e-06
4.12148e-07
3.28795e-08
1.82e-09
2.51806e-10
6.58282e-11
4.71742e-11
5.01437e-11
5.15113e-11
5.11914e-11
4.93916e-11
4.64287e-11
4.26541e-11
3.84129e-11
3.40001e-11
2.96504e-11
2.55212e-11
2.17209e-11
1.83019e-11
1.52874e-11
1.26694e-11
1.04257e-11
8.52254e-12
6.92483e-12
5.63041e-12
4.54444e-12
3.64191e-12
2.85718e-12
2.20947e-12
1.50086e-12
2.72146e-07
4.3578e-08
2.92225e-09
1.77511e-10
4.27723e-11
4.57049e-11
5.18525e-11
5.60378e-11
5.79863e-11
5.77544e-11
5.5673e-11
5.21909e-11
4.7785e-11
4.28821e-11
3.7838e-11
3.29135e-11
2.82888e-11
2.40647e-11
2.02947e-11
1.69878e-11
1.41295e-11
1.16857e-11
9.6157e-12
7.87512e-12
6.44329e-12
5.25077e-12
4.25636e-12
3.36703e-12
2.54058e-12
1.58518e-12
1.54216e-08
1.78873e-09
1.46284e-10
3.38858e-11
4.14128e-11
4.66511e-11
5.52e-11
6.10147e-11
6.37768e-11
6.37154e-11
6.13612e-11
5.73556e-11
5.23167e-11
4.67739e-11
4.11333e-11
3.56881e-11
3.06206e-11
2.60361e-11
2.19736e-11
1.84349e-11
1.53918e-11
1.28014e-11
1.06116e-11
8.77123e-12
7.2247e-12
5.96744e-12
4.90603e-12
3.93436e-12
2.985e-12
1.87393e-12
-5.9775e-11
-3.6752e-11
3.37795e-12
1.81427e-11
3.77645e-11
4.46537e-11
5.66173e-11
6.45622e-11
6.8384e-11
6.85488e-11
6.59239e-11
6.13958e-11
5.57602e-11
4.96396e-11
4.34903e-11
3.76176e-11
3.22107e-11
2.73622e-11
2.31043e-11
1.94228e-11
1.62794e-11
1.36193e-11
1.13827e-11
9.50907e-12
7.93405e-12
6.63923e-12
5.55344e-12
4.53564e-12
3.49171e-12
2.1428e-12
-7.57432e-11
-4.7907e-11
-2.45025e-11
-3.38665e-12
2.43549e-11
4.5378e-11
5.55922e-11
6.6326e-11
7.13458e-11
7.17234e-11
6.87845e-11
6.37527e-11
5.75905e-11
5.10077e-11
4.44859e-11
3.83352e-11
3.27312e-11
2.77574e-11
2.34297e-11
1.97234e-11
1.65877e-11
1.39599e-11
1.17709e-11
9.9551e-12
8.43677e-12
7.1832e-12
6.14359e-12
5.14792e-12
4.07742e-12
2.70192e-12
-1.11097e-10
-8.60276e-11
-5.45156e-11
-4.41088e-11
2.37929e-12
3.78834e-11
5.23027e-11
6.61283e-11
7.22636e-11
7.26652e-11
6.93285e-11
6.38192e-11
5.72536e-11
5.03779e-11
4.36743e-11
3.74329e-11
3.18126e-11
2.68769e-11
2.26299e-11
1.9035e-11
1.60342e-11
1.35574e-11
1.15308e-11
9.8842e-12
8.53692e-12
7.47832e-12
6.58981e-12
5.71406e-12
4.67504e-12
3.02408e-12
-1.43526e-10
-1.19086e-10
-8.45718e-11
-5.12515e-11
-3.40666e-11
2.09271e-11
5.26792e-11
6.3806e-11
7.0544e-11
7.06028e-11
6.67643e-11
6.0884e-11
5.41216e-11
4.72025e-11
4.05674e-11
3.44721e-11
2.90467e-11
2.43385e-11
2.03388e-11
1.70055e-11
1.42757e-11
1.20781e-11
1.03385e-11
8.98776e-12
7.99735e-12
7.28928e-12
6.7112e-12
6.1302e-12
5.34281e-12
3.98659e-12
-1.39724e-10
-1.34795e-10
-1.02668e-10
-7.11981e-11
-4.62019e-11
1.43528e-12
7.21661e-11
5.94118e-11
6.55563e-11
6.48196e-11
6.05062e-11
5.44878e-11
4.78383e-11
4.11835e-11
3.48968e-11
2.91901e-11
2.41695e-11
1.98673e-11
1.6269e-11
1.33299e-11
1.09881e-11
9.17547e-12
7.824e-12
6.87001e-12
6.36115e-12
6.12145e-12
6.05994e-12
6.05054e-12
5.76316e-12
4.27709e-12
-9.87822e-11
-1.24876e-10
-9.20875e-11
-5.71495e-11
-5.31672e-11
-1.75681e-11
3.35228e-11
6.04045e-11
5.57567e-11
5.41921e-11
4.98139e-11
4.41526e-11
3.80603e-11
3.20408e-11
2.64034e-11
2.13295e-11
1.69106e-11
1.31749e-11
1.01071e-11
7.66511e-12
5.7917e-12
4.42487e-12
3.50498e-12
2.99194e-12
2.8854e-12
3.11154e-12
3.68419e-12
4.64726e-12
6.06077e-12
6.8944e-12
-3.18602e-11
-7.99561e-11
-3.84638e-11
-2.2798e-11
-3.21674e-11
-2.86263e-11
3.22363e-11
6.36404e-11
3.94814e-11
3.82236e-11
3.4696e-11
3.00386e-11
2.49514e-11
1.98852e-11
1.51322e-11
1.08694e-11
7.19e-12
4.12602e-12
1.66615e-12
-2.28513e-13
-1.61198e-12
-2.54419e-12
-3.08409e-12
-3.29945e-12
-3.27631e-12
-2.95158e-12
-2.30038e-12
-1.23756e-12
5.02004e-13
3.11928e-12
)
;

boundaryField
{
    inlet
    {
        type            calculated;
        value           nonuniform List<scalar> 
30
(
-19.3585
-19.1733
-19.2559
-19.3311
-19.3488
-19.2851
-19.0869
-18.7823
-18.4893
-17.9615
-16.5788
-15.6506
-15.673
-15.4414
-15.2782
-15.8114
-16.514
-18.0126
-18.8073
-19.0965
-19.2927
-19.4088
-19.4726
-19.5022
-19.4846
-19.4138
-17.4527
-15.0726
-15.5021
-15.3575
)
;
    }
    outlet
    {
        type            calculated;
        value           nonuniform List<scalar> 
30
(
-3.18602e-11
-7.99561e-11
-3.84638e-11
-2.2798e-11
-3.21674e-11
-2.86263e-11
3.22363e-11
6.36404e-11
3.94814e-11
3.82236e-11
3.4696e-11
3.00386e-11
2.49514e-11
1.98852e-11
1.51322e-11
1.08694e-11
7.19e-12
4.12602e-12
1.66615e-12
-2.28513e-13
-1.61198e-12
-2.54419e-12
-3.08409e-12
-3.29945e-12
-3.27631e-12
-2.95158e-12
-2.30038e-12
-1.23756e-12
5.02004e-13
3.11928e-12
)
;
    }
    walls
    {
        type            calculated;
        value           nonuniform List<scalar> 
400
(
-19.3585
-2.31252
-0.17372
-0.0296308
-0.0222751
-0.0241067
-0.0281145
-0.0294741
-0.0230936
-0.0141423
-0.010203
-0.0112399
-0.013329
-0.0152492
-0.0163646
-0.0165912
-0.0160937
-0.0152622
-0.0141621
-0.0126272
-0.0104316
-0.00856457
-0.010001
-0.0101042
-0.00993739
-0.00956378
-0.00886106
-0.00842904
-0.00815254
-0.00772152
-0.00653606
-0.00467857
-0.00432948
-0.00717355
-0.0112487
-0.0126295
-0.0126925
-0.0162913
-0.0262353
-0.0361302
-0.0379204
-0.0316733
-0.028263
-0.0269591
-0.0246058
-0.0223266
-0.0223806
-0.0235272
-0.0242926
-0.0247775
-0.0248622
-0.0246108
-0.0237701
-0.0227917
-0.0221661
-0.021814
-0.0218281
-0.0218353
-0.0218047
-0.0227975
-0.0244748
-0.0253236
-0.0259008
-0.0263123
-0.0261291
-0.0258326
-0.025186
-0.0245911
-0.0242486
-0.0235377
-0.0223285
-0.0210331
-0.0204505
-0.019725
-0.0204606
-0.0210723
-0.0217456
-0.0227227
-0.0236135
-0.0237829
-0.0230168
-0.0214088
-0.0230874
-0.0279613
-0.0354657
-0.0424193
-0.0456077
-0.0435686
-0.0368774
-0.0272625
-0.016738
-0.00526563
0.00555979
0.0110972
0.0119386
0.0100555
0.00533001
-0.00374189
-0.0147077
-0.0274837
-0.0373993
-0.0360576
-0.0301372
-0.0226889
-0.0146514
-0.0135527
-0.0140773
-0.0177421
-0.0275152
-0.0388968
-0.0476134
-0.0469621
-0.0421972
-0.038769
-0.0385291
-0.0393867
-0.0382618
-0.0455726
-0.0131503
-0.0041698
-0.00691383
-0.0095979
-0.0136791
-0.0212281
-0.0328144
-0.0384792
-0.0314275
-0.0253882
0.0041501
0.00701496
0.00392839
0.00168793
0.000390554
-1.089e-05
0.000115952
-4.17016e-05
-0.000115762
-9.30162e-05
-3.56679e-05
-0.000105402
-0.000124456
-8.62646e-05
-0.000161266
-0.000205467
-0.000187513
-0.000226637
-0.000180868
-0.000350636
-0.000618338
-0.000983171
-0.00162914
-0.00248372
-0.0033319
-0.00390109
-0.00394263
-0.00358423
-0.00318377
-0.00295459
-0.0183775
0.00574131
0.00148152
0.000130607
0.00310425
0.00452819
0.00092182
-0.00139111
-0.00802191
-0.0014257
0.00138874
0.000634192
6.81231e-05
-0.000231724
-0.000581958
-0.000686789
-0.000338289
1.56659e-05
0.000136328
0.000134089
0.000121706
0.000115323
0.000118307
0.00012738
0.00014099
0.000150959
0.000147536
0.000126987
9.26822e-05
5.46753e-05
2.4705e-05
8.20415e-06
1.97567e-06
2.72146e-07
1.54216e-08
-5.9775e-11
-7.57432e-11
-1.11097e-10
-1.43526e-10
-1.39724e-10
-9.87822e-11
-3.18602e-11
-15.3575
-2.501
-0.279918
-0.0772317
-0.0387529
-0.0321573
-0.0380391
-0.0354005
-0.0196719
-0.013217
-0.0129047
-0.0154779
-0.0164322
-0.0144802
-0.0117129
-0.00806137
-0.0136972
-0.0149425
-0.0150141
-0.0146167
-0.0149003
-0.0155425
-0.0157013
-0.0154125
-0.014886
-0.0142913
-0.0136815
-0.0131014
-0.0126599
-0.0124838
-0.0125061
-0.0124546
-0.0120796
-0.0111813
-0.00905271
-0.00754114
-0.00926111
-0.0016447
0.00285634
0.00233217
0.00240381
0.00303778
0.00245533
-0.00208463
-0.0107914
-0.0212225
-0.0224451
-0.0208196
-0.0222752
-0.0244043
-0.0263203
-0.025474
-0.0247923
-0.0248123
-0.0251308
-0.0253927
-0.0262502
-0.0268015
-0.0269094
-0.02679
-0.0266041
-0.0260803
-0.0253112
-0.0249981
-0.0249396
-0.0249994
-0.0252007
-0.0250558
-0.0245082
-0.0235048
-0.0225943
-0.0217697
-0.0210847
-0.0206425
-0.0206541
-0.0211686
-0.0219581
-0.0224415
-0.0239292
-0.0244978
-0.025566
-0.0271617
-0.0285645
-0.0292731
-0.0287612
-0.0276621
-0.0264021
-0.0250882
-0.0238001
-0.0225781
-0.0214176
-0.0203558
-0.0195208
-0.0191026
-0.0192744
-0.0202258
-0.0222334
-0.0251885
-0.0295318
-0.0338182
-0.0374695
-0.0419219
-0.0443034
-0.0465248
-0.0454699
-0.0443366
-0.0421553
-0.0392412
-0.0359486
-0.0324521
-0.0286915
-0.0246415
-0.020301
-0.0155684
-0.0104774
-0.00512719
0.000134916
0.00455835
0.00695929
0.00612552
0.00211788
0.00249337
-0.0149402
-0.00446976
-0.00709934
0.00352494
0.0121654
0.0119401
0.00714875
0.00399473
0.00227765
0.00155838
0.00133097
0.00101805
0.000869618
0.000803299
0.000862327
0.000380931
0.000291988
0.00013776
0.000374684
0.000720399
0.000507228
0.00021305
0.000187245
0.000181774
8.31929e-05
0.000260988
-0.00111258
0.00123088
-0.00122086
0.000207864
0.000165247
-7.49084e-05
-0.000330377
-0.000773541
-0.00138651
-0.00179097
-0.00155059
-0.00145377
-0.00108472
-0.00107898
-0.00139729
-0.00170045
-0.00331688
-0.00442794
-0.00374368
0.000245555
0.00110156
-0.00038262
-0.00117339
-0.0027987
-0.00345717
-0.000609578
0.000321957
0.000118755
4.15045e-05
2.13772e-05
7.60357e-06
2.03549e-06
4.7245e-07
8.89093e-08
1.1062e-08
9.46332e-10
5.77883e-11
3.87458e-12
1.54313e-12
1.46162e-12
1.48845e-12
1.47668e-12
1.50086e-12
1.58518e-12
1.87393e-12
2.1428e-12
2.70192e-12
3.02408e-12
3.98659e-12
4.27709e-12
6.8944e-12
3.11928e-12
)
;
    }
    frontAndBackPlanes
    {
        type            empty;
    }
}


// ************************************************************************* //
