/*--------------------------------*- C++ -*----------------------------------*\
| =========                 |                                                 |
| \\      /  F ield         | OpenFOAM: The Open Source CFD Toolbox           |
|  \\    /   O peration     | Version:  v1606+                                |
|   \\  /    A nd           | Web:      www.OpenFOAM.com                      |
|    \\/     M anipulation  |                                                 |
\*---------------------------------------------------------------------------*/
FoamFile
{
    version     2.0;
    format      ascii;
    class       volScalarField;
    location    "0.78";
    object      dgdt;
}
// * * * * * * * * * * * * * * * * * * * * * * * * * * * * * * * * * * * * * //

dimensions      [0 0 -1 0 0 0 0];

internalField   nonuniform List<scalar> 
6000
(
-20.5896
-20.7717
-20.8557
-20.8419
-20.8126
-20.7135
-20.5709
-20.4409
-19.1866
-17.8265
-17.0139
-16.6038
-16.3747
-16.0734
-15.8532
-15.6647
-15.8479
-16.1376
-16.4568
-16.9311
-17.6554
-19.0776
-20.4054
-20.5675
-20.7045
-20.8011
-20.8308
-20.8478
-20.7678
-20.5232
-2.59632
-2.24791
-2.21705
-2.18743
-2.16841
-2.09848
-1.98522
-1.91302
-2.00083
-2.14015
-2.19107
-2.14698
-2.1141
-2.10196
-2.08998
-2.10783
-2.11249
-2.12616
-2.12833
-2.16094
-2.12508
-1.9733
-1.89131
-1.96953
-2.08269
-2.15792
-2.18455
-2.22002
-2.24836
-2.59661
-0.207217
-0.167551
-0.183115
-0.197263
-0.221783
-0.259794
-0.322066
-0.365613
-0.358441
-0.354611
-0.356527
-0.344178
-0.331815
-0.325681
-0.318109
-0.329211
-0.342977
-0.345631
-0.352872
-0.35723
-0.351526
-0.356992
-0.360731
-0.311556
-0.252614
-0.217613
-0.195196
-0.182159
-0.165304
-0.206708
-0.0627016
-0.0568021
-0.0595958
-0.0660444
-0.0771103
-0.093999
-0.123282
-0.160029
-0.150232
-0.144117
-0.134093
-0.120358
-0.104843
-0.0893893
-0.0800938
-0.0870921
-0.101558
-0.112283
-0.126977
-0.135217
-0.139247
-0.148021
-0.151252
-0.110248
-0.0889756
-0.0742419
-0.0637741
-0.0575155
-0.0547995
-0.0612781
-0.0334683
-0.0332977
-0.0350296
-0.0381261
-0.0442287
-0.0553735
-0.0769328
-0.10055
-0.0991243
-0.0932778
-0.0828255
-0.0742823
-0.0655309
-0.0530187
-0.045841
-0.0490817
-0.0594373
-0.068909
-0.0753961
-0.0799835
-0.0873578
-0.0930171
-0.0872142
-0.0682084
-0.0516305
-0.0414189
-0.0358369
-0.0330177
-0.0313653
-0.0316281
-0.0269307
-0.0275611
-0.0286618
-0.0306487
-0.0331853
-0.0365581
-0.043823
-0.058693
-0.0755872
-0.0761872
-0.0659499
-0.058106
-0.053593
-0.0517369
-0.0501652
-0.0511545
-0.0533305
-0.053404
-0.056823
-0.0610774
-0.0705382
-0.0708311
-0.0547876
-0.041034
-0.0343711
-0.0311876
-0.0288385
-0.0269278
-0.0258589
-0.025155
-0.0273217
-0.0278849
-0.0287472
-0.0306243
-0.0325899
-0.0336548
-0.034622
-0.0370903
-0.0468627
-0.0611239
-0.0555555
-0.0483842
-0.0500754
-0.0508742
-0.0492634
-0.0500183
-0.0518146
-0.0479675
-0.046665
-0.0507998
-0.0568656
-0.0445661
-0.0350132
-0.0328858
-0.0319982
-0.0308745
-0.028938
-0.0271238
-0.0262581
-0.0256297
-0.0291057
-0.0296791
-0.0301732
-0.0316537
-0.0335343
-0.0346698
-0.0352962
-0.0362428
-0.0355443
-0.0440221
-0.0453323
-0.0415074
-0.0515366
-0.0480547
-0.0428295
-0.0435521
-0.0481253
-0.0483642
-0.0407829
-0.0409832
-0.0408197
-0.0330244
-0.033825
-0.0333863
-0.0329849
-0.0318523
-0.0299503
-0.0285141
-0.0280662
-0.0275052
-0.0299023
-0.0307675
-0.0309487
-0.0318503
-0.0339741
-0.0370412
-0.0383183
-0.038256
-0.0373672
-0.040167
-0.0438271
-0.0405704
-0.0405023
-0.036082
-0.0335255
-0.0314456
-0.0324972
-0.0381835
-0.0354276
-0.0396923
-0.0368615
-0.0348099
-0.03587
-0.0360945
-0.0351347
-0.0321383
-0.0300668
-0.0292186
-0.0292198
-0.0285137
-0.029921
-0.0308368
-0.0309327
-0.0315631
-0.0331511
-0.0372479
-0.0410199
-0.0390723
-0.0388841
-0.0417411
-0.0444903
-0.0400876
-0.0341848
-0.0344622
-0.0330668
-0.030876
-0.0289591
-0.0296609
-0.0391004
-0.0421383
-0.0399397
-0.0371452
-0.0369505
-0.0386117
-0.035315
-0.0312987
-0.0298032
-0.0293895
-0.0296934
-0.0290198
-0.0298733
-0.0296879
-0.0302018
-0.031048
-0.0321105
-0.0352045
-0.0405704
-0.03884
-0.0389064
-0.0424233
-0.0438223
-0.0392749
-0.0367291
-0.0369108
-0.0346702
-0.0323844
-0.0306423
-0.0296223
-0.0349173
-0.0424331
-0.0421958
-0.0382515
-0.0373444
-0.0383974
-0.0336763
-0.0304515
-0.0295606
-0.0291735
-0.0293428
-0.0300108
-0.0298608
-0.0292186
-0.029257
-0.030215
-0.0312747
-0.0331463
-0.0383076
-0.0387195
-0.0400052
-0.0439492
-0.0454646
-0.04136
-0.0404664
-0.0414309
-0.0361442
-0.033213
-0.0322403
-0.0321135
-0.0368544
-0.0451139
-0.045945
-0.0408591
-0.0386758
-0.0370298
-0.0323903
-0.0299427
-0.0290992
-0.0288048
-0.0297284
-0.0312208
-0.0296811
-0.0291473
-0.029213
-0.0295631
-0.030503
-0.0318433
-0.0361797
-0.0396897
-0.0431304
-0.0468061
-0.0474389
-0.0416537
-0.0403215
-0.045389
-0.0377172
-0.0339514
-0.0322061
-0.0358857
-0.0411593
-0.0498041
-0.051688
-0.0473137
-0.0419998
-0.0361613
-0.031996
-0.0294358
-0.0283389
-0.0285843
-0.0303733
-0.0327887
-0.0287772
-0.0291439
-0.0300208
-0.0299254
-0.0299626
-0.0309414
-0.0342006
-0.0404192
-0.0453137
-0.0470691
-0.0459392
-0.0380689
-0.0374192
-0.0454599
-0.0386955
-0.0346729
-0.0320737
-0.0377173
-0.0442547
-0.0510614
-0.0556904
-0.0552859
-0.0455641
-0.0354894
-0.031897
-0.0287456
-0.0274888
-0.0280964
-0.0306956
-0.0353234
-0.0246845
-0.0297614
-0.0315812
-0.0308994
-0.029895
-0.0300858
-0.0323646
-0.0381486
-0.0417004
-0.041378
-0.0394477
-0.0359269
-0.037243
-0.040612
-0.0387083
-0.0361467
-0.0329313
-0.0378937
-0.045779
-0.0471907
-0.0544253
-0.0573688
-0.0456072
-0.0347183
-0.031753
-0.0280296
-0.0265768
-0.02656
-0.0288876
-0.0374205
-0.0260323
-0.0321656
-0.0313898
-0.0307019
-0.0292068
-0.0291996
-0.0307747
-0.0331411
-0.0337148
-0.0332638
-0.0322871
-0.0323264
-0.0340177
-0.0332295
-0.0344429
-0.033669
-0.0353383
-0.0391995
-0.0451059
-0.0465976
-0.048605
-0.0504255
-0.0421963
-0.0335692
-0.0311765
-0.027726
-0.0258858
-0.0247796
-0.0287679
-0.0301145
-0.0231557
-0.025201
-0.0263281
-0.0275335
-0.026187
-0.0266873
-0.0291399
-0.029629
-0.0280664
-0.0276558
-0.0285394
-0.0291859
-0.0308469
-0.0302815
-0.0251594
-0.0202533
-0.0298366
-0.0382846
-0.0412598
-0.043099
-0.0436879
-0.0427529
-0.0395283
-0.032214
-0.0298506
-0.0281348
-0.0271631
-0.028378
-0.0288457
-0.0252892
-0.0210658
-0.0208345
-0.0241926
-0.0237838
-0.0240575
-0.0240473
-0.023586
-0.0275148
-0.0276928
-0.0278515
-0.0311573
-0.0339968
-0.0353292
-0.0312328
-0.0196905
-0.0135698
-0.0188821
-0.0333278
-0.0387103
-0.0387755
-0.0406683
-0.0409674
-0.0383104
-0.0307315
-0.0286892
-0.0286082
-0.0288123
-0.029635
-0.0289542
-0.0288196
-0.0213799
-0.0215361
-0.0232301
-0.0243652
-0.0231074
-0.0201305
-0.0185522
-0.0243882
-0.0286644
-0.0339186
-0.0406
-0.0430257
-0.0394455
-0.0278015
-0.0165694
-0.0144566
-0.0161339
-0.0310628
-0.0399521
-0.0384597
-0.0412602
-0.0440879
-0.0413128
-0.0329695
-0.0282553
-0.0288848
-0.0292763
-0.0303818
-0.0316984
-0.031988
-0.0233369
-0.0228756
-0.0235407
-0.0237431
-0.0216549
-0.0195981
-0.0195093
-0.0204447
-0.0281548
-0.0348204
-0.0376107
-0.0359591
-0.0297179
-0.0196095
-0.0155386
-0.0155916
-0.0179167
-0.0297796
-0.0388241
-0.0452621
-0.0486729
-0.0521143
-0.043286
-0.0352204
-0.0305435
-0.0290473
-0.0292705
-0.0312427
-0.0339657
-0.0330865
-0.0256021
-0.024695
-0.0244906
-0.0237981
-0.0234707
-0.0229507
-0.0221293
-0.0227579
-0.0244431
-0.025739
-0.0230681
-0.020756
-0.0179066
-0.0154208
-0.0157522
-0.0174957
-0.0211867
-0.029419
-0.0403241
-0.050801
-0.0527608
-0.0485446
-0.0383364
-0.0270305
-0.0306752
-0.0299191
-0.0300283
-0.0313809
-0.0312093
-0.032338
-0.0260454
-0.025665
-0.0249397
-0.0247765
-0.024794
-0.0251523
-0.0259078
-0.0259346
-0.0239037
-0.0205274
-0.0173775
-0.0157154
-0.0153701
-0.0161965
-0.0180917
-0.0214666
-0.0252102
-0.0309528
-0.0393118
-0.0409013
-0.039781
-0.0347713
-0.0221042
-0.0220503
-0.0293464
-0.0301696
-0.0299522
-0.030366
-0.0330782
-0.0310074
-0.0272829
-0.0264628
-0.0254056
-0.0248298
-0.0248645
-0.0257649
-0.0270977
-0.028204
-0.0275013
-0.0247738
-0.0214085
-0.0189288
-0.0183031
-0.0196843
-0.022357
-0.0255411
-0.0266985
-0.0251857
-0.0223902
-0.0205695
-0.0189325
-0.0158965
-0.0119952
-0.0193273
-0.0288631
-0.0302807
-0.0296368
-0.0295696
-0.0293544
-0.0297065
-0.0289537
-0.0275335
-0.0262077
-0.0251826
-0.0248868
-0.025465
-0.0268097
-0.0285119
-0.0297992
-0.029369
-0.0271917
-0.0246863
-0.0231858
-0.0234473
-0.0252114
-0.0260274
-0.0236171
-0.0165162
-0.0102217
-0.00829705
-0.00765044
-0.00710626
-0.00919513
-0.0181282
-0.028351
-0.0302327
-0.0295185
-0.0291911
-0.028562
-0.0299664
-0.0302866
-0.0283822
-0.0269701
-0.0253722
-0.0243812
-0.0247781
-0.0261428
-0.0279087
-0.0298662
-0.0311842
-0.0307853
-0.0291812
-0.026815
-0.0251005
-0.0247195
-0.0231843
-0.0179997
-0.0107128
-0.00645856
-0.00557866
-0.0055275
-0.00567704
-0.00887705
-0.0195496
-0.0293323
-0.0304579
-0.0299646
-0.0295996
-0.0276871
-0.030046
-0.0300466
-0.0291484
-0.0278355
-0.0251673
-0.0236193
-0.024012
-0.0255326
-0.0273582
-0.0291305
-0.0308269
-0.0318572
-0.031132
-0.0282325
-0.0247552
-0.0222377
-0.0189124
-0.0130188
-0.00777043
-0.00577697
-0.00582376
-0.0058279
-0.00580853
-0.0100072
-0.0260436
-0.0319575
-0.0314027
-0.0309333
-0.030474
-0.0300128
-0.0300697
-0.0298473
-0.0293967
-0.0282379
-0.0266397
-0.0240546
-0.0236237
-0.0252856
-0.0272947
-0.0289104
-0.0303173
-0.0313285
-0.0313902
-0.0287471
-0.0235581
-0.0191118
-0.0150133
-0.00992863
-0.00661704
-0.00579937
-0.00602363
-0.00616481
-0.00623657
-0.0139721
-0.0333263
-0.0332531
-0.0320211
-0.0314296
-0.0309415
-0.0307147
-0.0305469
-0.0307263
-0.0301138
-0.0293329
-0.0283483
-0.0260911
-0.0247015
-0.0253967
-0.0276535
-0.0294104
-0.0308693
-0.0317393
-0.0316738
-0.0292144
-0.0225656
-0.0167059
-0.012675
-0.00869774
-0.00636524
-0.00589854
-0.00627431
-0.0065189
-0.00733529
-0.0205614
-0.0362308
-0.033526
-0.0322994
-0.0315928
-0.0311524
-0.0309612
-0.0308162
-0.0322141
-0.0314128
-0.0301197
-0.0286567
-0.0275273
-0.0258817
-0.0267745
-0.0279892
-0.0304409
-0.0323595
-0.0338392
-0.0339964
-0.0320013
-0.0246824
-0.0162512
-0.0119583
-0.00865176
-0.00676264
-0.00641009
-0.0069044
-0.00744413
-0.00982818
-0.0260692
-0.0381435
-0.0346278
-0.0328274
-0.0317547
-0.0311913
-0.0310245
-0.030919
-0.0332537
-0.032361
-0.0307963
-0.0289987
-0.0283362
-0.0293321
-0.0292174
-0.0282586
-0.0312113
-0.0343496
-0.0361851
-0.0378113
-0.0368492
-0.0318275
-0.0234371
-0.0148336
-0.0113261
-0.00933171
-0.00857643
-0.00891634
-0.00989213
-0.0139434
-0.0305953
-0.0419003
-0.036802
-0.0337034
-0.0320073
-0.0312735
-0.0310055
-0.0309096
-0.0336587
-0.0328089
-0.0312662
-0.0297485
-0.0300054
-0.0345979
-0.0330633
-0.0299316
-0.0317205
-0.0356273
-0.0380183
-0.039529
-0.0404479
-0.0381632
-0.0338558
-0.0252156
-0.0202918
-0.0171963
-0.0152733
-0.0144927
-0.0154944
-0.0204931
-0.0351096
-0.0466871
-0.0406596
-0.0351085
-0.0325576
-0.0313415
-0.0309593
-0.0308109
-0.0332208
-0.0323555
-0.0311557
-0.0309443
-0.0356917
-0.0363881
-0.033763
-0.030857
-0.0309295
-0.0346126
-0.0380419
-0.0396618
-0.0403899
-0.0401493
-0.0387479
-0.0369321
-0.0319619
-0.0299871
-0.0289248
-0.0268537
-0.026539
-0.0301861
-0.03839
-0.0496977
-0.0474691
-0.0376762
-0.0331075
-0.0312404
-0.0309696
-0.030546
-0.0314056
-0.0315075
-0.0310895
-0.0338249
-0.035422
-0.0354463
-0.0341841
-0.0306891
-0.0298444
-0.0326337
-0.036348
-0.0383519
-0.0390006
-0.0388753
-0.0387661
-0.041618
-0.040393
-0.0396686
-0.0435413
-0.046182
-0.044798
-0.0409466
-0.042561
-0.047492
-0.050468
-0.0417561
-0.0340562
-0.0310678
-0.0299072
-0.0302271
-0.0293577
-0.0301938
-0.030797
-0.0339333
-0.035208
-0.0354277
-0.0336469
-0.030244
-0.0287536
-0.030591
-0.0338935
-0.0364458
-0.0370377
-0.036485
-0.0354629
-0.0396153
-0.0431769
-0.0415519
-0.0475489
-0.0605712
-0.0576885
-0.0483098
-0.0438385
-0.0412746
-0.0432842
-0.0426793
-0.0353285
-0.0303105
-0.0301107
-0.0301424
-0.0279476
-0.0296274
-0.032128
-0.0350174
-0.0352812
-0.0353113
-0.0344806
-0.0308193
-0.0284534
-0.029161
-0.0316441
-0.0342
-0.0348862
-0.0337719
-0.0315337
-0.0342171
-0.0372359
-0.0361381
-0.0399078
-0.0520162
-0.0562828
-0.0515246
-0.0413318
-0.0357334
-0.0336765
-0.0350304
-0.0339526
-0.0294618
-0.0294373
-0.0294014
-0.0274339
-0.0296713
-0.0333852
-0.0363424
-0.0371841
-0.0356243
-0.0332822
-0.0309184
-0.0292224
-0.0290389
-0.0299682
-0.0318579
-0.0324597
-0.0311968
-0.0281881
-0.0281254
-0.0288216
-0.0299825
-0.0324608
-0.0421404
-0.0579805
-0.0485962
-0.0369357
-0.0327477
-0.0287258
-0.0275344
-0.0312028
-0.0294326
-0.0307021
-0.028148
-0.0265011
-0.0283121
-0.0325514
-0.0361556
-0.0375282
-0.0331381
-0.0295165
-0.0277403
-0.027188
-0.0290414
-0.0293216
-0.0299399
-0.0301622
-0.0284128
-0.0252606
-0.0232739
-0.023007
-0.0247653
-0.0271631
-0.0342659
-0.0514199
-0.0424456
-0.0327335
-0.0300659
-0.0267964
-0.0257716
-0.031546
-0.0316734
-0.0312869
-0.0290871
-0.0223688
-0.024629
-0.0300513
-0.0280414
-0.0264024
-0.0203469
-0.016671
-0.0116716
-0.0130748
-0.0218461
-0.0258992
-0.0277807
-0.0277509
-0.0256954
-0.0223032
-0.019281
-0.0191386
-0.0200942
-0.0230042
-0.0304866
-0.0447042
-0.038172
-0.0304286
-0.0279156
-0.0266349
-0.0267166
-0.0337774
-0.0353244
-0.0321328
-0.0297152
-0.0187565
-0.0153573
-0.0138348
-0.0104831
-0.00715316
-0.00405733
-0.00302282
-0.0024387
-0.0028145
-0.00524204
-0.0154949
-0.0242526
-0.0251262
-0.0232297
-0.0198979
-0.0164187
-0.0152706
-0.0146387
-0.019431
-0.0329556
-0.0480294
-0.0411826
-0.0342258
-0.0311425
-0.0300021
-0.0304442
-0.0383651
-0.0403897
-0.0332403
-0.0298078
-0.00483774
-0.00300778
-0.0023361
-0.00178562
-0.00154121
-0.00149647
-0.00160084
-0.00180585
-0.00218815
-0.00290445
-0.00534298
-0.015643
-0.0230852
-0.0206097
-0.0180202
-0.0146736
-0.013102
-0.00730898
-0.0182908
-0.0343027
-0.0617035
-0.0597844
-0.0500364
-0.0448802
-0.042195
-0.0425136
-0.0497312
-0.0476799
-0.0350099
-0.0272622
-0.00149145
-0.00129366
-0.00123497
-0.00123748
-0.00127986
-0.00141459
-0.00155201
-0.00173662
-0.00210339
-0.00276545
-0.00397579
-0.00855469
-0.0183512
-0.0192417
-0.0166949
-0.0136864
-0.0114267
-0.014487
-0.0102893
-0.0179048
-0.0519647
-0.0648853
-0.0423469
-0.0674944
-0.0643641
-0.0643372
-0.0653786
-0.0571719
-0.0397699
-0.0191128
-0.00133799
-0.00125879
-0.001242
-0.00123919
-0.00130094
-0.001413
-0.00151759
-0.00167114
-0.00201077
-0.00267458
-0.00376083
-0.00648025
-0.0147658
-0.0196436
-0.0160601
-0.0134471
-0.0108454
-0.0102999
-0.00766363
-0.0077312
-0.0197544
-0.0484402
-0.0850686
-0.0684205
-0.0719357
-0.0718963
-0.0665711
-0.0542836
-0.0391256
-0.0180394
-0.00130694
-0.00124325
-0.00123986
-0.00124235
-0.00132336
-0.00140815
-0.00149037
-0.0016329
-0.00194906
-0.00257908
-0.00362927
-0.00586504
-0.0136703
-0.0211151
-0.0171678
-0.0143845
-0.0119648
-0.00912719
-0.00736912
-0.00658418
-0.00675883
-0.01341
-0.0222869
-0.036809
-0.043547
-0.0448064
-0.0399476
-0.0297342
-0.0175832
-0.0173972
-0.00128072
-0.00124457
-0.00124103
-0.0012754
-0.00134686
-0.00140211
-0.00147344
-0.00161642
-0.00192471
-0.00253053
-0.00353678
-0.00551481
-0.0129418
-0.0217945
-0.0181548
-0.0158299
-0.0133311
-0.00880576
-0.00737626
-0.00652023
-0.00505621
-0.00445426
-0.00563839
-0.00857439
-0.0116999
-0.0127268
-0.0107309
-0.00705295
-0.00364469
-0.00355582
-0.00126413
-0.00124975
-0.00125646
-0.00131936
-0.00136514
-0.00139882
-0.00146902
-0.00161671
-0.00191582
-0.00249682
-0.00349355
-0.00530172
-0.0114274
-0.020019
-0.0204511
-0.0172941
-0.0128735
-0.00881311
-0.00766445
-0.00661321
-0.00496487
-0.00333799
-0.002383
-0.00212514
-0.00222024
-0.00219885
-0.00185297
-0.0013812
-0.00110228
-0.00114206
-0.00127135
-0.00127282
-0.00130659
-0.00136327
-0.00137629
-0.00139809
-0.00147039
-0.00162153
-0.00191216
-0.00248916
-0.0034802
-0.00519121
-0.0100573
-0.0190085
-0.0199039
-0.0154216
-0.0114076
-0.00897132
-0.00797198
-0.00674187
-0.00506938
-0.00339575
-0.00222525
-0.00155075
-0.00121776
-0.00106289
-0.000999591
-0.000994166
-0.0010267
-0.00107042
-0.00127833
-0.00131657
-0.00137783
-0.00139751
-0.00138383
-0.00139954
-0.00148055
-0.00164971
-0.00195669
-0.00251185
-0.00347689
-0.00515234
-0.00941312
-0.0178281
-0.0179031
-0.0138363
-0.0114125
-0.00955216
-0.00831781
-0.00699603
-0.00525204
-0.0035729
-0.00231676
-0.0015914
-0.00123484
-0.00108745
-0.00104502
-0.00104742
-0.00105303
-0.00106485
-0.00129923
-0.00137778
-0.00144124
-0.001418
-0.00138958
-0.00140541
-0.00150121
-0.00170162
-0.00203654
-0.0026193
-0.00357632
-0.00515517
-0.00920667
-0.0172075
-0.0181359
-0.015144
-0.0127372
-0.010162
-0.00876851
-0.00737932
-0.00551377
-0.00378397
-0.00246941
-0.00165712
-0.00125712
-0.00110408
-0.00106039
-0.00105738
-0.00105823
-0.00105372
-0.00136106
-0.00144241
-0.00148095
-0.00142886
-0.0013951
-0.00141588
-0.00153453
-0.00177447
-0.00215326
-0.00275132
-0.00369554
-0.00524049
-0.00913514
-0.0171012
-0.0194319
-0.0169952
-0.0135845
-0.0106925
-0.00925273
-0.00782299
-0.00584254
-0.00402515
-0.0026344
-0.00173717
-0.00127517
-0.00110287
-0.00106449
-0.00106254
-0.00106441
-0.00105513
-0.00144534
-0.00149384
-0.00149756
-0.00143344
-0.00140223
-0.00143351
-0.00158503
-0.00187672
-0.00229507
-0.00290785
-0.00383258
-0.00529847
-0.00919974
-0.0172113
-0.0198024
-0.0176014
-0.0140814
-0.0111223
-0.00970573
-0.00825538
-0.00619249
-0.00427676
-0.00280592
-0.00182795
-0.00129734
-0.00109343
-0.00105594
-0.00106369
-0.00106913
-0.00105811
-0.00151754
-0.00152053
-0.00150213
-0.00143428
-0.00141152
-0.00146314
-0.00166288
-0.0020092
-0.00246665
-0.00307675
-0.00397075
-0.00540557
-0.00935233
-0.0172817
-0.020093
-0.0179043
-0.0144029
-0.0114829
-0.0100733
-0.00864172
-0.00651585
-0.00451752
-0.00297477
-0.00192751
-0.00132876
-0.00108003
-0.00103084
-0.00105208
-0.00106782
-0.00105871
-0.00153941
-0.00152242
-0.00149502
-0.00143511
-0.00142638
-0.00151468
-0.0017708
-0.00217064
-0.0026552
-0.00326729
-0.00414509
-0.00552766
-0.00945204
-0.017353
-0.0200416
-0.0180314
-0.0148846
-0.0119007
-0.0103964
-0.00896683
-0.00678451
-0.00472535
-0.00312952
-0.00202918
-0.00137287
-0.00107102
-0.000996631
-0.00102392
-0.00106998
-0.00105991
-0.00153235
-0.00152519
-0.00147093
-0.00143564
-0.00145389
-0.00159813
-0.00190574
-0.00234644
-0.0028576
-0.00348399
-0.0043547
-0.00569536
-0.00965116
-0.0177254
-0.0197736
-0.0180491
-0.0153003
-0.0123483
-0.0107408
-0.00922197
-0.00698607
-0.00488728
-0.00326189
-0.00212775
-0.00142807
-0.00107131
-0.0009658
-0.000979224
-0.00106621
-0.00104563
-0.0015304
-0.00151821
-0.00143662
-0.00143644
-0.00150234
-0.00171212
-0.0020611
-0.00253344
-0.00308232
-0.00373022
-0.00458032
-0.00589255
-0.00995606
-0.0180778
-0.0196612
-0.0180858
-0.0154695
-0.01273
-0.0111457
-0.00944659
-0.00712041
-0.00501035
-0.00337465
-0.00222195
-0.00149213
-0.00108862
-0.000946664
-0.000932911
-0.00102409
-0.00101298
-0.00153859
-0.00147941
-0.00141283
-0.00144104
-0.00157505
-0.00184831
-0.00223264
-0.00273701
-0.00332978
-0.00399951
-0.00485772
-0.00614486
-0.010247
-0.0179334
-0.0199003
-0.0180653
-0.0157105
-0.0132497
-0.0115837
-0.00961803
-0.0072087
-0.00511256
-0.00348098
-0.00231657
-0.00156555
-0.00112526
-0.000939022
-0.000901238
-0.000955638
-0.00094704
-0.00149446
-0.0014239
-0.0014076
-0.00146725
-0.00167083
-0.00199973
-0.00242253
-0.00296001
-0.00360448
-0.00430685
-0.00515702
-0.00643727
-0.0105722
-0.0184526
-0.0193721
-0.0180495
-0.0160168
-0.0137086
-0.0119423
-0.009743
-0.00728717
-0.00522675
-0.00360831
-0.00242999
-0.00165283
-0.0011784
-0.000942397
-0.000886779
-0.000899879
-0.000880196
-0.00138615
-0.0013776
-0.00140931
-0.00152718
-0.00178917
-0.00216426
-0.00262929
-0.00320042
-0.00389718
-0.0046303
-0.005499
-0.00679047
-0.0109506
-0.0187817
-0.018695
-0.0182152
-0.0162863
-0.0141323
-0.0121712
-0.00980898
-0.00739728
-0.00540694
-0.00380055
-0.00258986
-0.00176692
-0.00125069
-0.000965339
-0.000884224
-0.000873263
-0.00083627
-0.00129809
-0.00135282
-0.00143236
-0.00161348
-0.00192332
-0.00233914
-0.00284545
-0.0034552
-0.00420604
-0.00499189
-0.0058816
-0.00721242
-0.0114362
-0.019274
-0.0184468
-0.0178366
-0.0163
-0.014403
-0.0123309
-0.00985153
-0.00756641
-0.00568835
-0.00410438
-0.00283407
-0.0019277
-0.00134929
-0.00101503
-0.000889164
-0.000867183
-0.000829144
-0.00119815
-0.00135092
-0.0014837
-0.00171394
-0.00206554
-0.00252006
-0.00306803
-0.00373247
-0.00454497
-0.00539666
-0.00632055
-0.0077154
-0.0119371
-0.0186238
-0.0186531
-0.0180043
-0.0163836
-0.0146173
-0.0124501
-0.00992624
-0.00781134
-0.00608857
-0.0045438
-0.0031974
-0.00216053
-0.001483
-0.00109284
-0.000909994
-0.000871971
-0.000835433
-0.0012213
-0.00136069
-0.00155062
-0.00182186
-0.00221473
-0.00271009
-0.00330476
-0.00404243
-0.00493324
-0.00585812
-0.00682238
-0.0083196
-0.0126237
-0.0184516
-0.0190604
-0.0172743
-0.0164896
-0.0148229
-0.0125456
-0.0100897
-0.00815033
-0.00659175
-0.00511284
-0.00369107
-0.00248981
-0.00166736
-0.00120195
-0.000960301
-0.000882123
-0.000835802
-0.00120213
-0.00138688
-0.0016271
-0.00194339
-0.00237788
-0.00291791
-0.00357076
-0.00439465
-0.00537819
-0.00637906
-0.00739313
-0.00903784
-0.0133767
-0.0184144
-0.0186084
-0.0174724
-0.0164147
-0.0149321
-0.0127243
-0.0103276
-0.00856812
-0.00714991
-0.00575194
-0.00428965
-0.00292986
-0.00192855
-0.00135783
-0.00105457
-0.000907994
-0.000838075
-0.00121299
-0.001427
-0.00172659
-0.00208908
-0.00256191
-0.00314995
-0.00387821
-0.00480022
-0.005888
-0.00697287
-0.00805418
-0.00989214
-0.0141895
-0.0189057
-0.0176245
-0.0171345
-0.0163544
-0.0151382
-0.0130178
-0.0107112
-0.00899622
-0.00766206
-0.00635509
-0.00491845
-0.00346802
-0.00229468
-0.00158882
-0.00121591
-0.000977373
-0.000843825
-0.00120142
-0.00148542
-0.00185631
-0.00226241
-0.0027717
-0.00341894
-0.00424608
-0.00528887
-0.00649644
-0.00765196
-0.0088208
-0.0108483
-0.0149255
-0.0188061
-0.0170083
-0.016934
-0.0163139
-0.0153965
-0.0135245
-0.0112631
-0.0094243
-0.00806588
-0.00683454
-0.00548778
-0.00405516
-0.00277878
-0.00193008
-0.00147576
-0.00113144
-0.000888468
-0.00123527
-0.00156177
-0.00202133
-0.00246545
-0.00301993
-0.00374952
-0.00470737
-0.00590378
-0.00722871
-0.00841822
-0.00968498
-0.0118742
-0.0155266
-0.0178018
-0.0175161
-0.0167974
-0.0163575
-0.0157645
-0.0141512
-0.0119199
-0.00988997
-0.00842509
-0.00720537
-0.00596491
-0.00462527
-0.00334247
-0.00239564
-0.00186049
-0.00143136
-0.00102491
-0.00123407
-0.00166919
-0.00221632
-0.00269774
-0.00331819
-0.00416267
-0.00528143
-0.00665202
-0.00804887
-0.0092311
-0.0105865
-0.012895
-0.0159386
-0.0172557
-0.0169433
-0.0165778
-0.0164166
-0.0160671
-0.0147449
-0.0125912
-0.0104195
-0.00885329
-0.00756569
-0.006388
-0.00514787
-0.00390767
-0.00293051
-0.00235289
-0.00191602
-0.00139981
-0.00125333
-0.00181462
-0.00242675
-0.00295826
-0.00368026
-0.00467951
-0.00599062
-0.00752052
-0.00891364
-0.0100911
-0.0115086
-0.0137218
-0.0160505
-0.0167687
-0.0165552
-0.0164196
-0.0164365
-0.0162723
-0.0152234
-0.0131994
-0.0108322
-0.00934713
-0.00798289
-0.00679736
-0.00562671
-0.00442939
-0.0034437
-0.00288019
-0.00255735
-0.00219425
-0.0012799
-0.00200054
-0.00264268
-0.00326014
-0.00412821
-0.00532113
-0.00684081
-0.00846397
-0.00980231
-0.0110099
-0.0124637
-0.0144202
-0.0160433
-0.0163656
-0.0162576
-0.0162988
-0.0164413
-0.0165051
-0.0158255
-0.0140746
-0.011816
-0.00993351
-0.00851973
-0.00725651
-0.00609272
-0.00491801
-0.00388987
-0.00334168
-0.0032208
-0.00324385
-0.00137765
-0.0022174
-0.00288125
-0.00362993
-0.00468914
-0.00610991
-0.00781617
-0.00944952
-0.010739
-0.0119932
-0.0134374
-0.0150168
-0.0159913
-0.0160647
-0.0159654
-0.0160554
-0.0163336
-0.0167429
-0.0162523
-0.0147581
-0.0129864
-0.0108135
-0.00926588
-0.00787506
-0.00663641
-0.0054416
-0.00432566
-0.00370644
-0.00374582
-0.00406316
-0.00155194
-0.0024729
-0.0031892
-0.00411451
-0.00540739
-0.0070751
-0.00892445
-0.01051
-0.0117936
-0.0130806
-0.0144122
-0.0155166
-0.0159539
-0.0158905
-0.0158667
-0.016013
-0.0163039
-0.0165383
-0.0165699
-0.0155299
-0.0138011
-0.0118631
-0.0102783
-0.00878496
-0.00739542
-0.00609133
-0.00484639
-0.00403489
-0.00409667
-0.00457756
-0.00182964
-0.00279309
-0.00362193
-0.00476537
-0.0063239
-0.00824353
-0.0101761
-0.0116815
-0.0129998
-0.014269
-0.0153387
-0.015948
-0.0160115
-0.0158563
-0.0159026
-0.0159396
-0.0162923
-0.0166226
-0.0168267
-0.0163135
-0.0148992
-0.0131634
-0.0115746
-0.00998497
-0.0083951
-0.00690811
-0.00550131
-0.00439584
-0.00433461
-0.00495986
-0.00217374
-0.00320633
-0.00421025
-0.00561419
-0.00746725
-0.00963372
-0.0115287
-0.0130012
-0.0143669
-0.0154918
-0.0161823
-0.0163752
-0.016241
-0.0160808
-0.0160135
-0.0161263
-0.0163961
-0.016722
-0.0170261
-0.0169381
-0.0160349
-0.0145015
-0.0129079
-0.0113111
-0.00950786
-0.00780029
-0.00623583
-0.00484269
-0.00454548
-0.00525727
-0.00256102
-0.00372942
-0.00496236
-0.0066882
-0.00885785
-0.0111999
-0.0129699
-0.0145279
-0.0158333
-0.01665
-0.0169335
-0.0168423
-0.0166478
-0.0165308
-0.0164991
-0.0165454
-0.0166605
-0.0169003
-0.0172145
-0.0173934
-0.0170092
-0.0158987
-0.0143323
-0.0126755
-0.0106848
-0.00870578
-0.00696302
-0.00540479
-0.00479552
-0.00548068
-0.00301629
-0.00437573
-0.00589439
-0.0080067
-0.0103382
-0.0128421
-0.0146153
-0.0162171
-0.0172454
-0.0176158
-0.0175248
-0.0172736
-0.0170755
-0.016975
-0.0169335
-0.0169198
-0.0169557
-0.0170976
-0.017364
-0.0176619
-0.017696
-0.0170911
-0.0157911
-0.0140712
-0.0120039
-0.00971616
-0.00767108
-0.00602822
-0.00510132
-0.00566958
-0.00360046
-0.0051917
-0.00708405
-0.0096004
-0.0124597
-0.0148496
-0.0166428
-0.0178969
-0.018337
-0.0181709
-0.0177788
-0.0174291
-0.0171997
-0.0170605
-0.0169767
-0.0169412
-0.0169726
-0.0170957
-0.0173374
-0.0176892
-0.0180101
-0.0179421
-0.017114
-0.0155139
-0.0134738
-0.0109046
-0.0084539
-0.00659489
-0.00542039
-0.00587739
-0.00440426
-0.00626625
-0.00863679
-0.0116264
-0.0149634
-0.0168499
-0.0184919
-0.0190387
-0.0186497
-0.01798
-0.0173844
-0.0169412
-0.0166296
-0.0164228
-0.0163092
-0.0162924
-0.0163788
-0.0165696
-0.0168757
-0.0173191
-0.0178712
-0.0182966
-0.018099
-0.0169208
-0.0149663
-0.0123249
-0.00943624
-0.00713292
-0.00575753
-0.00609201
-0.00554422
-0.00770891
-0.010509
-0.0138662
-0.0168167
-0.0187684
-0.0196
-0.0191003
-0.0181881
-0.0172381
-0.0164564
-0.0158939
-0.0155181
-0.0152831
-0.0151652
-0.0151676
-0.0153055
-0.0155898
-0.0160195
-0.0165839
-0.0172773
-0.018053
-0.0185715
-0.018103
-0.0164045
-0.0139134
-0.0107046
-0.00783647
-0.00619526
-0.00630195
-0.00723523
-0.00972303
-0.0130376
-0.016441
-0.0189515
-0.0202321
-0.0198694
-0.0187878
-0.0175062
-0.0163453
-0.0154634
-0.0148802
-0.0145223
-0.0142858
-0.0141414
-0.0141104
-0.0142427
-0.014566
-0.0150668
-0.0157141
-0.0165389
-0.0174931
-0.0184589
-0.0188272
-0.0177433
-0.0155166
-0.0122372
-0.0088624
-0.00682058
-0.00650446
-0.00977912
-0.0124893
-0.0160849
-0.0189461
-0.0209104
-0.0210484
-0.020001
-0.01843
-0.0168698
-0.0155233
-0.0144565
-0.0137867
-0.0134027
-0.013175
-0.0130575
-0.0130707
-0.0132656
-0.0136565
-0.0141829
-0.014819
-0.0157342
-0.0168914
-0.0181083
-0.0190954
-0.0188391
-0.0170472
-0.014008
-0.0103027
-0.0077295
-0.00677283
-0.0135821
-0.0161761
-0.0192692
-0.0214488
-0.0225458
-0.022015
-0.02031
-0.0182071
-0.0162944
-0.0146916
-0.0135945
-0.0129503
-0.0125605
-0.0123127
-0.0122157
-0.0122441
-0.0124296
-0.0129021
-0.0127744
-0.014079
-0.0150569
-0.0163478
-0.0177962
-0.0191387
-0.0197735
-0.0183946
-0.0159519
-0.0118676
-0.00898777
-0.00726155
-0.0195152
-0.0214026
-0.0230231
-0.0242779
-0.0244885
-0.0229651
-0.0202875
-0.0177994
-0.0155846
-0.0137374
-0.0125824
-0.0120306
-0.0117187
-0.0114805
-0.0113967
-0.0114459
-0.0116596
-0.0120851
-0.0129195
-0.0133361
-0.014395
-0.0159118
-0.0177479
-0.0194565
-0.0205314
-0.0200236
-0.0180408
-0.0143502
-0.0107295
-0.0084763
-0.0292507
-0.0280769
-0.0269033
-0.0263896
-0.0254162
-0.0225767
-0.0193404
-0.0165272
-0.0145382
-0.0130318
-0.012007
-0.0115297
-0.0112146
-0.0109511
-0.010893
-0.0109823
-0.0112243
-0.0115682
-0.0119729
-0.0124624
-0.0134394
-0.0154351
-0.0176021
-0.0200069
-0.0215165
-0.0220562
-0.0200637
-0.0173807
-0.0129376
-0.010853
-0.0404518
-0.0331016
-0.0282233
-0.0264282
-0.0240533
-0.020891
-0.0179075
-0.0159342
-0.0144634
-0.013231
-0.0122408
-0.01173
-0.0113563
-0.0110165
-0.010819
-0.010869
-0.0111307
-0.0113994
-0.0118669
-0.0125747
-0.0131015
-0.0142981
-0.0169599
-0.020109
-0.0231277
-0.0244391
-0.0236435
-0.0208785
-0.0171508
-0.014814
-0.0439205
-0.0318621
-0.0256123
-0.0236459
-0.0213243
-0.0188807
-0.0172606
-0.0161217
-0.0151975
-0.0144748
-0.013402
-0.0126173
-0.0121372
-0.0117917
-0.0116132
-0.0116223
-0.0114959
-0.0122895
-0.0122037
-0.0150662
-0.0131557
-0.013889
-0.0160787
-0.0195479
-0.0233144
-0.0264561
-0.027941
-0.026324
-0.0241621
-0.0213303
-0.0378319
-0.026521
-0.0214047
-0.020115
-0.018628
-0.0174868
-0.0171945
-0.0172768
-0.0174283
-0.0160542
-0.0149125
-0.0139727
-0.0135054
-0.0131928
-0.0130615
-0.012738
-0.0128971
-0.0134124
-0.013788
-0.0135916
-0.0138608
-0.0143863
-0.0159345
-0.0186287
-0.0224916
-0.0265288
-0.0299852
-0.0322598
-0.0331685
-0.0334628
-0.0298107
-0.021225
-0.0177164
-0.0170216
-0.0163007
-0.0160116
-0.0166166
-0.0174043
-0.017501
-0.0183741
-0.0164374
-0.015399
-0.0149215
-0.0147055
-0.0145211
-0.0143504
-0.0137947
-0.0145011
-0.0144439
-0.0149105
-0.0149025
-0.0150592
-0.0160222
-0.0180558
-0.0210259
-0.0244586
-0.0282638
-0.0337546
-0.0411355
-0.048899
-0.0232734
-0.0169587
-0.0149112
-0.0147014
-0.0144634
-0.0144719
-0.0156023
-0.0161648
-0.01665
-0.0163279
-0.0171914
-0.016347
-0.0156691
-0.0154064
-0.0152819
-0.0154506
-0.0160372
-0.0150434
-0.0154159
-0.0148597
-0.0161085
-0.0157895
-0.0153158
-0.0167733
-0.0188641
-0.0214552
-0.0240899
-0.0293571
-0.0395032
-0.0534238
-0.0180993
-0.0137262
-0.0123057
-0.0133179
-0.0133763
-0.0138979
-0.0155497
-0.0154909
-0.0158983
-0.017405
-0.0175833
-0.0169282
-0.0160615
-0.015783
-0.0156158
-0.015599
-0.0157017
-0.0160413
-0.0155308
-0.0163748
-0.0166044
-0.0160067
-0.0146497
-0.0143599
-0.0166661
-0.0179456
-0.0196389
-0.0232821
-0.0321627
-0.0452807
-0.0136887
-0.0116063
-0.0105938
-0.0128363
-0.0133167
-0.0147405
-0.0163413
-0.0163794
-0.0166155
-0.0184661
-0.0180926
-0.0173379
-0.0162726
-0.0158691
-0.0158149
-0.0155542
-0.0154411
-0.0157648
-0.0164893
-0.0164458
-0.0165735
-0.0159506
-0.0149056
-0.0131822
-0.0133229
-0.0145345
-0.0155857
-0.017688
-0.0241659
-0.035176
-0.0106071
-0.010471
-0.0131064
-0.0127748
-0.0143109
-0.0162471
-0.0179108
-0.0181953
-0.0182689
-0.0186505
-0.0187061
-0.0177392
-0.0166147
-0.0159705
-0.0158316
-0.0156938
-0.0155462
-0.0158096
-0.0165658
-0.0164891
-0.017688
-0.0186126
-0.0179642
-0.0156987
-0.0129104
-0.0120925
-0.0123443
-0.0133134
-0.0180108
-0.0273237
-0.00890509
-0.0101958
-0.0116017
-0.0134982
-0.015255
-0.0172854
-0.0192035
-0.0199609
-0.0200534
-0.0198161
-0.0192909
-0.0179893
-0.0168906
-0.0160961
-0.015806
-0.0156373
-0.0157025
-0.0160629
-0.0169493
-0.0178997
-0.0210252
-0.024198
-0.023645
-0.0198407
-0.0155752
-0.0125025
-0.0108307
-0.0104789
-0.0134651
-0.0217619
-0.00869551
-0.0103663
-0.0123525
-0.0140217
-0.0155145
-0.0176012
-0.0196986
-0.0211014
-0.0214166
-0.0205719
-0.0196298
-0.0181518
-0.0170469
-0.0162499
-0.0158503
-0.0156896
-0.0157922
-0.0163255
-0.0175728
-0.0197325
-0.0248871
-0.0283594
-0.0282052
-0.0256251
-0.0211331
-0.0158416
-0.0118438
-0.00985399
-0.0107311
-0.0174974
-0.00896896
-0.0111153
-0.0127216
-0.0138458
-0.0148481
-0.0171118
-0.0196873
-0.0217348
-0.0222953
-0.0209311
-0.0194974
-0.0180729
-0.0171576
-0.016432
-0.0159583
-0.0158391
-0.0159745
-0.0165225
-0.0179628
-0.0206829
-0.0253548
-0.029071
-0.0317895
-0.0275081
-0.0228987
-0.018202
-0.0146291
-0.0113932
-0.0102568
-0.0138763
-0.0122176
-0.0104072
-0.011524
-0.0123808
-0.0140366
-0.0159035
-0.0185133
-0.0205473
-0.0223133
-0.0208686
-0.0190697
-0.0178547
-0.0171617
-0.0166323
-0.0162198
-0.0160992
-0.0161949
-0.0166584
-0.0178676
-0.0200542
-0.0238837
-0.0293367
-0.029066
-0.026165
-0.0220153
-0.0193251
-0.0168244
-0.0134234
-0.0114172
-0.0120005
-0.0112021
-0.0101585
-0.0108216
-0.0108359
-0.0121947
-0.0147032
-0.016948
-0.0196074
-0.0203674
-0.0201412
-0.0186211
-0.0176136
-0.0170957
-0.0167992
-0.0165181
-0.0164475
-0.0165967
-0.0169389
-0.0179738
-0.0195947
-0.0227159
-0.0222708
-0.0269793
-0.025296
-0.0215253
-0.0203454
-0.0187705
-0.0148105
-0.0128458
-0.0116348
-0.0111478
-0.00954892
-0.0102967
-0.0108035
-0.0111334
-0.0128943
-0.0156294
-0.0178468
-0.0193053
-0.0188276
-0.0181334
-0.0177393
-0.0173324
-0.017347
-0.0171555
-0.0159345
-0.0148602
-0.017694
-0.0187061
-0.020475
-0.0233544
-0.0274363
-0.0271309
-0.0268741
-0.0241474
-0.0222071
-0.0198373
-0.0174022
-0.0144743
-0.0123236
-0.0100614
-0.00959619
-0.00908586
-0.00962622
-0.0106231
-0.0123498
-0.0148516
-0.0168639
-0.0183483
-0.0189015
-0.018071
-0.0172547
-0.0176438
-0.0179206
-0.0117624
-0.0147795
-0.0140921
-0.0163296
-0.0138432
-0.0221073
-0.0269569
-0.0312427
-0.0328497
-0.0290242
-0.0253691
-0.0233583
-0.0227003
-0.0212741
-0.0189147
-0.0131347
-0.00947053
-0.00904319
-0.00926541
-0.00962465
-0.0105203
-0.0124366
-0.0147064
-0.0164978
-0.0176891
-0.0183336
-0.0185113
-0.0180657
-0.0176543
-0.0180992
-0.0152999
-0.0151611
-0.0183378
-0.0173278
-0.0186152
-0.0179193
-0.0303039
-0.032979
-0.0328126
-0.0273412
-0.0239241
-0.0232162
-0.0245981
-0.0243384
-0.0235637
-0.015396
-0.00955533
-0.0095118
-0.0104408
-0.0109079
-0.0115799
-0.0129617
-0.0145111
-0.0162046
-0.0170533
-0.0175407
-0.0180159
-0.0182724
-0.0180055
-0.0181597
-0.0269515
-0.0262083
-0.0204861
-0.0191831
-0.0332685
-0.0305338
-0.0295
-0.0314758
-0.0293294
-0.0242327
-0.0216143
-0.022596
-0.0244571
-0.0257719
-0.0239751
-0.0203934
-0.0111758
-0.010473
-0.0113275
-0.0120022
-0.0128436
-0.0136242
-0.0141577
-0.0151539
-0.0159351
-0.0164754
-0.0168642
-0.0173303
-0.0167178
-0.0179533
-0.0177772
-0.0187187
-0.0241271
-0.0259089
-0.0174361
-0.0222193
-0.0251011
-0.0264722
-0.0242135
-0.0208178
-0.0192882
-0.0195252
-0.0217617
-0.0194955
-0.0204861
-0.0206925
-0.0115618
-0.0110567
-0.0122754
-0.0129428
-0.0136624
-0.0137874
-0.0136229
-0.0141124
-0.0147014
-0.0152014
-0.0157
-0.0162145
-0.016863
-0.0172586
-0.0171896
-0.0167775
-0.0175231
-0.017102
-0.0187418
-0.0207367
-0.0231858
-0.0226123
-0.0214535
-0.0188173
-0.0172774
-0.0171555
-0.0174996
-0.0167669
-0.0165195
-0.0164505
-0.0110082
-0.0110276
-0.0119598
-0.0131868
-0.0131736
-0.0128027
-0.0128506
-0.0132903
-0.0138676
-0.0144285
-0.0150156
-0.0157395
-0.0165034
-0.0164842
-0.0165196
-0.0165001
-0.0167314
-0.0170338
-0.0176316
-0.0187826
-0.0197387
-0.0200415
-0.0188249
-0.0170361
-0.0151416
-0.0142159
-0.0142099
-0.0139965
-0.0133011
-0.0137087
-0.0107943
-0.0100837
-0.0112777
-0.0121134
-0.0120079
-0.0119026
-0.0121406
-0.0127412
-0.0134014
-0.0140596
-0.0147089
-0.0154264
-0.0161156
-0.016693
-0.0168946
-0.0169999
-0.0168887
-0.0170035
-0.016582
-0.0171202
-0.0174976
-0.0173413
-0.0164322
-0.0148105
-0.0133033
-0.014297
-0.0137215
-0.0126435
-0.0120003
-0.0121887
-0.00875772
-0.0088349
-0.0100854
-0.0104863
-0.010822
-0.011141
-0.0116495
-0.0122909
-0.0130376
-0.0137942
-0.014527
-0.0152528
-0.015925
-0.0165287
-0.017013
-0.017386
-0.017772
-0.0178313
-0.0177745
-0.0172127
-0.0165837
-0.0157424
-0.0146217
-0.0134399
-0.0131862
-0.0121828
-0.0115142
-0.011142
-0.011022
-0.0112726
-0.00857384
-0.00782812
-0.00881909
-0.00947145
-0.0100876
-0.010682
-0.0112148
-0.012196
-0.012716
-0.0135146
-0.0143095
-0.015081
-0.0157931
-0.0164152
-0.0169268
-0.0173425
-0.0176928
-0.0179273
-0.0179037
-0.0175889
-0.016876
-0.0157152
-0.0142915
-0.0132611
-0.0129152
-0.0117417
-0.0110793
-0.0104347
-0.00994521
-0.0110325
-0.00838124
-0.00801554
-0.00840564
-0.00913539
-0.00979774
-0.00896987
-0.0112722
-0.0112596
-0.0122957
-0.013125
-0.0139598
-0.0147789
-0.0155434
-0.0162216
-0.0167993
-0.0172689
-0.0176151
-0.0177717
-0.017703
-0.017369
-0.01675
-0.0157403
-0.0145499
-0.0138535
-0.0136049
-0.0129178
-0.0115515
-0.0102128
-0.00927795
-0.010117
-0.00816993
-0.00838065
-0.00883899
-0.00962555
-0.00920948
-0.0126028
-0.0100874
-0.0112279
-0.0119072
-0.0126982
-0.0135422
-0.014399
-0.0151994
-0.0159129
-0.0165305
-0.0170501
-0.0174409
-0.0176198
-0.0175373
-0.0171278
-0.0164443
-0.0155294
-0.0146396
-0.0142843
-0.0142642
-0.0138467
-0.0125
-0.0106659
-0.00897075
-0.00938118
-0.00835304
-0.00829921
-0.00872903
-0.00888923
-0.0100709
-0.00870994
-0.0104428
-0.0109693
-0.0116087
-0.0123708
-0.0131989
-0.01405
-0.0148576
-0.0155953
-0.0162517
-0.0167918
-0.0171891
-0.0173928
-0.0173408
-0.0169557
-0.0162861
-0.015399
-0.014605
-0.014272
-0.0142967
-0.0140921
-0.0130354
-0.0112548
-0.00936355
-0.0106982
-0.00752511
-0.00743049
-0.0077637
-0.0094176
-0.00969605
-0.0101076
-0.0103141
-0.0108088
-0.0113991
-0.0121352
-0.0129327
-0.0137796
-0.014608
-0.0153716
-0.0160434
-0.0165907
-0.0170106
-0.0172583
-0.0172528
-0.0169292
-0.0163231
-0.0154547
-0.0146444
-0.0141919
-0.014043
-0.0138449
-0.0131569
-0.0118701
-0.0102339
-0.010939
-0.00622184
-0.00699304
-0.00785049
-0.00949425
-0.00959364
-0.00970442
-0.00997247
-0.0105482
-0.0111937
-0.0119609
-0.0128163
-0.013682
-0.0145136
-0.0152658
-0.0159245
-0.0164853
-0.0169435
-0.0172566
-0.0173535
-0.0171623
-0.0166762
-0.0158181
-0.0149107
-0.0142689
-0.0138584
-0.013523
-0.0131181
-0.0124467
-0.0112303
-0.00999058
-0.00617139
-0.00722765
-0.0073874
-0.00900862
-0.00923309
-0.00906978
-0.00953395
-0.0103781
-0.01122
-0.0120807
-0.0129647
-0.0138115
-0.0146031
-0.0153029
-0.0159229
-0.0164815
-0.0169516
-0.0173281
-0.0175188
-0.0174691
-0.0171259
-0.0162928
-0.015305
-0.0145229
-0.0138346
-0.0132464
-0.0129096
-0.0126897
-0.0123635
-0.00970993
-0.00600626
-0.00783712
-0.00751918
-0.00873789
-0.00843598
-0.00841361
-0.00930982
-0.0105625
-0.0117345
-0.0127462
-0.0135883
-0.0143199
-0.0149676
-0.0155456
-0.0160684
-0.0165523
-0.0170057
-0.0173844
-0.0176064
-0.0176383
-0.0174333
-0.0167344
-0.0156377
-0.014677
-0.0137075
-0.0128472
-0.012414
-0.0123331
-0.0128724
-0.0102148
-0.000172541
-0.0068965
-0.00677475
-0.00738202
-0.00759162
-0.00830534
-0.00991655
-0.0115542
-0.0129067
-0.0139357
-0.0146324
-0.0151453
-0.0155655
-0.0159504
-0.0163222
-0.0167016
-0.0170644
-0.0173974
-0.0176007
-0.0176929
-0.0175867
-0.0170771
-0.015787
-0.0146013
-0.0134292
-0.0122612
-0.0116254
-0.0116137
-0.0125357
-0.0135184
-0.00866886
-0.00621076
-0.00536922
-0.00622696
-0.00732667
-0.00925483
-0.0113823
-0.0130545
-0.0142764
-0.0151219
-0.0156241
-0.015937
-0.0161581
-0.0163752
-0.016606
-0.016875
-0.0171353
-0.0173793
-0.0174906
-0.0175336
-0.0177303
-0.0175988
-0.0159589
-0.0140776
-0.012913
-0.0115229
-0.0106577
-0.0110882
-0.0124983
-0.0173954
-0.00513349
-0.00563966
-0.0050456
-0.00628797
-0.00822982
-0.010714
-0.0127551
-0.0141764
-0.0151449
-0.0158005
-0.0161862
-0.0164184
-0.016562
-0.0167018
-0.0168423
-0.0170305
-0.0171995
-0.0173393
-0.0173411
-0.0174217
-0.0184479
-0.0179282
-0.0156443
-0.0135573
-0.0123282
-0.0105211
-0.00860748
-0.00816484
-0.00964443
-0.0129127
-0.0183931
-0.00484565
-0.0059432
-0.00756595
-0.00975905
-0.0120124
-0.0136077
-0.0147514
-0.0154706
-0.0159945
-0.0163457
-0.0165913
-0.0167489
-0.0168811
-0.0169904
-0.0171435
-0.0172216
-0.0172636
-0.0172143
-0.0173436
-0.0191074
-0.0187296
-0.0154611
-0.0133986
-0.0120051
-0.0098194
-0.00759734
-0.00648655
-0.00870594
-0.0120562
-0.00667985
-0.00663052
-0.00790179
-0.00914068
-0.0113038
-0.0131135
-0.0142467
-0.0149301
-0.0155287
-0.0159518
-0.0162876
-0.0165672
-0.0167615
-0.0169084
-0.0170235
-0.0171899
-0.0172215
-0.017183
-0.0170902
-0.0170252
-0.0170588
-0.0146471
-0.0155421
-0.0133927
-0.0118272
-0.00942301
-0.00732253
-0.00647106
-0.00860234
-0.010195
-0.00820866
-0.00808636
-0.009446
-0.0107241
-0.0127107
-0.013992
-0.0147206
-0.0151231
-0.0154466
-0.0157838
-0.0161287
-0.0164492
-0.01668
-0.0168413
-0.0169867
-0.0172528
-0.0172662
-0.017223
-0.017044
-0.0171962
-0.0150528
-0.0172073
-0.0153148
-0.0134617
-0.0119696
-0.00998901
-0.00842891
-0.00744185
-0.00778451
-0.00782718
-0.00811164
-0.00914162
-0.010446
-0.0124805
-0.0141162
-0.0146995
-0.0149134
-0.0150724
-0.0152357
-0.0155414
-0.0159394
-0.0163179
-0.0165797
-0.0167449
-0.016943
-0.0172618
-0.0173884
-0.0173015
-0.017414
-0.0180064
-0.0178883
-0.0169638
-0.0153294
-0.013824
-0.0124929
-0.0108339
-0.0093503
-0.00832317
-0.00794104
-0.00915848
-0.00778684
-0.00953694
-0.01172
-0.0144102
-0.0154843
-0.0150809
-0.0147764
-0.0147133
-0.0148754
-0.0152462
-0.0157475
-0.0161975
-0.0164942
-0.0166946
-0.0170371
-0.0175314
-0.0175899
-0.0176474
-0.0178756
-0.0180794
-0.0176902
-0.0164871
-0.0151243
-0.0139846
-0.0128987
-0.0115954
-0.0101013
-0.00857864
-0.00707406
-0.00866495
-0.00743011
-0.00925232
-0.0127776
-0.0157999
-0.0159586
-0.0148804
-0.0142616
-0.014186
-0.0144282
-0.0149307
-0.0155707
-0.0161015
-0.0164375
-0.0167028
-0.0172345
-0.0178191
-0.0178978
-0.0179538
-0.0179235
-0.0176575
-0.0170442
-0.0160927
-0.0151222
-0.0143003
-0.0135737
-0.0127793
-0.0115681
-0.00944069
-0.006887
-0.0061755
-0.00979511
-0.0100026
-0.0142462
-0.015362
-0.0150196
-0.0138579
-0.0133807
-0.0135214
-0.0139305
-0.0146127
-0.0153908
-0.0160104
-0.0164013
-0.0167729
-0.0174583
-0.0180275
-0.0180924
-0.0179703
-0.0176182
-0.017149
-0.0165876
-0.015881
-0.01517
-0.0145866
-0.0141768
-0.0138515
-0.0131787
-0.0111648
-0.00787509
-0.00504297
-0.0234605
-0.0147694
-0.0147597
-0.0142967
-0.0132351
-0.0123003
-0.0122208
-0.0127113
-0.0133821
-0.0142932
-0.0152181
-0.015907
-0.0163601
-0.0168525
-0.017619
-0.0180664
-0.0180369
-0.0176674
-0.0172113
-0.0167664
-0.0162532
-0.0156581
-0.0150795
-0.0146264
-0.0144006
-0.0144135
-0.0142939
-0.0129273
-0.00958029
-0.00496147
-0.0215107
-0.0201977
-0.0151931
-0.0117678
-0.0104131
-0.0102032
-0.0107576
-0.0117347
-0.0128311
-0.01403
-0.0150546
-0.0157885
-0.0163206
-0.0169168
-0.0176831
-0.0179644
-0.017738
-0.0172939
-0.0168863
-0.0164576
-0.0159459
-0.0153709
-0.014798
-0.0143183
-0.0140629
-0.0141409
-0.014546
-0.0140986
-0.0130306
-0.00674832
-0.00809708
-0.0129535
-0.0131884
-0.00915087
-0.00725763
-0.00798361
-0.00902496
-0.0105733
-0.012359
-0.0139015
-0.0149414
-0.0156948
-0.0162962
-0.0169529
-0.0176314
-0.0177256
-0.0174063
-0.0170285
-0.0166534
-0.016218
-0.0156717
-0.0150352
-0.0143584
-0.013724
-0.0132938
-0.0132927
-0.0140345
-0.014462
-0.0158954
-0.00932263
-0.00825221
-0.00535855
-0.00856487
-0.0109047
-0.0072023
-0.00710216
-0.00787791
-0.00948677
-0.0116084
-0.0133657
-0.0146997
-0.0156337
-0.0163239
-0.0170276
-0.0175205
-0.0174987
-0.0172161
-0.0168877
-0.0165225
-0.0160694
-0.0154577
-0.0146904
-0.0138132
-0.0129048
-0.0121659
-0.0118792
-0.0123115
-0.0128522
-0.0147808
-0.0154587
-0.00764754
-0.00590953
-0.00291049
-0.00610715
-0.00799284
-0.0075697
-0.00897924
-0.0102455
-0.0119396
-0.0137245
-0.0150051
-0.0157766
-0.0164556
-0.0171219
-0.0174902
-0.0174456
-0.0171807
-0.0168581
-0.0164936
-0.0160341
-0.0153457
-0.0144389
-0.0132578
-0.0119565
-0.0107475
-0.00985158
-0.00889271
-0.00933007
-0.0141291
-0.018378
-0.00694556
-0.00574615
-0.00357813
-0.00334444
-0.00501098
-0.00712713
-0.00922059
-0.0112193
-0.0128931
-0.0138431
-0.0155241
-0.0167879
-0.0168039
-0.0172324
-0.0175862
-0.0175086
-0.0171944
-0.0168612
-0.0165232
-0.0161162
-0.0154398
-0.0144229
-0.0129576
-0.0111568
-0.00943037
-0.00818614
-0.00745718
-0.00954573
-0.0109703
-0.0124959
-0.00693913
-0.00664668
-0.00764632
-0.00678977
-0.00724032
-0.00729934
-0.00858472
-0.0104912
-0.0128293
-0.0153474
-0.015833
-0.0181595
-0.0176101
-0.017908
-0.018434
-0.0177728
-0.017389
-0.0172241
-0.0167701
-0.0163566
-0.0160078
-0.0149917
-0.0133547
-0.0113797
-0.00903275
-0.00624128
-0.0065979
-0.00721855
-0.00642918
-0.0109007
-0.00970959
-0.00771807
-0.0073514
-0.00853617
-0.0088292
-0.0092485
-0.0100643
-0.0115018
-0.0137155
-0.0125054
-0.0164728
-0.0090272
-0.0169263
-0.0172883
-0.0175538
-0.0186238
-0.0187055
-0.0178616
-0.0174174
-0.0170545
-0.0165714
-0.0158813
-0.0134405
-0.0106232
-0.00824723
-0.00699196
-0.00474745
-0.00444908
-0.00708672
-0.00907674
-0.0125112
-0.0088068
-0.00794347
-0.00854785
-0.00969041
-0.010526
-0.0113241
-0.0123429
-0.0132946
-0.0149621
-0.0146294
-0.0224666
-0.0172142
-0.0171707
-0.0172962
-0.017516
-0.016758
-0.0160426
-0.0158915
-0.015932
-0.0153026
-0.0123944
-0.0137703
-0.0118958
-0.00941715
-0.00774994
-0.00765545
-0.0066938
-0.00667207
-0.00764733
-0.0126921
-0.00897019
-0.00836674
-0.00911388
-0.0100877
-0.0109333
-0.011645
-0.0123475
-0.0134941
-0.0149164
-0.0154468
-0.0174417
-0.0183572
-0.0171922
-0.0159194
-0.0148238
-0.0149706
-0.0146327
-0.014237
-0.0136606
-0.0138181
-0.0149827
-0.0127732
-0.0127975
-0.0111275
-0.00984552
-0.00902518
-0.00826272
-0.00778249
-0.00908428
-0.0102819
-0.00835901
-0.00900939
-0.0101862
-0.0112941
-0.0121266
-0.0126817
-0.012968
-0.01331
-0.0141502
-0.0153481
-0.016787
-0.0167972
-0.0170802
-0.0170486
-0.0166107
-0.015408
-0.0146263
-0.0148667
-0.0151487
-0.0146494
-0.0138839
-0.0133012
-0.0126228
-0.0122258
-0.011117
-0.00980928
-0.00824706
-0.00838367
-0.0114567
-0.00699146
-0.00775745
-0.00953161
-0.0111895
-0.0124513
-0.0132429
-0.0137478
-0.0139569
-0.0139869
-0.0140892
-0.0147547
-0.0158465
-0.0168163
-0.0168603
-0.0171533
-0.0161852
-0.0152714
-0.0150011
-0.014703
-0.0145494
-0.0143485
-0.0153409
-0.0146047
-0.0140377
-0.0128791
-0.0117342
-0.0104166
-0.00892108
-0.00823625
-0.0106731
-0.00500415
-0.00717907
-0.0102142
-0.0122064
-0.0135959
-0.0142324
-0.0146028
-0.0147178
-0.0147119
-0.0146522
-0.0148154
-0.0155227
-0.016894
-0.0181385
-0.0174548
-0.0169888
-0.016357
-0.0157543
-0.01585
-0.0158762
-0.0162078
-0.015998
-0.0157211
-0.0151328
-0.0143348
-0.0133467
-0.0119584
-0.0102978
-0.00928754
-0.00786034
-0.00449526
-0.00708212
-0.0109913
-0.0132447
-0.0145607
-0.0149364
-0.0151389
-0.0151813
-0.0151738
-0.0151813
-0.0153356
-0.0158511
-0.0170185
-0.0187833
-0.0197761
-0.0191442
-0.0185025
-0.0180557
-0.0175505
-0.0172243
-0.0168833
-0.0166963
-0.0166058
-0.0163245
-0.0155952
-0.0147268
-0.0135034
-0.012068
-0.00902962
-0.00611169
-0.00706497
-0.00762135
-0.0119572
-0.0142632
-0.0150172
-0.0151068
-0.0152015
-0.0152416
-0.0152922
-0.0154262
-0.0157438
-0.0164054
-0.017584
-0.0193481
-0.0209017
-0.021121
-0.0204069
-0.0193824
-0.0183759
-0.0176665
-0.0172927
-0.0172179
-0.0171356
-0.0167971
-0.0162031
-0.0155805
-0.0147506
-0.0135043
-0.0100289
-0.00520351
-0.0235196
-0.0112839
-0.0133222
-0.0142174
-0.0145301
-0.014676
-0.0147721
-0.01484
-0.0150021
-0.0153003
-0.015824
-0.0166896
-0.0179597
-0.0195226
-0.0208892
-0.02132
-0.0206893
-0.0195456
-0.0184699
-0.0177425
-0.0173363
-0.0171503
-0.0169569
-0.0166036
-0.0161429
-0.0157977
-0.0149588
-0.0140923
-0.0110728
-0.00408448
-0.0180018
-0.0180878
-0.0149321
-0.0134814
-0.0134223
-0.0138596
-0.0139913
-0.0141
-0.0143697
-0.0148295
-0.0155455
-0.0165494
-0.0178004
-0.0190971
-0.0201182
-0.0204798
-0.0200495
-0.0191015
-0.0181019
-0.0173285
-0.0167822
-0.0164783
-0.0162954
-0.0159624
-0.0154808
-0.0149772
-0.014082
-0.0130422
-0.0129511
-0.0136495
-0.00543436
-0.00997822
-0.00886393
-0.0122884
-0.0134036
-0.012877
-0.0128441
-0.012976
-0.0135172
-0.0141941
-0.0150574
-0.0160657
-0.017137
-0.0181338
-0.0189074
-0.0192696
-0.0190833
-0.0183599
-0.0174547
-0.016608
-0.0158386
-0.0152988
-0.0151492
-0.0151114
-0.0145903
-0.0139522
-0.0128479
-0.0114845
-0.010527
-0.0160048
-0.00520115
-0.00436399
-0.00720447
-0.00697553
-0.0101195
-0.0123411
-0.0116298
-0.0115716
-0.0126172
-0.013675
-0.0146529
-0.0155266
-0.016278
-0.0169476
-0.0174844
-0.0178539
-0.0179445
-0.0175695
-0.0168862
-0.0158706
-0.0146464
-0.013478
-0.0137571
-0.0149003
-0.0147262
-0.0130043
-0.0102919
-0.00795905
-0.0048506
0.002652
-0.00475554
-0.00650144
-0.00781274
-0.0089361
-0.0106275
-0.0114349
-0.0104303
-0.0104148
-0.012221
-0.0137128
-0.0145734
-0.015123
-0.0155169
-0.0159114
-0.0162673
-0.016596
-0.0168987
-0.016998
-0.0167797
-0.0155427
-0.0135857
-0.0117074
-0.0126939
-0.0131466
-0.0134803
-0.0118656
-0.0095391
-0.00928157
-0.00577426
-0.00395096
-0.00679624
-0.0101829
-0.0118408
-0.0135969
-0.0122857
-0.0113311
-0.0104687
-0.0111766
-0.0135851
-0.0149092
-0.0148696
-0.0150243
-0.0152122
-0.0154727
-0.0156624
-0.0158228
-0.0160446
-0.0163836
-0.0167948
-0.0160779
-0.0134509
-0.0119674
-0.0121121
-0.0121525
-0.0121244
-0.0109459
-0.0106476
-0.000372655
-0.011531
-0.00548995
-0.0072924
-0.0130591
-0.0157767
-0.0173301
-0.0175063
-0.0164917
-0.0140546
-0.0121697
-0.0125935
-0.0124551
-0.0122097
-0.0123899
-0.0127137
-0.0130666
-0.0132699
-0.0133344
-0.0133474
-0.0133626
-0.0135377
-0.0137202
-0.0122516
-0.0122913
-0.013625
-0.0142298
-0.0135277
-0.0137717
-0.0158715
-0.0123961
-0.0115112
-0.0057813
-0.00580703
-0.0129658
-0.01547
-0.0187175
-0.0176433
-0.0153441
-0.0111607
-0.00709882
-0.00639813
-0.00609965
-0.00604519
-0.00640446
-0.00673194
-0.00710113
-0.00740784
-0.00760665
-0.0076781
-0.00771508
-0.00797833
-0.00836336
-0.00868304
-0.0085592
-0.0114461
-0.0138543
-0.0156552
-0.0173335
-0.0179484
-0.0172659
-0.0133264
-0.00634152
-0.00531666
-0.00817866
-0.00875969
-0.00897053
-0.00745702
-0.00482668
-0.00245874
-0.000719306
-0.00064163
-0.000813862
-0.00114418
-0.00112507
-0.0012302
-0.00136567
-0.00157414
-0.00180567
-0.00192223
-0.00207102
-0.00238459
-0.00209381
-0.000811877
-0.00124888
-0.00324664
-0.00548838
-0.00781296
-0.00971297
-0.0110734
-0.00988019
-0.00947613
-0.00469707
-0.00105791
-0.00110884
-0.00111605
-0.00153802
-0.00108245
-0.000599159
-0.000253821
-8.664e-05
3.25334e-06
1.34882e-06
-9.33839e-06
-2.28227e-05
-3.09405e-05
-3.67506e-05
-3.16274e-05
-8.33608e-06
1.69233e-05
5.67928e-05
0.000120472
0.00011856
7.45805e-05
-0.000201167
-0.000593942
-0.000927409
-0.00133306
-0.00177207
-0.00201062
-0.00185508
-0.00124149
-0.00229056
0.000215876
8.11176e-05
3.04187e-05
-3.33349e-05
-0.000102663
-8.02778e-05
-3.20206e-05
-8.89412e-06
-2.55585e-06
-1.67435e-06
-1.89564e-06
-2.18056e-06
-2.36391e-06
-2.62101e-06
-3.01301e-06
-3.37329e-06
-3.41472e-06
-2.81523e-06
-2.65188e-06
-3.11353e-06
-6.59363e-06
-2.44919e-05
-7.3267e-05
-0.000142045
-0.000199258
-0.000189533
-0.000113895
7.5916e-05
0.000125475
-8.65874e-05
-1.997e-05
-1.12637e-05
-9.39677e-06
-9.05107e-06
-6.47641e-06
-2.80546e-06
-7.06745e-07
-1.28475e-07
-2.26543e-08
-8.63047e-09
-8.13702e-09
-8.95714e-09
-9.47612e-09
-1.06195e-08
-1.32506e-08
-1.72932e-08
-2.02166e-08
-1.76084e-08
-1.69995e-08
-2.86124e-08
-1.16461e-07
-5.77938e-07
-2.37289e-06
-7.31218e-06
-1.65653e-05
-2.51109e-05
-2.4724e-05
-2.057e-05
-2.35671e-05
-4.26953e-05
-4.40859e-07
-1.82737e-07
-1.1357e-07
-9.45629e-08
-5.69789e-08
-1.73139e-08
-2.94203e-09
-3.66193e-10
-3.90013e-11
-6.6304e-12
-4.22918e-12
-4.2468e-12
-4.32888e-12
-4.84758e-12
-6.44992e-12
-9.45826e-12
-1.21272e-11
-1.05294e-11
-1.16399e-11
-4.45945e-11
-3.89388e-10
-2.79231e-09
-1.63268e-08
-7.42933e-08
-2.3955e-07
-4.88171e-07
-5.34215e-07
-4.66645e-07
-5.75492e-07
-1.38242e-06
-1.74874e-09
-4.67577e-10
-2.13596e-10
-1.61553e-10
-9.04335e-11
-2.14003e-11
-2.54155e-12
-2.98196e-13
-1.67549e-13
-1.48075e-13
-1.31829e-13
-1.19337e-13
-1.11009e-13
-1.0673e-13
-1.05973e-13
-1.07877e-13
-1.13268e-13
-1.22775e-13
-1.3677e-13
-1.54971e-13
-3.42122e-13
-2.87654e-12
-2.53496e-11
-1.64922e-10
-7.03408e-10
-1.70534e-09
-1.79873e-09
-1.57836e-09
-2.53341e-09
-1.02908e-08
-1.31115e-12
-3.65268e-13
-2.18946e-13
-1.97533e-13
-1.88424e-13
-1.79715e-13
-1.68107e-13
-1.54085e-13
-1.40566e-13
-1.25325e-13
-1.12465e-13
-1.02296e-13
-9.53638e-14
-9.177e-14
-9.12576e-14
-9.31276e-14
-9.79246e-14
-1.05916e-13
-1.17198e-13
-1.31529e-13
-1.45568e-13
-1.63128e-13
-1.80265e-13
-1.98815e-13
-4.88465e-13
-1.21032e-12
-1.21477e-12
-1.07152e-12
-2.16595e-12
-1.10602e-11
-2.46568e-13
-2.13038e-13
-1.87878e-13
-1.70681e-13
-1.59487e-13
-1.49779e-13
-1.3933e-13
-1.2801e-13
-1.15973e-13
-1.04333e-13
-9.45208e-14
-8.66516e-14
-8.12517e-14
-7.84508e-14
-7.81146e-14
-7.96229e-14
-8.33836e-14
-8.95489e-14
-9.81081e-14
-1.0882e-13
-1.20524e-13
-1.33043e-13
-1.45798e-13
-1.57244e-13
-1.64299e-13
-1.70282e-13
-1.76375e-13
-1.86929e-13
-2.08341e-13
-2.41841e-13
-2.21394e-13
-1.93099e-13
-1.66196e-13
-1.47712e-13
-1.34733e-13
-1.24182e-13
-1.14249e-13
-1.0436e-13
-9.45739e-14
-8.57115e-14
-7.83329e-14
-7.24755e-14
-6.84668e-14
-6.63875e-14
-6.61608e-14
-6.72237e-14
-6.99015e-14
-7.43368e-14
-8.05704e-14
-8.83459e-14
-9.72103e-14
-1.06825e-13
-1.16706e-13
-1.26113e-13
-1.34085e-13
-1.41564e-13
-1.50449e-13
-1.64057e-13
-1.8649e-13
-2.16692e-13
-1.9862e-13
-1.73921e-13
-1.472e-13
-1.27848e-13
-1.1378e-13
-1.02711e-13
-9.31577e-14
-8.4465e-14
-7.65648e-14
-6.97869e-14
-6.43139e-14
-6.00672e-14
-5.71815e-14
-5.56831e-14
-5.55152e-14
-5.61671e-14
-5.79041e-14
-6.08873e-14
-6.52498e-14
-7.07637e-14
-7.72274e-14
-8.46331e-14
-9.25682e-14
-1.00739e-13
-1.08994e-13
-1.1792e-13
-1.29121e-13
-1.45094e-13
-1.68365e-13
-1.94935e-13
-1.77186e-13
-1.55878e-13
-1.30026e-13
-1.10482e-13
-9.60311e-14
-8.49092e-14
-7.58752e-14
-6.82665e-14
-6.18375e-14
-5.66282e-14
-5.2602e-14
-4.9566e-14
-4.75259e-14
-4.64619e-14
-4.63229e-14
-4.66523e-14
-4.76683e-14
-4.95477e-14
-5.24619e-14
-5.62654e-14
-6.09053e-14
-6.65457e-14
-7.30011e-14
-8.0229e-14
-8.8374e-14
-9.80448e-14
-1.10542e-13
-1.27776e-13
-1.51473e-13
-1.74217e-13
-1.55476e-13
-1.38469e-13
-1.1404e-13
-9.50184e-14
-8.08857e-14
-7.02038e-14
-6.18955e-14
-5.52995e-14
-5.00582e-14
-4.60447e-14
-4.30918e-14
-4.09357e-14
-3.95076e-14
-3.87555e-14
-3.86307e-14
-3.87315e-14
-3.92371e-14
-4.03323e-14
-4.2175e-14
-4.47135e-14
-4.79955e-14
-5.2261e-14
-5.75156e-14
-6.38848e-14
-7.16617e-14
-8.1472e-14
-9.441e-14
-1.11967e-13
-1.35055e-13
-1.53716e-13
-1.32883e-13
-1.20885e-13
-9.86508e-14
-8.09325e-14
-6.77774e-14
-5.79878e-14
-5.06079e-14
-4.50007e-14
-4.07635e-14
-3.76801e-14
-3.55251e-14
-3.40038e-14
-3.30108e-14
-3.24794e-14
-3.23644e-14
-3.23142e-14
-3.24765e-14
-3.30301e-14
-3.41201e-14
-3.575e-14
-3.80291e-14
-4.12268e-14
-4.5469e-14
-5.0985e-14
-5.81476e-14
-6.75796e-14
-8.02359e-14
-9.73212e-14
-1.19062e-13
-1.3291e-13
-1.09567e-13
-1.02799e-13
-8.35142e-14
-6.78659e-14
-5.62498e-14
-4.77238e-14
-4.14395e-14
-3.68115e-14
-3.3454e-14
-3.11127e-14
-2.95628e-14
-2.85091e-14
-2.78279e-14
-2.74547e-14
-2.7349e-14
-2.7208e-14
-2.7151e-14
-2.73447e-14
-2.79203e-14
-2.89079e-14
-3.04458e-14
-3.28037e-14
-3.61647e-14
-4.08066e-14
-4.71321e-14
-5.57386e-14
-6.74692e-14
-8.33141e-14
-1.03042e-13
-1.1194e-13
-8.58047e-14
-8.42258e-14
-6.87572e-14
-5.57024e-14
-4.60213e-14
-3.89427e-14
-3.39256e-14
-3.024e-14
-2.76639e-14
-2.59457e-14
-2.48617e-14
-2.41509e-14
-2.37027e-14
-2.34478e-14
-2.33565e-14
-2.31674e-14
-2.29795e-14
-2.29419e-14
-2.31709e-14
-2.37056e-14
-2.46885e-14
-2.63697e-14
-2.89436e-14
-3.26983e-14
-3.80191e-14
-4.54471e-14
-5.57097e-14
-6.95921e-14
-8.64711e-14
-9.03283e-14
-6.23693e-14
-6.58244e-14
-5.44086e-14
-4.44935e-14
-3.69704e-14
-3.15437e-14
-2.76404e-14
-2.48862e-14
-2.30087e-14
-2.18097e-14
-2.1099e-14
-2.06556e-14
-2.0383e-14
-2.02209e-14
-2.01491e-14
-1.99407e-14
-1.96812e-14
-1.9499e-14
-1.9496e-14
-1.97104e-14
-2.02716e-14
-2.13981e-14
-2.32715e-14
-2.61445e-14
-3.03575e-14
-3.63689e-14
-4.47439e-14
-5.59874e-14
-6.92557e-14
-6.77554e-14
-4.13686e-14
-4.84137e-14
-4.12076e-14
-3.44305e-14
-2.91041e-14
-2.51807e-14
-2.23832e-14
-2.04571e-14
-1.91881e-14
-1.84248e-14
-1.80183e-14
-1.77858e-14
-1.7651e-14
-1.75648e-14
-1.75162e-14
-1.73092e-14
-1.70135e-14
-1.67446e-14
-1.6586e-14
-1.6569e-14
-1.68028e-14
-1.74703e-14
-1.87232e-14
-2.07664e-14
-2.38667e-14
-2.83612e-14
-3.46504e-14
-4.28617e-14
-5.19781e-14
-4.58267e-14
-2.56372e-14
-3.3313e-14
-2.97118e-14
-2.56764e-14
-2.22925e-14
-1.97414e-14
-1.7944e-14
-1.67388e-14
-1.5987e-14
-1.55864e-14
-1.54278e-14
-1.5364e-14
-1.534e-14
-1.53176e-14
-1.52934e-14
-1.50974e-14
-1.47896e-14
-1.44684e-14
-1.42035e-14
-1.40172e-14
-1.39956e-14
-1.42853e-14
-1.50021e-14
-1.62973e-14
-1.83571e-14
-2.13953e-14
-2.56346e-14
-3.09049e-14
-3.60617e-14
-2.7915e-14
-1.65642e-14
-2.14111e-14
-2.03253e-14
-1.83974e-14
-1.65648e-14
-1.51642e-14
-1.41881e-14
-1.3575e-14
-1.32461e-14
-1.31404e-14
-1.31821e-14
-1.32548e-14
-1.33215e-14
-1.33533e-14
-1.33514e-14
-1.31696e-14
-1.28604e-14
-1.25077e-14
-1.21698e-14
-1.18607e-14
-1.16436e-14
-1.16323e-14
-1.19066e-14
-1.25652e-14
-1.37206e-14
-1.54951e-14
-1.79694e-14
-2.08044e-14
-2.29155e-14
-1.65835e-14
-1.28474e-14
-1.35825e-14
-1.31771e-14
-1.25422e-14
-1.18496e-14
-1.13101e-14
-1.09649e-14
-1.08068e-14
-1.08013e-14
-1.0919e-14
-1.11107e-14
-1.12858e-14
-1.14227e-14
-1.14989e-14
-1.15187e-14
-1.1358e-14
-1.10643e-14
-1.07076e-14
-1.03369e-14
-9.95905e-15
-9.61769e-15
-9.40045e-15
-9.35874e-15
-9.5201e-15
-9.95584e-15
-1.07284e-14
-1.18283e-14
-1.29357e-14
-1.35023e-14
-1.15946e-14
-6.95208e-15
-9.90805e-15
-1.02553e-14
-9.94659e-15
-9.59452e-15
-9.3871e-15
-9.32765e-15
-9.38826e-15
-9.53452e-15
-9.7439e-15
-9.97951e-15
-1.01686e-14
-1.03093e-14
-1.03923e-14
-1.04294e-14
-1.03073e-14
-1.00573e-14
-9.7288e-15
-9.35701e-15
-8.93878e-15
-8.50062e-15
-8.11226e-15
-7.80302e-15
-7.31548e-15
-7.14539e-15
-7.26097e-15
-7.68609e-15
-8.37897e-15
-9.45082e-15
-8.3797e-15
-6.17962e-16
-1.52043e-15
-2.59672e-15
-3.48577e-15
-4.25915e-15
-4.96028e-15
-5.58223e-15
-6.10559e-15
-6.57692e-15
-7.01963e-15
-7.42249e-15
-7.7378e-15
-7.96932e-15
-8.10674e-15
-8.15771e-15
-8.0371e-15
-7.77511e-15
-7.41266e-15
-6.97749e-15
-6.46184e-15
-5.86829e-15
-5.19374e-15
-4.77874e-15
-4.98146e-15
-4.99627e-15
-4.94848e-15
-4.7818e-15
-4.1441e-15
-1.9292e-15
4.54587e-16
-9.51719e-15
-7.0387e-16
-1.32326e-15
-2.38166e-15
-3.27561e-15
-4.09254e-15
-4.9482e-15
-5.60115e-15
-5.99743e-15
-6.38436e-15
-6.75152e-15
-7.04669e-15
-7.27082e-15
-7.40854e-15
-7.46477e-15
-7.36399e-15
-7.13838e-15
-6.82935e-15
-6.47082e-15
-6.06086e-15
-5.57687e-15
-4.69587e-15
-3.68318e-15
-2.57927e-15
-1.63763e-15
-7.2057e-16
2.7645e-16
1.47647e-15
2.56414e-15
-1.74511e-15
-6.06533e-15
-2.40664e-15
-1.86679e-15
-2.06889e-15
-2.43169e-15
-2.8025e-15
-3.08367e-15
-3.51838e-15
-4.13161e-15
-4.6835e-15
-5.15811e-15
-5.52279e-15
-5.78932e-15
-5.95119e-15
-6.01591e-15
-5.92349e-15
-5.69624e-15
-5.36076e-15
-4.93996e-15
-4.43112e-15
-3.86509e-15
-3.63537e-15
-3.22451e-15
-2.63591e-15
-2.01413e-15
-1.45047e-15
-1.06317e-15
-1.14887e-15
-2.88522e-15
-1.07875e-14
-5.11372e-15
1.4497e-15
1.55235e-15
7.74498e-16
-1.01324e-16
-9.32632e-16
-1.69018e-15
-2.39746e-15
-3.03085e-15
-3.58365e-15
-4.05121e-15
-4.40948e-15
-4.67238e-15
-4.8352e-15
-4.90459e-15
-4.83282e-15
-4.63685e-15
-4.33531e-15
-3.94566e-15
-3.46296e-15
-2.88918e-15
-2.27902e-15
-1.61101e-15
-8.53508e-16
-1.01061e-17
8.93604e-16
1.79973e-15
2.54435e-15
2.30449e-15
-4.88564e-15
-4.7976e-15
2.12034e-15
2.53513e-15
1.86822e-15
9.96023e-16
1.25193e-16
-6.82168e-16
-1.40815e-15
-2.04433e-15
-2.59387e-15
-3.05471e-15
-3.40906e-15
-3.66996e-15
-3.83332e-15
-3.90432e-15
-3.8464e-15
-3.67296e-15
-3.39771e-15
-3.03464e-15
-2.57892e-15
-2.02553e-15
-1.39596e-15
-6.93993e-16
8.32757e-17
9.31642e-16
1.82598e-15
2.69578e-15
3.31839e-15
2.7688e-15
-4.76116e-15
-4.24031e-15
2.62484e-15
3.23982e-15
2.66773e-15
1.82934e-15
9.65965e-16
1.58446e-16
-5.6461e-16
-1.19616e-15
-1.73827e-15
-2.19005e-15
-2.53881e-15
-2.79572e-15
-2.95764e-15
-3.02828e-15
-2.98094e-15
-2.82562e-15
-2.57237e-15
-2.23216e-15
-1.80104e-15
-1.27314e-15
-6.61104e-16
3.36398e-17
8.08139e-16
1.65244e-15
2.53141e-15
3.35927e-15
3.87584e-15
3.10336e-15
-4.34489e-15
-3.52585e-15
3.07612e-15
3.78393e-15
3.29023e-15
2.48979e-15
1.64615e-15
8.50631e-16
1.38561e-16
-4.82358e-16
-1.01235e-15
-1.45169e-15
-1.79206e-15
-2.04241e-15
-2.20088e-15
-2.27036e-15
-2.23187e-15
-2.09271e-15
-1.8598e-15
-1.54122e-15
-1.13359e-15
-6.31942e-16
-4.41888e-17
6.29402e-16
1.38508e-15
2.21075e-15
3.0636e-15
3.84808e-15
4.27957e-15
3.40706e-15
-3.70513e-15
-2.6808e-15
3.51725e-15
4.25379e-15
3.79845e-15
3.02353e-15
2.19745e-15
1.4158e-15
7.17793e-16
1.10715e-16
-4.04458e-16
-8.29447e-16
-1.15975e-15
-1.40198e-15
-1.55582e-15
-1.62361e-15
-1.59266e-15
-1.46795e-15
-1.25401e-15
-9.56111e-16
-5.71014e-16
-9.51287e-17
4.67366e-16
1.11695e-15
1.84988e-15
2.65396e-15
3.48233e-15
4.23638e-15
4.62483e-15
3.72863e-15
-2.89895e-15
-1.8088e-15
3.96177e-15
4.67749e-15
4.22835e-15
3.46202e-15
2.64531e-15
1.87437e-15
1.18976e-15
5.96943e-16
9.70923e-17
-3.13342e-16
-6.331e-16
-8.66644e-16
-1.01532e-15
-1.08119e-15
-1.05652e-15
-9.4449e-16
-7.47773e-16
-4.69114e-16
-1.04952e-16
3.46794e-16
8.8531e-16
1.51214e-15
2.22428e-15
3.01099e-15
3.8241e-15
4.56646e-15
4.9509e-15
4.08404e-15
-2.02777e-15
-9.71232e-16
4.42115e-15
5.07392e-15
4.60152e-15
3.82566e-15
3.00762e-15
2.24185e-15
1.56796e-15
9.88149e-16
5.02749e-16
1.06089e-16
-2.03359e-16
-4.28261e-16
-5.71632e-16
-6.35496e-16
-6.15995e-16
-5.14876e-16
-3.33476e-16
-7.22352e-17
2.73007e-16
7.0301e-16
1.21998e-15
1.82705e-15
2.52286e-15
3.29929e-15
4.1092e-15
4.85944e-15
5.27001e-15
4.48162e-15
-1.17819e-15
-2.8557e-16
4.8578e-15
5.43524e-15
4.92316e-15
4.12475e-15
3.29504e-15
2.52873e-15
1.86274e-15
1.29429e-15
8.22005e-16
4.37998e-16
1.38397e-16
-7.81557e-17
-2.16252e-16
-2.78128e-16
-2.6281e-16
-1.71009e-16
-3.06022e-18
2.42598e-16
5.70953e-16
9.81738e-16
1.47988e-15
2.0705e-15
2.75475e-15
3.52797e-15
4.34552e-15
5.11904e-15
5.57584e-15
4.88172e-15
-4.6318e-16
2.00984e-16
5.23915e-15
5.74959e-15
5.18643e-15
4.35556e-15
3.50946e-15
2.74058e-15
2.08181e-15
1.52359e-15
1.0633e-15
6.91032e-16
4.00941e-16
1.92466e-16
5.95938e-17
-3.02957e-19
1.16715e-17
9.55191e-17
2.51651e-16
4.83337e-16
7.96468e-16
1.19015e-15
1.67168e-15
2.24842e-15
2.92477e-15
3.69989e-15
4.53254e-15
5.3389e-15
5.85215e-15
5.24153e-15
5.05998e-17
4.33769e-16
5.50983e-15
5.98909e-15
5.37991e-15
4.51471e-15
3.65206e-15
2.88072e-15
2.23087e-15
1.68285e-15
1.2342e-15
8.73335e-16
5.92794e-16
3.92344e-16
2.64771e-16
2.069e-16
2.16233e-16
2.93221e-16
4.38842e-16
6.57763e-16
9.56766e-16
1.33472e-15
1.8008e-15
2.36468e-15
3.03473e-15
3.81386e-15
4.66371e-15
5.50334e-15
6.06675e-15
5.50427e-15
3.14986e-16
4.45225e-16
5.63933e-15
6.13311e-15
5.49545e-15
4.60806e-15
3.73007e-15
2.95556e-15
2.3149e-15
1.77795e-15
1.34158e-15
9.92621e-16
7.22211e-16
5.30069e-16
4.08034e-16
3.5233e-16
3.59603e-16
4.30555e-16
5.66581e-16
7.73464e-16
1.05878e-15
1.42148e-15
1.87209e-15
2.42172e-15
3.08412e-15
3.86534e-15
4.72947e-15
5.5948e-15
6.19363e-15
5.631e-15
3.49586e-16
2.69287e-16
5.59573e-15
6.15505e-15
5.5174e-15
4.62527e-15
3.74344e-15
2.97141e-15
2.3389e-15
1.81489e-15
1.39246e-15
1.05666e-15
7.97445e-16
6.14207e-16
4.98117e-16
4.44802e-16
4.50473e-16
5.15935e-16
6.42902e-16
8.37968e-16
1.10935e-15
1.45636e-15
1.89024e-15
2.42232e-15
3.0739e-15
3.85229e-15
4.72173e-15
5.59719e-15
6.20476e-15
5.59041e-15
1.96186e-16
-7.98579e-18
5.38186e-15
6.03901e-15
5.43317e-15
4.55479e-15
3.68701e-15
2.92841e-15
2.30706e-15
1.79928e-15
1.39325e-15
1.07242e-15
8.25795e-16
6.52302e-16
5.42689e-16
4.92043e-16
4.96467e-16
5.56758e-16
6.74843e-16
8.57845e-16
1.11442e-15
1.4444e-15
1.85953e-15
2.37137e-15
3.00722e-15
3.77493e-15
4.63491e-15
5.50031e-15
6.08141e-15
5.3797e-15
-6.67854e-17
-3.21946e-16
5.00873e-15
5.78768e-15
5.24222e-15
4.39987e-15
3.56151e-15
2.82805e-15
2.22636e-15
1.73937e-15
1.35275e-15
1.04901e-15
8.16547e-16
6.53746e-16
5.5118e-16
5.03503e-16
5.06929e-16
5.62162e-16
6.71263e-16
8.4159e-16
1.08202e-15
1.39299e-15
1.78672e-15
2.27628e-15
2.88888e-15
3.63257e-15
4.46669e-15
5.29922e-15
5.82463e-15
5.01022e-15
-3.67802e-16
-6.02554e-16
4.51447e-15
5.41083e-15
4.95297e-15
4.16469e-15
3.3711e-15
2.67416e-15
2.10159e-15
1.64084e-15
1.2771e-15
9.92804e-16
7.76168e-16
6.25068e-16
5.3013e-16
4.85739e-16
4.88369e-16
5.38589e-16
6.38513e-16
7.95479e-16
1.0184e-15
1.30838e-15
1.6779e-15
2.14197e-15
2.7231e-15
3.4279e-15
4.21947e-15
5.00112e-15
5.44328e-15
4.51759e-15
-6.40633e-16
-8.17015e-16
3.93621e-15
4.93474e-15
4.57394e-15
3.86087e-15
3.12542e-15
2.47563e-15
1.94069e-15
1.51165e-15
1.1743e-15
9.11774e-16
7.12527e-16
5.74071e-16
4.8729e-16
4.46483e-16
4.48472e-16
4.93686e-16
5.84227e-16
7.27193e-16
9.31341e-16
1.19838e-15
1.54063e-15
1.97353e-15
2.51514e-15
3.17052e-15
3.90519e-15
4.61397e-15
4.96279e-15
3.94037e-15
-8.4761e-16
-9.42978e-16
3.32245e-15
4.3884e-15
4.1301e-15
3.50125e-15
2.83584e-15
2.24252e-15
1.75231e-15
1.35972e-15
1.05184e-15
8.13077e-16
6.32535e-16
5.07491e-16
4.29273e-16
3.92307e-16
3.93783e-16
4.34012e-16
5.15028e-16
6.43504e-16
8.2786e-16
1.07027e-15
1.38237e-15
1.77878e-15
2.27433e-15
2.87185e-15
3.53705e-15
4.16316e-15
4.41207e-15
3.32589e-15
-9.68759e-16
-9.86944e-16
2.71108e-15
3.80378e-15
3.63968e-15
3.10522e-15
2.51649e-15
1.98616e-15
1.54583e-15
1.19319e-15
9.1706e-16
7.035e-16
5.42565e-16
4.31427e-16
3.62013e-16
3.29059e-16
3.3013e-16
3.65443e-16
4.36909e-16
5.50634e-16
7.14533e-16
9.31074e-16
1.21083e-15
1.567e-15
2.01173e-15
2.54527e-15
3.13444e-15
3.66662e-15
3.82336e-15
2.7137e-15
-1.00759e-15
-9.60125e-16
2.13697e-15
3.2116e-15
3.13229e-15
2.68919e-15
2.18162e-15
1.71793e-15
1.33068e-15
1.02006e-15
7.76937e-16
5.8929e-16
4.48342e-16
3.51261e-16
2.90687e-16
2.61814e-16
2.6257e-16
2.93097e-16
3.55153e-16
4.54156e-16
5.97387e-16
7.87467e-16
1.03369e-15
1.34755e-15
1.73865e-15
2.20496e-15
2.71296e-15
3.15429e-15
3.22724e-15
2.13789e-15
-9.76968e-16
-8.84918e-16
1.62075e-15
2.63905e-15
2.6291e-15
2.27301e-15
1.84394e-15
1.44917e-15
1.1159e-15
8.47702e-16
6.377e-16
4.75892e-16
3.54752e-16
2.71511e-16
2.19594e-16
1.94761e-16
1.95275e-16
2.21224e-16
2.74184e-16
3.58823e-16
4.81692e-16
6.45466e-16
8.58085e-16
1.12923e-15
1.46594e-15
1.86318e-15
2.29287e-15
2.64678e-15
2.65088e-15
1.62025e-15
-8.97846e-16
-7.78558e-16
1.17783e-15
2.10789e-15
2.14994e-15
1.87209e-15
1.51756e-15
1.18979e-15
9.09125e-16
6.82384e-16
5.04606e-16
3.67817e-16
2.65779e-16
1.95805e-16
1.52157e-16
1.31218e-16
1.31546e-16
1.53204e-16
1.97559e-16
2.68519e-16
3.71829e-16
5.10164e-16
6.90097e-16
9.19471e-16
1.20348e-15
1.5332e-15
1.88847e-15
2.16378e-15
2.11634e-15
1.17618e-15
-7.88459e-16
-6.62276e-16
8.08677e-16
1.63176e-15
1.70922e-15
1.5e-15
1.21353e-15
9.47755e-16
7.17113e-16
5.29173e-16
3.81751e-16
2.6852e-16
1.84416e-16
1.26834e-16
9.08872e-17
7.35989e-17
7.37952e-17
9.15117e-17
1.27918e-16
1.86166e-16
2.71177e-16
3.85588e-16
5.34724e-16
7.24883e-16
9.58482e-16
1.22694e-15
1.51298e-15
1.71968e-15
1.63758e-15
8.06729e-16
-6.69508e-16
-5.41649e-16
5.20122e-16
1.22086e-15
1.31732e-15
1.16571e-15
9.41469e-16
7.30099e-16
5.4354e-16
3.91711e-16
2.72096e-16
1.80427e-16
1.12714e-16
6.63994e-17
3.74404e-17
2.34852e-17
2.35867e-17
3.77726e-17
6.7012e-17
1.13757e-16
1.82103e-16
2.74637e-16
3.95496e-16
5.49317e-16
7.38424e-16
9.52775e-16
1.17591e-15
1.32523e-15
1.22509e-15
5.18389e-16
-5.46879e-16
-4.37886e-16
2.89942e-16
8.74843e-16
9.7952e-16
8.74706e-16
7.05195e-16
5.39383e-16
3.92558e-16
2.71962e-16
1.77361e-16
1.04916e-16
5.17558e-17
1.53996e-17
-7.39237e-18
-1.83919e-17
-1.83523e-17
-7.25179e-18
1.57003e-17
5.23232e-17
1.05908e-16
1.78959e-16
2.74619e-16
3.96699e-16
5.45571e-16
7.14049e-16
8.8258e-16
9.85517e-16
8.77948e-16
2.88437e-16
-4.41649e-16
-3.34614e-16
1.39565e-16
5.99288e-16
6.98735e-16
6.2941e-16
5.04785e-16
3.77774e-16
2.64522e-16
1.71468e-16
9.80446e-17
4.23088e-17
1.65283e-18
-2.61819e-17
-4.37045e-17
-5.21692e-17
-5.21686e-17
-4.36829e-17
-2.60793e-17
1.91236e-18
4.28198e-17
9.90674e-17
1.73251e-16
2.67383e-16
3.82198e-16
5.10987e-16
6.35171e-16
7.03195e-16
6.0166e-16
1.38485e-16
-3.37189e-16
-2.65948e-16
4.20309e-18
3.75266e-16
4.70358e-16
4.28449e-16
3.39425e-16
2.44795e-16
1.59547e-16
8.91397e-17
3.36503e-17
-8.45432e-18
-3.87034e-17
-5.95474e-17
-7.2756e-17
-7.91415e-17
-7.91646e-17
-7.28038e-17
-5.95631e-17
-3.86196e-17
-8.25052e-18
3.42489e-17
9.02514e-17
1.61447e-16
2.4776e-16
3.4345e-16
4.32387e-16
4.73479e-16
3.7686e-16
3.15289e-18
-2.67819e-16
-1.85599e-16
-3.10573e-17
2.21677e-16
2.94775e-16
2.69495e-16
2.07174e-16
1.38289e-16
7.52749e-17
2.27642e-17
-1.88131e-17
-5.01991e-17
-7.23998e-17
-8.78836e-17
-9.78086e-17
-1.02607e-16
-1.02644e-16
-9.78953e-17
-8.79854e-17
-7.24537e-17
-5.01508e-17
-1.85327e-17
2.34098e-17
7.64573e-17
1.40164e-16
2.09698e-16
2.72077e-16
2.96929e-16
2.22927e-16
-3.15139e-17
-1.86753e-16
-1.53621e-16
-1.40121e-16
7.9684e-17
1.55664e-16
1.46049e-16
1.03709e-16
5.35884e-17
6.32772e-18
-3.38612e-17
-6.60405e-17
-9.01969e-17
-1.06871e-16
-1.18765e-16
-1.26514e-16
-1.30258e-16
-1.30308e-16
-1.26635e-16
-1.18918e-16
-1.07035e-16
-9.02925e-17
-6.59777e-17
-3.35504e-17
7.00372e-18
5.47186e-17
1.05259e-16
1.47709e-16
1.57086e-16
8.03924e-17
-1.40861e-16
-1.54506e-16
-9.14009e-17
-4.60957e-17
4.53772e-17
6.86436e-17
5.53786e-17
2.15006e-17
-2.04135e-17
-6.15023e-17
-9.72161e-17
-1.25884e-16
-1.46851e-16
-1.6051e-16
-1.70514e-16
-1.77129e-16
-1.80298e-16
-1.80369e-16
-1.77309e-16
-1.70758e-16
-1.60814e-16
-1.47126e-16
-1.26048e-16
-9.7198e-17
-6.12111e-17
-1.97787e-17
2.24702e-17
5.65419e-17
6.9847e-17
4.64545e-17
-4.58551e-17
-9.18521e-17
-8.66992e-17
-2.53854e-16
-1.32765e-16
-3.65806e-17
-2.64416e-17
-6.67528e-17
-1.22603e-16
-1.75101e-16
-2.17708e-16
-2.4921e-16
-2.69626e-16
-2.80515e-16
-2.88668e-16
-2.94086e-16
-2.96575e-16
-2.96703e-16
-2.94418e-16
-2.8915e-16
-2.81164e-16
-2.70318e-16
-2.49848e-16
-2.18211e-16
-1.75356e-16
-1.22502e-16
-6.62704e-17
-2.5747e-17
-3.60741e-17
-1.33021e-16
-2.54901e-16
-8.71247e-17
-3.41731e-17
1.03098e-16
2.03165e-16
7.20379e-17
-1.26715e-16
-3.02566e-16
-4.30626e-16
-5.12823e-16
-5.61531e-16
-5.86855e-16
-5.9417e-16
-5.89192e-16
-5.86752e-16
-5.85478e-16
-5.84501e-16
-5.84779e-16
-5.86216e-16
-5.87887e-16
-5.908e-16
-5.9606e-16
-5.88892e-16
-5.63616e-16
-5.14748e-16
-4.32069e-16
-3.0315e-16
-1.26201e-16
7.35588e-17
2.05113e-16
1.04232e-16
-3.42563e-17
-1.74084e-16
-1.98351e-15
-4.7921e-15
-7.02371e-15
-8.23523e-15
-8.70784e-15
-8.67495e-15
-8.35619e-15
-7.94759e-15
-7.51896e-15
-7.07281e-15
-6.64553e-15
-6.38924e-15
-6.23298e-15
-6.15363e-15
-6.15645e-15
-6.24062e-15
-6.40165e-15
-6.66396e-15
-7.09608e-15
-7.54677e-15
-7.98027e-15
-8.39358e-15
-8.71527e-15
-8.74767e-15
-8.27085e-15
-7.05167e-15
-4.80884e-15
-1.98908e-15
-1.7456e-16
)
;

boundaryField
{
    inlet
    {
        type            calculated;
        value           nonuniform List<scalar> 
30
(
-20.5896
-20.7717
-20.8557
-20.8419
-20.8126
-20.7135
-20.5709
-20.4409
-19.1866
-17.8265
-17.0139
-16.6038
-16.3747
-16.0734
-15.8532
-15.6647
-15.8479
-16.1376
-16.4568
-16.9311
-17.6554
-19.0776
-20.4054
-20.5675
-20.7045
-20.8011
-20.8308
-20.8478
-20.7678
-20.5232
)
;
    }
    outlet
    {
        type            calculated;
        value           nonuniform List<scalar> 
30
(
-1.74084e-16
-1.98351e-15
-4.7921e-15
-7.02371e-15
-8.23523e-15
-8.70784e-15
-8.67495e-15
-8.35619e-15
-7.94759e-15
-7.51896e-15
-7.07281e-15
-6.64553e-15
-6.38924e-15
-6.23298e-15
-6.15363e-15
-6.15645e-15
-6.24062e-15
-6.40165e-15
-6.66396e-15
-7.09608e-15
-7.54677e-15
-7.98027e-15
-8.39358e-15
-8.71527e-15
-8.74767e-15
-8.27085e-15
-7.05167e-15
-4.80884e-15
-1.98908e-15
-1.7456e-16
)
;
    }
    walls
    {
        type            calculated;
        value           nonuniform List<scalar> 
400
(
-20.5896
-2.59632
-0.207217
-0.0627016
-0.0334683
-0.0269307
-0.0273217
-0.0291057
-0.0299023
-0.029921
-0.0298733
-0.0298608
-0.0296811
-0.0287772
-0.0246845
-0.0260323
-0.0231557
-0.0210658
-0.0213799
-0.0233369
-0.0256021
-0.0260454
-0.0272829
-0.0289537
-0.0302866
-0.0300466
-0.0298473
-0.0307263
-0.0322141
-0.0332537
-0.0336587
-0.0332208
-0.0314056
-0.0293577
-0.0279476
-0.0274339
-0.0265011
-0.0223688
-0.0187565
-0.00483774
-0.00149145
-0.00133799
-0.00130694
-0.00128072
-0.00126413
-0.00127135
-0.00127833
-0.00129923
-0.00136106
-0.00144534
-0.00151754
-0.00153941
-0.00153235
-0.0015304
-0.00153859
-0.00149446
-0.00138615
-0.00129809
-0.00119815
-0.0012213
-0.00120213
-0.00121299
-0.00120142
-0.00123527
-0.00123407
-0.00125333
-0.0012799
-0.00137765
-0.00155194
-0.00182964
-0.00217374
-0.00256102
-0.00301629
-0.00360046
-0.00440426
-0.00554422
-0.00723523
-0.00977912
-0.0135821
-0.0195152
-0.0292507
-0.0404518
-0.0439205
-0.0378319
-0.0298107
-0.0232734
-0.0180993
-0.0136887
-0.0106071
-0.00890509
-0.00869551
-0.00896896
-0.0122176
-0.0112021
-0.0111478
-0.0100614
-0.00947053
-0.00955533
-0.0111758
-0.0115618
-0.0110082
-0.0107943
-0.00875772
-0.00857384
-0.00838124
-0.00816993
-0.00835304
-0.00752511
-0.00622184
-0.00617139
-0.00600626
-0.000172541
-0.00866886
-0.00513349
-0.0183931
-0.00667985
-0.00820866
-0.00811164
-0.00778684
-0.00743011
-0.00979511
-0.0234605
-0.0215107
-0.00809708
-0.00825221
-0.00764754
-0.00694556
-0.00693913
-0.00970959
-0.0125112
-0.0126921
-0.0102819
-0.00699146
-0.00500415
-0.00449526
-0.00706497
-0.0235196
-0.0180018
-0.00543436
-0.00520115
-0.00475554
-0.00679624
-0.0072924
-0.00580703
-0.00531666
-0.00105791
0.000215876
-1.997e-05
-4.40859e-07
-1.74874e-09
-1.31115e-12
-2.46568e-13
-2.21394e-13
-1.9862e-13
-1.77186e-13
-1.55476e-13
-1.32883e-13
-1.09567e-13
-8.58047e-14
-6.23693e-14
-4.13686e-14
-2.56372e-14
-1.65642e-14
-1.28474e-14
-6.95208e-15
-6.17962e-16
-9.51719e-15
-6.06533e-15
-5.11372e-15
-4.7976e-15
-4.24031e-15
-3.52585e-15
-2.6808e-15
-1.8088e-15
-9.71232e-16
-2.8557e-16
2.00984e-16
4.33769e-16
4.45225e-16
2.69287e-16
-7.98579e-18
-3.21946e-16
-6.02554e-16
-8.17015e-16
-9.42978e-16
-9.86944e-16
-9.60125e-16
-8.84918e-16
-7.78558e-16
-6.62276e-16
-5.41649e-16
-4.37886e-16
-3.34614e-16
-2.65948e-16
-1.85599e-16
-1.53621e-16
-9.14009e-17
-8.66992e-17
-3.41731e-17
-1.74084e-16
-20.5232
-2.59661
-0.206708
-0.0612781
-0.0316281
-0.025155
-0.0256297
-0.0275052
-0.0285137
-0.0290198
-0.0300108
-0.0312208
-0.0327887
-0.0353234
-0.0374205
-0.0301145
-0.0252892
-0.0288196
-0.031988
-0.0330865
-0.032338
-0.0310074
-0.0297065
-0.0299664
-0.030046
-0.0300697
-0.0305469
-0.0308162
-0.030919
-0.0309096
-0.0308109
-0.030546
-0.0302271
-0.0301424
-0.0294014
-0.028148
-0.0290871
-0.0297152
-0.0298078
-0.0272622
-0.0191128
-0.0180394
-0.0173972
-0.00355582
-0.00114206
-0.00107042
-0.00106485
-0.00105372
-0.00105513
-0.00105811
-0.00105871
-0.00105991
-0.00104563
-0.00101298
-0.00094704
-0.000880196
-0.00083627
-0.000829144
-0.000835433
-0.000835802
-0.000838075
-0.000843825
-0.000888468
-0.00102491
-0.00139981
-0.00219425
-0.00324385
-0.00406316
-0.00457756
-0.00495986
-0.00525727
-0.00548068
-0.00566958
-0.00587739
-0.00609201
-0.00630195
-0.00650446
-0.00677283
-0.00726155
-0.0084763
-0.010853
-0.014814
-0.0213303
-0.0334628
-0.048899
-0.0534238
-0.0452807
-0.035176
-0.0273237
-0.0217619
-0.0174974
-0.0138763
-0.0120005
-0.0116348
-0.0123236
-0.0131347
-0.015396
-0.0203934
-0.0206925
-0.0164505
-0.0137087
-0.0121887
-0.0112726
-0.0110325
-0.010117
-0.00938118
-0.0106982
-0.010939
-0.00999058
-0.00970993
-0.0102148
-0.0135184
-0.0173954
-0.0129127
-0.0120562
-0.010195
-0.00782718
-0.00915848
-0.00866495
-0.0061755
-0.00504297
-0.00496147
-0.00674832
-0.00932263
-0.0154587
-0.018378
-0.0124959
-0.0109007
-0.00907674
-0.00764733
-0.00908428
-0.0114567
-0.0106731
-0.00786034
-0.00611169
-0.00520351
-0.00408448
-0.0136495
-0.0160048
0.002652
-0.00395096
-0.00548995
-0.0057813
-0.00634152
-0.00469707
-0.00229056
-8.65874e-05
-4.26953e-05
-1.38242e-06
-1.02908e-08
-1.10602e-11
-2.41841e-13
-2.16692e-13
-1.94935e-13
-1.74217e-13
-1.53716e-13
-1.3291e-13
-1.1194e-13
-9.03283e-14
-6.77554e-14
-4.58267e-14
-2.7915e-14
-1.65835e-14
-1.15946e-14
-8.3797e-15
4.54587e-16
-1.74511e-15
-1.07875e-14
-4.88564e-15
-4.76116e-15
-4.34489e-15
-3.70513e-15
-2.89895e-15
-2.02777e-15
-1.17819e-15
-4.6318e-16
5.05998e-17
3.14986e-16
3.49586e-16
1.96186e-16
-6.67854e-17
-3.67802e-16
-6.40633e-16
-8.4761e-16
-9.68759e-16
-1.00759e-15
-9.76968e-16
-8.97846e-16
-7.88459e-16
-6.69508e-16
-5.46879e-16
-4.41649e-16
-3.37189e-16
-2.67819e-16
-1.86753e-16
-1.54506e-16
-9.18521e-17
-8.71247e-17
-3.42563e-17
-1.7456e-16
)
;
    }
    frontAndBackPlanes
    {
        type            empty;
    }
}


// ************************************************************************* //
