/*--------------------------------*- C++ -*----------------------------------*\
| =========                 |                                                 |
| \\      /  F ield         | OpenFOAM: The Open Source CFD Toolbox           |
|  \\    /   O peration     | Version:  v1606+                                |
|   \\  /    A nd           | Web:      www.OpenFOAM.com                      |
|    \\/     M anipulation  |                                                 |
\*---------------------------------------------------------------------------*/
FoamFile
{
    version     2.0;
    format      ascii;
    class       volScalarField;
    location    "0.0042";
    object      rho;
}
// * * * * * * * * * * * * * * * * * * * * * * * * * * * * * * * * * * * * * //

dimensions      [1 -3 0 0 0 0 0];

internalField   nonuniform List<scalar> 
2450
(
0.172049
0.172047
0.172028
0.171999
0.171991
0.178439
0.241289
0.626853
1.05262
1.23824
1.34298
1.3921
1.41123
1.41744
1.41953
1.42035
1.42035
1.42035
1.42035
1.42036
1.42037
1.42038
1.42039
1.4204
1.42041
1.42042
1.42043
1.42044
1.42045
1.42045
1.42046
1.42047
1.42048
1.42049
1.4205
1.42051
1.42052
1.42053
1.42055
1.42056
1.42057
1.42059
1.4206
1.42061
1.42062
1.42064
1.42065
1.42066
1.42067
1.42068
1.42069
1.4207
1.4207
1.42071
1.42072
1.42072
1.42072
1.42073
1.42073
1.42073
1.42073
1.42073
1.42073
1.42073
1.42072
1.4207
1.42067
1.42063
1.42059
1.42057
0.172057
0.172053
0.172031
0.172001
0.171993
0.180843
0.274578
0.731173
1.05009
1.26041
1.35693
1.39723
1.41273
1.41787
1.41969
1.42036
1.42036
1.42036
1.42036
1.42037
1.42038
1.42038
1.42039
1.42041
1.42042
1.42043
1.42044
1.42045
1.42046
1.42046
1.42047
1.42048
1.42049
1.4205
1.42051
1.42052
1.42054
1.42055
1.42056
1.42057
1.42059
1.4206
1.42061
1.42063
1.42064
1.42065
1.42066
1.42067
1.42068
1.42069
1.4207
1.42071
1.42072
1.42072
1.42073
1.42073
1.42074
1.42074
1.42074
1.42074
1.42075
1.42075
1.42074
1.42074
1.42073
1.42071
1.42067
1.42062
1.42056
1.42055
0.172056
0.172048
0.172027
0.172002
0.172006
0.19117
0.358322
0.779362
1.12933
1.2973
1.37218
1.40302
1.41471
1.41852
1.42043
1.42042
1.42042
1.42042
1.42042
1.42043
1.42044
1.42044
1.42046
1.42047
1.42048
1.42049
1.4205
1.42051
1.42052
1.42053
1.42054
1.42055
1.42056
1.42057
1.42058
1.42059
1.4206
1.42062
1.42063
1.42064
1.42066
1.42067
1.42068
1.4207
1.42071
1.42072
1.42073
1.42074
1.42075
1.42076
1.42077
1.42078
1.42078
1.42079
1.4208
1.4208
1.4208
1.42081
1.42081
1.42081
1.42081
1.42081
1.42081
1.42081
1.4208
1.42077
1.42073
1.42065
1.42056
1.42054
0.172049
0.17204
0.172025
0.172014
0.181022
0.225515
0.53622
0.977048
1.19258
1.32788
1.38669
1.40892
1.41685
1.41928
1.42048
1.42047
1.42046
1.42046
1.42047
1.42047
1.42048
1.42049
1.4205
1.42051
1.42052
1.42053
1.42055
1.42056
1.42057
1.42058
1.42059
1.4206
1.42061
1.42062
1.42063
1.42064
1.42065
1.42066
1.42068
1.42069
1.4207
1.42072
1.42073
1.42074
1.42075
1.42076
1.42078
1.42079
1.4208
1.4208
1.42081
1.42082
1.42083
1.42083
1.42084
1.42084
1.42084
1.42085
1.42085
1.42085
1.42085
1.42085
1.42085
1.42085
1.42083
1.42081
1.42076
1.42067
1.42057
1.42054
0.17205
0.172044
0.176396
0.182697
0.208611
0.384523
0.822683
1.13544
1.28183
1.36233
1.39832
1.41366
1.41821
1.41992
1.4205
1.4205
1.42049
1.42049
1.42049
1.4205
1.42051
1.42052
1.42053
1.42054
1.42055
1.42056
1.42057
1.42058
1.42059
1.4206
1.42061
1.42062
1.42063
1.42064
1.42065
1.42066
1.42068
1.42069
1.4207
1.42071
1.42073
1.42074
1.42075
1.42076
1.42077
1.42079
1.4208
1.42081
1.42082
1.42082
1.42083
1.42084
1.42084
1.42085
1.42085
1.42086
1.42086
1.42086
1.42086
1.42087
1.42087
1.42087
1.42086
1.42086
1.42085
1.42082
1.42077
1.42068
1.42058
1.42054
0.181204
0.184655
0.195887
0.230534
0.360406
0.716025
1.07192
1.25452
1.33685
1.38864
1.40933
1.41664
1.41938
1.42052
1.42052
1.42051
1.42051
1.42051
1.42051
1.42052
1.42053
1.42053
1.42054
1.42056
1.42057
1.42058
1.42059
1.4206
1.42061
1.42062
1.42063
1.42064
1.42065
1.42066
1.42067
1.42068
1.42069
1.4207
1.42071
1.42073
1.42074
1.42075
1.42076
1.42077
1.42078
1.4208
1.42081
1.42081
1.42082
1.42083
1.42084
1.42084
1.42085
1.42085
1.42086
1.42086
1.42086
1.42087
1.42087
1.42087
1.42087
1.42087
1.42087
1.42086
1.42085
1.42082
1.42077
1.42068
1.42057
1.42054
0.23769
0.263339
0.330102
0.535911
0.811752
1.07328
1.24475
1.33573
1.37811
1.40551
1.41542
1.41874
1.42054
1.42053
1.42053
1.42052
1.42052
1.42052
1.42053
1.42053
1.42054
1.42055
1.42056
1.42057
1.42058
1.42059
1.4206
1.42061
1.42062
1.42063
1.42064
1.42065
1.42066
1.42067
1.42068
1.42069
1.4207
1.42071
1.42072
1.42073
1.42075
1.42076
1.42077
1.42078
1.42079
1.4208
1.42081
1.42082
1.42083
1.42083
1.42084
1.42085
1.42085
1.42085
1.42086
1.42086
1.42086
1.42086
1.42086
1.42086
1.42086
1.42086
1.42086
1.42085
1.42084
1.42082
1.42076
1.42067
1.42057
1.42053
0.577351
0.656376
0.798749
0.997935
1.11994
1.25522
1.33739
1.38127
1.4022
1.41428
1.41835
1.41989
1.42055
1.42054
1.42054
1.42053
1.42053
1.42053
1.42054
1.42054
1.42055
1.42056
1.42057
1.42058
1.42059
1.4206
1.42061
1.42062
1.42063
1.42064
1.42065
1.42066
1.42067
1.42068
1.42069
1.4207
1.42071
1.42072
1.42073
1.42074
1.42075
1.42076
1.42077
1.42078
1.42079
1.4208
1.42081
1.42082
1.42083
1.42083
1.42084
1.42084
1.42085
1.42085
1.42085
1.42086
1.42086
1.42086
1.42086
1.42086
1.42086
1.42085
1.42085
1.42085
1.42083
1.42081
1.42075
1.42066
1.42056
1.42052
1.09131
1.10249
1.15694
1.22647
1.28998
1.34891
1.38529
1.40585
1.41422
1.41792
1.41977
1.42057
1.42056
1.42055
1.42055
1.42054
1.42054
1.42055
1.42055
1.42056
1.42057
1.42058
1.42059
1.4206
1.42061
1.42062
1.42063
1.42064
1.42064
1.42065
1.42066
1.42067
1.42068
1.42069
1.4207
1.42071
1.42072
1.42073
1.42074
1.42075
1.42076
1.42077
1.42078
1.42079
1.4208
1.42081
1.42081
1.42082
1.42083
1.42083
1.42084
1.42084
1.42085
1.42085
1.42085
1.42085
1.42085
1.42085
1.42085
1.42085
1.42085
1.42084
1.42084
1.42084
1.42082
1.4208
1.42074
1.42065
1.42055
1.42051
1.26966
1.28517
1.31116
1.34446
1.36794
1.39041
1.40627
1.41432
1.41811
1.41972
1.42058
1.42057
1.42056
1.42056
1.42056
1.42056
1.42056
1.42056
1.42057
1.42057
1.42058
1.42059
1.4206
1.42061
1.42062
1.42063
1.42064
1.42065
1.42066
1.42067
1.42067
1.42068
1.42069
1.4207
1.42071
1.42072
1.42073
1.42074
1.42075
1.42076
1.42077
1.42078
1.42079
1.42079
1.4208
1.42081
1.42082
1.42082
1.42083
1.42083
1.42084
1.42084
1.42084
1.42084
1.42084
1.42084
1.42084
1.42084
1.42084
1.42084
1.42084
1.42083
1.42083
1.42082
1.42081
1.42078
1.42073
1.42064
1.42053
1.4205
1.3532
1.36648
1.37862
1.39367
1.40296
1.41056
1.4156
1.41864
1.4199
1.42059
1.42059
1.42058
1.42058
1.42057
1.42057
1.42057
1.42057
1.42058
1.42058
1.42059
1.4206
1.42061
1.42062
1.42063
1.42064
1.42064
1.42065
1.42066
1.42067
1.42068
1.42069
1.42069
1.4207
1.42071
1.42072
1.42073
1.42074
1.42075
1.42076
1.42077
1.42078
1.42078
1.42079
1.4208
1.42081
1.42081
1.42082
1.42083
1.42083
1.42083
1.42084
1.42084
1.42084
1.42084
1.42084
1.42084
1.42084
1.42083
1.42083
1.42083
1.42083
1.42082
1.42082
1.42081
1.4208
1.42077
1.42072
1.42063
1.42052
1.42048
1.39723
1.401
1.40525
1.4095
1.4136
1.41698
1.41908
1.42004
1.4206
1.4206
1.4206
1.42059
1.42059
1.42059
1.42059
1.42059
1.42059
1.42059
1.4206
1.42061
1.42061
1.42062
1.42063
1.42064
1.42065
1.42066
1.42067
1.42068
1.42068
1.42069
1.4207
1.42071
1.42072
1.42072
1.42073
1.42074
1.42075
1.42076
1.42077
1.42078
1.42078
1.42079
1.4208
1.42081
1.42081
1.42082
1.42082
1.42083
1.42083
1.42083
1.42083
1.42084
1.42084
1.42083
1.42083
1.42083
1.42083
1.42083
1.42082
1.42082
1.42082
1.42081
1.42081
1.4208
1.42078
1.42076
1.4207
1.42061
1.4205
1.42047
1.41228
1.41275
1.41457
1.41715
1.41865
1.41967
1.42061
1.42061
1.42061
1.42061
1.42061
1.4206
1.4206
1.4206
1.4206
1.4206
1.42061
1.42061
1.42062
1.42062
1.42063
1.42064
1.42065
1.42066
1.42067
1.42068
1.42068
1.42069
1.4207
1.42071
1.42071
1.42072
1.42073
1.42074
1.42075
1.42075
1.42076
1.42077
1.42078
1.42079
1.42079
1.4208
1.42081
1.42081
1.42082
1.42082
1.42083
1.42083
1.42083
1.42083
1.42083
1.42083
1.42083
1.42083
1.42083
1.42082
1.42082
1.42082
1.42081
1.42081
1.4208
1.4208
1.42079
1.42078
1.42077
1.42074
1.42069
1.4206
1.42049
1.42045
1.41807
1.41853
1.41914
1.41976
1.4206
1.42062
1.42062
1.42062
1.42062
1.42062
1.42062
1.42062
1.42062
1.42062
1.42062
1.42062
1.42062
1.42063
1.42063
1.42064
1.42065
1.42066
1.42067
1.42068
1.42068
1.42069
1.4207
1.42071
1.42071
1.42072
1.42073
1.42074
1.42074
1.42075
1.42076
1.42077
1.42077
1.42078
1.42079
1.4208
1.4208
1.42081
1.42081
1.42082
1.42082
1.42083
1.42083
1.42083
1.42083
1.42083
1.42083
1.42083
1.42083
1.42082
1.42082
1.42082
1.42081
1.42081
1.4208
1.4208
1.42079
1.42079
1.42078
1.42077
1.42075
1.42073
1.42067
1.42058
1.42047
1.42043
1.41991
1.4205
1.42055
1.4206
1.42062
1.42063
1.42063
1.42063
1.42063
1.42063
1.42063
1.42063
1.42063
1.42063
1.42063
1.42064
1.42064
1.42065
1.42065
1.42066
1.42067
1.42068
1.42069
1.42069
1.4207
1.42071
1.42072
1.42072
1.42073
1.42074
1.42074
1.42075
1.42076
1.42076
1.42077
1.42078
1.42079
1.42079
1.4208
1.42081
1.42081
1.42082
1.42082
1.42083
1.42083
1.42083
1.42083
1.42083
1.42083
1.42083
1.42083
1.42083
1.42082
1.42082
1.42081
1.42081
1.4208
1.4208
1.42079
1.42078
1.42078
1.42077
1.42076
1.42075
1.42074
1.42071
1.42065
1.42056
1.42045
1.42042
1.4205
1.42051
1.42056
1.42061
1.42063
1.42064
1.42064
1.42065
1.42065
1.42065
1.42065
1.42064
1.42065
1.42065
1.42065
1.42065
1.42066
1.42066
1.42067
1.42068
1.42069
1.42069
1.4207
1.42071
1.42072
1.42072
1.42073
1.42074
1.42074
1.42075
1.42076
1.42076
1.42077
1.42078
1.42078
1.42079
1.4208
1.4208
1.42081
1.42082
1.42082
1.42083
1.42083
1.42083
1.42083
1.42084
1.42084
1.42084
1.42083
1.42083
1.42083
1.42082
1.42082
1.42081
1.42081
1.4208
1.42079
1.42079
1.42078
1.42077
1.42077
1.42076
1.42075
1.42074
1.42072
1.42069
1.42064
1.42054
1.42044
1.4204
1.42051
1.42052
1.42058
1.42062
1.42064
1.42065
1.42066
1.42066
1.42066
1.42066
1.42066
1.42066
1.42066
1.42066
1.42067
1.42067
1.42068
1.42068
1.42069
1.4207
1.4207
1.42071
1.42072
1.42073
1.42073
1.42074
1.42075
1.42075
1.42076
1.42077
1.42077
1.42078
1.42078
1.42079
1.4208
1.4208
1.42081
1.42082
1.42082
1.42083
1.42083
1.42083
1.42084
1.42084
1.42084
1.42084
1.42084
1.42084
1.42084
1.42083
1.42083
1.42082
1.42082
1.42081
1.4208
1.42079
1.42079
1.42078
1.42077
1.42076
1.42075
1.42074
1.42073
1.42072
1.42071
1.42068
1.42062
1.42053
1.42042
1.42038
1.42053
1.42053
1.42059
1.42063
1.42066
1.42067
1.42067
1.42067
1.42067
1.42067
1.42067
1.42068
1.42068
1.42068
1.42069
1.42069
1.4207
1.4207
1.42071
1.42072
1.42072
1.42073
1.42074
1.42074
1.42075
1.42076
1.42076
1.42077
1.42077
1.42078
1.42079
1.42079
1.4208
1.4208
1.42081
1.42082
1.42082
1.42083
1.42083
1.42084
1.42084
1.42084
1.42084
1.42085
1.42085
1.42084
1.42084
1.42084
1.42084
1.42083
1.42083
1.42082
1.42081
1.4208
1.4208
1.42079
1.42078
1.42077
1.42076
1.42075
1.42074
1.42073
1.42072
1.42071
1.42069
1.42066
1.4206
1.42051
1.4204
1.42036
1.42054
1.42055
1.42061
1.42065
1.42067
1.42068
1.42068
1.42069
1.42069
1.42069
1.42069
1.42069
1.4207
1.4207
1.4207
1.42071
1.42071
1.42072
1.42073
1.42073
1.42074
1.42075
1.42075
1.42076
1.42076
1.42077
1.42078
1.42078
1.42079
1.42079
1.4208
1.42081
1.42081
1.42082
1.42082
1.42083
1.42083
1.42084
1.42084
1.42085
1.42085
1.42085
1.42085
1.42085
1.42085
1.42085
1.42085
1.42084
1.42084
1.42083
1.42082
1.42082
1.42081
1.4208
1.42079
1.42078
1.42077
1.42076
1.42075
1.42074
1.42073
1.42071
1.4207
1.42069
1.42067
1.42064
1.42058
1.42049
1.42038
1.42035
1.42056
1.42056
1.42062
1.42066
1.42068
1.42069
1.4207
1.4207
1.4207
1.4207
1.42071
1.42071
1.42071
1.42072
1.42072
1.42073
1.42073
1.42074
1.42074
1.42075
1.42076
1.42076
1.42077
1.42077
1.42078
1.42079
1.42079
1.4208
1.4208
1.42081
1.42081
1.42082
1.42083
1.42083
1.42084
1.42084
1.42085
1.42085
1.42085
1.42086
1.42086
1.42086
1.42086
1.42086
1.42086
1.42085
1.42085
1.42084
1.42084
1.42083
1.42082
1.42081
1.4208
1.42079
1.42078
1.42077
1.42076
1.42075
1.42074
1.42072
1.42071
1.4207
1.42069
1.42068
1.42066
1.42062
1.42057
1.42047
1.42037
1.42033
1.42057
1.42058
1.42064
1.42068
1.4207
1.42071
1.42071
1.42072
1.42072
1.42072
1.42072
1.42073
1.42073
1.42073
1.42074
1.42074
1.42075
1.42075
1.42076
1.42077
1.42077
1.42078
1.42078
1.42079
1.42079
1.4208
1.4208
1.42081
1.42082
1.42082
1.42083
1.42083
1.42084
1.42084
1.42085
1.42085
1.42086
1.42086
1.42086
1.42087
1.42087
1.42087
1.42087
1.42087
1.42086
1.42086
1.42085
1.42085
1.42084
1.42083
1.42082
1.42081
1.4208
1.42079
1.42078
1.42076
1.42075
1.42074
1.42072
1.42071
1.4207
1.42069
1.42067
1.42066
1.42064
1.42061
1.42055
1.42046
1.42035
1.42031
1.42059
1.4206
1.42065
1.4207
1.42072
1.42073
1.42073
1.42073
1.42074
1.42074
1.42074
1.42074
1.42075
1.42075
1.42076
1.42076
1.42077
1.42077
1.42078
1.42078
1.42079
1.42079
1.4208
1.4208
1.42081
1.42081
1.42082
1.42082
1.42083
1.42083
1.42084
1.42084
1.42085
1.42086
1.42086
1.42086
1.42087
1.42087
1.42087
1.42088
1.42088
1.42088
1.42087
1.42087
1.42087
1.42086
1.42086
1.42085
1.42084
1.42083
1.42082
1.42081
1.4208
1.42078
1.42077
1.42076
1.42074
1.42073
1.42071
1.4207
1.42069
1.42067
1.42066
1.42064
1.42062
1.42059
1.42053
1.42044
1.42033
1.42029
1.42061
1.42061
1.42067
1.42071
1.42073
1.42074
1.42075
1.42075
1.42075
1.42076
1.42076
1.42076
1.42076
1.42077
1.42077
1.42078
1.42078
1.42079
1.42079
1.42079
1.4208
1.4208
1.42081
1.42081
1.42082
1.42082
1.42083
1.42083
1.42084
1.42085
1.42085
1.42086
1.42086
1.42087
1.42087
1.42087
1.42088
1.42088
1.42088
1.42088
1.42088
1.42088
1.42088
1.42088
1.42087
1.42087
1.42086
1.42085
1.42084
1.42083
1.42082
1.42081
1.42079
1.42078
1.42076
1.42075
1.42073
1.42072
1.4207
1.42069
1.42067
1.42066
1.42065
1.42063
1.42061
1.42057
1.42052
1.42042
1.42031
1.42028
1.42062
1.42063
1.42069
1.42073
1.42075
1.42076
1.42076
1.42077
1.42077
1.42077
1.42077
1.42078
1.42078
1.42078
1.42079
1.42079
1.42079
1.4208
1.4208
1.42081
1.42081
1.42082
1.42082
1.42083
1.42083
1.42084
1.42084
1.42085
1.42085
1.42086
1.42086
1.42087
1.42087
1.42088
1.42088
1.42088
1.42089
1.42089
1.42089
1.42089
1.42089
1.42089
1.42089
1.42088
1.42088
1.42087
1.42086
1.42085
1.42084
1.42083
1.42082
1.4208
1.42079
1.42078
1.42076
1.42074
1.42073
1.42071
1.42069
1.42068
1.42066
1.42065
1.42063
1.42062
1.42059
1.42056
1.4205
1.42041
1.4203
1.42026
1.42064
1.42064
1.4207
1.42075
1.42077
1.42078
1.42078
1.42078
1.42078
1.42079
1.42079
1.42079
1.42079
1.4208
1.4208
1.4208
1.42081
1.42081
1.42081
1.42082
1.42082
1.42083
1.42083
1.42084
1.42084
1.42085
1.42085
1.42086
1.42086
1.42087
1.42087
1.42088
1.42088
1.42089
1.42089
1.42089
1.4209
1.4209
1.4209
1.4209
1.4209
1.4209
1.42089
1.42089
1.42088
1.42087
1.42087
1.42086
1.42084
1.42083
1.42082
1.4208
1.42079
1.42077
1.42075
1.42074
1.42072
1.4207
1.42068
1.42067
1.42065
1.42064
1.42062
1.4206
1.42058
1.42055
1.42048
1.42039
1.42028
1.42024
1.42065
1.42066
1.42072
1.42076
1.42078
1.42079
1.42079
1.4208
1.4208
1.4208
1.4208
1.4208
1.42081
1.42081
1.42081
1.42082
1.42082
1.42082
1.42083
1.42083
1.42083
1.42084
1.42084
1.42085
1.42085
1.42086
1.42086
1.42087
1.42087
1.42088
1.42088
1.42089
1.42089
1.4209
1.4209
1.4209
1.42091
1.42091
1.42091
1.42091
1.42091
1.4209
1.4209
1.42089
1.42089
1.42088
1.42087
1.42086
1.42084
1.42083
1.42082
1.4208
1.42078
1.42077
1.42075
1.42073
1.42071
1.42069
1.42068
1.42066
1.42064
1.42062
1.42061
1.42059
1.42057
1.42053
1.42047
1.42038
1.42027
1.42023
1.42066
1.42067
1.42073
1.42077
1.42079
1.4208
1.42081
1.42081
1.42081
1.42081
1.42081
1.42082
1.42082
1.42082
1.42082
1.42083
1.42083
1.42083
1.42083
1.42084
1.42084
1.42085
1.42085
1.42086
1.42086
1.42086
1.42087
1.42087
1.42088
1.42089
1.42089
1.4209
1.4209
1.4209
1.42091
1.42091
1.42091
1.42091
1.42091
1.42091
1.42091
1.42091
1.4209
1.4209
1.42089
1.42088
1.42087
1.42086
1.42084
1.42083
1.42082
1.4208
1.42078
1.42076
1.42074
1.42072
1.42071
1.42069
1.42067
1.42065
1.42063
1.42061
1.4206
1.42058
1.42055
1.42052
1.42046
1.42036
1.42025
1.42022
1.42067
1.42068
1.42074
1.42078
1.4208
1.42081
1.42082
1.42082
1.42082
1.42082
1.42082
1.42083
1.42083
1.42083
1.42083
1.42083
1.42084
1.42084
1.42084
1.42085
1.42085
1.42085
1.42086
1.42086
1.42087
1.42087
1.42088
1.42088
1.42089
1.42089
1.4209
1.4209
1.42091
1.42091
1.42091
1.42092
1.42092
1.42092
1.42092
1.42092
1.42091
1.42091
1.42091
1.4209
1.42089
1.42088
1.42087
1.42086
1.42084
1.42083
1.42081
1.4208
1.42078
1.42076
1.42074
1.42072
1.4207
1.42068
1.42066
1.42064
1.42062
1.4206
1.42058
1.42057
1.42054
1.4205
1.42044
1.42035
1.42024
1.4202
1.42068
1.42069
1.42075
1.42079
1.42081
1.42082
1.42082
1.42083
1.42083
1.42083
1.42083
1.42083
1.42083
1.42083
1.42083
1.42084
1.42084
1.42084
1.42085
1.42085
1.42085
1.42086
1.42086
1.42086
1.42087
1.42087
1.42088
1.42088
1.42089
1.42089
1.4209
1.4209
1.42091
1.42091
1.42092
1.42092
1.42092
1.42092
1.42092
1.42092
1.42091
1.42091
1.4209
1.4209
1.42089
1.42088
1.42087
1.42085
1.42084
1.42082
1.42081
1.42079
1.42077
1.42075
1.42073
1.42071
1.42069
1.42067
1.42065
1.42063
1.42061
1.42059
1.42057
1.42055
1.42053
1.42049
1.42043
1.42033
1.42023
1.42019
1.42068
1.42069
1.42075
1.42079
1.42081
1.42082
1.42082
1.42082
1.42082
1.42083
1.42083
1.42083
1.42083
1.42083
1.42083
1.42083
1.42084
1.42084
1.42084
1.42084
1.42085
1.42085
1.42085
1.42086
1.42086
1.42087
1.42087
1.42088
1.42088
1.42089
1.42089
1.4209
1.4209
1.42091
1.42091
1.42091
1.42091
1.42091
1.42091
1.42091
1.42091
1.4209
1.4209
1.42089
1.42088
1.42087
1.42086
1.42084
1.42083
1.42081
1.4208
1.42078
1.42076
1.42074
1.42072
1.42069
1.42067
1.42065
1.42063
1.42061
1.42059
1.42057
1.42055
1.42053
1.42051
1.42047
1.42041
1.42031
1.4202
1.42017
1.42067
1.42067
1.42073
1.42077
1.42079
1.4208
1.42081
1.42081
1.42081
1.42081
1.42081
1.42081
1.42081
1.42081
1.42081
1.42081
1.42082
1.42082
1.42082
1.42082
1.42083
1.42083
1.42083
1.42084
1.42084
1.42085
1.42085
1.42086
1.42086
1.42087
1.42087
1.42088
1.42088
1.42089
1.42089
1.42089
1.42089
1.42089
1.42089
1.42089
1.42088
1.42088
1.42087
1.42087
1.42086
1.42085
1.42083
1.42082
1.4208
1.42079
1.42077
1.42075
1.42073
1.42071
1.42069
1.42067
1.42064
1.42062
1.4206
1.42058
1.42056
1.42054
1.42052
1.4205
1.42047
1.42044
1.42037
1.42028
1.42017
1.42013
1.42064
1.42064
1.42069
1.42073
1.42075
1.42076
1.42076
1.42076
1.42076
1.42076
1.42076
1.42076
1.42076
1.42076
1.42076
1.42077
1.42077
1.42077
1.42077
1.42077
1.42078
1.42078
1.42078
1.42079
1.42079
1.4208
1.4208
1.42081
1.42081
1.42082
1.42082
1.42083
1.42083
1.42084
1.42084
1.42084
1.42084
1.42084
1.42084
1.42084
1.42083
1.42083
1.42082
1.42081
1.42081
1.42079
1.42078
1.42077
1.42075
1.42073
1.42072
1.4207
1.42068
1.42065
1.42063
1.42061
1.42059
1.42057
1.42054
1.42052
1.4205
1.42048
1.42046
1.42044
1.42042
1.42038
1.42032
1.42022
1.42011
1.42007
1.42061
1.42059
1.42063
1.42065
1.42067
1.42067
1.42068
1.42068
1.42068
1.42068
1.42068
1.42068
1.42068
1.42068
1.42068
1.42068
1.42068
1.42068
1.42069
1.42069
1.42069
1.42069
1.4207
1.4207
1.42071
1.42071
1.42072
1.42072
1.42073
1.42073
1.42074
1.42074
1.42074
1.42075
1.42075
1.42075
1.42075
1.42075
1.42075
1.42075
1.42075
1.42074
1.42073
1.42073
1.42072
1.42071
1.42069
1.42068
1.42066
1.42064
1.42063
1.42061
1.42059
1.42056
1.42054
1.42052
1.4205
1.42047
1.42045
1.42043
1.42041
1.42039
1.42037
1.42035
1.42032
1.42028
1.42022
1.42013
1.42002
1.41998
1.42057
1.42054
1.42055
1.42056
1.42057
1.42057
1.42058
1.42058
1.42058
1.42058
1.42057
1.42057
1.42057
1.42057
1.42058
1.42058
1.42058
1.42058
1.42058
1.42058
1.42059
1.42059
1.42059
1.4206
1.4206
1.42061
1.42061
1.42062
1.42062
1.42063
1.42063
1.42063
1.42064
1.42064
1.42065
1.42065
1.42065
1.42065
1.42065
1.42065
1.42064
1.42064
1.42063
1.42062
1.42061
1.4206
1.42059
1.42057
1.42056
1.42054
1.42052
1.4205
1.42048
1.42046
1.42044
1.42041
1.42039
1.42037
1.42035
1.42032
1.4203
1.42028
1.42026
1.42024
1.42022
1.42018
1.42011
1.42002
1.41991
1.41988
1.42055
1.42053
1.42053
1.42053
1.42054
1.42054
1.42054
1.42054
1.42054
1.42054
1.42054
1.42054
1.42054
1.42054
1.42054
1.42054
1.42054
1.42054
1.42054
1.42055
1.42055
1.42055
1.42056
1.42056
1.42056
1.42057
1.42057
1.42058
1.42058
1.42059
1.42059
1.4206
1.4206
1.42061
1.42061
1.42061
1.42061
1.42061
1.42061
1.42061
1.42061
1.4206
1.42059
1.42059
1.42058
1.42057
1.42055
1.42054
1.42052
1.4205
1.42049
1.42047
1.42044
1.42042
1.4204
1.42038
1.42036
1.42033
1.42031
1.42029
1.42027
1.42025
1.42023
1.42021
1.42018
1.42014
1.42008
1.41998
1.41988
1.41986
)
;

boundaryField
{
    left
    {
        type            symmetryPlane;
    }
    right
    {
        type            symmetryPlane;
    }
    top
    {
        type            symmetryPlane;
    }
    bottom
    {
        type            symmetryPlane;
    }
    frontAndBack
    {
        type            empty;
    }
}


// ************************************************************************* //
