/*--------------------------------*- C++ -*----------------------------------*\
| =========                 |                                                 |
| \\      /  F ield         | OpenFOAM: The Open Source CFD Toolbox           |
|  \\    /   O peration     | Version:  2.4.0                                 |
|   \\  /    A nd           | Web:      www.OpenFOAM.org                      |
|    \\/     M anipulation  |                                                 |
\*---------------------------------------------------------------------------*/
FoamFile
{
    version     2.0;
    format      ascii;
    class       surfaceScalarField;
    location    "1.75";
    object      phiAlpha;
}
// * * * * * * * * * * * * * * * * * * * * * * * * * * * * * * * * * * * * * //

dimensions      [0 3 -1 0 0 0 0];

internalField   nonuniform List<scalar> 
5952
(
3.98657e-21
-2.2527e-20
6.8596e-20
2.9769e-20
-1.49221e-13
1.4922e-13
-2.50305e-09
2.56025e-10
-6.5772e-09
4.07415e-09
-7.85465e-09
7.41775e-09
-1.33478e-08
1.6486e-09
-5.00144e-08
-4.45956e-10
-5.29046e-08
2.89021e-09
-5.99545e-08
7.04993e-09
-7.29693e-17
2.58829e-09
1.10938e-17
-8.4063e-17
-3.05799e-19
4.17977e-21
-1.81053e-18
9.93605e-19
-3.1854e-10
4.10834e-11
-2.94519e-09
1.68779e-09
-4.42667e-09
1.38341e-09
-5.13366e-09
6.23838e-10
-1.86953e-08
7.11877e-09
-5.04095e-08
8.10683e-09
-9.60721e-09
2.62279e-09
-7.44275e-09
1.45259e-15
-2.70058e-10
-3.71566e-11
-3.31108e-13
-2.69727e-10
-1.98188e-18
1.10316e-15
-4.60814e-13
4.60809e-13
-1.4556e-09
6.17539e-10
-4.13118e-10
1.31443e-10
-1.47866e-09
2.85708e-11
-1.29202e-08
4.23381e-09
-2.15367e-08
7.85421e-09
-2.62279e-09
1.76753e-09
-2.81639e-15
-1.56706e-16
-2.33606e-15
-4.97523e-16
-3.71595e-11
7.41719e-16
3.36067e-11
-1.18338e-09
3.81534e-15
-3.47718e-15
-2.13814e-10
6.95273e-11
-5.52218e-11
2.64872e-11
8.02884e-11
-3.1123e-14
-3.1682e-09
5.46128e-10
-8.78716e-09
1.40753e-09
-1.76753e-09
2.88568e-10
-6.44703e-15
2.03193e-16
-5.12148e-15
2.64915e-15
1.60419e-15
2.49342e-15
-2.14843e-16
9.75398e-16
1.7149e-12
-1.24326e-10
-4.9236e-12
6.3626e-13
-2.1394e-11
6.11388e-14
-4.3433e-12
-2.42589e-12
-4.16811e-11
2.67454e-11
-1.18036e-09
3.24689e-10
-2.88569e-10
3.42195e-11
-1.51657e-15
2.80131e-16
-4.05579e-15
1.29843e-15
-3.8974e-15
5.19564e-15
2.28233e-16
2.00671e-15
-5.00586e-14
6.10303e-14
1.41394e-11
-9.40505e-11
-6.08825e-14
7.37307e-13
-1.05725e-16
3.7369e-16
-2.35551e-12
-7.13933e-14
-1.28447e-10
4.6656e-11
-3.42195e-11
2.45063e-12
-2.21338e-16
2.65807e-16
-2.73287e-16
3.54057e-16
-3.28222e-16
1.33104e-15
-3.75274e-16
5.33721e-15
-3.30338e-13
3.31977e-13
-4.95936e-12
3.55609e-12
2.18314e-11
-3.7757e-11
-7.98162e-17
2.38545e-12
-6.2897e-14
6.22133e-14
-4.93775e-12
7.52197e-13
-2.45054e-12
1.80454e-13
-1.1524e-16
2.04329e-16
1.50469e-15
-1.33038e-15
-4.71707e-12
9.39403e-12
5.47042e-13
1.42172e-11
-3.5393e-12
1.05072e-11
-4.03547e-11
2.23119e-11
-5.13501e-11
3.61268e-11
2.6593e-11
-3.29182e-11
-8.33441e-12
6.23397e-12
-4.2804e-12
6.5996e-11
-1.80329e-13
3.64833e-11
-5.30635e-17
1.42016e-16
-6.17354e-17
1.8853e-16
-1.15259e-12
7.96583e-14
-7.34104e-12
1.31078e-11
-9.47039e-12
1.51756e-11
-8.79946e-12
2.83632e-11
-6.25466e-12
1.1893e-11
3.65155e-12
1.50141e-11
2.19684e-11
-1.90537e-11
-2.53674e-11
1.03562e-11
-3.16667e-11
1.02069e-10
-2.54768e-17
9.42374e-11
-2.24301e-17
1.1408e-16
-7.48707e-17
1.60274e-16
-1.77173e-13
2.09578e-14
-2.80124e-12
4.2186e-12
-3.9903e-12
1.761e-11
1.92512e-14
1.0051e-11
-3.88964e-17
1.19122e-11
-2.83505e-17
1.50141e-11
2.19684e-11
-1.45856e-17
-2.06009e-11
2.55005e-12
-3.93032e-11
2.35367e-11
-6.15231e-16
4.40573e-11
2.95917e-16
3.4377e-15
2.39508e-17
4.26837e-16
1.23889e-16
2.08605e-14
3.46078e-13
9.01843e-13
1.86242e-12
4.88443e-12
2.75527e-11
1.47113e-10
1.0395e-09
1.30838e-09
1.04211e-08
6.12229e-09
7.79576e-09
2.14936e-08
-2.29785e-13
5.69003e-13
3.74285e-12
1.49287e-12
5.70816e-14
2.15219e-11
1.2666e-09
1.63314e-09
4.20755e-10
1.0057e-09
7.08947e-12
8.39263e-10
7.03078e-17
7.99117e-12
6.34724e-17
4.88451e-12
2.43078e-12
1.44682e-10
2.31081e-09
2.91725e-10
9.80405e-09
6.66251e-11
-1.1252e-12
2.04167e-08
-3.60923e-17
5.69039e-13
-3.81752e-11
3.9668e-11
1.22872e-10
-9.31982e-09
5.08057e-11
1.99944e-11
7.38294e-09
2.56437e-09
1.443e-07
8.0225e-08
8.50891e-08
3.61286e-07
2.21246e-08
1.81669e-07
-6.62903e-11
7.31707e-08
-4.32304e-13
2.00291e-10
1.12589e-12
9.85952e-14
6.9925e-16
-2.80228e-18
-1.13215e-16
2.91667e-17
-5.09393e-12
5.09386e-12
-2.75706e-12
1.80066e-13
2.68306e-13
-1.64238e-17
2.67719e-13
-4.52261e-17
-7.58266e-09
-1.43932e-09
-2.89707e-08
-2.01246e-08
-6.98766e-08
-2.75257e-09
-3.72064e-08
-3.26702e-08
-8.1722e-09
-3.45892e-08
-3.85882e-09
-8.62319e-09
-7.89433e-09
-6.22351e-10
5.10839e-11
-3.27929e-10
5.66736e-11
-7.19106e-16
-7.07494e-12
-7.80497e-16
-5.9833e-17
-1.04136e-18
-1.26171e-16
-2.08576e-08
-1.96506e-16
-6.76923e-08
-7.31804e-11
-5.6465e-08
-2.20047e-09
-4.09327e-08
-7.43977e-09
-3.32846e-08
-3.17754e-08
-1.05516e-08
-3.13561e-08
-1.8446e-08
-1.27907e-09
1.95051e-10
-1.35557e-09
8.48977e-11
-1.11066e-15
-8.80876e-12
-9.43298e-16
-1.11361e-16
-7.52565e-16
-3.41816e-16
-6.35309e-16
-2.96991e-16
-5.04791e-16
-7.31806e-11
-3.37756e-16
-2.20047e-09
-3.48101e-09
-3.95877e-09
-1.32995e-08
-2.89948e-09
-2.7277e-08
-5.79893e-10
-1.74971e-09
-9.94284e-10
1.20266e-11
-6.37942e-10
3.3061e-11
-1.43377e-13
-6.4822e-17
-1.43437e-13
-1.80641e-16
4.24048e-14
-2.5959e-13
8.94275e-12
-8.90068e-12
1.68912e-10
-1.82101e-11
-1.6903e-09
-2.8255e-10
-1.56863e-09
-5.65694e-09
-9.62902e-10
-3.50521e-09
-2.73316e-10
-1.26948e-09
-2.02303e-09
-9.22007e-11
-2.03187e-13
-1.0173e-15
-2.94435e-13
-9.56236e-16
-5.9272e-17
-9.94928e-16
-2.30169e-16
-1.15285e-11
-6.73365e-13
-2.50159e-11
-2.66906e-12
8.2201e-12
-3.8404e-11
-2.74329e-10
-6.88365e-16
-6.46952e-09
-3.20395e-09
-7.80545e-10
-3.65925e-08
-5.83781e-10
-1.46624e-09
-2.60681e-09
-1.14323e-10
4.33711e-11
-7.74031e-16
7.40872e-12
-8.27541e-16
-7.77251e-17
-8.10751e-16
-2.60078e-16
-1.63338e-11
4.75032e-12
-3.65681e-11
7.85466e-12
-5.07001e-16
1.36956e-12
-3.08157e-16
-8.72261e-16
-3.20395e-09
-9.32465e-16
8.64187e-08
-1.63383e-07
4.8516e-08
-7.23201e-08
-1.21996e-07
-1.30229e-13
4.52721e-11
-5.69871e-16
7.27901e-12
-5.67972e-16
2.01453e-18
-6.40236e-12
6.40144e-12
-2.18355e-11
-1.56009e-10
-1.77166e-11
-4.75109e-10
-5.33537e-16
7.43834e-11
-4.21406e-16
-1.00055e-15
-1.78426e-16
-1.16466e-15
6.04868e-08
-3.75055e-07
2.1819e-07
-3.49037e-07
-5.48396e-08
-2.92866e-10
1.99364e-10
-2.15173e-10
1.93798e-10
-1.15096e-10
2.87904e-10
-1.03695e-11
-3.85877e-10
-4.54611e-10
-5.34569e-10
-3.79151e-10
-2.43883e-09
-2.46701e-11
-8.77601e-10
-5.15269e-16
-2.46708e-11
-3.89238e-11
3.89221e-11
-4.66373e-07
-1.81391e-07
-1.04304e-07
-7.60221e-07
-2.06587e-07
-8.12411e-11
2.80605e-10
3.93113e-10
-2.01144e-09
5.5575e-10
-4.55579e-09
-1.87847e-11
-3.71564e-10
2.54307e-10
-7.50325e-10
1.42241e-09
-1.49002e-09
3.86894e-10
-1.68325e-10
1.85e-10
-9.30657e-09
1.41039e-08
-4.67114e-08
-9.89899e-08
-5.59324e-07
-2.62046e-07
-8.06564e-07
-4.68633e-07
1.92813e-08
2.22048e-09
2.55161e-08
-5.21442e-09
-3.05335e-10
-1.01479e-08
-1.25636e-10
-1.50243e-09
4.55705e-10
1.78544e-10
2.25595e-09
8.50323e-10
2.09246e-09
-8.75667e-13
1.43624e-07
7.77987e-11
3.10782e-07
-6.17049e-08
-4.9763e-08
-1.23997e-06
-3.26776e-07
-1.26664e-06
-6.90856e-07
2.38032e-08
-1.00667e-11
1.77657e-08
-5.25038e-13
5.85846e-09
-1.51045e-09
8.38994e-10
1.00486e-10
-3.33969e-14
9.91911e-10
1.42703e-12
8.74522e-10
1.34584e-12
-1.22713e-12
3.76801e-08
-3.75968e-08
1.88511e-06
-7.20993e-08
1.62719e-06
-7.04888e-07
3.34131e-07
-8.13788e-07
-1.7523e-07
7.5583e-16
-1.00667e-11
2.09857e-14
-5.45271e-13
7.71976e-10
-1.06268e-15
6.43597e-09
-1.19937e-08
3.42478e-08
-1.07694e-07
1.19033e-08
-2.45215e-07
2.62728e-08
-1.43663e-08
7.16326e-07
-5.52373e-08
3.26644e-06
-3.95946e-07
3.01919e-06
-2.68015e-07
1.97887e-06
2.26533e-07
1.4397e-06
1.78188e-22
-5.05384e-21
1.48764e-21
-4.46039e-20
7.86735e-23
2.31212e-23
-1.81337e-22
1.60968e-21
-2.89694e-21
4.41879e-21
-1.50119e-19
1.49138e-19
-4.14012e-16
4.15514e-16
-6.39506e-16
3.41159e-16
-9.11301e-16
3.87333e-16
-1.23049e-15
3.10537e-16
-7.06024e-14
6.94533e-14
6.66888e-14
-2.81845e-12
-7.20124e-20
-5.34983e-21
-8.25428e-19
8.90198e-20
-1.71733e-18
1.23689e-18
-5.66305e-18
1.94805e-18
-1.26487e-13
4.33412e-14
-3.83804e-13
3.74079e-13
1.16478e-13
1.07465e-13
-1.01749e-12
1.13443e-12
-6.81912e-11
9.29271e-12
-1.55538e-11
3.36107e-11
-2.10815e-12
4.64699e-12
3.64709e-17
-2.04156e-12
-4.40947e-19
3.4156e-20
-4.0919e-18
1.64795e-18
-3.18596e-17
7.21787e-18
-5.60758e-15
3.85269e-17
-3.05547e-13
2.78438e-13
3.57751e-13
4.02257e-13
-3.51368e-12
5.97259e-14
-8.11655e-11
2.19369e-11
-1.0625e-10
4.94713e-11
-4.64713e-12
3.17479e-11
-2.01934e-16
6.47797e-17
6.11104e-17
-2.6477e-16
-1.77698e-17
3.2409e-18
-8.97768e-18
7.65403e-17
-2.53508e-17
1.85741e-17
-8.1776e-14
4.54254e-15
-2.78129e-13
2.96142e-13
4.22059e-13
3.12134e-13
-5.41284e-12
4.84147e-14
-8.61899e-11
2.94777e-11
-1.04357e-10
5.1106e-11
-2.57681e-16
2.04615e-11
-2.65504e-16
8.97217e-17
1.02479e-16
-3.94235e-16
-1.34878e-16
2.28273e-17
-1.44025e-17
2.04309e-15
-4.32716e-15
4.31207e-15
-1.77293e-13
1.85056e-14
-4.30338e-13
7.39057e-14
2.38242e-13
1.64758e-14
-2.52386e-14
3.24188e-14
-8.39531e-11
7.96643e-12
-7.3765e-11
5.88867e-11
-2.85427e-16
4.50189e-12
-3.24175e-16
1.09855e-16
1.64336e-16
-5.07196e-16
-8.64701e-18
9.30384e-18
-9.85856e-15
6.41883e-15
-3.92059e-15
2.81917e-14
-9.21321e-15
1.94308e-15
-1.02482e-16
1.1882e-14
1.61932e-14
1.19676e-16
-3.06229e-13
1.56847e-14
-1.02797e-11
1.19211e-15
-7.35899e-12
1.67344e-16
-2.09082e-16
1.54503e-16
-2.01322e-16
1.2215e-16
1.42846e-16
-2.77147e-16
-1.1506e-17
9.18621e-18
-6.79011e-14
6.99543e-15
-5.61976e-17
1.70628e-13
-7.15081e-17
2.02541e-15
-8.54063e-17
1.18271e-14
-1.39601e-15
1.49714e-15
-1.11214e-15
1.70023e-15
-1.30279e-16
1.46384e-16
-1.18045e-16
1.57302e-16
-1.04968e-16
1.47324e-16
-1.00789e-16
1.30569e-16
1.17073e-16
-1.14619e-16
-5.55119e-18
7.25481e-18
6.95824e-15
2.30715e-17
-8.0804e-13
1.79807e-14
-9.45815e-12
1.49834e-11
-6.48057e-12
2.07082e-11
-1.94467e-16
1.96352e-11
-8.12667e-17
1.52257e-15
-1.20582e-16
1.22816e-16
-8.92337e-17
2.12919e-16
-4.40493e-17
1.79497e-16
-2.65805e-17
1.30138e-16
1.0123e-16
-1.95659e-17
-1.28895e-17
1.39463e-17
-2.36535e-17
4.38567e-17
1.78898e-14
4.86355e-17
-1.41092e-11
9.53762e-12
-1.19195e-11
2.78742e-11
-1.42346e-11
1.25936e-11
-3.50145e-17
2.25862e-11
-1.39676e-17
1.00364e-16
1.16554e-17
1.88499e-16
6.14808e-17
1.84666e-16
1.1685e-16
2.21085e-16
2.18623e-16
1.52658e-16
-1.83176e-17
2.4338e-17
-1.50656e-17
4.78484e-17
-7.98265e-18
2.66493e-17
-2.58999e-13
1.26335e-14
4.48562e-12
9.84614e-13
5.00999e-12
4.59111e-12
2.09035e-12
9.71359e-12
2.08372e-12
6.71215e-12
1.63153e-13
1.52042e-12
2.33562e-16
1.63162e-13
2.89208e-16
2.19689e-16
1.58842e-16
3.56732e-16
-8.43254e-18
2.59296e-17
-1.0096e-18
1.82562e-17
8.65353e-18
5.83607e-18
1.26394e-14
2.96074e-18
4.37266e-13
4.86331e-13
2.08738e-12
5.65867e-13
4.00655e-12
2.15661e-12
4.39661e-12
1.30394e-12
4.40916e-12
9.81569e-13
5.68176e-13
1.32433e-12
5.28324e-15
6.79249e-14
1.14924e-14
8.96952e-16
1.41476e-17
1.17819e-17
2.20745e-17
1.03293e-17
4.48549e-17
-3.02133e-17
9.57129e-15
-1.09518e-14
8.61613e-12
-1.30833e-10
3.74475e-20
9.18199e-12
3.05901e-20
2.15661e-12
3.1188e-20
1.30394e-12
4.71189e-20
9.81569e-13
-8.04241e-15
1.33238e-12
6.77411e-13
7.47825e-14
6.27399e-13
4.53867e-14
-1.23799e-11
1.1961e-12
-1.35007e-11
1.1199e-12
-9.16649e-13
1.08539e-13
-9.0693e-13
-1.03206e-14
-1.31345e-12
-4.98061e-12
-4.21758e-12
7.00676e-12
-3.28434e-12
4.91752e-12
-8.16989e-13
3.38221e-13
-4.44193e-14
1.8819e-15
-3.46887e-17
1.01608e-13
-6.30185e-18
-6.71038e-16
-6.69047e-16
-1.86399e-12
3.15537e-17
-2.86812e-14
-1.17294e-16
7.97634e-14
1.10779e-17
-7.04849e-12
-3.05065e-16
-1.91295e-10
-8.02812e-12
-9.79096e-11
-4.34729e-10
-1.56388e-12
-7.46301e-10
-1.91767e-13
-5.48046e-14
-4.53094e-13
1.16178e-12
-1.17601e-12
9.6201e-12
-1.20773e-13
-2.14338e-12
-3.54982e-13
-3.38187e-16
5.8552e-17
-4.02466e-16
4.38141e-17
-4.31809e-16
1.05892e-17
-4.87807e-16
-4.67026e-17
-8.02806e-12
-1.33555e-16
-1.49243e-09
-1.43945e-10
-3.83374e-09
-3.78371e-09
-3.29466e-09
-7.82337e-09
-1.96416e-10
-7.67969e-09
-5.17465e-12
-7.69745e-10
-1.31313e-12
4.93701e-13
3.17714e-15
-5.01312e-16
1.31351e-16
-4.77712e-16
8.11282e-17
-5.38613e-16
5.36253e-16
-6.23747e-16
4.7914e-16
-6.30391e-16
3.77123e-16
-1.35633e-10
-8.31237e-12
-1.27345e-09
-5.68194e-17
-4.11823e-09
-1.82183e-09
-7.83498e-10
-1.38936e-08
7.19792e-10
-3.87655e-09
-2.15353e-13
7.22503e-10
1.63143e-12
-3.25969e-16
1.92348e-16
-3.50503e-16
7.30214e-17
-3.64522e-12
2.72713e-14
-4.56876e-11
-1.42501e-11
-4.59843e-11
-7.07334e-11
-5.54819e-17
-3.62872e-11
-5.05597e-17
-6.17424e-17
-1.82183e-09
-7.19306e-17
3.49246e-09
-1.18726e-09
1.82105e-08
-1.06618e-08
2.96279e-09
2.11112e-08
-5.06836e-09
-2.28654e-16
1.52582e-16
-2.71192e-16
7.85201e-17
-3.50471e-11
3.33238e-13
-1.46897e-10
-2.30496e-11
-6.06823e-11
-7.56751e-11
-5.77898e-17
-1.97166e-16
-4.9514e-17
-7.00175e-17
-4.91524e-17
-1.24401e-16
8.02917e-10
-1.99018e-09
3.17153e-08
-1.96596e-07
8.64929e-08
3.23548e-08
8.50667e-08
-1.22081e-16
1.11017e-16
-1.61869e-16
7.98161e-17
-2.74139e-11
7.10478e-13
-9.51664e-11
-8.63324e-12
-7.89096e-16
-3.33391e-11
-5.18114e-17
-4.15216e-17
-8.23151e-17
-9.67052e-17
-3.31545e-17
-1.71014e-16
-6.68573e-08
-1.2254e-08
-2.53915e-07
-6.1199e-07
-2.06195e-08
-3.06121e-07
6.44472e-08
-2.07992e-17
8.63228e-17
-5.6811e-17
7.5507e-17
-1.77995e-12
-1.50014e-16
-2.5105e-12
-9.46346e-18
-2.20058e-17
-4.35747e-17
-5.15886e-17
-3.69434e-17
-1.01622e-16
-7.20079e-17
1.73148e-08
-1.73148e-08
-2.93826e-07
-1.28691e-07
-7.499e-07
-7.31238e-07
-2.03916e-07
-8.52105e-07
-1.39469e-07
1.30374e-16
1.55885e-16
1.0257e-16
1.00035e-16
2.48516e-17
1.73571e-17
1.04601e-17
2.36842e-18
5.48972e-18
-3.61397e-17
-1.43783e-18
-6.02695e-17
-5.24891e-17
-5.13451e-17
-3.59075e-08
-1.01705e-08
-3.18557e-07
-3.69933e-07
-2.70876e-07
-1.29219e-06
-2.25982e-07
-6.74611e-07
-3.65451e-07
3.92068e-16
1.65921e-16
3.54321e-16
1.31112e-16
3.36036e-16
9.3481e-17
2.21976e-16
3.40981e-17
1.462e-16
-1.50305e-17
8.64221e-17
-4.85438e-17
7.63603e-17
-5.31258e-17
1.61715e-07
-7.41987e-09
3.23903e-07
-4.00044e-07
2.8154e-08
-9.93036e-07
-2.91607e-07
-6.79207e-07
-5.97719e-07
3.26529e-16
7.65721e-16
3.37384e-16
1.52204e-16
3.40799e-16
1.18044e-16
3.23456e-16
4.10735e-17
2.60284e-16
7.11777e-18
1.67954e-16
-2.11835e-17
1.77612e-16
-5.02649e-17
2.82912e-07
-7.41419e-17
8.59894e-07
-4.55896e-07
5.40915e-07
-6.79861e-07
2.3511e-07
-8.07151e-07
-2.95235e-07
5.89275e-13
5.86925e-14
2.11184e-13
4.08464e-14
1.89976e-16
1.00078e-14
2.00237e-16
1.97245e-17
2.69079e-16
1.82554e-17
2.25362e-16
7.74381e-18
1.25416e-16
-4.67048e-17
1.32109e-16
-1.14194e-16
1.45067e-06
-4.69696e-07
1.35591e-06
-5.83456e-07
8.40256e-07
-2.94827e-07
5.53499e-07
2.65399e-28
-2.74459e-25
-1.66005e-24
4.84587e-26
-5.83297e-23
3.03431e-24
-6.72875e-22
4.97561e-23
-3.9001e-21
3.6106e-22
-1.39601e-20
1.48917e-21
-3.54188e-20
4.07696e-21
-7.08804e-20
8.29369e-21
-1.21922e-19
1.36989e-20
-1.93407e-19
1.96904e-20
-3.01156e-19
2.59141e-20
3.24291e-20
-4.86348e-19
-1.41003e-22
6.45629e-24
-2.84716e-21
3.83604e-22
-1.87006e-20
3.7957e-21
-6.52562e-20
1.55203e-20
-1.58726e-19
3.79079e-20
-3.21403e-19
6.92343e-20
-6.09255e-19
1.10526e-19
-1.14802e-18
1.71007e-19
-2.17246e-18
2.68628e-19
-4.0705e-18
4.26736e-19
-7.42869e-18
6.62502e-19
9.6078e-19
-1.30562e-17
-8.39221e-22
9.65409e-23
-1.32073e-20
3.75129e-21
-6.67332e-20
2.424e-20
-2.00563e-19
7.34457e-20
-4.76578e-19
1.52726e-19
-1.04361e-18
2.71123e-19
-2.22552e-18
4.66469e-19
-4.61043e-18
8.09963e-19
-9.13985e-18
1.39596e-18
-1.71916e-17
2.32202e-18
-3.05767e-17
3.61735e-18
5.09507e-18
-5.13169e-17
-2.34518e-21
4.98526e-22
-2.86743e-20
1.29754e-20
-1.25503e-19
6.61623e-20
-3.52994e-19
1.73159e-19
-8.33894e-19
3.35348e-19
-1.86276e-18
5.88251e-19
-4.02224e-18
1.02628e-18
-8.29443e-18
1.7993e-18
-1.61619e-17
3.08412e-18
-2.97009e-17
5.06884e-18
-5.15044e-17
7.78887e-18
1.0803e-17
-8.43282e-17
-4.25724e-21
1.4526e-21
-4.41999e-20
2.87587e-20
-1.72773e-19
1.23883e-19
-4.4721e-19
2.87925e-19
-9.88544e-19
5.10146e-19
-2.07959e-18
8.30044e-19
-4.24279e-18
1.3503e-18
-8.31611e-18
2.23095e-18
-1.55051e-17
3.63252e-18
-2.75467e-17
5.78583e-18
-4.69506e-17
8.80428e-18
1.23092e-17
-7.78204e-17
-6.28983e-21
3.18841e-21
-5.6387e-20
4.9898e-20
-1.96991e-19
1.86348e-19
-4.56627e-19
3.85982e-19
-8.92503e-19
6.09373e-19
-1.64492e-18
8.6637e-19
-2.95296e-18
1.21222e-18
-5.18498e-18
1.75845e-18
-8.80468e-18
2.55492e-18
-1.45754e-17
3.79011e-18
-2.42624e-17
5.66312e-18
8.12242e-18
-4.30371e-17
-8.08502e-21
5.82144e-21
-6.26159e-20
7.32242e-20
-1.95626e-19
2.40482e-19
-4.03575e-19
4.47304e-19
-6.82647e-19
6.27417e-19
-1.05253e-18
7.60345e-19
-1.54382e-18
8.57114e-19
-2.2361e-18
1.01517e-18
-3.15974e-18
1.19775e-18
-4.3568e-18
1.52663e-18
-6.08934e-18
2.15964e-18
2.88103e-18
-9.06957e-18
-8.97475e-21
9.06458e-21
-5.91501e-20
9.24393e-20
-1.64345e-19
2.69332e-19
-3.04065e-19
4.55485e-19
-4.53251e-19
5.78055e-19
-5.91685e-19
6.08501e-19
-6.82154e-19
5.37416e-19
-7.53752e-19
5.04204e-19
-7.84778e-19
4.34554e-19
-7.37816e-19
4.16577e-19
-7.25262e-19
6.21459e-19
7.9305e-19
-8.02845e-19
-8.35322e-21
1.82088e-20
-4.20587e-20
1.0534e-19
-9.68823e-20
2.59601e-19
-1.55218e-19
3.95562e-19
-2.04685e-19
4.57594e-19
-2.32157e-19
4.30822e-19
-1.89405e-19
2.86388e-19
-1.18983e-19
2.0993e-19
-2.31084e-20
1.04305e-19
9.36527e-20
1.89039e-20
6.32623e-20
2.51845e-19
6.40563e-19
6.86425e-20
-4.29297e-21
3.57083e-20
-7.87502e-21
1.09789e-19
7.48335e-23
2.06847e-19
1.39978e-20
2.7205e-19
2.59019e-20
2.47392e-19
2.79738e-20
1.61952e-19
5.49e-20
6.90973e-20
9.5438e-20
4.87843e-20
1.25603e-19
6.39534e-20
5.43395e-18
-5.39228e-18
3.40423e-12
1.3086e-14
1.16809e-12
6.23237e-12
7.4154e-21
4.24145e-20
3.77198e-20
8.99563e-20
8.8775e-20
1.25303e-19
1.48565e-19
1.35404e-19
2.89503e-20
1.81276e-20
9.92034e-21
4.63586e-21
1.5402e-09
3.26516e-08
-1.56069e-12
1.54176e-09
9.98753e-11
1.63046e-08
-4.22031e-16
9.98756e-11
8.88163e-14
2.68049e-12
3.82426e-13
1.75999e-12
9.63926e-09
-1.88916e-07
3.58817e-18
9.63926e-09
1.35892e-19
3.51639e-18
1.84941e-19
2.48636e-20
-2.71739e-19
-7.98533e-21
7.58772e-07
-5.12889e-09
2.43218e-06
-1.26046e-08
2.02068e-06
3.97754e-07
9.44936e-07
3.33787e-07
1.42042e-07
-5.88493e-07
5.90909e-09
1.38545e-08
1.80092e-16
5.90948e-09
-8.41309e-19
3.92953e-20
-1.55066e-18
4.4498e-20
-2.94262e-18
3.28841e-20
-5.12546e-18
-4.53428e-19
-7.2751e-18
-2.49637e-18
-8.44961e-18
-5.56767e-18
-7.85712e-18
-8.98842e-18
-5.42686e-18
-1.15479e-17
-2.30962e-18
-1.15208e-17
-3.36211e-19
-7.92971e-18
-1.33535e-21
-2.46293e-18
-1.78849e-20
-2.19343e-17
1.22219e-18
-3.50182e-17
1.1792e-18
-5.27502e-17
1.80322e-19
-7.16979e-17
-6.13215e-18
-8.69036e-17
-1.89285e-17
-9.21751e-17
-3.65294e-17
-8.40995e-17
-5.56937e-17
-6.20226e-17
-7.22383e-17
-3.22406e-17
-7.70628e-17
-7.67381e-18
-6.21823e-17
-5.12437e-20
-2.82231e-17
-4.45829e-19
-8.10811e-17
6.11332e-18
-1.20327e-16
5.2926e-18
-1.67881e-16
5.29418e-19
-2.16525e-16
-1.8768e-17
-2.47661e-16
-5.90686e-17
-2.55208e-16
-7.28959e-17
-2.38466e-16
-1.33997e-16
-1.89219e-16
-1.77857e-16
-1.14813e-16
-2.03784e-16
-3.90782e-17
-1.85516e-16
-5.23609e-19
-1.09852e-16
-4.65451e-18
-1.30726e-16
1.27467e-17
-1.93892e-16
1.08684e-17
-2.82113e-16
8.52156e-19
-4.02103e-16
-3.90583e-17
-3.03572e-16
-4.30759e-16
-3.84102e-16
-2.80492e-17
-3.7231e-16
-2.03876e-16
-3.2076e-16
-2.60383e-16
-2.21192e-16
-3.44165e-16
-9.8065e-17
-3.38712e-16
-3.33442e-18
-2.39706e-16
-2.64747e-17
-1.29797e-16
1.50806e-17
-2.30684e-16
1.43083e-17
-4.0227e-16
2.37325e-18
-2.9061e-16
-3.26782e-17
-8.28999e-15
-3.0841e-16
-4.23595e-16
-3.38304e-14
-3.85306e-16
-3.41798e-16
-3.87487e-16
-3.53456e-16
-2.92784e-16
-4.71498e-16
-1.57462e-16
-4.66373e-16
-1.41463e-17
-3.62314e-16
-9.09699e-17
-8.54099e-17
1.1123e-17
-1.69058e-16
1.31885e-17
-2.41533e-16
3.68037e-18
-2.01072e-16
-2.24332e-17
-7.78031e-16
-5.95789e-17
-1.84015e-13
-1.00549e-14
-2.84228e-13
-7.13318e-13
-1.09631e-15
-4.81303e-12
-2.96833e-16
-1.31719e-15
-1.80005e-16
-5.5173e-16
-3.79254e-17
-4.38563e-16
-1.93943e-16
-1.59273e-17
3.55928e-18
-3.51364e-17
3.97423e-18
-1.05917e-16
1.46972e-18
-1.21063e-16
-3.37266e-16
-1.29679e-16
-5.13354e-16
-1.04144e-14
-1.16887e-16
7.08279e-13
2.46074e-13
-1.23639e-11
-8.86347e-12
-2.24484e-13
-1.26479e-10
-1.56107e-16
-5.40131e-12
-6.1123e-17
-5.53464e-16
-2.55894e-16
-2.20348e-18
8.55312e-19
-3.04862e-17
1.66406e-18
-5.45973e-16
3.81993e-18
-7.30682e-15
-1.21041e-17
-4.69123e-17
-2.83893e-14
-2.72672e-17
-4.96077e-16
2.61667e-13
-1.59574e-14
6.08921e-12
-7.40721e-12
-8.65363e-11
-1.76202e-10
-8.23202e-11
-8.82561e-10
-1.98615e-13
-1.00333e-09
-1.98856e-13
1.10099e-19
9.05886e-20
9.85209e-20
9.71742e-19
7.55843e-17
1.04552e-16
2.30278e-17
-1.41795e-17
6.82356e-13
-2.42843e-17
3.1946e-12
-6.89218e-12
6.95033e-12
-5.48271e-11
1.4394e-11
-7.92757e-12
2.52867e-11
-3.58563e-11
-2.26047e-11
-9.11464e-10
-3.37854e-12
-9.45761e-10
-7.51267e-12
6.46503e-12
1.76998e-12
1.10764e-12
8.66819e-13
9.47609e-17
1.21048e-14
7.3658e-17
-1.81804e-17
5.88312e-17
-3.3411e-17
1.15446e-11
3.80704e-12
6.89759e-11
2.80107e-11
7.01714e-11
-7.1124e-11
1.97958e-11
-5.29997e-11
2.3999e-10
-4.23251e-11
6.74483e-11
-8.54668e-10
-4.69446e-10
1.58382e-12
1.36495e-15
1.71604e-13
3.57047e-14
1.58851e-16
1.83526e-13
1.58456e-16
-3.96868e-17
1.3493e-16
-3.92736e-17
1.6393e-16
3.80696e-12
-2.06877e-12
3.00796e-11
1.30175e-10
2.93424e-11
5.79476e-11
-1.68524e-11
2.33686e-11
-4.35607e-12
2.58065e-10
-2.12893e-12
-2.11382e-10
1.53305e-16
1.40465e-17
3.7143e-14
3.12807e-17
1.64567e-07
3.39763e-08
6.29245e-07
-5.49517e-08
6.94347e-07
-1.70883e-07
4.07173e-07
-4.81257e-07
1.16335e-08
-3.33773e-07
4.67256e-12
1.16785e-08
7.3751e-12
6.61987e-13
7.99007e-12
-1.4799e-14
5.86117e-12
4.60227e-19
2.32357e-10
-1.6549e-07
1.6549e-07
-4.5083e-07
2.8534e-07
-6.9025e-07
2.50192e-07
-4.06646e-07
1.87992e-08
-2.23833e-07
-4.76431e-13
-9.45284e-08
-3.61394e-12
-3.71873e-08
-2.55853e-17
8.19763e-08
-2.60588e-17
2.28792e-07
-4.38312e-09
4.70412e-07
-3.50162e-08
7.27909e-07
-7.26715e-08
7.33516e-09
7.32555e-07
-1.14619e-07
2.80109e-07
-3.27164e-07
4.97884e-07
-1.42862e-07
2.2782e-07
-6.29216e-13
4.86512e-09
-3.6349e-17
-1.10561e-12
-2.83136e-17
-3.61395e-12
-2.6377e-17
-2.75524e-17
-2.51075e-17
-2.72978e-17
-4.38312e-09
-4.36389e-17
-1.03185e-09
-2.00054e-14
4.19668e-08
-1.18552e-08
-3.17716e-08
1.59667e-07
-1.25259e-07
4.05369e-07
-3.08614e-07
7.18959e-07
-4.87225e-09
9.14864e-08
-7.1281e-12
1.54383e-17
-9.7836e-12
-2.04943e-12
-2.87626e-16
-7.15323e-12
-4.24636e-17
-3.63593e-17
-7.40687e-17
-3.29923e-17
-7.05907e-17
-5.92528e-17
-8.0283e-17
-1.99726e-14
-1.18552e-08
-5.85946e-17
-5.50034e-09
-7.20832e-08
-1.23392e-07
5.2876e-07
-1.38368e-07
8.15813e-07
-3.50196e-11
7.89671e-08
-3.50196e-11
2.18404e-17
-2.63073e-11
1.93385e-13
-7.46172e-16
-3.30133e-12
-5.84388e-17
-5.18032e-17
-3.09756e-14
-7.16072e-15
-4.74952e-14
-5.00025e-14
-5.3643e-15
-2.82384e-14
-1.42218e-16
-5.20273e-15
-4.80533e-17
-5.50034e-09
-5.25473e-08
5.81308e-07
-6.50982e-08
9.22363e-07
-3.21569e-12
1.55216e-07
-3.2157e-12
3.02088e-17
-2.27112e-12
1.47631e-17
-1.59035e-14
-3.10989e-17
-1.38525e-14
-2.38955e-17
-1.01711e-13
-1.63914e-15
-1.22622e-13
-2.41528e-14
-9.95877e-14
-4.1447e-14
-1.75499e-16
-1.11444e-14
-4.80833e-17
-1.79609e-16
2.97402e-08
5.51567e-07
1.17368e-08
9.81765e-07
-1.03724e-18
4.10591e-07
-7.80765e-18
3.85714e-17
-1.27806e-17
2.12103e-17
-5.3291e-17
7.66931e-18
4.09615e-16
5.85151e-18
-1.2824e-14
-3.13497e-17
-8.42863e-14
-4.43157e-15
-1.11563e-13
-1.89003e-14
-2.40269e-16
-8.13604e-15
-3.21907e-17
-2.59783e-16
9.32893e-08
4.58276e-07
2.04745e-07
8.70307e-07
1.07448e-07
7.50328e-07
2.49456e-08
2.6433e-07
1.11037e-17
2.49456e-08
-2.96758e-18
2.37191e-17
-4.58109e-17
4.67163e-17
8.73232e-17
2.68757e-17
-1.86969e-14
2.77942e-16
-3.38434e-14
1.78314e-16
-1.31423e-16
2.38996e-15
-1.25523e-17
-1.88634e-16
8.68091e-08
3.71468e-07
2.34966e-07
7.22132e-07
2.94226e-07
6.91049e-07
1.98782e-07
4.86453e-07
7.49115e-08
3.36446e-07
2.01201e-08
2.14828e-07
5.22313e-09
1.13611e-07
-2.24098e-18
5.22313e-09
-1.13658e-17
2.95664e-16
-1.50532e-16
3.08883e-16
-7.31984e-17
1.89354e-16
-2.2483e-18
-9.49205e-17
5.13225e-08
3.20145e-07
1.90963e-07
5.82441e-07
3.06482e-07
5.75476e-07
3.74275e-07
4.18953e-07
4.28967e-07
2.84481e-07
4.27025e-07
2.59834e-07
2.4453e-07
4.31488e-07
1.66482e-07
2.22068e-07
1.38201e-07
2.55516e-09
2.72298e-08
7.36344e-08
3.92526e-18
2.72298e-08
1.52686e-18
-8.16674e-20
2.55805e-08
2.94565e-07
1.71085e-07
4.36922e-07
3.28237e-07
4.18309e-07
4.4326e-07
3.03931e-07
5.06934e-07
2.20807e-07
5.49043e-07
2.17725e-07
6.61264e-07
3.19267e-07
8.63926e-07
1.94065e-08
1.14502e-06
-2.7854e-07
1.00801e-06
1.1406e-07
1.07384e-07
1.08004e-06
-2.49132e-09
4.62779e-08
6.32444e-08
2.3132e-07
2.73954e-07
2.26212e-07
4.91928e-07
2.00335e-07
6.60207e-07
1.35652e-07
7.63875e-07
1.17139e-07
8.33808e-07
1.47793e-07
8.90101e-07
2.62973e-07
1.13555e-06
-2.26045e-07
1.3238e-06
-4.66787e-07
1.25278e-06
1.85074e-07
1.40048e-06
1.01268e-06
-1.17003e-07
1.54983e-06
2.01081e-07
-5.75903e-10
3.93285e-07
-3.58485e-12
5.75332e-07
-2.15389e-11
6.9707e-07
-2.63503e-11
7.8489e-07
-2.19319e-11
9.14211e-07
1.68108e-09
1.11902e-06
1.73886e-08
1.02331e-06
-8.48307e-09
1.09342e-06
-1.35373e-09
1.41433e-06
1.07365e-07
1.53166e-06
9.56637e-07
1.94241e-06
-4.57456e-07
6.42863e-07
8.96916e-08
5.27802e-07
1.15061e-07
4.34184e-07
9.36183e-08
3.66668e-07
6.75156e-08
3.1653e-07
5.00319e-08
2.7056e-07
4.59115e-08
2.2208e-07
4.84798e-08
1.68581e-07
5.35841e-08
1.11213e-07
5.73695e-08
5.81369e-08
5.30765e-08
1.76624e-08
4.04745e-08
1.76624e-08
2.47167e-07
1.07002e-08
2.8853e-07
7.3698e-08
3.07852e-07
7.42966e-08
3.27211e-07
4.8155e-08
3.42798e-07
3.44422e-08
3.34529e-07
5.41809e-08
2.99459e-07
8.34549e-08
2.41283e-07
1.11758e-07
1.64631e-07
1.34019e-07
9.04761e-08
1.27231e-07
3.11159e-08
9.98347e-08
4.87783e-08
-1.16568e-07
-3.05246e-08
-5.92629e-08
-2.30407e-08
2.84147e-08
-1.33811e-08
1.36873e-07
-6.03036e-08
2.40113e-07
-6.87978e-08
2.87695e-07
6.59889e-09
2.84763e-07
8.63869e-08
2.4616e-07
1.48542e-07
1.86102e-07
1.92002e-07
1.08754e-07
2.04547e-07
4.12042e-08
1.67385e-07
8.99825e-08
-1.49483e-07
-3.48756e-09
-3.74781e-07
-5.02585e-08
-3.02659e-07
-1.35707e-07
-1.02082e-07
-2.6088e-07
1.04609e-07
-2.7549e-07
1.99996e-07
-8.8788e-08
2.18638e-07
6.77449e-08
2.09759e-07
1.5672e-07
1.84647e-07
2.17688e-07
1.31667e-07
2.57667e-07
6.07141e-08
2.08703e-07
1.18324e-07
-3.48756e-09
-7.35698e-17
-2.27635e-07
-6.85072e-09
-5.35055e-07
-9.06396e-08
-3.49432e-07
-4.27594e-07
-4.72431e-08
-5.62432e-07
5.95647e-08
-1.95596e-07
8.50738e-08
4.22357e-08
1.0534e-07
1.36454e-07
1.13095e-07
2.09933e-07
6.68892e-08
2.93466e-07
4.15493e-09
2.26658e-07
1.22479e-07
-3.13578e-16
-4.55616e-17
-6.85072e-09
-7.27792e-17
-2.74336e-07
-7.88576e-08
-2.89456e-07
-5.30072e-07
-2.48579e-07
-4.41903e-07
-2.31757e-07
-1.54841e-07
-1.66575e-07
-5.31854e-08
-3.90827e-08
-1.69892e-09
6.75066e-08
1.03344e-07
7.60558e-08
2.80911e-07
-2.31109e-09
3.05025e-07
1.20168e-07
-2.51043e-16
-1.78289e-17
1.90166e-09
-1.90166e-09
-1.77966e-07
-1.10771e-07
-2.78898e-07
-4.75454e-07
-1.66331e-07
-2.08607e-07
-1.17792e-07
-7.39984e-08
-1.86428e-07
-9.93159e-08
-2.16039e-07
-1.45857e-07
-1.09494e-07
-2.98941e-08
-1.85434e-07
3.72099e-07
-1.03528e-07
2.67387e-07
3.45711e-08
-1.15732e-16
-3.80919e-18
-3.69466e-08
-1.23507e-09
-1.15647e-07
-9.05293e-08
-1.83028e-07
-1.46073e-07
-7.8623e-08
-5.17207e-08
-4.99741e-08
-2.61794e-08
-3.14381e-08
-7.38083e-08
-1.03332e-07
-1.06543e-07
-3.51788e-07
-8.24792e-08
-1.48488e-07
1.80718e-07
-3.37104e-08
1.77351e-07
3.64024e-09
-3.1443e-17
2.30207e-17
-1.0892e-08
-1.00295e-10
-2.90675e-08
-2.07482e-08
-2.59794e-08
-1.59784e-17
-1.32716e-08
-1.58036e-17
-1.67806e-08
-2.35759e-17
-1.731e-08
-4.33613e-17
-2.5262e-09
-1.04686e-08
-7.64412e-08
-9.75005e-08
8.36132e-08
-7.91772e-08
6.63206e-08
1.94643e-07
6.99609e-08
-1.46641e-10
4.64246e-08
1.56239e-09
1.01319e-08
-2.80591e-18
5.42407e-10
-9.33238e-18
-9.21886e-18
-1.37196e-17
-1.16495e-17
-1.53404e-17
-2.17221e-17
-2.24458e-17
-3.6489e-17
-1.04686e-08
-5.1888e-17
-3.12859e-09
-4.81116e-17
8.98381e-08
-5.2917e-08
9.51293e-08
2.00613e-07
1.6509e-07
5.31903e-07
6.11721e-07
9.8418e-09
2.33914e-07
2.03175e-17
1.03842e-08
1.49711e-17
-1.92607e-16
8.85543e-18
-1.17674e-17
5.37817e-18
-1.87095e-17
4.97604e-18
-3.71121e-17
6.38347e-18
-7.24312e-17
8.8255e-18
-6.66355e-17
8.2777e-08
-3.1728e-17
2.54234e-07
1.51344e-07
4.19324e-07
1.941e-06
6.74418e-07
9.44583e-07
8.57712e-07
2.30986e-08
2.05256e-07
-1.62508e-11
7.99913e-09
1.24949e-11
-2.87457e-11
2.41638e-09
-7.91204e-09
6.24936e-10
-5.37973e-08
7.77787e-17
6.24936e-10
6.3608e-17
-2.42752e-16
9.61587e-17
-9.01248e-17
5.53276e-07
7.00261e-08
1.07958e-06
4.2076e-07
6.07857e-07
-9.34732e-07
3.23021e-07
1.37842e-07
9.06047e-08
-2.33435e-07
2.13987e-09
4.58511e-08
7.07018e-10
1.10429e-10
3.89712e-07
1.99126e-09
4.63114e-07
1.39483e-07
3.67153e-07
4.26031e-07
4.32849e-08
2.06252e-07
5.76443e-10
1.10013e-08
1.11515e-15
5.7654e-10
8.93845e-13
-8.92742e-13
1.00254e-06
2.29912e-07
-3.71598e-07
1.02832e-06
1.5211e-07
8.81606e-07
-1.26766e-07
6.38573e-07
3.28931e-07
1.52448e-08
4.15681e-08
5.46947e-08
-7.60953e-09
5.27803e-07
2.38055e-08
4.81048e-07
1.86957e-07
2.9097e-07
1.15286e-07
1.09343e-07
7.52369e-08
8.86502e-08
-8.08746e-08
-1.14406e-07
2.72372e-08
3.1443e-07
2.17609e-07
-3.75194e-10
3.74447e-07
5.04467e-09
1.89525e-07
-1.19229e-08
3.15942e-07
6.30292e-08
1.04401e-07
2.3158e-08
1.6421e-07
2.86453e-09
9.87214e-07
3.65311e-08
2.27221e-06
1.14013e-08
2.50258e-06
1.13305e-08
2.40028e-06
5.11228e-08
2.61184e-06
-1.66023e-07
-1.0396e-07
5.11943e-07
1.78691e-06
-2.13444e-06
5.41841e-07
2.48103e-07
9.55468e-08
8.30164e-08
-2.7608e-07
3.45052e-08
1.00448e-07
3.56132e-08
3.3142e-08
1.10654e-07
-9.88147e-09
2.42723e-07
-5.00094e-08
4.77111e-07
-3.15661e-08
1.51594e-06
1.23913e-08
1.59093e-06
-1.03027e-09
1.04542e-06
-1.89991e-07
3.46605e-07
-4.34683e-07
2.92767e-11
4.86328e-11
1.58948e-12
-3.48944e-13
1.5895e-12
-5.36531e-16
1.25563e-06
-6.56865e-08
2.62952e-06
-6.29189e-07
2.33273e-06
-1.32202e-06
1.44981e-06
-1.74511e-06
2.10669e-06
-7.08177e-07
4.17794e-06
-3.61908e-07
4.18583e-06
-2.75909e-07
4.09046e-06
3.21899e-07
1.57684e-06
3.92544e-06
3.50654e-13
-9.53975e-10
2.69361e-15
-4.39774e-16
1.15381e-07
-1.15381e-07
2.98786e-06
-3.17758e-07
5.17888e-06
-1.01602e-06
5.1374e-06
-1.28054e-06
4.73162e-06
-1.33934e-06
3.87047e-06
-1.09949e-06
2.14263e-06
-5.02601e-07
3.23515e-06
-2.20061e-07
4.24853e-06
2.03205e-07
1.14519e-06
5.09733e-06
1.22806e-08
1.65946e-08
7.33415e-08
-6.10609e-08
1.72362e-06
-3.48944e-07
5.39907e-06
-1.00283e-06
6.0852e-06
-1.06662e-06
5.89662e-06
-1.09196e-06
5.56526e-06
-1.00798e-06
5.35428e-06
-8.88508e-07
1.05539e-06
-8.47895e-07
9.44004e-07
-5.11469e-07
1.12865e-06
1.04359e-07
6.96041e-07
4.87235e-06
5.31735e-07
-5.10429e-07
2.0975e-06
-9.28398e-07
6.28056e-06
-1.54786e-06
6.64614e-06
-1.24743e-06
6.64532e-06
-9.75746e-07
6.57226e-06
-9.14404e-07
6.43337e-06
-8.69084e-07
6.37376e-06
-8.28895e-07
6.29409e-06
-7.68225e-07
5.41578e-06
-3.79025e-07
4.35099e-06
7.91921e-07
4.75493e-06
1.12683e-06
3.02509e-06
9.01025e-07
1.13503e-06
4.17906e-07
-1.28092e-08
3.55515e-08
4.91663e-09
-3.97081e-09
2.74245e-08
-2.91889e-11
1.58272e-07
4.34364e-08
7.9798e-07
4.30717e-07
9.495e-07
2.72443e-07
2.68415e-07
2.5317e-08
7.35262e-09
1.15107e-07
9.25621e-18
7.3527e-09
4.57429e-14
-4.34229e-16
4.99963e-06
9.98729e-07
4.74173e-06
6.75805e-07
3.53717e-06
3.43556e-07
1.60811e-07
-5.96367e-08
1.54683e-07
-6.13597e-09
1.67125e-06
2.44378e-07
3.98973e-06
9.84325e-07
3.93407e-06
4.79693e-07
3.69572e-06
2.63664e-07
1.89506e-06
8.45215e-07
1.56579e-07
4.33869e-07
-1.71758e-08
2.15953e-08
5.61777e-06
9.4478e-07
5.59294e-06
7.00638e-07
5.55525e-06
3.81248e-07
3.58262e-06
7.03154e-08
1.40342e-06
6.93242e-08
3.23138e-06
5.76298e-07
4.80917e-06
9.31431e-07
4.4825e-06
8.06368e-07
3.85223e-06
8.93932e-07
3.14184e-06
1.42495e-06
2.66382e-06
5.75317e-07
-1.39535e-07
2.72116e-06
5.85725e-06
7.83827e-07
5.85171e-06
7.06169e-07
5.77768e-06
4.5528e-07
5.68832e-06
1.59672e-07
2.7478e-06
2.72772e-07
3.85861e-06
6.69945e-07
5.2437e-06
8.03682e-07
4.9713e-06
1.07878e-06
4.28427e-06
1.58096e-06
3.88198e-06
1.82724e-06
3.94542e-06
3.13263e-07
3.64799e-06
-1.01521e-13
5.91456e-14
1.42767e-15
8.77483e-14
6.00665e-15
2.05652e-16
9.75468e-14
2.08682e-16
1.30006e-17
2.04142e-16
2.28942e-17
1.90421e-16
2.13657e-17
2.27347e-16
-8.16651e-17
5.96743e-08
-5.96743e-08
1.92673e-06
-2.40555e-07
2.18899e-06
-6.63019e-07
1.98984e-06
-9.50502e-08
7.41933e-07
1.79913e-06
4.86003e-16
2.15953e-08
4.19855e-16
5.10162e-15
5.71389e-09
-1.74109e-08
1.88402e-11
5.69505e-09
1.6187e-08
3.73848e-08
4.25243e-08
4.50891e-08
3.084e-07
-2.68263e-07
4.49039e-07
-7.89711e-07
1.29739e-06
-4.79502e-07
3.05891e-06
-1.92348e-07
2.85931e-06
1.02673e-07
1.0474e-06
2.55479e-06
2.78593e-06
-7.12667e-08
2.76569e-06
-2.74665e-08
2.72049e-06
-1.59637e-07
2.79316e-06
-3.53925e-08
2.98077e-06
-2.77895e-08
3.20251e-06
-1.07877e-07
3.43902e-06
-4.67739e-07
2.36677e-06
-6.99271e-07
1.89929e-07
-6.24696e-08
4.80747e-07
-9.08557e-09
1.67724e-06
1.52055e-08
1.92495e-07
2.40593e-06
3.55087e-06
-2.51468e-18
3.52455e-06
-4.04261e-17
3.45022e-06
-7.42148e-12
3.5491e-06
-1.38566e-09
3.40637e-06
-2.70459e-09
2.72877e-06
-3.09556e-09
1.21239e-06
-1.22007e-08
8.68884e-08
-9.45014e-08
2.7343e-09
-1.67205e-08
4.82061e-09
-8.1914e-11
2.24705e-08
9.29e-11
9.93996e-08
-8.87649e-09
1.53339e-06
7.78816e-08
3.70958e-07
1.60249e-07
5.47597e-17
2.30305e-09
4.61685e-17
-2.84632e-18
5.69682e-12
-5.69678e-12
1.75851e-06
-3.8082e-11
3.46874e-06
-3.04216e-08
3.11e-06
7.56494e-07
2.72689e-06
7.16901e-07
2.44897e-06
-3.10577e-07
1.69407e-06
4.11928e-08
1.43397e-07
-1.1133e-15
2.32081e-06
3.10399e-07
1.51803e-06
2.65892e-08
-2.05725e-10
-3.77029e-08
-2.76294e-11
-1.78096e-10
7.93276e-11
5.95114e-13
2.01832e-10
-1.93586e-11
9.15487e-07
2.2075e-09
3.05297e-06
3.81817e-07
2.9827e-06
7.87172e-07
2.85964e-06
-1.87516e-07
2.91245e-06
-1.16102e-08
-8.13165e-08
4.2432e-07
1.68661e-06
4.74783e-08
4.02056e-07
-2.79597e-10
-9.89447e-09
-1.27648e-08
-6.98801e-11
-2.82565e-10
6.1714e-11
1.67976e-11
2.09849e-10
1.48339e-13
2.59576e-09
3.74349e-11
1.39581e-06
1.13558e-08
2.14407e-06
4.22086e-08
1.59027e-06
-1.02548e-08
1.13009e-06
-7.39759e-09
-1.17298e-08
2.25201e-07
4.08646e-08
-8.57281e-10
1.56526e-08
-4.1049e-10
1.23097e-08
-2.47549e-10
1.27623e-08
-2.17047e-09
8.23612e-09
-8.57054e-09
1.92656e-09
6.53515e-09
2.49259e-07
1.72054e-08
4.71469e-07
9.53739e-08
3.03586e-07
-2.54309e-08
5.68344e-08
-1.81328e-08
5.33252e-08
-5.92347e-09
4.13765e-08
-1.244e-08
3.26423e-16
-3.35924e-18
1.4095e-16
2.05347e-17
1.92787e-06
2.32613e-07
2.76039e-06
7.54789e-08
2.65232e-06
-6.29854e-08
2.56031e-06
-3.89478e-07
1.25292e-06
-8.46752e-07
-4.43174e-09
-3.50543e-07
1.43905e-14
-4.43086e-09
1.08482e-16
-6.69987e-18
7.52221e-17
4.5598e-18
-3.02989e-12
5.30093e-10
4.25903e-07
-1.58347e-09
3.24892e-06
-7.15319e-10
4.4087e-06
4.0902e-07
3.8892e-06
5.94802e-07
3.42398e-06
4.02255e-07
3.06415e-06
-2.97425e-08
2.94065e-06
-7.23416e-07
1.45064e-06
-8.65209e-07
-2.32489e-16
-1.7937e-07
2.01909e-16
-8.48592e-18
2.32919e-16
4.13132e-18
5.0885e-11
1.8427e-09
3.7246e-08
-3.41384e-10
2.15308e-08
-1.07235e-09
4.23345e-06
9.39742e-08
4.43272e-06
6.90343e-07
4.14921e-06
6.85718e-07
3.81411e-06
3.05369e-07
3.5906e-06
-4.99982e-07
3.484e-06
-7.58771e-07
-4.62147e-11
-2.55946e-07
-4.62148e-11
-1.30951e-17
3.74433e-10
3.02896e-12
5.97408e-11
7.25915e-10
3.22961e-08
-2.44104e-08
4.96688e-08
-1.99342e-09
8.17035e-07
-1.50072e-08
4.55271e-06
1.03671e-07
5.1835e-06
4.23588e-07
5.24326e-06
8.28031e-08
4.2832e-06
-3.48061e-13
1.65814e-06
-5.2213e-18
-8.22349e-12
-1.36757e-17
-8.22354e-12
-5.8704e-19
2.4279e-11
1.18103e-12
3.84491e-11
3.50068e-12
2.38447e-16
-4.58101e-11
2.27377e-16
-3.58484e-12
2.2993e-16
-2.15389e-11
2.36874e-16
-2.63503e-11
2.46874e-16
-2.1932e-11
1.6867e-09
-5.62543e-12
7.97154e-09
-2.29923e-11
1.01449e-09
-1.20588e-10
1.49366e-09
-3.12131e-10
2.2928e-07
-2.55226e-09
9.91086e-07
-9.9517e-11
-1.23534e-12
1.35161e-06
1.71887e-09
9.46385e-11
1.63029e-09
6.86465e-11
7.78459e-10
-1.23001e-11
7.09983e-10
-1.52441e-10
4.96016e-10
-1.74334e-10
1.64986e-10
-5.94283e-11
1.41994e-10
-9.95052e-18
1.36439e-09
-5.39458e-17
2.85121e-09
2.74397e-11
2.09448e-11
-3.18439e-11
5.75583e-16
-7.85737e-11
-3.06694e-12
1.83217e-12
2.16398e-10
1.35501e-11
1.18265e-10
3.95825e-12
6.86772e-09
2.59471e-11
6.55648e-09
1.07504e-10
6.31721e-09
1.16225e-10
7.77928e-16
3.95483e-11
6.73779e-16
-6.48304e-18
5.80995e-16
7.38437e-18
2.78656e-11
9.40329e-17
6.60548e-10
1.87098e-10
7.47397e-10
3.67864e-10
7.69119e-11
1.5048e-10
1.41601e-11
7.39349e-13
6.82611e-11
1.30311e-11
1.0583e-15
9.42072e-11
9.80166e-16
1.07504e-10
8.89369e-16
1.16225e-10
8.10704e-16
3.95483e-11
7.80672e-16
4.01605e-18
7.32329e-16
2.42835e-17
7.61427e-16
7.562e-17
6.18627e-16
1.87098e-10
5.66237e-16
3.67865e-10
4.79837e-16
7.6912e-11
1.94558e-06
4.79554e-07
1.82171e-06
1.13784e-06
1.7867e-06
7.63088e-08
7.72313e-07
-1.29696e-07
7.56681e-07
-1.55574e-07
1.12335e-06
-2.18377e-07
1.07327e-06
-8.67271e-07
3.02155e-08
-4.02684e-07
-5.06397e-15
-9.57279e-09
4.29428e-16
-2.92222e-17
7.00261e-08
7.31734e-17
3.85289e-07
8.37118e-07
4.48611e-08
1.90925e-06
7.78766e-07
2.18219e-06
-2.34539e-07
2.45311e-06
-4.79912e-07
3.08554e-06
-3.38344e-07
3.71743e-06
-3.81882e-07
3.79229e-06
-7.87206e-07
2.06531e-06
-4.16099e-07
2.06221e-11
-6.46914e-08
4.57486e-16
2.06216e-11
3.6424e-16
1.34697e-16
3.87555e-08
4.50116e-08
1.48874e-16
1.35252e-06
9.00932e-08
1.46643e-06
-5.36101e-07
9.93938e-07
-5.25647e-07
9.04985e-07
-2.18591e-07
2.37808e-06
-1.54794e-07
4.17686e-06
-4.78825e-07
4.27263e-06
-2.16416e-07
6.98688e-08
-9.36052e-09
1.25148e-09
8.19452e-08
4.99648e-16
1.25148e-09
3.83803e-08
4.76073e-16
1.54123e-16
8.53941e-07
-6.57211e-07
1.50943e-06
-1.02748e-06
1.12952e-06
-1.88855e-07
1.08323e-06
-2.04463e-07
1.1573e-06
-1.96703e-07
3.6238e-06
-3.53877e-07
2.16252e-06
9.4553e-09
1.11337e-06
1.60141e-07
1.42413e-06
5.7818e-07
2.29725e-06
1.22667e-06
5.25259e-07
-1.10941e-07
-4.57059e-09
3.86974e-07
-7.17827e-07
-1.53978e-09
-1.5914e-06
-1.42562e-07
-1.75462e-06
4.06614e-07
-1.70291e-06
-1.85529e-17
-1.59492e-06
-3.13829e-08
-7.83008e-07
-6.87093e-08
-2.19885e-08
3.44519e-08
-9.59721e-09
3.6266e-18
-2.55281e-08
-1.50741e-17
-7.61911e-08
-1.76333e-17
-1.37341e-11
-2.8006e-07
-2.08649e-08
-2.95842e-12
1.589e-08
-3.23722e-08
-1.32467e-09
-1.68471e-07
-9.05945e-18
-8.49728e-17
-2.89642e-17
-9.69649e-17
-5.4368e-17
-3.13829e-08
-1.44891e-16
-1.07201e-07
-1.16598e-15
-1.22139e-17
-1.6085e-15
-1.04701e-17
1.88286e-18
-1.04309e-17
-1.51135e-17
-1.08658e-17
-1.71984e-17
-1.37341e-11
-2.8803e-17
-4.02641e-10
8.74729e-12
2.64263e-11
-6.11428e-17
5.85393e-14
-9.60152e-17
2.12e-18
-1.68335e-16
1.07653e-17
-4.71098e-16
-1.10857e-16
-3.40484e-16
-1.0229e-15
-3.55876e-16
-1.12293e-15
-3.08372e-16
-1.58414e-15
-7.51507e-16
5.46009e-16
-3.63107e-17
-3.19964e-16
-4.04246e-17
-2.07433e-17
-2.05282e-12
-2.59947e-11
-5.8561e-14
9.18024e-14
3.13674e-16
-4.69728e-17
9.6185e-18
-1.39052e-16
9.35855e-18
-3.38536e-16
1.87033e-17
-6.69878e-16
-1.95346e-17
-9.75122e-15
-1.02407e-16
-1.6865e-14
-1.51155e-16
-1.51647e-14
1.66193e-15
-9.58964e-15
3.07352e-16
1.50396e-15
-5.3303e-17
1.75499e-15
-2.77672e-16
-1.03809e-11
-2.25012e-14
-8.37843e-07
-1.047e-07
-1.57653e-06
-4.6383e-07
-2.11852e-06
-1.00587e-06
-2.5323e-06
-8.33651e-07
-2.76202e-06
-7.46025e-07
-2.86682e-06
-8.09602e-07
-2.90779e-06
-8.28113e-07
-3.03046e-06
-7.06068e-07
-3.22409e-06
-5.67981e-07
-3.58682e-06
-2.48913e-08
-3.63868e-06
8.34702e-07
1.04007e-06
-3.56873e-06
-1.04676e-07
-2.38677e-11
-6.93322e-07
-1.51033e-10
-1.98504e-06
-1.52428e-07
-2.59499e-06
-3.67092e-07
-2.78387e-06
-5.82782e-07
-2.89804e-06
-6.95432e-07
-3.01108e-06
-7.15066e-07
-3.16343e-06
-5.53717e-07
-3.34003e-06
-3.91388e-07
-3.44342e-06
7.84997e-08
-3.53007e-06
9.21357e-07
8.65732e-07
-3.35573e-06
-1.40576e-11
-5.37087e-11
-1.33594e-11
-1.19734e-10
-1.52441e-07
-3.21723e-11
-7.39096e-07
-4.69776e-11
-1.4132e-06
-3.29301e-09
-2.07787e-06
-1.23143e-07
-2.61079e-06
-2.18653e-07
-2.87247e-06
-2.25591e-07
-2.9866e-06
-1.75965e-07
-2.75243e-06
8.69057e-08
-1.80132e-06
1.79449e-07
3.28531e-08
-8.17834e-07
-1.12033e-10
-5.77445e-11
-1.19005e-10
-8.68468e-11
-9.67501e-14
-8.17902e-11
-2.45022e-16
-4.70735e-11
-3.29095e-09
-2.05935e-12
-1.54247e-07
-2.39902e-17
-4.09123e-07
-3.18973e-14
-5.65452e-07
-1.72149e-17
-5.93719e-07
-4.77802e-17
-2.55471e-07
-4.45621e-14
-3.28531e-08
-4.86859e-13
-3.36569e-16
1.02261e-16
-3.62909e-06
8.44184e-07
-3.73306e-06
8.10148e-07
-3.83325e-06
5.55466e-07
-3.82964e-06
1.55692e-07
-3.33374e-06
5.06854e-08
-3.35912e-06
7.21802e-07
-3.0473e-06
4.45187e-07
-2.43246e-06
1.72409e-07
-1.47321e-06
2.40239e-08
-2.1193e-07
-1.53593e-12
-7.23664e-15
-3.64384e-11
-1.0875e-13
-7.33766e-18
-2.99748e-06
5.04903e-07
-2.56916e-06
2.54294e-07
-2.08944e-06
9.3927e-08
-1.57704e-06
1.22688e-08
-1.15332e-06
1.56524e-09
-4.51793e-07
1.39319e-16
-1.27844e-07
-2.31182e-14
-2.40239e-08
-6.75558e-14
-1.2177e-15
2.2315e-17
-1.51702e-12
2.12522e-16
-7.0354e-13
-1.09993e-18
-1.16718e-14
-3.30811e-14
-3.35003e-07
-5.4466e-12
-1.40932e-07
-1.54002e-11
-3.93282e-08
-1.31138e-11
-1.56524e-09
-4.14812e-12
-1.60601e-16
3.16648e-17
-9.94554e-17
4.17135e-17
-7.47606e-17
-2.31827e-14
-1.74689e-17
-6.76566e-14
-4.46267e-17
2.76639e-18
-1.82792e-17
2.43294e-18
-3.50107e-17
-1.29384e-17
-2.7699e-18
-1.17577e-14
-3.0622e-16
-5.44638e-12
-2.49333e-16
-1.54001e-11
-2.0449e-16
-1.31139e-11
-1.58379e-16
-4.14818e-12
-3.36734e-15
3.20251e-15
-1.52844e-14
7.16232e-16
-2.10139e-13
1.99801e-13
-3.48279e-13
3.33542e-13
-7.28175e-17
-8.86114e-15
-7.05417e-17
-5.73018e-19
-1.00125e-17
-4.03735e-17
-6.60786e-18
-5.25088e-19
-7.0811e-18
-2.73435e-18
-6.61994e-18
-4.09242e-17
-7.49444e-18
-7.42147e-12
-8.89879e-18
-1.38566e-09
-8.73405e-18
-2.70459e-09
-1.18596e-17
-3.09556e-09
-1.20613e-08
-1.3943e-10
-3.36633e-08
-4.78901e-09
-1.82845e-08
-1.91453e-09
-3.13144e-09
4.32081e-10
-6.90679e-10
7.69543e-11
-4.73903e-11
-3.68613e-09
-1.88464e-16
-3.28579e-14
1.35305e-13
-1.32075e-13
-4.19235e-10
-2.71919e-13
-4.85903e-09
-2.87692e-14
-4.15047e-09
-1.64712e-14
-2.50657e-09
-3.76579e-10
-3.8995e-10
-2.20833e-10
-7.21909e-09
-8.30594e-10
-8.78077e-09
-2.68404e-10
-2.66842e-09
-2.33127e-12
-3.62445e-10
8.80802e-11
5.8185e-11
-2.20125e-10
-3.25988e-13
-4.29779e-18
-2.56263e-13
-7.1457e-18
-6.48555e-17
-1.40447e-16
-3.39434e-14
-6.69233e-17
-3.2064e-14
-1.83348e-13
-3.76392e-10
-3.79798e-13
-6.14545e-10
-1.0439e-16
-1.62562e-10
-8.53834e-11
-3.25924e-10
-2.9889e-11
-9.58745e-10
-3.05031e-12
-1.4588e-09
8.91687e-11
1.96939e-10
-1.85918e-09
-1.11317e-17
-4.43625e-18
-1.24124e-17
-1.50431e-17
-1.2689e-16
-3.72838e-17
-1.3769e-14
-6.42449e-17
-4.84351e-13
-4.72499e-17
-2.14561e-16
-6.63806e-17
-2.6865e-16
-7.46265e-17
-8.52011e-11
-1.82639e-13
-3.45799e-11
-5.54251e-12
-5.52058e-11
-1.28401e-13
-1.79292e-10
-3.05718e-12
-1.81426e-10
2.87844e-13
-3.02528e-09
-5.42167e-11
5.73801e-10
-9.46114e-13
3.30969e-10
-1.58748e-12
-1.56249e-07
-7.9687e-10
-6.25666e-07
1.134e-08
-7.54645e-07
9.09267e-08
-7.49893e-07
6.01572e-08
-7.83024e-07
8.66965e-08
-8.02949e-07
5.4613e-08
-7.4606e-07
8.94851e-09
-3.2438e-07
2.26098e-09
4.20011e-09
-4.9697e-07
-1.62386e-11
-2.51474e-11
-1.64522e-11
-2.73234e-13
-1.65793e-11
-1.92049e-12
-9.03563e-08
7.30603e-10
-2.18667e-07
-2.29672e-09
-2.47806e-07
1.50503e-09
-2.17682e-07
2.96322e-17
-1.48465e-07
1.02346e-16
-8.41394e-08
4.20407e-17
-2.80138e-08
3.94838e-17
-1.89839e-08
3.67179e-17
3.34359e-17
-1.17936e-08
-1.65822e-09
3.55169e-11
-3.5984e-10
1.69157e-11
-1.82609e-09
1.85028e-11
-2.06614e-09
-8.5678e-11
-1.50503e-09
3.1911e-11
-2.65911e-16
6.57956e-17
-2.20585e-16
4.79461e-17
-1.67202e-16
4.42868e-17
-1.28377e-16
1.59604e-17
-9.5731e-17
8.98028e-18
-6.32856e-17
7.55246e-18
1.57324e-18
-2.82541e-17
-2.11859e-10
-3.03415e-12
-2.42071e-10
3.97688e-14
-2.26931e-10
1.26039e-11
-3.53776e-11
-6.95861e-12
-3.44377e-16
-3.46646e-12
-5.79604e-16
9.36053e-17
-8.93205e-16
1.27808e-16
-1.1889e-15
3.37818e-16
-1.13001e-15
8.18999e-17
-5.41678e-16
3.76222e-17
-1.25197e-16
3.63162e-17
-2.11632e-17
1.77827e-17
-4.19357e-07
-1.263e-08
-5.06127e-07
-4.61742e-09
-4.2253e-07
2.73585e-08
-2.56257e-07
1.79702e-09
-6.42823e-08
-1.42227e-12
-2.26192e-15
-4.4995e-11
-8.94752e-18
-3.50314e-13
-1.00735e-17
-4.09635e-18
-1.23625e-17
-1.13856e-17
-1.44116e-17
1.46106e-18
-1.54309e-17
1.18103e-12
9.4024e-10
-9.3674e-10
-2.0247e-08
-9.65895e-18
-1.22757e-08
-3.19907e-17
-1.79702e-09
-1.31927e-17
-7.0788e-16
8.85216e-19
-1.40638e-12
-6.22545e-18
-6.85867e-13
-1.08778e-16
-6.42643e-17
-4.60798e-17
-3.48054e-17
-3.35691e-17
-3.82737e-17
-9.5206e-18
-6.33848e-08
3.90158e-08
-5.69396e-07
2.892e-07
8.57668e-08
-9.01759e-07
-2.41999e-17
-1.35746e-17
-4.40984e-17
-1.22308e-17
-5.1238e-17
-7.44714e-18
-4.42349e-17
-8.48117e-18
-4.04432e-17
-1.5835e-17
-3.78616e-17
-2.88835e-17
-5.0787e-17
-4.29652e-17
-4.12785e-17
-4.32664e-17
-4.45532e-17
-1.31001e-17
-4.41459e-07
2.02525e-07
-1.35271e-06
8.60834e-07
2.41937e-07
-1.50888e-06
-2.88247e-17
-8.54019e-18
-3.62159e-17
-9.28107e-18
-4.04406e-17
-8.30667e-18
-4.35277e-17
-1.018e-17
-4.70574e-17
-1.64667e-17
-5.18286e-17
-2.77221e-17
-5.50328e-17
-4.17626e-17
-4.1099e-17
-4.89152e-17
-4.14881e-17
-2.5222e-17
-2.71444e-07
1.26375e-07
-6.85926e-07
1.12596e-06
-1.02449e-06
5.80502e-07
-1.04088e-08
-9.80181e-10
-1.06026e-07
-3.80997e-08
-1.95791e-07
-7.54485e-08
-1.2452e-07
-4.64818e-08
-2.53874e-08
4.083e-09
-3.88363e-16
2.27985e-08
-4.09593e-16
2.48667e-17
-4.88094e-16
1.03284e-16
-1.32662e-07
1.32662e-07
-6.4116e-07
5.50595e-07
-1.6232e-06
1.10702e-06
1.01719e-06
-2.28587e-06
-1.12029e-06
-1.04213e-07
-1.37213e-06
-2.76913e-07
-1.64402e-06
-2.18587e-07
-1.69454e-06
-5.16605e-08
-1.49793e-06
1.30337e-07
-1.25483e-06
2.50181e-07
-1.15788e-06
3.18408e-07
-1.31127e-06
4.36459e-07
-1.97729e-06
7.98296e-07
-2.45702e-06
1.08469e-06
-2.34718e-06
1.01008e-06
5.126e-07
-1.84259e-06
-1.59648e-06
-4.13432e-08
-1.70116e-06
-1.72232e-07
-1.78804e-06
-1.31715e-07
-1.85163e-06
1.19314e-08
-1.91126e-06
1.89965e-07
-1.98232e-06
3.32283e-07
-2.06061e-06
4.33754e-07
-2.13299e-06
5.56658e-07
-2.09279e-06
7.58096e-07
-1.86779e-06
8.59685e-07
-1.51868e-06
6.60966e-07
1.92233e-07
-1.19831e-06
-1.22188e-06
1.56043e-07
-1.37348e-06
-2.06293e-08
-1.47975e-06
-2.54454e-08
-1.53802e-06
7.01986e-08
-1.56547e-06
2.17413e-07
-1.58605e-06
3.52871e-07
-1.60171e-06
4.49412e-07
-1.57748e-06
5.32431e-07
-1.43924e-06
6.19857e-07
-1.16748e-06
5.87917e-07
-8.5651e-07
3.49999e-07
-7.38021e-07
7.37451e-08
-2.10515e-06
1.44733e-07
-1.6719e-06
-1.09046e-06
-9.37001e-07
-1.524e-06
-4.48336e-07
-2.65114e-07
-5.47829e-07
-7.14316e-08
-3.7463e-07
-1.13435e-07
-1.27544e-06
-1.50329e-07
-1.71528e-06
5.57471e-08
-2.29065e-06
4.20499e-07
-2.57723e-06
8.52667e-07
-2.20828e-06
8.51068e-07
5.2673e-08
-1.33885e-06
-3.59011e-07
-1.38356e-06
-1.04575e-06
-1.48117e-06
-1.3492e-06
-4.60451e-07
-9.81163e-07
-4.21197e-07
-1.45594e-07
-4.5049e-07
-4.92339e-08
-1.33222e-06
1.19828e-08
-1.78174e-06
8.66961e-08
-1.84395e-06
4.7549e-07
-1.67502e-06
6.80495e-07
-5.19071e-07
3.26137e-07
1.65713e-08
-9.71118e-07
-5.86203e-07
-1.0713e-06
-9.45561e-07
-1.34749e-06
-1.07301e-06
-1.39877e-06
-8.78621e-07
-4.24754e-07
-3.7031e-07
-1.80638e-07
-1.29862e-07
-3.81111e-07
8.79719e-09
-8.45772e-07
8.04336e-08
-1.1259e-06
2.10624e-07
-8.40048e-07
1.99572e-07
-1.65978e-08
9.17222e-09
2.24497e-17
-6.63251e-07
-6.60974e-07
-8.00859e-07
-8.07952e-07
-1.0364e-06
-8.3747e-07
-1.22645e-06
-6.88572e-07
-1.22202e-06
-3.74746e-07
-6.23787e-07
-2.19955e-07
-1.9424e-08
5.15519e-08
-3.44301e-08
4.59273e-09
-3.52012e-08
1.7324e-08
-9.17222e-09
-5.53177e-16
-3.26105e-17
-1.3919e-15
1.78583e-17
-9.12113e-18
7.05462e-18
5.65491e-18
-2.47882e-17
7.24241e-18
-4.53672e-17
1.28251e-17
-7.29411e-17
1.20094e-17
-1.33972e-16
-1.58973e-18
-2.66694e-16
-2.95081e-18
-7.06015e-16
-1.14444e-18
-2.74155e-16
-4.61403e-20
-1.53372e-16
-8.76674e-19
-2.17425e-16
-1.05156e-18
-1.22491e-16
-8.32078e-19
-1.53483e-19
-8.64092e-19
5.83175e-18
2.87272e-19
-4.66417e-18
1.28411e-17
-9.65208e-18
7.392e-18
-1.0631e-17
6.59505e-18
-1.10801e-17
8.97579e-19
-9.41482e-18
-1.0422e-18
-5.82633e-18
-1.22296e-18
-2.49885e-18
-1.14735e-18
-7.382e-19
-1.67888e-18
-1.14302e-19
-1.58529e-18
-2.3227e-21
-9.04335e-19
-2.01277e-19
5.79953e-12
2.34279e-11
-1.12956e-12
4.51955e-13
2.68138e-11
-1.24113e-18
4.51968e-13
-2.60096e-18
4.33593e-18
-3.23011e-18
1.74956e-18
-3.54867e-18
-3.92342e-19
-2.22443e-18
-4.20447e-18
-8.29794e-19
-4.32558e-18
-1.42667e-19
-3.32465e-18
1.07372e-19
-2.50962e-18
7.56514e-20
-1.25478e-18
-2.3258e-19
8.97543e-12
1.71304e-11
2.28048e-12
1.11445e-11
3.91761e-11
9.70216e-18
1.06385e-11
1.67382e-18
9.03071e-18
2.78945e-19
1.73982e-18
5.65673e-20
-2.83901e-19
8.23749e-19
-4.10578e-18
1.4828e-18
-3.63352e-17
9.51288e-19
-8.71654e-18
5.14655e-19
-3.93271e-18
1.39805e-19
-1.53373e-18
-2.25467e-19
-1.00708e-11
7.10368e-16
2.71988e-11
1.39193e-11
1.62375e-11
8.63934e-16
7.27901e-12
5.03459e-18
8.5954e-16
1.40301e-18
1.06248e-18
3.97965e-18
-6.94716e-18
7.02767e-18
-9.98292e-18
3.37772e-17
-1.04065e-15
4.52702e-18
-8.45027e-18
1.14029e-18
-4.80726e-18
1.9992e-19
-1.56165e-18
-1.85027e-19
-1.44828e-12
8.29124e-10
-8.27675e-10
2.94509e-12
2.41698e-12
1.64874e-12
-2.48417e-16
6.39407e-14
2.94458e-13
1.37859e-13
4.99424e-13
3.74015e-13
-3.13468e-14
3.18764e-14
-1.53772e-13
-1.04895e-17
-7.70064e-16
5.89789e-18
-7.28569e-18
1.75725e-18
-4.02667e-18
2.37228e-19
-1.2483e-18
-1.22759e-19
-2.41694e-12
1.56837e-08
-2.45017e-08
1.44336e-17
2.73647e-17
2.71906e-17
2.30778e-17
1.24733e-13
1.69729e-13
2.07833e-12
6.58884e-13
2.51362e-12
-4.33939e-14
7.87401e-16
-2.04166e-13
1.31146e-17
-6.31045e-18
6.36447e-18
-5.44207e-18
1.80344e-18
-2.72297e-18
2.23991e-19
-7.34812e-19
-5.90551e-20
-2.35477e-18
4.51471e-08
-1.65394e-08
8.99673e-18
1.67627e-17
3.10979e-16
1.07679e-17
1.93075e-12
1.0649e-12
2.90436e-12
6.46337e-13
1.52641e-12
-6.54654e-14
2.34992e-17
-3.99005e-14
1.25919e-17
-3.66586e-18
5.85103e-18
-3.37594e-18
1.4909e-18
-1.41361e-18
1.58318e-19
-3.07853e-19
-1.90251e-20
-5.84301e-18
5.90515e-08
1.66676e-08
4.07754e-18
7.26442e-18
9.82123e-18
6.30451e-18
1.70673e-12
2.2315e-13
1.50408e-12
2.89193e-14
1.95685e-13
-9.21712e-15
1.4968e-17
-6.09476e-16
8.95657e-18
-1.09286e-18
4.50456e-18
-6.92426e-19
9.58355e-19
-2.85758e-19
8.121e-20
-5.90208e-20
-2.88066e-21
-1.02757e-14
3.96033e-08
6.45434e-08
-1.02697e-14
1.18345e-18
5.12038e-14
1.723e-14
7.33211e-14
-2.22729e-15
1.66441e-14
-5.14699e-16
6.26893e-16
-2.72484e-19
5.76326e-18
-3.10818e-19
3.36302e-18
-2.07769e-19
1.18095e-18
-9.95102e-20
2.46842e-19
-2.91058e-20
1.95869e-20
-3.85343e-21
-1.01963e-22
-2.93825e-19
2.38465e-08
8.84679e-08
3.613e-19
5.28325e-19
2.24378e-15
-2.81193e-16
5.62084e-18
6.38173e-19
8.34755e-18
2.13054e-19
7.43922e-18
-1.40672e-20
2.29491e-18
-1.02956e-20
8.48965e-19
-2.98703e-21
2.28777e-19
-5.29575e-22
3.36089e-20
-5.40528e-23
1.66688e-21
-2.29638e-24
-1.65156e-26
-4.91433e-19
1.47155e-07
3.68921e-20
1.15345e-17
1.03512e-18
7.62257e-19
3.3751e-19
9.33974e-20
1.60051e-20
1.62234e-21
8.13959e-23
1.20969e-24
-7.88889e-11
-1.05486e-12
-1.42772e-10
-5.22872e-11
-2.51295e-10
-9.59382e-11
-3.97552e-11
-6.79176e-11
-1.11213e-16
-2.91666e-11
-1.20842e-16
-1.43615e-17
-1.30305e-16
-3.18878e-14
-1.38254e-16
-9.26635e-18
-1.77369e-16
-8.6657e-18
-2.05491e-16
-4.45306e-14
-2.38178e-16
-4.86822e-13
1.36517e-12
-1.36531e-12
-1.0552e-12
-4.87698e-17
-8.37887e-11
-5.00719e-13
-2.84549e-10
-1.68703e-11
-2.66797e-10
-3.56856e-12
-6.29552e-12
-1.9778e-11
-2.05698e-13
-6.08984e-12
-2.27412e-16
-9.68487e-13
-2.63004e-16
-3.43915e-18
-1.51823e-14
8.09193e-17
1.43336e-13
3.74795e-13
3.85382e-12
1.94827e-12
4.43667e-12
-1.56297e-11
-5.34478e-16
-8.80681e-18
-3.40281e-13
-3.42357e-17
-2.331e-11
-2.99027e-14
-4.23502e-11
-1.70556e-14
-5.18696e-11
-5.9217e-15
-4.66355e-11
-5.30575e-13
-1.13977e-13
-1.86254e-13
-1.14005e-13
2.71935e-17
-2.1251e-13
6.84333e-15
-1.16462e-12
3.29892e-13
-4.32777e-12
8.21509e-13
1.02956e-13
-6.36296e-12
-5.3774e-16
1.19319e-17
-1.10579e-14
4.2348e-16
-1.13102e-14
7.38676e-18
-2.83737e-14
6.70771e-18
-5.20978e-13
4.22511e-18
-1.55742e-12
-2.49644e-15
-1.59829e-12
-1.6461e-14
-4.71286e-14
4.16842e-14
-1.40548e-13
5.08806e-15
-2.08758e-13
9.06045e-15
-1.01534e-13
2.92946e-18
-2.08898e-16
-5.66075e-16
-5.77532e-17
6.72557e-18
-8.8621e-18
2.09985e-16
-1.05282e-17
1.23726e-17
-8.49607e-18
7.73274e-18
-8.65526e-18
3.5133e-18
-2.51094e-15
2.05676e-18
-7.73596e-14
5.40044e-19
-7.16759e-14
-2.79452e-16
-9.05963e-15
7.18965e-15
-1.29342e-17
4.37314e-18
-2.09258e-17
8.2226e-18
1.86885e-17
-1.95169e-17
-2.02048e-18
6.42837e-19
-8.18691e-18
3.72984e-17
-4.50477e-18
5.91883e-17
-1.33018e-18
1.04059e-17
-1.26671e-18
2.72083e-18
-1.51709e-18
1.52644e-18
-1.77596e-18
1.20938e-18
-2.8496e-16
1.3053e-18
-1.6569e-18
2.54232e-16
-1.0569e-18
2.54972e-18
7.41384e-19
4.29615e-18
5.97003e-18
3.76795e-18
4.63012e-21
3.88776e-20
7.26825e-19
3.86878e-18
4.60073e-18
1.43184e-17
2.49468e-18
4.67746e-18
1.17395e-18
1.36309e-18
8.31589e-19
6.28852e-19
1.07295e-18
5.78446e-19
1.18196e-18
5.47961e-19
8.38365e-18
3.73588e-18
2.20683e-18
1.06283e-18
2.95691e-18
1.37188e-18
1.50224e-18
4.04531e-18
5.47078e-22
1.81848e-21
1.27948e-19
2.74258e-19
1.2655e-18
1.55126e-18
1.15645e-18
8.41787e-19
6.67501e-19
2.95299e-19
4.87077e-19
1.36931e-19
6.22045e-19
1.20766e-19
7.58567e-19
1.22818e-19
1.07487e-18
1.67398e-19
1.2528e-18
2.24484e-19
1.54544e-18
2.9406e-19
2.86391e-19
1.75246e-18
2.98495e-23
5.51758e-23
1.02004e-20
1.22937e-20
1.225e-19
8.33435e-20
1.68768e-19
6.71125e-20
1.12378e-19
2.66416e-20
9.13231e-20
1.3454e-20
1.26999e-19
1.25029e-20
1.76683e-19
1.39508e-20
2.43677e-19
1.79324e-20
3.18316e-19
2.71617e-20
3.81213e-19
3.52747e-20
3.19474e-20
4.04506e-19
7.9614e-25
7.89357e-25
4.13339e-22
2.73655e-22
5.15323e-21
1.89365e-21
9.72896e-21
2.04849e-21
7.17466e-21
8.76155e-22
6.81966e-21
5.01431e-22
1.11132e-20
5.22621e-22
1.782e-20
6.47539e-22
2.65036e-20
8.69795e-22
3.53562e-20
1.38619e-21
4.12937e-20
1.78626e-21
1.4496e-21
4.12732e-20
7.53099e-27
2.8059e-27
6.4533e-24
1.70349e-24
7.57714e-23
1.07477e-23
1.79137e-22
1.41172e-23
1.44095e-22
6.28032e-24
1.68397e-22
4.21393e-24
3.36657e-22
5.08178e-24
6.216e-22
7.1335e-24
9.78942e-22
9.94347e-24
1.29684e-21
1.74171e-23
1.43566e-21
2.19692e-23
1.41733e-23
1.29779e-21
9.17426e-30
1.51189e-26
1.56279e-25
4.21896e-25
3.68201e-25
5.5469e-25
1.37761e-24
2.88623e-24
4.62768e-24
5.83233e-24
5.7897e-24
4.33892e-24
-5.41239e-11
2.76972e-11
-8.70383e-11
2.76192e-11
-7.83726e-11
2.3922e-11
-9.69303e-12
1.47635e-11
-1.95473e-13
1.75266e-12
-2.01197e-13
1.12953e-16
-2.06732e-12
1.9695e-13
-1.2152e-12
-1.06828e-13
-6.94174e-17
-9.95624e-14
-6.98022e-17
-1.25053e-18
-4.41702e-18
-8.48685e-17
-6.47122e-18
-7.62643e-11
1.16174e-11
-7.15459e-11
2.49166e-11
-6.77614e-11
1.81209e-11
-5.84355e-11
7.45339e-12
-1.10451e-12
2.07971e-12
-1.09865e-12
-9.68872e-17
-1.10676e-12
-2.47503e-14
-4.03343e-13
-3.714e-13
-1.76811e-16
-2.00156e-17
-3.30024e-17
-1.46156e-16
-1.36961e-18
-8.94729e-17
-8.91059e-18
-6.03866e-12
5.50873e-16
-5.79091e-12
-2.87241e-16
-5.05689e-12
4.40316e-17
-2.66567e-12
2.01774e-17
-2.10887e-13
-4.56963e-17
-1.3097e-14
-2.9484e-16
-4.66493e-14
-6.64581e-17
-2.48774e-18
-2.06452e-17
-1.93984e-17
-3.77312e-18
-4.63751e-18
-5.37275e-17
9.05229e-19
-3.24168e-17
-4.7618e-18
-6.05908e-17
3.82373e-17
-4.60234e-17
3.50801e-17
-3.05858e-17
2.2274e-17
-1.97047e-17
6.42621e-18
-5.81175e-17
-4.10383e-18
-5.40101e-18
-6.63945e-18
1.73284e-17
-4.8609e-18
5.572e-19
-4.49653e-18
5.53971e-19
-4.35922e-18
3.0303e-18
-2.22291e-18
2.12843e-18
-4.81721e-19
-2.3733e-20
-1.15993e-17
2.42776e-17
1.43217e-18
2.47784e-17
1.14671e-17
1.2458e-17
1.57414e-17
-4.69027e-20
1.92542e-17
-1.38042e-18
1.188e-17
-1.13897e-18
4.83293e-18
-6.45373e-19
2.65078e-18
-3.09566e-19
1.50215e-18
-1.53939e-19
4.35818e-19
-7.30214e-20
4.56731e-20
-2.15244e-20
-1.64164e-21
9.03695e-18
7.15182e-18
1.41954e-17
5.8335e-18
1.42892e-17
1.84857e-18
1.07865e-17
-1.9901e-19
6.08248e-18
-2.83937e-19
2.66469e-18
-1.99283e-19
9.14242e-19
-1.10491e-19
2.67977e-19
-4.99209e-20
7.81238e-20
-1.73357e-20
2.03066e-20
-3.94522e-21
2.60503e-21
-4.39266e-22
-8.99199e-24
5.1708e-18
1.30062e-18
5.52529e-18
7.61716e-19
4.41323e-18
6.44287e-20
2.7052e-18
-6.72228e-20
1.30829e-18
-7.14853e-20
5.51109e-19
-4.89493e-20
1.96069e-19
-2.69551e-20
5.58216e-20
-1.20055e-20
1.14801e-20
-4.04122e-21
1.40921e-21
-8.6927e-22
6.47521e-23
-8.6236e-23
-1.24675e-24
1.77534e-18
1.95385e-19
1.56992e-18
7.76247e-20
1.14102e-18
-5.10387e-21
6.84934e-19
-1.2008e-20
3.51414e-19
-9.95587e-21
1.55618e-19
-5.87415e-21
5.7369e-20
-2.85142e-21
1.651e-20
-1.14261e-21
3.31815e-21
-3.51818e-22
3.79739e-22
-6.92119e-23
1.4869e-23
-5.96782e-24
-5.17775e-26
3.72128e-19
1.76904e-20
2.98036e-19
2.80882e-21
1.99358e-19
-6.83163e-22
1.10771e-19
-7.51034e-22
5.24145e-20
-4.58165e-22
2.11669e-20
-2.0692e-22
7.12949e-21
-7.82057e-23
1.88645e-21
-2.49602e-23
3.48014e-22
-6.24799e-24
3.55699e-23
-9.95977e-25
1.11933e-24
-6.41534e-26
-1.11565e-28
3.45246e-20
5.30341e-22
2.4538e-20
-7.56362e-24
1.42239e-20
-1.60749e-23
6.62879e-21
-1.06249e-23
2.5666e-21
-4.17151e-24
8.32909e-22
-1.18179e-24
2.25905e-22
-2.76316e-25
4.85505e-23
-5.48194e-26
7.23767e-24
-8.68684e-27
5.66494e-25
-8.72066e-28
1.03783e-26
-3.08634e-29
1.86949e-28
9.31243e-22
3.50527e-25
5.51873e-22
-3.93772e-26
2.54615e-22
-3.00989e-26
9.00902e-23
-1.15002e-26
2.41332e-23
-1.96424e-27
5.11968e-24
-2.05927e-28
8.85446e-25
-1.53974e-29
1.19905e-25
-8.53883e-31
1.0923e-26
-3.53669e-32
4.46506e-28
-9.06544e-34
-2.74019e-32
-6.69201e-36
2.47589e-31
2.38828e-24
1.11509e-24
3.45462e-25
7.77985e-26
9.23142e-27
7.224e-28
3.9061e-29
1.37005e-30
2.27645e-32
-3.7419e-36
-2.51852e-34
-1.33922e-17
-4.04041e-20
-5.48059e-17
-5.37008e-19
-1.13175e-16
-2.86577e-18
-6.7859e-17
-1.69151e-17
-1.33183e-16
-2.54742e-17
-1.68338e-16
-5.82147e-17
-8.72238e-17
-2.01588e-16
-1.6526e-12
-1.89322e-14
-5.07705e-12
-8.72667e-14
-2.78551e-12
-5.92567e-15
-2.87911e-13
-8.62421e-15
1.21305e-17
-1.13819e-16
-4.84054e-19
1.11643e-20
-4.24398e-18
-1.43423e-21
-1.69299e-17
-5.21774e-20
-4.86648e-17
-3.92162e-19
-1.20232e-16
-1.65507e-18
-4.85624e-16
-4.58173e-18
-3.65953e-15
-7.76051e-18
-1.4487e-14
-3.06644e-18
-9.29825e-14
-1.42622e-18
-1.32728e-13
-2.26823e-20
-2.73521e-14
-2.69594e-16
3.17896e-16
-7.02647e-17
-5.88566e-21
1.45292e-21
-1.05611e-19
6.37828e-21
-7.48281e-19
7.29082e-22
-3.23854e-18
-5.84662e-21
-9.64303e-18
-4.71979e-20
-1.94515e-17
-2.02376e-19
-1.11967e-17
-5.15897e-19
-1.09885e-17
-7.45794e-19
-2.63525e-17
-5.16365e-19
-1.60907e-17
4.52081e-21
-3.77729e-16
9.92844e-19
3.90683e-17
-5.3828e-17
-1.41905e-22
1.33766e-22
-1.20715e-21
6.13906e-22
-1.41733e-20
8.17578e-22
-9.53786e-20
-1.34948e-23
-4.23303e-19
-7.58011e-22
-1.29815e-18
-5.35084e-21
-2.78771e-18
-1.94351e-20
-4.11416e-18
-3.72217e-20
-4.06577e-18
-3.1853e-20
-3.29121e-18
3.39948e-20
-9.78422e-18
2.43171e-19
1.3226e-18
-7.45036e-18
-1.46281e-24
1.00567e-23
-1.64177e-23
4.81247e-23
-1.54784e-22
5.57641e-23
-1.55888e-21
7.85242e-23
-1.02617e-20
-5.56488e-24
-4.52845e-20
-1.06124e-22
-1.33674e-19
-5.42447e-22
-2.58955e-19
-1.326e-21
-2.84196e-19
-1.26729e-21
-1.80928e-19
8.18643e-21
-2.32679e-19
1.95695e-20
4.73916e-20
-4.67646e-19
5.54137e-26
5.90522e-25
3.06525e-25
3.17962e-24
1.67261e-25
3.20172e-24
-7.55165e-24
4.5045e-24
-1.17753e-22
7.90701e-24
-8.4707e-22
-1.19851e-24
-3.65715e-21
-1.21178e-23
-9.73839e-21
-3.72135e-23
-1.21342e-20
-2.16369e-23
-7.37533e-21
1.0332e-21
-6.06308e-21
1.56821e-21
2.46228e-21
-1.25415e-20
5.16692e-27
2.51902e-26
5.16268e-26
1.66273e-25
8.27662e-26
1.59098e-25
2.06002e-25
2.27993e-25
9.42941e-25
5.72647e-25
4.29646e-24
1.04075e-24
9.84537e-24
-9.53548e-26
5.72348e-24
-4.07723e-25
-3.13276e-23
1.77686e-23
-2.02251e-23
8.7431e-23
1.07602e-23
1.23828e-22
1.79167e-22
5.36231e-23
2.42838e-28
7.18563e-28
3.41201e-27
6.22718e-27
5.77164e-27
5.82786e-27
1.62105e-26
8.69753e-27
1.11797e-25
3.10565e-26
8.6888e-25
1.14023e-25
4.7339e-24
2.54635e-25
1.69555e-23
5.7779e-25
3.86959e-23
2.04332e-24
5.2057e-23
5.31407e-24
4.89984e-23
8.78145e-24
1.41883e-23
4.82213e-23
6.59024e-30
1.21137e-29
1.3117e-28
1.46162e-28
2.23376e-28
1.3533e-28
6.91426e-28
2.21361e-28
6.63493e-27
1.13077e-27
6.92671e-26
6.1339e-27
4.39507e-25
1.95183e-26
1.63895e-24
4.42553e-26
3.69602e-24
9.60179e-26
5.26045e-24
2.10186e-25
5.62668e-24
3.97392e-25
7.32584e-25
5.88082e-24
9.36479e-32
9.62135e-32
2.7559e-30
1.72815e-30
4.73646e-30
1.61e-30
1.68245e-29
3.04239e-30
2.04897e-28
2.03732e-29
2.5943e-27
1.41254e-28
1.83436e-26
5.22622e-28
7.09694e-26
1.11656e-27
1.60092e-25
1.84044e-27
2.33328e-25
3.73581e-27
2.62007e-25
7.92262e-27
1.66572e-26
2.89483e-25
5.19933e-34
2.06629e-34
2.42525e-32
6.09684e-33
4.24433e-32
5.80686e-33
1.69036e-31
1.2514e-32
2.37135e-30
1.01538e-31
3.47485e-29
8.59295e-31
2.70868e-28
3.52753e-30
1.09562e-27
6.71265e-30
2.47571e-27
7.18076e-30
3.56108e-27
1.39279e-29
3.99006e-27
3.63782e-29
9.06766e-29
4.62931e-27
4.37704e-37
3.60927e-35
6.39482e-35
2.62122e-34
3.98367e-33
6.72661e-32
5.61747e-31
2.31245e-30
5.144e-30
7.05165e-30
7.6311e-30
9.53155e-30
-3.03431e-12
9.48967e-18
-3.26822e-11
1.79954e-17
-3.97492e-11
-9.80031e-15
-3.96929e-11
-1.03214e-12
-2.22833e-16
4.72328e-12
-2.24062e-16
7.99263e-17
-3.39414e-15
3.24866e-15
-9.16171e-15
6.01116e-16
-6.9766e-15
-7.42115e-18
-2.81576e-16
-8.12846e-18
-3.31603e-16
-7.98408e-18
-7.73798e-20
-8.20426e-17
8.20599e-18
-9.64812e-17
1.77451e-17
-9.94498e-15
3.16166e-17
-2.57528e-12
5.03121e-18
-2.38426e-12
-9.94056e-14
-1.52508e-12
5.0772e-13
-1.66962e-16
7.5576e-14
-1.74225e-16
1.76613e-17
-3.09133e-17
-3.63603e-16
-1.44127e-17
-2.64777e-17
-4.20527e-20
-3.86905e-18
-1.50356e-19
-8.18388e-17
8.81197e-18
-9.18523e-17
2.48823e-17
-8.88343e-17
4.23757e-17
-9.65961e-17
4.99373e-17
-9.87294e-14
6.9316e-17
-7.04464e-14
6.76039e-17
-1.38878e-14
-5.22806e-17
-2.71034e-15
9.00696e-18
-2.16821e-17
-4.67147e-17
-1.3536e-18
-1.18123e-17
-1.1847e-20
-1.57933e-18
-1.33488e-19
-1.74646e-17
1.76011e-18
-2.99665e-17
7.61509e-18
-4.36244e-17
2.01943e-17
-6.09663e-17
4.08006e-17
-5.21343e-17
6.85686e-17
-4.21912e-17
5.41206e-17
-1.57202e-16
3.06406e-17
-2.13019e-17
-1.1216e-17
-1.6839e-18
-1.45899e-17
-3.59601e-20
-4.83168e-18
5.78195e-20
-8.92158e-19
-7.12044e-20
-1.66145e-18
1.74333e-19
-4.24633e-18
1.14874e-18
-7.48537e-18
4.75921e-18
-1.02011e-17
1.28435e-17
-1.06439e-17
2.57636e-17
-2.56939e-18
4.08493e-17
1.00701e-17
2.98788e-17
1.45538e-17
-2.57215e-18
4.04456e-18
-2.83947e-18
7.4649e-19
-1.04339e-18
7.79802e-20
-1.97685e-19
-1.34197e-20
-5.71264e-20
9.84057e-21
-1.7824e-19
9.00934e-20
-1.81489e-19
5.85088e-19
3.22697e-19
2.28181e-18
2.03867e-18
5.39966e-18
7.30126e-18
9.57125e-18
1.33158e-17
5.16854e-18
5.9529e-18
-3.36486e-19
1.68457e-18
-2.74079e-19
2.90019e-19
-9.53271e-20
2.40559e-20
-1.72635e-20
-9.93514e-22
1.8441e-22
4.41961e-22
2.08189e-21
4.07822e-21
2.62654e-20
4.13043e-20
1.93053e-19
2.39575e-19
7.56697e-19
6.86485e-19
2.25711e-18
1.24557e-18
2.96268e-18
4.30741e-19
9.5852e-19
-2.45248e-20
2.32539e-19
-1.41168e-20
3.69148e-20
-3.91062e-21
2.69343e-21
-5.9614e-22
-2.77651e-23
5.83052e-23
2.58337e-23
2.23645e-22
1.31305e-22
2.66378e-21
1.68023e-21
2.40627e-20
1.42361e-20
1.06606e-19
5.0633e-20
3.10209e-19
9.20123e-20
3.01951e-19
1.71197e-20
8.17023e-20
-8.89587e-22
1.55325e-20
-3.80796e-22
1.96193e-21
-7.71957e-23
1.16586e-22
-8.33712e-24
-2.7134e-25
6.55636e-24
1.32097e-24
1.25137e-23
3.59931e-24
1.13696e-22
3.74743e-23
1.35265e-21
4.39385e-22
7.28623e-21
1.94925e-21
2.11406e-20
3.47084e-21
1.46871e-20
2.17804e-22
3.45637e-21
-1.26161e-23
5.28465e-22
-4.02502e-24
4.9096e-23
-5.92802e-25
2.03145e-24
-4.15601e-26
-7.71884e-28
3.32923e-25
3.23587e-26
4.90505e-25
7.05859e-26
2.38014e-24
4.01449e-25
3.41721e-23
5.78018e-24
2.26806e-22
3.16029e-23
6.51406e-22
5.32513e-23
2.97311e-22
-1.07396e-26
5.83161e-23
-4.42509e-26
7.08456e-24
-9.10533e-27
4.80299e-25
-8.38827e-28
1.26672e-26
-3.29691e-29
-2.81859e-31
5.54267e-27
1.91054e-28
8.11387e-27
4.27528e-28
2.1576e-26
1.33706e-27
3.04732e-25
1.89914e-26
2.45995e-24
1.23806e-25
6.83168e-24
1.841e-25
1.75433e-24
-2.13592e-29
2.52624e-25
-9.83061e-30
2.09449e-26
-7.81078e-31
8.88412e-28
-2.61124e-32
1.26626e-29
-3.37324e-34
-7.74024e-37
1.17843e-29
1.91867e-29
3.63985e-29
3.93304e-28
3.70637e-27
9.47061e-27
9.93866e-28
6.58813e-29
2.23827e-30
3.41456e-32
1.43888e-34
-8.02504e-18
-1.70982e-18
-1.5954e-17
-3.79323e-18
-2.22791e-17
-5.16652e-18
-2.78677e-17
-7.63968e-18
-3.37663e-17
-1.28418e-17
-4.08755e-17
-2.17224e-17
-4.81446e-17
-3.36601e-17
-4.18208e-17
-4.51264e-17
-4.93262e-17
-3.54825e-17
-2.28267e-07
4.99022e-08
-4.60144e-07
1.19361e-06
8.34977e-07
-7.14618e-07
-2.02694e-18
-2.85986e-19
-6.0599e-18
-1.102e-18
-1.07346e-17
-2.29388e-18
-1.56451e-17
-4.30533e-18
-2.10459e-17
-8.07051e-18
-2.7562e-17
-1.44504e-17
-3.55992e-17
-2.36232e-17
-4.13796e-17
-3.33919e-17
-5.62008e-17
-3.06093e-17
-3.12303e-07
3.93407e-08
-3.93254e-07
1.08328e-06
9.75785e-07
-5.34061e-07
-4.80197e-19
-3.426e-20
-1.9873e-18
-2.34101e-19
-4.47577e-18
-7.63501e-19
-7.72045e-18
-1.90372e-18
-1.1751e-17
-4.2168e-18
-1.7001e-17
-8.42784e-18
-2.41158e-17
-1.51589e-17
-3.12293e-17
-2.36849e-17
-4.32747e-17
-2.43832e-17
-2.47684e-07
1.40382e-08
-3.40845e-07
9.35985e-07
1.0445e-06
-4.0956e-07
-9.17319e-20
-2.51189e-21
-5.37227e-19
-3.36057e-20
-1.58723e-18
-1.85267e-19
-3.36711e-18
-6.56405e-19
-6.03712e-18
-1.8458e-18
-1.00521e-17
-4.40496e-18
-1.62132e-17
-9.20358e-18
-2.3438e-17
-1.644e-17
-3.12793e-17
-1.90432e-17
-2.05086e-07
3.79084e-09
-3.04419e-07
7.33574e-07
1.05469e-06
-3.14615e-07
-1.23694e-20
-9.64496e-23
-1.11045e-19
-2.81163e-21
-4.61795e-19
-2.96351e-20
-1.28958e-18
-1.64471e-19
-2.90132e-18
-6.46274e-19
-5.865e-18
-2.01273e-18
-1.11416e-17
-5.24084e-18
-1.79715e-17
-1.11647e-17
-2.54745e-17
-1.48701e-17
-1.48309e-07
-1.42903e-09
-2.93162e-07
5.26089e-07
1.00524e-06
-2.43704e-07
-9.99361e-22
-1.67686e-24
-1.54449e-20
-1.11678e-22
-1.00839e-19
-2.70715e-21
-4.10058e-19
-2.69289e-20
-1.26556e-18
-1.68388e-19
-3.32927e-18
-7.69828e-19
-7.76189e-18
-2.72348e-18
-1.42027e-17
-7.24728e-18
-2.14942e-17
-1.13307e-17
-9.58954e-08
-1.9715e-09
-2.96193e-07
3.27913e-07
9.00349e-07
-1.91305e-07
-3.86566e-23
-4.40337e-27
-1.21595e-21
-1.33548e-24
-1.46166e-20
-1.07446e-22
-9.99001e-20
-2.43247e-21
-4.77789e-19
-2.97887e-20
-1.78281e-18
-2.34669e-19
-5.33017e-18
-1.24461e-18
-1.12817e-17
-4.37562e-18
-1.70802e-17
-9.34404e-18
-4.5525e-08
-5.2079e-10
-2.85408e-07
1.65718e-07
7.67766e-07
-1.52825e-07
-4.17385e-25
1.24912e-26
-3.88084e-23
-3.67385e-27
-1.16108e-21
-1.78698e-24
-1.68826e-20
-1.31106e-22
-1.48265e-19
-3.78736e-21
-8.66694e-19
-5.67112e-20
-3.50209e-18
-4.77801e-19
-9.9332e-18
-2.31075e-18
-1.88417e-17
-6.23169e-18
-5.2079e-10
-5.76083e-18
-2.41567e-07
6.35454e-08
6.50806e-07
-1.33794e-07
-3.6845e-28
2.47421e-28
-3.95497e-25
-1.81615e-30
-5.24428e-23
-1.42498e-26
-2.07821e-21
-4.94723e-24
-3.76179e-20
-3.42348e-22
-3.65929e-19
-9.68888e-21
-2.06928e-18
-1.33496e-19
-7.16895e-18
-9.49166e-19
-1.48271e-17
-3.54811e-18
-2.31957e-17
-5.58094e-18
-1.79847e-07
1.44102e-08
5.0202e-07
-1.41376e-07
9.55752e-31
1.48066e-30
1.62517e-30
3.1147e-30
-1.43873e-24
-2.46543e-29
-1.83488e-22
-4.88447e-26
-7.00308e-21
-1.04176e-23
-1.17102e-19
-6.54724e-22
-9.82802e-19
-1.75769e-20
-4.44912e-18
-2.24487e-19
-1.06284e-17
-1.4518e-18
-1.81956e-17
-4.31038e-18
-1.58631e-07
-2.17044e-08
3.76544e-07
-1.69182e-07
5.25631e-33
1.48669e-33
3.47229e-32
4.05409e-33
-6.72587e-27
-1.76474e-34
-5.65622e-24
-3.15256e-30
-5.47791e-22
-4.8474e-27
-1.86999e-20
-1.44465e-24
-2.80983e-19
-1.54402e-22
-2.00324e-18
-7.45934e-21
-6.4198e-18
-1.78436e-19
-1.40635e-17
-1.69983e-18
-1.81493e-07
-2.11295e-08
2.37776e-07
-2.03979e-07
1.94673e-36
1.3419e-35
-4.55837e-31
-3.23168e-27
-1.48061e-24
-1.99259e-22
-1.09009e-20
-2.53209e-19
-1.91254e-18
-6.4412e-18
-1.65605e-07
-1.54793e-07
-9.30711e-07
3.72136e-07
-1.08807e-06
1.36725e-07
-1.18737e-06
7.38609e-08
-1.23206e-06
1.1489e-07
-1.23268e-06
2.18029e-07
-1.20901e-06
3.29205e-07
-1.16739e-06
4.07784e-07
-1.0842e-06
4.49249e-07
-9.10877e-07
4.46531e-07
-6.39605e-07
3.16644e-07
-3.11719e-07
2.21137e-08
-2.37974e-07
-7.07614e-07
5.45689e-07
-8.41931e-07
2.71042e-07
-9.21436e-07
1.53365e-07
-9.47856e-07
1.41311e-07
-9.28773e-07
1.98946e-07
-8.78554e-07
2.78986e-07
-8.05237e-07
3.34468e-07
-6.97797e-07
3.41808e-07
-5.31484e-07
2.80218e-07
-3.14128e-07
9.92884e-08
-1.02825e-07
-1.8919e-07
-3.40799e-07
-5.29327e-07
6.65457e-07
-6.29385e-07
3.711e-07
-6.84175e-07
2.08155e-07
-6.92796e-07
1.49932e-07
-6.60956e-07
1.67106e-07
-5.99057e-07
2.17087e-07
-5.15468e-07
2.50878e-07
-4.08613e-07
2.34953e-07
-2.71767e-07
1.43373e-07
-1.22716e-07
-4.97631e-08
-1.62922e-08
-2.95613e-07
-3.57091e-07
-3.82332e-07
7.33173e-07
-4.45207e-07
4.33976e-07
-4.75013e-07
2.3796e-07
-4.68989e-07
1.43908e-07
-4.31048e-07
1.29165e-07
-3.68468e-07
1.54507e-07
-2.89094e-07
1.71504e-07
-1.97219e-07
1.43077e-07
-9.72163e-08
4.33706e-08
-9.54316e-09
-1.37436e-07
2.62268e-08
-3.31383e-07
-3.30864e-07
-2.6091e-07
7.5038e-07
-2.86941e-07
4.60007e-07
-2.93548e-07
2.44567e-07
-2.76917e-07
1.27278e-07
-2.38678e-07
9.09254e-08
-1.82975e-07
9.88047e-08
-1.16325e-07
1.04853e-07
-4.5952e-08
7.27044e-08
1.81866e-08
-2.0768e-08
5.64762e-08
-1.75726e-07
4.59855e-08
-3.20892e-07
-2.84879e-07
-1.63658e-07
7.22733e-07
-1.54864e-07
4.51212e-07
-1.40901e-07
2.30604e-07
-1.17591e-07
1.03968e-07
-8.35014e-08
5.68353e-08
-3.92481e-08
5.45514e-08
1.06053e-08
5.50001e-08
5.8439e-08
2.48707e-08
9.19287e-08
-5.42577e-08
9.4209e-08
-1.78006e-07
5.45346e-08
-2.81218e-07
-2.30344e-07
-9.12346e-08
6.61142e-07
-5.08939e-08
4.10872e-07
-1.94802e-08
1.9919e-07
7.00688e-09
7.74813e-08
3.39028e-08
2.99394e-08
6.48764e-08
2.35778e-08
9.77506e-08
2.21259e-08
1.249e-07
-2.27895e-09
1.34397e-07
-6.37545e-08
1.12502e-07
-1.56111e-07
5.66264e-08
-2.25342e-07
-1.73718e-07
-4.52105e-08
5.72558e-07
2.28955e-08
3.42766e-07
6.72804e-08
1.54805e-07
9.36579e-08
5.11038e-08
1.12328e-07
1.1269e-08
1.30528e-07
5.3778e-09
1.48388e-07
4.2666e-09
1.59305e-07
-1.3196e-08
1.52203e-07
-5.66532e-08
1.16328e-07
-1.20235e-07
5.41474e-08
-1.63162e-07
-1.1957e-07
-2.5157e-08
4.56339e-07
6.58717e-08
2.51737e-07
1.17478e-07
1.03199e-07
1.40699e-07
2.78834e-08
1.51055e-07
9.12822e-10
1.58795e-07
-2.36209e-09
1.65535e-07
-2.47363e-09
1.65612e-07
-1.32727e-08
1.49285e-07
-4.03268e-08
1.08287e-07
-7.92373e-08
4.78712e-08
-1.02746e-07
-7.16991e-08
-2.36825e-08
3.1084e-07
7.99533e-08
1.48101e-07
1.3022e-07
5.29317e-08
1.47358e-07
1.07452e-08
1.50808e-07
-2.53671e-09
1.51651e-07
-3.20494e-09
1.51931e-07
-2.7542e-09
1.46769e-07
-8.11045e-09
1.28066e-07
-2.16234e-08
8.97163e-08
-4.08879e-08
3.80724e-08
-5.11022e-08
-3.36267e-08
-2.79965e-08
1.34858e-07
6.82435e-08
5.18612e-08
1.06251e-07
1.49243e-08
1.15373e-07
1.62341e-09
1.14449e-07
-1.6133e-09
1.12499e-07
-1.25469e-09
1.10693e-07
-9.47944e-10
1.05138e-07
-2.55568e-09
9.00288e-08
-6.51422e-09
6.13109e-08
-1.217e-08
2.48722e-08
-1.46635e-08
-8.75452e-09
-1.99349e-08
3.19262e-08
4.68505e-08
4.84739e-08
4.68606e-08
4.56059e-08
4.4658e-08
4.21023e-08
3.55881e-08
2.34181e-08
8.75452e-09
-3.24881e-07
-3.36093e-07
-5.52055e-07
-5.80778e-07
-7.60133e-07
-6.29393e-07
-9.10361e-07
-5.38345e-07
-9.43841e-07
-3.41266e-07
-9.09271e-07
-2.54525e-07
-4.47804e-07
-2.52844e-08
-8.06586e-09
7.57266e-08
-2.61267e-17
9.2581e-09
-1.13426e-15
1.06762e-16
-5.38629e-18
5.45386e-15
9.13868e-18
-1.71739e-07
-1.64354e-07
-3.70571e-07
-3.81945e-07
-5.43758e-07
-4.56206e-07
-6.66208e-07
-4.15895e-07
-7.05229e-07
-3.02245e-07
-7.05491e-07
-2.54263e-07
-6.22259e-07
-1.08516e-07
-2.06349e-07
6.33291e-09
-1.08711e-16
2.41092e-07
-6.08074e-16
2.87248e-16
8.97185e-17
1.81143e-14
1.12834e-12
-9.97797e-08
-6.45741e-08
-2.45866e-07
-2.35859e-07
-3.82116e-07
-3.19956e-07
-4.8241e-07
-3.15601e-07
-5.26458e-07
-2.58197e-07
-5.42181e-07
-2.3854e-07
-4.96474e-07
-1.54222e-07
-4.17177e-07
-7.29641e-08
-4.0916e-08
2.37479e-07
1.92706e-09
2.34221e-07
2.64621e-15
1.92709e-09
1.59669e-14
-5.81011e-08
-6.47305e-09
-1.59686e-07
-1.34274e-07
-2.63045e-07
-2.16597e-07
-3.44687e-07
-2.33959e-07
-3.90349e-07
-2.12535e-07
-4.16297e-07
-2.12592e-07
-3.99443e-07
-1.71077e-07
-3.45786e-07
-1.26621e-07
-1.77376e-07
6.90681e-08
4.02316e-08
3.95651e-07
9.09972e-10
1.10964e-07
9.12283e-10
-3.1405e-08
2.4932e-08
-9.91771e-08
-6.65016e-08
-1.7546e-07
-1.40314e-07
-2.41133e-07
-1.68286e-07
-2.85566e-07
-1.68102e-07
-3.18064e-07
-1.80094e-07
-3.22725e-07
-1.66416e-07
-3.00052e-07
-1.49294e-07
-2.00776e-07
-3.02081e-08
1.40343e-08
1.80841e-07
3.15682e-08
3.68823e-07
3.49941e-08
-1.39912e-08
3.89232e-08
-5.65211e-08
-2.39717e-08
-1.11109e-07
-8.5726e-08
-1.63017e-07
-1.16378e-07
-2.0419e-07
-1.26929e-07
-2.39913e-07
-1.44371e-07
-2.59792e-07
-1.46537e-07
-2.62918e-07
-1.46168e-07
-2.12897e-07
-8.02294e-08
-9.41642e-08
6.21078e-08
8.7326e-08
1.91958e-07
1.59104e-07
-2.76083e-09
4.1684e-08
-2.667e-08
-6.25645e-11
-6.41569e-08
-4.82391e-08
-1.04236e-07
-7.62986e-08
-1.40789e-07
-9.03761e-08
-1.76831e-07
-1.08328e-07
-2.05821e-07
-1.17548e-07
-2.26488e-07
-1.25501e-07
-2.14845e-07
-9.18727e-08
-1.46389e-07
-6.3479e-09
-4.67466e-08
9.41548e-08
1.53631e-07
4.67986e-09
3.70042e-08
-6.21124e-09
1.08285e-08
-3.0501e-08
-2.39493e-08
-6.05249e-08
-4.62748e-08
-9.16077e-08
-5.92933e-08
-1.25481e-07
-7.44553e-08
-1.58211e-07
-8.4817e-08
-1.8858e-07
-9.51323e-08
-1.99399e-07
-8.10535e-08
-1.71731e-07
-3.40155e-08
-1.01557e-07
2.39807e-08
2.94103e-08
9.1846e-09
2.78195e-08
7.13036e-09
1.28828e-08
-7.25814e-09
-9.5608e-09
-2.88005e-08
-2.47324e-08
-5.38777e-08
-3.42161e-08
-8.34446e-08
-4.48883e-08
-1.15249e-07
-5.30125e-08
-1.48516e-07
-6.1865e-08
-1.7139e-07
-5.81796e-08
-1.66529e-07
-3.88769e-08
-1.13475e-07
-2.9073e-08
-4.60757e-08
1.12136e-08
1.66059e-08
1.46998e-08
9.39659e-09
7.38778e-09
-2.24881e-09
-6.91911e-09
-1.04255e-08
-2.55379e-08
-1.55974e-08
-4.89253e-08
-2.15009e-08
-7.58063e-08
-2.61315e-08
-1.06074e-07
-3.15969e-08
-1.32349e-07
-3.19051e-08
-1.42649e-07
-2.85766e-08
-1.26166e-07
-4.55559e-08
-8.36852e-08
1.06342e-08
5.97165e-09
1.6288e-08
3.74284e-09
1.38689e-08
1.70287e-10
5.81775e-09
-2.37444e-09
-5.79152e-09
-3.98813e-09
-2.13035e-08
-5.98887e-09
-3.99046e-08
-7.53046e-09
-6.19939e-08
-9.50753e-09
-8.3788e-08
-1.0111e-08
-1.01102e-07
-1.12627e-08
-1.18389e-07
-2.82683e-08
-9.39301e-08
5.97164e-09
9.7145e-09
9.88478e-09
7.51034e-09
3.52222e-09
-2.46666e-09
-9.99714e-09
-1.95047e-08
-2.96157e-08
-4.08784e-08
-6.91467e-08
)
;

boundaryField
{
    rotor
    {
        type            calculated;
        value           uniform 0;
    }
    stator
    {
        type            calculated;
        value           uniform 0;
    }
    front
    {
        type            empty;
        value           nonuniform 0();
    }
    back
    {
        type            empty;
        value           nonuniform 0();
    }
}


// ************************************************************************* //
