/*--------------------------------*- C++ -*----------------------------------*\
| =========                 |                                                 |
| \\      /  F ield         | OpenFOAM: The Open Source CFD Toolbox           |
|  \\    /   O peration     | Version:  v1606+                                |
|   \\  /    A nd           | Web:      www.OpenFOAM.com                      |
|    \\/     M anipulation  |                                                 |
\*---------------------------------------------------------------------------*/
FoamFile
{
    version     2.0;
    format      ascii;
    class       volScalarField;
    location    "46";
    object      nut;
}
// * * * * * * * * * * * * * * * * * * * * * * * * * * * * * * * * * * * * * //

dimensions      [0 2 -1 0 0 0 0];

internalField   nonuniform List<scalar> 
5080
(
0.015047
0.0151039
0.0151589
0.015213
0.0152643
0.0153143
0.0153607
0.0154057
0.0154466
0.0154867
0.0155228
0.0155601
0.0155946
0.015634
0.0156718
0.0157161
0.0157539
0.015848
0.0160075
0.00616095
0.0351393
0.0347545
0.0344737
0.0339484
0.0337996
0.0335295
0.0338328
0.0340433
0.0349496
0.035654
0.037155
0.0381392
0.0400604
0.0407757
0.0427501
0.0420854
0.0436432
0.0397678
0.0357348
0.0145398
0.0354911
0.035931
0.0365294
0.0373021
0.0383323
0.039607
0.0411787
0.0429922
0.0450771
0.0473579
0.049847
0.0524322
0.0551
0.0576409
0.0599857
0.0617614
0.0618122
0.0603444
0.0519863
0.0169265
0.0358165
0.0365892
0.0375398
0.0387137
0.0402354
0.042121
0.0444825
0.047252
0.0505088
0.0540633
0.0579915
0.0619726
0.0661755
0.0700728
0.0738754
0.0765962
0.0772392
0.0732303
0.0663108
0.017937
0.036197
0.0373613
0.0386704
0.0402009
0.042043
0.0442893
0.0470196
0.0503114
0.0541779
0.0586279
0.0635222
0.0687925
0.0740938
0.0794335
0.0840609
0.0883421
0.0890649
0.0841476
0.0769976
0.0199693
0.0366354
0.0382352
0.0399683
0.0418784
0.0440802
0.0466284
0.0496728
0.0532505
0.0575294
0.0624421
0.0681002
0.0741901
0.0807818
0.087236
0.0936204
0.0984581
0.100279
0.0927766
0.0841157
0.0207631
0.0370934
0.0391726
0.04135
0.0436946
0.046265
0.049171
0.0524851
0.0563688
0.0608736
0.0661965
0.0722151
0.0790865
0.0862236
0.0938611
0.1006
0.107024
0.108403
0.10132
0.0912763
0.0224349
0.0375631
0.040118
0.0427672
0.0455498
0.0485393
0.0518017
0.0554579
0.0595942
0.0644025
0.0699312
0.0764074
0.0836122
0.0917656
0.0999939
0.10866
0.115109
0.118227
0.108289
0.0964061
0.0230081
0.0380105
0.0410323
0.044142
0.0473777
0.050792
0.0544601
0.0584638
0.0629401
0.0679945
0.0738613
0.0805378
0.0883205
0.0966458
0.105949
0.114327
0.122599
0.124348
0.116294
0.10216
0.0245463
0.0384165
0.0418704
0.0454173
0.0490972
0.0529482
0.0570414
0.0614493
0.066287
0.071699
0.0778352
0.0849298
0.0929402
0.102176
0.11172
0.122308
0.130113
0.13469
0.122931
0.106911
0.0249708
0.0387676
0.0425955
0.0465415
0.0506359
0.0549262
0.0594594
0.0643165
0.0695828
0.075401
0.0819517
0.0893767
0.0979584
0.107369
0.118087
0.127952
0.138069
0.140155
0.131943
0.112634
0.0265021
0.0390463
0.0431842
0.0474709
0.0519471
0.0566529
0.0616475
0.0669786
0.0727508
0.0790563
0.0860975
0.0940501
0.103063
0.113389
0.124348
0.136788
0.146105
0.152765
0.139495
0.118407
0.0268623
0.0392445
0.0436172
0.0481742
0.0529793
0.0580757
0.0635223
0.0693755
0.0756975
0.0826127
0.0902472
0.0988394
0.108582
0.11946
0.131799
0.143577
0.155993
0.158789
0.151095
0.125056
0.0285678
0.03937
0.0438838
0.0486433
0.0537019
0.0591482
0.0650281
0.0714125
0.0783632
0.0859542
0.0943649
0.103731
0.114352
0.126335
0.139409
0.154081
0.165799
0.175632
0.161256
0.134106
0.0289553
0.0394008
0.0439915
0.0488534
0.0541134
0.0598301
0.0661246
0.0730318
0.0806433
0.0890331
0.0983034
0.108712
0.120408
0.13367
0.148528
0.163527
0.179532
0.184273
0.177904
0.143348
0.031129
0.0393673
0.0439269
0.0488289
0.054174
0.0601212
0.0667374
0.0741737
0.0824528
0.0917
0.102032
0.113574
0.126739
0.141589
0.158325
0.176694
0.193098
0.207787
0.19401
0.160902
0.0317534
0.0392521
0.0437169
0.0485603
0.0539365
0.0599825
0.0668928
0.0747371
0.0837129
0.0938347
0.105299
0.118311
0.133022
0.15008
0.169395
0.190363
0.212858
0.223445
0.220868
0.177324
0.0352332
0.0390512
0.0433619
0.0480641
0.0533779
0.0594629
0.066513
0.0747586
0.0842675
0.0953279
0.107961
0.122484
0.139318
0.15856
0.181352
0.206776
0.232759
0.256761
0.248804
0.214025
0.0370842
0.0388317
0.0428649
0.0474022
0.0525316
0.0585605
0.0656599
0.0740925
0.0841519
0.0958929
0.109806
0.125921
0.144795
0.167228
0.193273
0.224083
0.258213
0.284758
0.291666
0.24908
0.0454989
0.0384974
0.0422988
0.0465326
0.0515103
0.0573102
0.0643733
0.072863
0.0831505
0.0956312
0.110365
0.128181
0.149273
0.174361
0.20537
0.241569
0.28077
0.326276
0.321768
0.293142
0.0550857
0.0744113
0.143515
0.163817
0.173125
0.176268
0.175979
0.173954
0.17104
0.167716
0.164174
0.160449
0.156586
0.152724
0.149038
0.145664
0.142583
0.13977
0.137197
0.134841
0.132672
0.130665
0.128794
0.127045
0.125413
0.123904
0.122527
0.121288
0.120183
0.119205
0.118346
0.117607
0.116995
0.116513
0.11616
0.115931
0.115821
0.115829
0.115952
0.116189
0.116529
0.116965
0.117493
0.118108
0.1188
0.119557
0.120354
0.121179
0.122026
0.122903
0.123814
0.124762
0.125737
0.12673
0.127732
0.128738
0.129734
0.13071
0.131643
0.132535
0.133372
0.168969
0.554418
0.75105
0.851433
0.886419
0.884239
0.865923
0.840338
0.812121
0.783686
0.755768
0.728785
0.703744
0.681754
0.663124
0.648029
0.635651
0.625418
0.61705
0.610338
0.604935
0.600468
0.596988
0.595096
0.595544
0.598665
0.604068
0.610892
0.618428
0.626728
0.63642
0.648114
0.661792
0.676923
0.692954
0.709801
0.727696
0.746733
0.766513
0.786357
0.805844
0.825211
0.844848
0.864857
0.884439
0.902668
0.919063
0.934084
0.948788
0.963701
0.978759
0.993384
1.00708
1.02046
1.03353
1.04677
1.05928
1.07015
1.07973
1.08749
0.171288
0.603671
0.860775
1.02301
1.10546
1.13813
1.15108
1.15477
1.15184
1.1433
1.13047
1.11499
1.09895
1.08441
1.07238
1.06303
1.05605
1.05143
1.04953
1.05056
1.0542
1.05978
1.06706
1.07668
1.08977
1.10699
1.1279
1.15122
1.17573
1.20124
1.22859
1.25855
1.29104
1.32509
1.35983
1.3951
1.43136
1.46889
1.50722
1.54533
1.58254
1.61907
1.65563
1.69251
1.72897
1.76379
1.7963
1.82701
1.85718
1.88765
1.91833
1.94841
1.97726
2.00534
2.03306
2.06082
2.08777
2.11265
2.13536
2.15442
0.173142
0.612611
0.87751
1.0663
1.17712
1.23108
1.26955
1.30545
1.33666
1.35806
1.36933
1.37361
1.37464
1.37545
1.37751
1.3811
1.38615
1.39319
1.40341
1.41776
1.43605
1.45717
1.48022
1.50548
1.53412
1.56694
1.60342
1.64184
1.68054
1.71891
1.75835
1.79998
1.84378
1.88865
1.93348
1.97816
2.02344
2.06993
2.11727
2.16434
2.21023
2.25508
2.29976
2.34488
2.38991
2.4337
2.47548
2.51569
2.5556
2.59615
2.63726
2.67802
2.7177
2.75657
2.79521
2.83403
2.87236
2.90895
2.94323
2.97262
0.175043
0.61523
0.87326
1.08719
1.2362
1.31237
1.36966
1.42917
1.48739
1.5327
1.56253
1.58214
1.59748
1.61283
1.63021
1.6502
1.67216
1.69592
1.7228
1.75438
1.79054
1.8295
1.86949
1.91039
1.95352
1.99996
2.04922
2.0993
2.14824
2.19533
2.24247
2.29147
2.34247
2.39415
2.4452
2.49549
2.546
2.59767
2.65031
2.70264
2.75346
2.8028
2.85173
2.90113
2.95071
2.99932
3.0461
3.09147
3.13678
3.18307
3.23027
3.27738
3.32353
3.36892
3.41427
3.4601
3.50581
3.55021
3.59237
3.62884
0.176837
0.611804
0.855873
1.09692
1.30446
1.42135
1.50234
1.57528
1.64598
1.70308
1.74403
1.7756
1.8047
1.83607
1.87181
1.91233
1.9559
2.00066
2.04683
2.09656
2.15028
2.20558
2.2601
2.31379
2.36889
2.42696
2.48726
2.54707
2.60401
2.65797
2.7114
2.7667
2.8239
2.88133
2.93738
2.99203
3.04658
3.10221
3.15878
3.21487
3.26904
3.32121
3.37271
3.42467
3.47691
3.52822
3.57769
3.6258
3.67404
3.72354
3.7742
3.82487
3.8746
3.92359
3.97271
4.0226
4.07267
4.12168
4.1686
4.20931
0.178645
0.607811
0.833531
1.09252
1.36741
1.56393
1.71381
1.79865
1.85885
1.90479
1.94604
1.98819
2.03474
2.08764
2.14706
2.2114
2.278
2.34415
2.40905
2.47544
2.54497
2.61402
2.6794
2.74176
2.80624
2.87532
2.94719
3.01651
3.07955
3.13751
3.19583
3.257
3.31994
3.38205
3.44153
3.49891
3.55628
3.61483
3.67415
3.73259
3.7885
3.84209
3.89508
3.94863
4.00239
4.05496
4.10552
4.15486
4.20472
4.25615
4.30876
4.36128
4.41275
4.46359
4.51481
4.56702
4.6195
4.67098
4.7205
4.76351
0.180474
0.607682
0.815663
1.08073
1.40716
1.7248
2.04973
2.12214
2.11802
2.13888
2.17571
2.22881
2.29479
2.37034
2.4526
2.53784
2.62213
2.70267
2.78091
2.86004
2.94079
3.02103
3.09829
3.17257
3.24726
3.3251
3.40445
3.48208
3.5556
3.62499
3.69295
3.76123
3.83036
3.89747
3.96103
4.02128
4.08097
4.14196
4.20348
4.26346
4.32059
4.37511
4.42909
4.48402
4.53899
4.59221
4.64327
4.69324
4.74435
4.79738
4.85133
4.90459
4.95652
5.00811
5.0606
5.11432
5.16817
5.22075
5.27167
5.31579
0.182296
0.609987
0.808096
1.07255
1.43496
1.89376
2.23174
2.30263
2.34084
2.38299
2.43374
2.49262
2.56122
2.63935
2.7239
2.81046
2.89545
2.9773
3.05888
3.14115
3.22586
3.31333
3.40119
3.48841
3.57318
3.65722
3.74245
3.8297
3.91706
4.00446
4.08814
4.16871
4.248
4.32435
4.39656
4.46509
4.53125
4.59767
4.66435
4.72902
4.79047
4.84951
4.90743
4.96595
5.02465
5.08158
5.13627
5.18983
5.24391
5.29984
5.35609
5.4109
5.46401
5.51685
5.57088
5.62625
5.68196
5.7365
5.78966
5.83558
0.184123
0.611731
0.813469
1.0794
1.47587
1.88791
2.27214
2.38363
2.49386
2.58347
2.64376
2.69767
2.76244
2.83944
2.92244
3.00522
3.08452
3.1609
3.23755
3.31752
3.40275
3.4914
3.58019
3.66815
3.75683
3.8488
3.94434
4.04032
4.13395
4.22505
4.31497
4.40584
4.4962
4.5825
4.66357
4.74085
4.81695
4.89324
4.96842
5.04025
5.10814
5.17356
5.23874
5.30465
5.36991
5.43273
5.49289
5.55193
5.61167
5.67263
5.73339
5.79223
5.8491
5.90556
5.96322
6.02231
6.08158
6.13962
6.1955
6.24262
0.186024
0.616061
0.820544
1.09063
1.49561
1.91687
2.1849
2.26015
2.39404
2.53746
2.64233
2.72725
2.81521
2.90929
3.00272
3.09021
3.17077
3.24649
3.32179
3.40074
3.48472
3.57137
3.65804
3.74512
3.83588
3.93242
4.03278
4.13225
4.22781
4.32074
4.415
4.51237
4.60987
4.7035
4.79226
4.8782
4.96383
5.04948
5.1332
5.21293
5.28859
5.36219
5.43598
5.5102
5.58313
5.65312
5.72036
5.78673
5.85395
5.92185
5.98877
6.0534
6.11595
6.17794
6.24089
6.30484
6.36848
6.43033
6.48911
6.53751
0.188006
0.626637
0.806615
1.08647
1.54052
2.00437
2.15326
2.09665
2.15324
2.28414
2.41713
2.5434
2.67233
2.80191
2.92286
3.03065
3.12639
3.21359
3.29737
3.38186
3.46847
3.55591
3.6431
3.7316
3.82457
3.92314
4.02461
4.12465
4.22129
4.31672
4.41476
4.51623
4.61803
4.71686
4.81219
4.90593
4.99984
5.09349
5.1849
5.27251
5.35666
5.43933
5.52215
5.60487
5.68584
5.76381
5.83933
5.9142
5.98965
6.06514
6.13917
6.21075
6.28029
6.34914
6.41833
6.4876
6.55577
6.62175
6.68391
6.73392
0.190006
0.636596
0.783784
1.08719
1.59114
2.03925
2.16414
1.9766
1.89829
1.94696
2.05651
2.19588
2.35512
2.52111
2.67676
2.81578
2.93911
3.04963
3.15233
3.25104
3.34761
3.44223
3.53541
3.62927
3.72635
3.82711
3.92932
4.03007
4.12868
4.22737
4.32885
4.43318
4.5379
4.6408
4.74179
4.84228
4.94316
5.04367
5.14214
5.23756
5.33048
5.4224
5.51425
5.60548
5.69473
5.78129
5.86583
5.94979
6.03385
6.11732
6.19897
6.27814
6.35527
6.43138
6.50705
6.58194
6.65514
6.7258
6.79182
6.84372
0.192018
0.639588
0.772078
1.09225
1.63234
2.05874
2.16741
1.88985
1.67071
1.59785
1.6359
1.74802
1.91198
2.10212
2.28758
2.45959
2.61615
2.75701
2.88615
3.00656
3.12046
3.22914
3.33418
3.43781
3.54204
3.64728
3.75231
3.85579
3.95798
4.0607
4.1656
4.27251
4.37986
4.4865
4.59257
4.69896
4.80593
4.91265
5.01791
5.12114
5.2228
5.3238
5.42447
5.52418
5.62196
5.71748
5.8114
5.90463
5.99742
6.08908
6.17866
6.26574
6.35069
6.43417
6.51647
6.5973
6.67603
6.75189
6.82218
6.87618
0.19412
0.637214
0.7642
1.0907
1.65145
2.06737
2.13487
1.80854
1.47539
1.27055
1.20525
1.25523
1.3973
1.59409
1.794
1.99199
2.17959
2.3513
2.50963
2.65597
2.79224
2.92016
3.04168
3.15892
3.27364
3.38653
3.49744
3.60627
3.71379
3.82141
3.93022
4.04021
4.15069
4.26129
4.37229
4.48415
4.59682
4.70959
4.82166
4.93266
5.04283
5.15257
5.26182
5.36998
5.47645
5.58111
5.68442
5.78687
5.88839
5.98833
6.08599
6.18111
6.27392
6.36482
6.45394
6.54109
6.62587
6.70744
6.78235
6.83864
0.196333
0.631867
0.754956
1.08104
1.65635
2.0603
2.0708
1.71609
1.30008
0.975757
0.799527
0.771627
0.873087
1.05813
1.24663
1.45571
1.66379
1.85922
2.04353
2.21524
2.37502
2.52428
2.66467
2.79795
2.92579
3.0492
3.16882
3.28531
3.39971
3.51326
3.6269
3.74098
3.85555
3.97072
4.08685
4.20419
4.3226
4.44156
4.56051
4.67917
4.79754
4.91565
5.03323
5.14982
5.26503
5.3788
5.49136
5.60283
5.71296
5.82119
5.92699
6.03016
6.13083
6.22921
6.32541
6.41936
6.51077
6.59854
6.67844
6.73722
0.19825
0.627318
0.742575
1.06727
1.65487
2.03936
1.99329
1.61047
1.13146
0.710463
0.450753
0.368624
0.423753
0.573535
0.716467
0.911033
1.11818
1.32001
1.51909
1.70923
1.88819
2.05675
2.21526
2.36474
2.50671
2.6422
2.77223
2.89786
3.0203
3.14076
3.2603
3.37965
3.49934
3.61983
3.74152
3.86461
3.989
4.11432
4.24019
4.36631
4.49253
4.61866
4.74438
4.86931
4.99318
5.11586
5.23737
5.35759
5.47616
5.59261
5.70653
5.81774
5.9263
6.03236
6.13603
6.23735
6.336
6.43053
6.51577
6.57723
0.199943
0.623426
0.727618
1.04241
1.64344
2.01408
1.91378
1.49481
0.966844
0.491133
0.197013
0.112147
0.135178
0.22835
0.308857
0.451278
0.614805
0.791517
0.98287
1.17543
1.36126
1.54139
1.71275
1.87505
2.02948
2.1764
2.31673
2.4517
2.58253
2.71044
2.83663
2.96214
3.08776
3.21413
3.34173
3.47081
3.60134
3.73308
3.86575
3.99906
4.13276
4.26659
4.40021
4.53329
4.66555
4.79681
4.92688
5.0555
5.1823
5.30685
5.42884
5.54812
5.66473
5.77881
5.89051
5.99987
6.10645
6.20828
6.29927
6.36361
0.201505
0.619913
0.712416
1.01018
1.59923
1.98033
1.8366
1.37725
0.821951
0.333839
0.0690449
0.0205579
0.0257262
0.0551848
0.0850415
0.15533
0.249675
0.36792
0.511913
0.672236
0.840612
1.01584
1.1878
1.35376
1.51474
1.66901
1.81678
1.95929
2.09742
2.23214
2.36478
2.4965
2.62811
2.76035
2.89381
3.02877
3.16527
3.30318
3.44231
3.58238
3.72312
3.86422
4.00534
4.14617
4.28638
4.42571
4.56385
4.7005
4.83527
4.96782
5.0979
5.2254
5.35038
5.47299
5.59339
5.71157
5.82681
5.93655
6.03368
6.10106
0.203019
0.616377
0.697864
0.978836
1.52633
1.93672
1.77047
1.26612
0.698202
0.233628
0.0303348
0.0105401
0.0117044
0.0122644
0.0160182
0.0318697
0.0626357
0.113601
0.189012
0.288537
0.407527
0.544294
0.6904
0.841457
0.996179
1.14815
1.29587
1.44068
1.58236
1.72096
1.85792
1.99437
2.13069
2.26769
2.40602
2.54603
2.68771
2.83101
2.9758
3.12187
3.26889
3.41654
3.56448
3.71236
3.85984
4.00658
4.15224
4.2965
4.43901
4.57949
4.71775
4.85376
4.98758
5.11939
5.24931
5.37716
5.50185
5.62011
5.72372
5.79427
0.204418
0.612226
0.683059
0.948568
1.44335
1.8873
1.72106
1.16669
0.594925
0.172516
0.0218274
0.0109908
0.0199269
0.0212036
0.0126716
0.0100226
0.0123558
0.0214996
0.0414344
0.0777192
0.132399
0.208078
0.301703
0.410835
0.532267
0.660724
0.793134
0.928959
1.06566
1.20098
1.33667
1.47369
1.61107
1.74971
1.89033
2.03324
2.17814
2.32504
2.47389
2.62449
2.77643
2.92936
3.08294
3.23681
3.39059
3.54391
3.69642
3.84782
3.99781
4.14619
4.29282
4.43773
4.58102
4.72284
4.86318
5.00162
5.13656
5.26391
5.37428
5.44802
0.205644
0.607315
0.667345
0.919782
1.36983
1.81512
1.6831
1.07982
0.511349
0.135917
0.0214644
0.00965166
0.0176376
0.0324645
0.0332511
0.0259547
0.0168261
0.0114016
0.0105174
0.0145958
0.025448
0.0470432
0.082276
0.133482
0.200897
0.282828
0.377163
0.481934
0.594433
0.712216
0.835025
0.963874
1.09443
1.22806
1.36545
1.50677
1.65079
1.79769
1.94746
2.09991
2.25435
2.41038
2.56767
2.72588
2.88456
3.04329
3.20175
3.35967
3.51683
3.67303
3.82824
3.98252
4.13598
4.28868
4.44043
4.59038
4.73632
4.87319
4.9904
5.06723
0.20668
0.601679
0.650306
0.893257
1.31951
1.73358
1.63048
0.99737
0.445762
0.117748
0.0251335
0.00911397
0.0132709
0.027944
0.0386739
0.041136
0.0379045
0.0320431
0.0237346
0.0160376
0.0115862
0.0112576
0.0153545
0.0255523
0.044387
0.0742816
0.116858
0.172712
0.241352
0.321576
0.412592
0.513795
0.622685
0.738839
0.86235
0.993438
1.1287
1.26875
1.4136
1.56307
1.71568
1.87102
2.02881
2.18871
2.35009
2.5124
2.67539
2.83886
3.00257
3.16637
3.33025
3.49434
3.65867
3.82314
3.98721
4.14949
4.30694
4.45344
4.57724
4.65682
0.207525
0.595482
0.631854
0.866756
1.28856
1.6795
1.5514
0.906469
0.393043
0.113218
0.0312556
0.0100359
0.0102207
0.0222031
0.0366285
0.042651
0.0422003
0.0411949
0.0392272
0.0365048
0.0314692
0.0244345
0.0172703
0.0126591
0.0116206
0.0144135
0.0219668
0.0360688
0.058749
0.0917167
0.136275
0.193165
0.262056
0.342699
0.434881
0.538193
0.650662
0.77176
0.901115
1.03895
1.18194
1.32987
1.48251
1.63949
1.79978
1.96252
2.12755
2.29476
2.46386
2.63455
2.80689
2.98099
3.15674
3.33363
3.51065
3.68565
3.85461
4.01024
4.1398
4.22147
0.208161
0.588678
0.612463
0.838478
1.24623
1.64706
1.47491
0.806479
0.349664
0.120006
0.0400925
0.0123388
0.00861859
0.0172753
0.033079
0.0422267
0.0426256
0.0418712
0.0409526
0.0403553
0.0395093
0.0384411
0.0364373
0.0328629
0.0272476
0.0205517
0.0150185
0.0123593
0.0130304
0.0174278
0.0266947
0.0426014
0.0670382
0.101771
0.148279
0.207564
0.2796
0.364331
0.461504
0.570724
0.690148
0.818831
0.956142
1.10187
1.25413
1.4114
1.57381
1.74128
1.91335
2.0892
2.26898
2.45268
2.63981
2.82915
3.01898
3.20621
3.38568
3.54893
3.68251
3.765
0.208528
0.58109
0.592514
0.808874
1.18579
1.60981
1.41822
0.707967
0.314769
0.133961
0.0514713
0.0160454
0.00809082
0.0132881
0.02859
0.0407131
0.0425504
0.0418179
0.0409823
0.0404343
0.0399642
0.0395753
0.0391918
0.0387419
0.0380707
0.0369296
0.0348162
0.0311344
0.0257159
0.0196166
0.0148765
0.0129359
0.0142483
0.019367
0.0295828
0.046804
0.0730886
0.110414
0.160436
0.224321
0.302237
0.39406
0.499462
0.617937
0.748157
0.888864
1.03963
1.20035
1.37032
1.5473
1.73167
1.92303
2.12022
2.32057
2.52155
2.71897
2.90641
3.0742
3.20857
3.28943
0.208531
0.572339
0.571879
0.779484
1.13818
1.56214
1.36346
0.623715
0.291438
0.151486
0.0644667
0.021074
0.00845973
0.0102288
0.0236439
0.0382792
0.0425079
0.0415008
0.0407895
0.04018
0.0397762
0.0394452
0.0391734
0.0389065
0.0386769
0.0384625
0.0381992
0.0378366
0.0372622
0.0362385
0.0343377
0.0310128
0.0260343
0.0202493
0.0156068
0.0137218
0.0152471
0.0208971
0.0321709
0.0512721
0.0806361
0.122615
0.179215
0.251915
0.341316
0.447513
0.570514
0.710083
0.865289
1.0345
1.21671
1.41049
1.61373
1.82096
2.02891
2.23212
2.42281
2.58991
2.71934
2.79324
0.208025
0.562164
0.5503
0.749988
1.10089
1.51465
1.30185
0.56181
0.280239
0.168796
0.0785792
0.0277323
0.00960507
0.0082004
0.0186746
0.0350541
0.0420074
0.0413598
0.0407253
0.03995
0.0395178
0.039151
0.0389078
0.0387101
0.0385373
0.0383584
0.0381947
0.0380534
0.0379251
0.0377812
0.0375893
0.0373115
0.036856
0.0360194
0.0344159
0.0314955
0.0268992
0.0212623
0.0165427
0.0146791
0.0166432
0.0234901
0.0372778
0.0610432
0.0983181
0.15268
0.227425
0.325049
0.446592
0.591483
0.757804
0.942231
1.1402
1.34571
1.55288
1.75445
1.94118
2.09976
2.21453
2.26816
0.206841
0.550288
0.527707
0.719093
1.06477
1.47272
1.24702
0.524839
0.279139
0.18265
0.0925912
0.0359604
0.0115916
0.00702499
0.0143008
0.0310607
0.0410004
0.041151
0.0405247
0.0397931
0.0393695
0.0389583
0.0386858
0.0384618
0.0382883
0.0381416
0.0380235
0.0379134
0.0378049
0.0377022
0.0376097
0.0375272
0.0374428
0.0373403
0.0372004
0.036986
0.0366089
0.0358716
0.0343847
0.0315572
0.0269665
0.0213359
0.016983
0.0162236
0.0206227
0.0326313
0.0567323
0.0991871
0.166619
0.263921
0.392212
0.54822
0.725384
0.915458
1.10973
1.29854
1.47034
1.60986
1.69624
1.69526
0.204771
0.536514
0.504332
0.685972
1.02701
1.43316
1.20191
0.510406
0.28626
0.195518
0.107543
0.0456869
0.0144636
0.00657197
0.0107863
0.0265767
0.039726
0.0409603
0.0403024
0.0395314
0.0391063
0.0387484
0.0385022
0.0382853
0.0381009
0.0379522
0.0378315
0.0377302
0.0376419
0.0375605
0.0374861
0.0374171
0.037352
0.0372921
0.0372362
0.0371825
0.0371255
0.0370526
0.0369417
0.0367414
0.0363253
0.035411
0.0334375
0.0296463
0.0240501
0.0189794
0.0180642
0.0245351
0.0435168
0.0835559
0.153695
0.258052
0.393063
0.549513
0.715863
0.879528
1.0262
1.1375
1.18626
1.11847
0.201551
0.520523
0.480879
0.650762
0.985146
1.39479
1.16797
0.512962
0.299738
0.209628
0.124534
0.0574501
0.0184568
0.00674486
0.0082223
0.0217387
0.0379038
0.0407516
0.0401806
0.0393547
0.0388762
0.0384988
0.0382501
0.0380639
0.0379102
0.037785
0.0376745
0.0375775
0.0374929
0.0374166
0.0373495
0.0372889
0.0372321
0.0371794
0.0371322
0.0370913
0.0370572
0.037028
0.0370027
0.0369794
0.0369488
0.0368907
0.0367467
0.0363633
0.0353505
0.0328745
0.0280001
0.0219634
0.0194095
0.0252374
0.0457754
0.0903605
0.165667
0.269528
0.391638
0.517534
0.630377
0.70937
0.72483
0.622219
0.196877
0.501937
0.458183
0.614486
0.938723
1.35452
1.14738
0.528555
0.318056
0.226045
0.1437
0.0715229
0.0238777
0.00754456
0.00647286
0.0169453
0.035408
0.0404031
0.0400592
0.0391837
0.0386606
0.0382802
0.0380285
0.0378499
0.0377076
0.037593
0.0375006
0.0374194
0.0373486
0.0372825
0.0372229
0.0371677
0.0371166
0.0370693
0.0370271
0.0369894
0.0369547
0.0369248
0.0369025
0.036891
0.036893
0.0369074
0.0369289
0.0369415
0.0368983
0.0366597
0.0358334
0.0334952
0.0285481
0.0225751
0.0209297
0.0288013
0.0522071
0.0970546
0.162739
0.239659
0.311986
0.359678
0.357342
0.269401
0.190551
0.479977
0.437019
0.579157
0.888453
1.30998
1.13545
0.55277
0.339333
0.244246
0.164936
0.0892437
0.0315616
0.00908102
0.00544699
0.0126802
0.0318439
0.0398908
0.0399662
0.0390713
0.0384952
0.0380776
0.037801
0.0376153
0.0374866
0.0373952
0.0373247
0.0372616
0.0372033
0.0371481
0.0370961
0.0370462
0.0369976
0.036953
0.0369152
0.0368847
0.0368592
0.0368375
0.0368182
0.0368007
0.0367892
0.0367888
0.03681
0.0368607
0.0369379
0.0370185
0.0370432
0.0368547
0.0360133
0.0335362
0.0285577
0.0232336
0.0225119
0.030154
0.0485737
0.0768348
0.107613
0.128043
0.122991
0.0795544
0.182809
0.453798
0.418343
0.546758
0.835699
1.25978
1.13356
0.581491
0.36217
0.26354
0.18677
0.109927
0.0425972
0.0117339
0.00506565
0.00927015
0.0272128
0.0390281
0.039754
0.0388932
0.0383152
0.0379208
0.0376462
0.0374398
0.0372895
0.0371845
0.0371149
0.0370674
0.0370329
0.0370045
0.0369732
0.0369368
0.036895
0.0368532
0.0368123
0.0367732
0.0367399
0.0367176
0.0367091
0.03671
0.0367129
0.0367137
0.0367173
0.0367344
0.0367784
0.0368651
0.0370005
0.0371584
0.037263
0.0371607
0.0364795
0.0344518
0.0304709
0.0259203
0.0238565
0.0258214
0.0305283
0.0341393
0.032246
0.0236872
0.175187
0.422703
0.402937
0.518793
0.782316
1.2032
1.13939
0.610353
0.385341
0.282705
0.208197
0.131986
0.057281
0.016045
0.00538117
0.00676765
0.0216739
0.0376706
0.0396822
0.0387505
0.0380728
0.0376492
0.037415
0.0372557
0.0371366
0.0370384
0.0369616
0.0369018
0.0368593
0.0368291
0.0368063
0.0367886
0.0367721
0.0367527
0.0367261
0.0366927
0.0366579
0.0366253
0.0365981
0.0365808
0.0365789
0.036595
0.0366226
0.0366521
0.0366826
0.0367271
0.0368053
0.0369377
0.0371363
0.0373743
0.0375831
0.0376905
0.0375437
0.036808
0.0351673
0.0329011
0.0309231
0.0299728
0.0309734
0.033025
0.171654
0.387682
0.391682
0.496353
0.730746
1.1414
1.14456
0.635449
0.407591
0.300208
0.22671
0.152737
0.0755034
0.0229112
0.00659702
0.00525739
0.015811
0.0349313
0.0395187
0.038756
0.0379916
0.0374841
0.0371835
0.0370026
0.0369012
0.0368432
0.0368028
0.0367647
0.0367291
0.0366963
0.0366683
0.0366449
0.0366248
0.0366076
0.0365937
0.0365824
0.03657
0.0365527
0.0365304
0.0365071
0.0364874
0.0364763
0.03648
0.036505
0.0365521
0.0366125
0.0366786
0.036759
0.0368783
0.0370628
0.0373246
0.0376315
0.0379391
0.0382616
0.0385886
0.0388593
0.0390289
0.0390015
0.0393193
0.0378079
0.177805
0.353138
0.385394
0.480086
0.684314
1.07886
1.13384
0.654262
0.428027
0.315954
0.24127
0.169626
0.0949041
0.0331345
0.00918984
0.00469225
0.0108095
0.0302851
0.0389595
0.038659
0.0378768
0.0373545
0.0370365
0.036834
0.0367134
0.0366423
0.0366032
0.0365816
0.0365682
0.0365574
0.0365443
0.0365282
0.0365098
0.0364908
0.0364723
0.0364552
0.0364406
0.0364303
0.0364253
0.0364229
0.0364186
0.0364103
0.0364019
0.0364002
0.0364125
0.0364471
0.0365102
0.0365973
0.036695
0.0368066
0.0369639
0.0371965
0.0375007
0.0378255
0.038149
0.038505
0.0388498
0.0388841
0.0388828
0.037313
0.191274
0.329549
0.384907
0.47108
0.647239
1.02297
1.08674
0.664024
0.445999
0.330048
0.252423
0.182389
0.112286
0.046576
0.0139668
0.00509329
0.00733864
0.0236891
0.037775
0.0386257
0.0377686
0.0371667
0.0368355
0.036646
0.0365398
0.0364791
0.0364447
0.0364225
0.0364086
0.0364013
0.0363958
0.0363912
0.0363861
0.0363787
0.0363686
0.0363554
0.03634
0.0363241
0.0363105
0.0363015
0.0362994
0.0363044
0.0363141
0.0363238
0.0363308
0.03634
0.036363
0.0364113
0.0364911
0.0365954
0.0367065
0.0368327
0.0370116
0.0372517
0.037526
0.0378067
0.0380936
0.0381712
0.0382515
0.0370009
0.203866
0.323293
0.389847
0.471036
0.626408
0.978715
1.01066
0.66611
0.461188
0.342001
0.260148
0.190311
0.12465
0.0619105
0.0221254
0.00676018
0.00548617
0.0163119
0.034835
0.0384801
0.0377523
0.0370695
0.0366757
0.0364522
0.036338
0.0362877
0.0362675
0.036262
0.0362635
0.0362644
0.036263
0.0362609
0.0362573
0.0362528
0.0362482
0.0362436
0.0362377
0.0362302
0.0362204
0.0362093
0.0361988
0.0361916
0.0361908
0.0361993
0.0362169
0.0362387
0.0362595
0.0362816
0.0363169
0.0363777
0.0364664
0.0365716
0.0366756
0.0367938
0.036951
0.0371292
0.0373255
0.0373457
0.0374629
0.0365596
0.213421
0.337172
0.40091
0.474895
0.626205
0.94821
0.988659
0.667745
0.472959
0.350479
0.263384
0.192789
0.132438
0.0762161
0.032554
0.0103976
0.00505274
0.0104424
0.0292192
0.0377909
0.0376427
0.0369448
0.0365325
0.0363024
0.036183
0.0361212
0.0360935
0.0360902
0.0360985
0.03611
0.0361226
0.0361327
0.0361374
0.0361383
0.0361362
0.0361319
0.0361265
0.0361208
0.0361159
0.0361121
0.0361083
0.0361031
0.0360974
0.0360938
0.0360956
0.0361053
0.0361244
0.0361516
0.0361811
0.0362108
0.0362518
0.0363159
0.0364001
0.0364905
0.0365805
0.0366834
0.0368236
0.036828
0.0369092
0.0362331
0.0381588
0.0416263
0.0455833
0.0502139
0.0558503
0.0626124
0.071083
0.0814175
0.0941285
0.109871
0.128599
0.151773
0.180488
0.212974
0.260122
0.299835
0.358375
0.356669
0.3468
0.16658
0.0378732
0.0409209
0.0445906
0.048839
0.054095
0.060625
0.068654
0.0788835
0.0916779
0.107211
0.127996
0.150474
0.18429
0.217788
0.270671
0.316983
0.384166
0.364907
0.376215
0.286054
0.0373876
0.0402832
0.0434698
0.0474095
0.0523511
0.0582221
0.0663243
0.0752101
0.0887721
0.102732
0.124765
0.147654
0.18202
0.218905
0.273829
0.313686
0.390167
0.38904
0.347557
0.357485
0.0372212
0.0394812
0.0426701
0.0456759
0.0509957
0.0555906
0.0639671
0.0716267
0.0846098
0.0982386
0.118766
0.141557
0.176001
0.208516
0.266826
0.303362
0.357012
0.406629
0.364575
0.361195
0.0375444
0.0386538
0.0421922
0.0441849
0.0496533
0.0536095
0.0614233
0.0684651
0.0801476
0.0918943
0.11202
0.130407
0.164991
0.193267
0.240287
0.289286
0.316619
0.384824
0.383188
0.357186
0.0370998
0.0379532
0.0408744
0.0427043
0.0474338
0.0510446
0.0585199
0.0642257
0.0760195
0.0848537
0.103257
0.118843
0.144615
0.175973
0.204427
0.26102
0.285479
0.335947
0.363963
0.357355
0.036009
0.0372364
0.0391949
0.0411257
0.045466
0.0485158
0.0557763
0.0604368
0.0702317
0.0785656
0.0906192
0.107597
0.122315
0.154511
0.174194
0.219711
0.248538
0.283042
0.317201
0.333976
0.0355967
0.0365895
0.0379554
0.0395884
0.0428118
0.0458257
0.0508069
0.0564702
0.0623262
0.072513
0.079221
0.0959846
0.105735
0.130481
0.147487
0.177313
0.205046
0.232118
0.261206
0.285558
0.0355406
0.0360055
0.0367931
0.0384195
0.0401526
0.0441581
0.0469148
0.0540406
0.0575858
0.0675693
0.0724879
0.0851701
0.093485
0.109061
0.123518
0.141739
0.162662
0.183128
0.205197
0.225791
0.0354644
0.0359313
0.0362355
0.0380591
0.038789
0.0430597
0.0446722
0.0514119
0.0542884
0.0624161
0.0672439
0.0760553
0.0837015
0.093486
0.104444
0.116058
0.129616
0.142537
0.154132
0.153926
0.0339155
0.0335712
0.031708
0.0318979
0.0305881
0.0324255
0.0321711
0.0360407
0.0375632
0.0430519
0.0468113
0.0528278
0.0581247
0.0637888
0.0692618
0.0715668
0.0662786
0.0506274
0.0463955
0.0517755
0.0264162
0.0219519
0.0193046
0.01735
0.0162251
0.0156736
0.0156303
0.0162611
0.0172531
0.0190366
0.0211497
0.024065
0.0277553
0.0327402
0.0388841
0.0464836
0.0541573
0.0679173
0.0909358
0.112996
0.00929686
0.0178357
0.0245345
0.0317464
0.0383187
0.0452583
0.0525695
0.0607264
0.0698266
0.080007
0.0906084
0.101329
0.111419
0.121123
0.129331
0.138304
0.148144
0.1846
0.186905
0.207546
0.0826021
0.0724061
0.0706955
0.0733864
0.0783982
0.0861252
0.0956735
0.107368
0.120495
0.134297
0.147882
0.159519
0.169242
0.174274
0.17777
0.178056
0.20819
0.201385
0.203196
0.268512
0.0592458
0.0392439
0.0491901
0.0587809
0.0682554
0.0750533
0.08285
0.0886672
0.0942
0.0957713
0.0943962
0.0873281
0.0784286
0.067395
0.0613589
0.0599688
0.0961615
0.0934406
0.115435
0.181355
0.0344967
0.0232011
0.0222427
0.0228055
0.0256436
0.0275496
0.0291388
0.0303779
0.0309028
0.030899
0.0301013
0.0288601
0.0281769
0.0299153
0.0375216
0.0389312
0.0411184
0.056851
0.0670288
0.059782
0.0295086
0.0185028
0.0141768
0.0180862
0.0199798
0.0208511
0.021652
0.0229814
0.024042
0.0257686
0.0278703
0.0316416
0.0376673
0.0495186
0.0641995
0.0579389
0.0736224
0.0965155
0.0759275
0.0763687
0.0183203
0.015391
0.0143664
0.0223794
0.0280513
0.0301611
0.0320464
0.034189
0.0366633
0.039716
0.0433507
0.047509
0.0522901
0.0608935
0.0659697
0.0690251
0.0712496
0.0841002
0.0826616
0.0796949
0.0193525
0.0145553
0.0135183
0.0225233
0.0310864
0.0355851
0.0381355
0.0410303
0.0438789
0.0474332
0.0511215
0.0560827
0.0603989
0.0675801
0.0696416
0.0672524
0.0697258
0.0722962
0.0810532
0.0718586
0.0169996
0.0144176
0.0161437
0.0260093
0.0333127
0.0365239
0.0382614
0.039802
0.0413597
0.0431695
0.0453007
0.0478914
0.0517375
0.0574923
0.0642577
0.0649068
0.0653082
0.0636145
0.0675731
0.0639997
0.0194044
0.0145104
0.0178837
0.0287802
0.0349704
0.0372823
0.0387497
0.0403896
0.0420663
0.0439497
0.0459553
0.0482014
0.0506727
0.0534101
0.0571825
0.057402
0.0560373
0.0550988
0.0579484
0.0611241
0.019174
0.0148508
0.0219247
0.0323736
0.0357378
0.0367592
0.0372823
0.038026
0.038793
0.0397577
0.0409495
0.0424944
0.0448813
0.0476182
0.050634
0.0521972
0.0524756
0.0489652
0.0495248
0.0551997
0.0191296
0.0170316
0.0290841
0.0350396
0.0361755
0.0366464
0.0370902
0.0377293
0.0383442
0.0391071
0.0399106
0.0408813
0.0422899
0.0439686
0.0458658
0.0460516
0.044404
0.0405714
0.0413582
0.0471313
0.0177243
0.0215745
0.0328864
0.035739
0.0357463
0.0358591
0.0359445
0.0361544
0.0363183
0.0365574
0.0368187
0.0372357
0.0380009
0.0390603
0.0402631
0.040516
0.0399414
0.0383304
0.0383114
0.0423621
0.112716
0.151292
0.166941
0.184334
0.196472
0.204683
0.204839
0.187988
0.188217
0.191202
0.183534
0.183139
0.179121
0.178063
0.179746
0.211542
0.242638
0.286276
0.400161
0.451175
0.487066
0.466535
0.464112
0.458383
0.429563
0.422776
0.396945
0.391982
0.372479
0.397124
0.31662
0.266797
0.266399
0.281779
0.303295
0.327166
0.343141
0.358025
0.362541
0.36236
0.362445
0.360957
0.360663
0.357879
0.353239
0.370575
0.344774
0.330399
0.328241
0.33307
0.342189
0.35269
0.362314
0.368968
0.371554
0.370487
0.360155
0.344923
0.323495
0.31767
0.371166
0.379931
0.385439
0.395023
0.402568
0.408019
0.40875
0.406589
0.398181
0.384668
0.360901
0.329408
0.302717
0.29609
0.318824
0.361606
0.378029
0.395297
0.411843
0.421891
0.423895
0.418332
0.402456
0.377379
0.340903
0.303598
0.279094
0.28424
0.320968
0.383573
0.345138
0.362508
0.381628
0.396643
0.401959
0.395265
0.374683
0.336221
0.294504
0.261856
0.256259
0.281479
0.334549
0.418484
0.492542
0.306289
0.326661
0.342052
0.345962
0.333676
0.301448
0.260891
0.225211
0.219808
0.242633
0.289785
0.371522
0.448939
0.528867
0.663468
0.245345
0.252653
0.244142
0.220436
0.187955
0.169569
0.173564
0.201669
0.247688
0.323251
0.401257
0.495062
0.6117
0.629282
0.521786
0.139134
0.114525
0.104865
0.112564
0.133885
0.171758
0.221661
0.299298
0.34796
0.43235
0.549149
0.628556
0.525581
0.308486
0.212027
0.0657633
0.089995
0.124165
0.167795
0.222864
0.289339
0.333063
0.389924
0.484673
0.527351
0.450934
0.359544
0.24203
0.15728
0.0995654
0.146057
0.197542
0.255014
0.281825
0.340683
0.35737
0.467218
0.445885
0.334305
0.302611
0.197197
0.150646
0.111674
0.0914568
0.0466023
0.238108
0.298382
0.299364
0.37653
0.449278
0.27995
0.287194
0.15657
0.129656
0.0989955
0.0757205
0.0678339
0.0475911
0.0483725
0.0434793
0.333236
0.356652
0.202117
0.183642
0.210981
0.101238
0.116886
0.0788369
0.0616477
0.0516687
0.0411232
0.0507898
0.0451177
0.0533694
0.0582906
0.147453
0.165386
0.0860178
0.0596926
0.0605264
0.0467927
0.0491754
0.0492986
0.0439967
0.0565007
0.050346
0.0572249
0.0633325
0.0641653
0.0611167
0.047052
0.0430333
0.0413394
0.0421843
0.0512217
0.0449671
0.0560445
0.0566559
0.0532039
0.061012
0.0625667
0.0657429
0.072496
0.0600137
0.0637161
0.0502058
0.0482605
0.0669877
0.0709072
0.0668342
0.0543676
0.0571036
0.0664962
0.066516
0.0641432
0.0658252
0.0612333
0.0686382
0.0593818
0.0587022
0.0606784
0.0691434
0.0691455
0.0710791
0.0639113
0.0656091
0.0619193
0.0662838
0.0597465
0.0566028
0.0608896
0.0610679
0.0684757
0.0542237
0.0548674
0.0604796
0.0653799
0.0704461
0.064533
0.0620912
0.0560975
0.0533002
0.0565902
0.0568233
0.055255
0.0580489
0.0526044
0.0578122
0.0511202
0.0485429
0.0581961
0.0599325
0.0581278
0.0553899
0.0508325
0.05087
0.0521853
0.0548845
0.0527983
0.0474506
0.0495736
0.0500926
0.057729
0.0501286
0.0466236
0.0607394
0.0584174
0.0554603
0.048315
0.0470057
0.0470547
0.0454006
0.0458452
0.0457409
0.0459048
0.048552
0.0461247
0.046997
0.0445279
0.0419354
0.0536368
0.0499687
0.0450888
0.0417829
0.0404898
0.0414184
0.0434622
0.0454798
0.0445632
0.0425104
0.0417502
0.043019
0.0469052
0.0443249
0.0406589
0.0497128
0.0462435
0.0429596
0.0398405
0.0391282
0.0403538
0.0409428
0.0394511
0.0384863
0.0404799
0.0412186
0.0416165
0.0386096
0.0394143
0.0384805
0.0419089
0.0396569
0.03754
0.0368658
0.0362217
0.0373779
0.03937
0.038739
0.037577
0.0380421
0.0361978
0.0390272
0.0380157
0.0376903
0.0362018
0.270223
0.352083
0.410704
0.483141
0.650652
0.807654
0.894734
0.634815
0.468504
0.351053
0.260253
0.190024
0.13578
0.08581
0.0422581
0.0155084
0.0059957
0.0070449
0.0215287
0.0361368
0.0374871
0.036805
0.0363647
0.0361341
0.0360195
0.0359649
0.0359465
0.0359468
0.0359535
0.0359649
0.0359787
0.0359918
0.0360037
0.0360137
0.0360212
0.0360252
0.0360254
0.036022
0.0360166
0.036011
0.0360062
0.0360028
0.0360011
0.0360011
0.0360014
0.0360012
0.036003
0.0360118
0.036031
0.0360582
0.0360862
0.0361118
0.0361449
0.0361942
0.0362545
0.0363155
0.0364149
0.0364199
0.0365593
0.0360699
0.419268
0.42466
0.44472
0.544942
0.777977
0.741768
0.745892
0.521589
0.404057
0.299391
0.216621
0.154629
0.110809
0.0699878
0.0336797
0.0125041
0.0059146
0.00903956
0.0253548
0.0368826
0.0372898
0.0365925
0.0361851
0.0359666
0.0358561
0.0358104
0.0358007
0.0358079
0.0358236
0.0358423
0.0358599
0.0358747
0.0358868
0.0358964
0.0359042
0.035911
0.0359164
0.0359204
0.0359227
0.0359229
0.0359202
0.0359152
0.0359091
0.0359044
0.035903
0.0359045
0.0359068
0.0359083
0.0359098
0.0359152
0.0359285
0.035949
0.0359688
0.0359832
0.0360028
0.0360295
0.0360921
0.0360726
0.0361817
0.0358523
0.350188
0.369364
0.464352
0.592978
0.597818
0.531229
0.524178
0.429581
0.342475
0.232638
0.163806
0.116973
0.0864672
0.056353
0.0273347
0.0112813
0.0064212
0.0106241
0.0279317
0.0373103
0.0371337
0.0364137
0.0360149
0.0358094
0.0357166
0.0356841
0.0356794
0.0356883
0.0357046
0.0357235
0.0357427
0.0357616
0.0357782
0.0357918
0.0358026
0.0358106
0.0358159
0.0358192
0.0358215
0.035824
0.0358265
0.035828
0.0358273
0.035824
0.0358185
0.0358121
0.0358067
0.0358045
0.0358051
0.035804
0.0357999
0.0357985
0.0358028
0.035809
0.0358154
0.0358191
0.0358615
0.0358483
0.0359714
0.0357482
0.336722
0.421978
0.552134
0.635273
0.485212
0.341235
0.282982
0.230689
0.185482
0.133232
0.110468
0.0857824
0.0646625
0.0438161
0.022545
0.0104735
0.00743482
0.0139345
0.0315121
0.0376615
0.0370007
0.0362707
0.0358756
0.0356751
0.0355852
0.0355548
0.035556
0.0355732
0.035596
0.035619
0.0356405
0.0356592
0.0356751
0.0356886
0.0357007
0.0357115
0.0357206
0.0357275
0.0357321
0.0357347
0.0357357
0.0357354
0.0357345
0.0357341
0.035734
0.0357314
0.0357248
0.0357157
0.0357069
0.0356989
0.0356914
0.0356829
0.0356709
0.0356588
0.035652
0.0356421
0.0356617
0.035633
0.0357422
0.0356211
0.382468
0.530246
0.559285
0.497625
0.441663
0.359764
0.292615
0.217072
0.170012
0.128068
0.10216
0.0774535
0.0562304
0.0382681
0.0239301
0.0131369
0.00820997
0.012741
0.0312676
0.0379046
0.0368699
0.0361079
0.0357421
0.0355699
0.0354924
0.0354643
0.0354628
0.0354749
0.0354942
0.0355171
0.0355412
0.0355639
0.0355835
0.0355995
0.035612
0.0356219
0.0356296
0.0356356
0.0356412
0.0356468
0.0356516
0.035654
0.0356537
0.0356514
0.035648
0.0356437
0.0356385
0.0356323
0.0356231
0.0356092
0.0355934
0.0355788
0.0355633
0.0355446
0.0355249
0.0355033
0.0355142
0.0354884
0.0355939
0.0355393
0.491078
0.67087
0.579185
0.300291
0.203882
0.157844
0.125248
0.1081
0.100826
0.101724
0.0942841
0.0713975
0.0436235
0.03308
0.0305347
0.0381704
0.0425275
0.0439528
0.0401504
0.0378229
0.0365816
0.0359508
0.0356268
0.0354676
0.035397
0.0353753
0.0353797
0.0353954
0.0354148
0.0354352
0.035455
0.0354739
0.0354917
0.0355086
0.0355247
0.0355388
0.0355499
0.0355575
0.0355626
0.0355662
0.0355686
0.0355702
0.0355714
0.0355723
0.0355712
0.0355665
0.0355587
0.0355494
0.0355391
0.0355264
0.0355102
0.0354902
0.0354677
0.0354451
0.0354238
0.035397
0.0353945
0.0353614
0.0354554
0.0354604
0.641961
0.612682
0.39725
0.357674
0.264258
0.187114
0.136924
0.10672
0.0959925
0.0995469
0.101945
0.0895658
0.0637554
0.0456008
0.0341744
0.0348322
0.0415356
0.044013
0.0400167
0.0376057
0.0364139
0.0358398
0.0355491
0.0354035
0.0353343
0.0353088
0.035308
0.03532
0.0353387
0.0353603
0.0353818
0.0354013
0.0354181
0.0354327
0.0354457
0.0354573
0.0354678
0.0354775
0.0354864
0.0354938
0.0354984
0.0355
0.0354994
0.0354976
0.0354949
0.0354908
0.0354848
0.035476
0.0354636
0.035448
0.0354305
0.0354117
0.0353898
0.0353641
0.035337
0.0353069
0.0353009
0.0352692
0.0353542
0.0354001
0.809856
0.414944
0.215
0.176563
0.141577
0.12385
0.112874
0.113348
0.126829
0.139367
0.129458
0.0984614
0.0822838
0.0825338
0.0757796
0.0668013
0.0518043
0.0439449
0.0393051
0.0372641
0.0362493
0.0357458
0.0354777
0.0353408
0.0352773
0.0352559
0.0352563
0.0352667
0.0352816
0.0352985
0.0353159
0.0353327
0.0353489
0.0353644
0.0353785
0.0353904
0.0354001
0.0354081
0.035415
0.0354212
0.0354265
0.0354307
0.0354332
0.0354335
0.0354309
0.0354255
0.0354179
0.0354086
0.0353972
0.0353826
0.0353641
0.0353422
0.035318
0.0352926
0.0352669
0.0352364
0.0352248
0.0351916
0.0352659
0.0353445
0.446485
0.240503
0.198605
0.251934
0.168701
0.148007
0.119969
0.104787
0.116053
0.137697
0.13832
0.119752
0.0828352
0.0685538
0.0597339
0.052272
0.0446176
0.0406568
0.0381459
0.0368515
0.036082
0.0356558
0.035422
0.0352993
0.0352395
0.0352155
0.0352114
0.0352185
0.035232
0.0352482
0.0352643
0.0352791
0.0352925
0.0353048
0.0353162
0.0353268
0.0353366
0.0353457
0.0353536
0.03536
0.0353647
0.0353678
0.0353697
0.0353703
0.0353694
0.0353662
0.0353601
0.0353507
0.0353381
0.0353227
0.0353049
0.035285
0.0352623
0.0352369
0.0352101
0.0351798
0.0351667
0.0351347
0.035199
0.0352997
0.138957
0.134895
0.161343
0.236235
0.169038
0.185143
0.157262
0.142723
0.149066
0.147638
0.124059
0.0977525
0.0864743
0.0779782
0.065136
0.053323
0.0451988
0.0408534
0.0381525
0.0367758
0.0360209
0.0356153
0.035391
0.0352715
0.0352123
0.0351876
0.0351813
0.0351851
0.0351942
0.035206
0.0352189
0.0352322
0.0352452
0.0352571
0.0352676
0.0352766
0.0352843
0.0352913
0.0352975
0.0353033
0.0353084
0.0353124
0.0353149
0.0353156
0.0353143
0.0353109
0.0353053
0.0352973
0.0352867
0.035273
0.0352559
0.0352357
0.035213
0.0351887
0.0351636
0.035135
0.0351203
0.0350896
0.0351441
0.0352592
0.0754016
0.0957808
0.140822
0.181505
0.161723
0.160017
0.149154
0.131736
0.149359
0.155104
0.132197
0.118717
0.0876987
0.0655014
0.0525198
0.0455003
0.0411479
0.0388491
0.0373818
0.0364821
0.035905
0.0355644
0.0353675
0.0352585
0.0351996
0.0351707
0.03516
0.0351602
0.0351664
0.0351752
0.0351852
0.0351953
0.0352052
0.0352149
0.0352242
0.0352329
0.0352407
0.0352475
0.035253
0.0352575
0.0352612
0.0352639
0.0352657
0.0352663
0.0352656
0.0352632
0.0352585
0.0352514
0.0352414
0.0352286
0.0352132
0.0351952
0.0351749
0.0351525
0.0351287
0.0351018
0.0350868
0.0350577
0.035103
0.0352259
0.0829337
0.101697
0.123656
0.193868
0.153597
0.169154
0.165506
0.143708
0.136824
0.128345
0.106638
0.0870769
0.0783923
0.0642854
0.0538991
0.0458763
0.0414334
0.0388382
0.0372884
0.0364116
0.0358698
0.0355489
0.0353589
0.0352504
0.0351913
0.0351605
0.0351471
0.035144
0.0351464
0.0351519
0.0351591
0.035167
0.0351749
0.0351825
0.0351897
0.0351965
0.0352029
0.0352089
0.0352141
0.0352187
0.0352223
0.0352249
0.0352263
0.0352265
0.0352252
0.0352223
0.0352176
0.0352109
0.035202
0.0351908
0.0351769
0.0351603
0.0351415
0.0351209
0.0350993
0.0350751
0.0350606
0.0350339
0.035071
0.0351963
0.0675709
0.103837
0.127912
0.0897092
0.13334
0.117986
0.144981
0.137098
0.140168
0.135668
0.114665
0.100768
0.0785832
0.0584169
0.0472586
0.0423156
0.039492
0.0379205
0.0369129
0.0362559
0.035818
0.0355364
0.0353617
0.0352554
0.0351929
0.0351577
0.0351401
0.0351333
0.0351327
0.0351356
0.0351404
0.0351459
0.0351517
0.0351575
0.0351631
0.0351685
0.0351735
0.0351782
0.0351826
0.0351865
0.0351898
0.0351921
0.0351934
0.0351934
0.0351922
0.0351895
0.0351852
0.0351789
0.0351705
0.03516
0.0351474
0.0351326
0.035116
0.0350978
0.0350784
0.0350567
0.0350429
0.0350186
0.0350482
0.0351715
0.0839245
0.119628
0.124481
0.0971451
0.153837
0.132196
0.149378
0.131346
0.112522
0.102275
0.0914966
0.0754013
0.0697983
0.054877
0.0471284
0.0420214
0.0394074
0.0377954
0.0367974
0.0361905
0.0357892
0.0355274
0.0353588
0.0352554
0.0351944
0.0351593
0.0351392
0.0351288
0.0351248
0.0351247
0.0351271
0.0351306
0.0351347
0.0351389
0.0351432
0.0351473
0.0351512
0.0351547
0.0351579
0.0351608
0.0351632
0.0351651
0.0351663
0.0351665
0.0351655
0.0351631
0.0351592
0.0351535
0.035146
0.0351365
0.0351251
0.0351118
0.0350967
0.0350802
0.0350627
0.0350435
0.0350307
0.0350091
0.0350322
0.03515
0.0686997
0.0990795
0.107367
0.0884604
0.126898
0.119714
0.125965
0.120892
0.110152
0.106624
0.0996118
0.0844106
0.0684351
0.0521886
0.0437442
0.0403302
0.0384333
0.0373302
0.0366017
0.0360886
0.0357461
0.035514
0.0353599
0.035261
0.0351996
0.0351616
0.0351389
0.0351264
0.0351203
0.0351179
0.0351179
0.0351195
0.035122
0.0351249
0.035128
0.0351311
0.0351341
0.0351369
0.0351395
0.0351418
0.0351436
0.0351449
0.0351454
0.0351453
0.0351442
0.0351421
0.0351387
0.0351337
0.0351271
0.0351188
0.0351086
0.0350967
0.0350834
0.0350689
0.0350536
0.0350368
0.035025
0.0350059
0.0350233
0.0351324
0.0711821
0.0931518
0.0972718
0.0723507
0.124646
0.104215
0.106572
0.113166
0.101665
0.0919722
0.0835971
0.0657128
0.0595054
0.0487327
0.043207
0.0399636
0.0382552
0.0372179
0.0365016
0.036032
0.0357144
0.0355035
0.0353629
0.0352685
0.0352056
0.0351656
0.035141
0.0351263
0.0351179
0.0351137
0.0351121
0.0351122
0.0351132
0.0351149
0.0351171
0.0351194
0.0351218
0.035124
0.035126
0.0351277
0.035129
0.0351299
0.0351301
0.0351297
0.0351285
0.0351264
0.0351232
0.0351188
0.0351129
0.0351056
0.0350969
0.0350867
0.0350751
0.0350623
0.0350488
0.0350343
0.0350236
0.0350069
0.0350195
0.0351178
0.0616822
0.0809488
0.078377
0.0726308
0.0992037
0.090954
0.0916558
0.0980483
0.0903425
0.0821918
0.0877386
0.072398
0.0590611
0.047299
0.0412775
0.0389825
0.0376874
0.0369175
0.0363807
0.0359742
0.0356901
0.0354963
0.0353629
0.0352706
0.0352081
0.0351685
0.0351437
0.0351276
0.0351176
0.0351118
0.0351088
0.0351076
0.0351076
0.0351083
0.0351096
0.0351111
0.0351128
0.0351146
0.0351163
0.0351177
0.0351188
0.0351195
0.0351196
0.0351191
0.0351179
0.0351158
0.0351129
0.035109
0.0351039
0.0350975
0.0350898
0.0350807
0.0350707
0.0350599
0.0350483
0.0350359
0.0350263
0.035012
0.0350206
0.0351065
0.0650638
0.070965
0.0694947
0.0627391
0.0891473
0.0766916
0.0717601
0.0869817
0.0809348
0.0738538
0.0719058
0.0564998
0.049406
0.0436608
0.0405477
0.0386124
0.0374734
0.0367836
0.0362835
0.0359252
0.0356625
0.0354802
0.0353542
0.0352684
0.0352105
0.0351717
0.0351457
0.0351286
0.0351178
0.0351112
0.0351073
0.0351052
0.0351044
0.0351044
0.0351049
0.0351059
0.035107
0.0351083
0.0351096
0.0351108
0.0351118
0.0351124
0.0351126
0.0351122
0.0351113
0.0351096
0.0351071
0.0351035
0.0350989
0.0350933
0.0350867
0.0350791
0.0350705
0.0350611
0.0350512
0.0350408
0.0350325
0.0350204
0.0350257
0.0350981
0.0488228
0.06044
0.0606899
0.0501272
0.0719301
0.0669578
0.0641206
0.0741592
0.0724649
0.0641965
0.0696625
0.0617886
0.0499127
0.0432592
0.0395344
0.0380137
0.0371459
0.0365703
0.0361644
0.0358511
0.0356204
0.0354548
0.0353402
0.0352621
0.0352089
0.0351723
0.0351473
0.0351305
0.0351191
0.0351116
0.0351071
0.0351044
0.0351031
0.0351028
0.035103
0.0351037
0.0351045
0.0351054
0.0351064
0.0351073
0.035108
0.0351086
0.0351087
0.0351084
0.0351076
0.0351062
0.0351042
0.0351014
0.0350978
0.0350931
0.0350874
0.0350809
0.0350738
0.035066
0.0350577
0.035049
0.0350417
0.0350318
0.0350346
0.035093
0.0493755
0.0526745
0.0539367
0.0485925
0.0592382
0.0591567
0.0567341
0.0673405
0.0662469
0.06305
0.0567163
0.0464711
0.0421118
0.0400141
0.0386263
0.037626
0.0368997
0.0364121
0.0360418
0.035774
0.0355733
0.0354275
0.0353253
0.0352544
0.0352045
0.0351696
0.035146
0.0351303
0.0351199
0.0351129
0.0351084
0.0351055
0.0351039
0.0351032
0.0351032
0.0351036
0.0351043
0.035105
0.0351057
0.0351064
0.035107
0.0351074
0.0351076
0.0351075
0.035107
0.035106
0.0351044
0.0351021
0.0350991
0.0350955
0.035091
0.0350858
0.0350799
0.0350735
0.0350668
0.0350598
0.0350538
0.0350457
0.0350467
0.0350911
0.0416248
0.0447736
0.0493463
0.0449185
0.0525967
0.0529469
0.0538597
0.0557293
0.0563115
0.0542249
0.0520957
0.0485793
0.0431494
0.039983
0.0381792
0.0372227
0.0366417
0.0362159
0.0359222
0.0356946
0.0355229
0.035395
0.0353036
0.0352397
0.0351957
0.0351657
0.0351453
0.0351312
0.0351216
0.035115
0.0351106
0.0351078
0.0351062
0.0351055
0.0351054
0.0351056
0.0351061
0.0351067
0.0351073
0.0351079
0.0351085
0.0351091
0.0351094
0.0351094
0.035109
0.0351083
0.0351071
0.0351053
0.0351031
0.0351002
0.0350968
0.0350928
0.0350884
0.0350836
0.0350784
0.035073
0.0350681
0.0350619
0.0350617
0.0350929
0.0412082
0.041949
0.0461058
0.0441452
0.0471688
0.0494121
0.0472105
0.0487008
0.0509294
0.0527786
0.0470487
0.0396639
0.0378585
0.0375884
0.0372086
0.0367835
0.0363437
0.0360309
0.0357806
0.0355928
0.0354507
0.0353472
0.0352723
0.0352194
0.0351831
0.0351583
0.0351415
0.0351301
0.0351228
0.0351179
0.0351145
0.0351122
0.0351107
0.0351099
0.0351097
0.0351098
0.0351102
0.0351106
0.0351111
0.0351116
0.0351121
0.0351126
0.0351131
0.0351134
0.0351133
0.0351129
0.035112
0.0351107
0.0351092
0.0351073
0.035105
0.0351022
0.035099
0.0350955
0.0350917
0.0350878
0.0350843
0.0350798
0.0350791
0.0350985
0.0384462
0.03798
0.0422978
0.042553
0.0435858
0.0455006
0.0440586
0.0385376
0.0432479
0.0477395
0.0429361
0.0391573
0.0380964
0.0374618
0.0368716
0.0363779
0.0360437
0.0358037
0.0356164
0.0354687
0.0353608
0.0352843
0.035231
0.0351943
0.0351693
0.0351518
0.0351394
0.0351311
0.0351256
0.0351222
0.03512
0.0351186
0.0351176
0.0351169
0.0351166
0.0351165
0.0351167
0.0351171
0.0351175
0.0351179
0.0351184
0.0351188
0.0351191
0.0351194
0.0351195
0.0351194
0.035119
0.0351184
0.0351174
0.0351163
0.0351149
0.0351133
0.0351114
0.0351092
0.0351068
0.0351044
0.0351021
0.0350994
0.0350986
0.0351083
0.0361962
0.0359604
0.0372942
0.0373815
0.0384019
0.0405048
0.0392689
0.0356422
0.0397806
0.0433448
0.0394523
0.0361829
0.0361932
0.036467
0.0362605
0.0359794
0.0357092
0.035531
0.0354035
0.0353158
0.0352568
0.0352161
0.035188
0.0351684
0.0351547
0.0351453
0.0351389
0.0351346
0.0351316
0.0351296
0.0351284
0.0351275
0.035127
0.0351267
0.0351267
0.0351267
0.0351268
0.035127
0.0351272
0.0351274
0.0351277
0.0351279
0.0351282
0.0351283
0.0351284
0.0351284
0.0351283
0.0351281
0.0351278
0.0351275
0.0351269
0.0351262
0.0351254
0.0351244
0.0351234
0.0351223
0.0351213
0.03512
0.0351196
0.0351225
)
;

boundaryField
{
    inlet
    {
        type            calculated;
        value           uniform 0.0351381;
    }
    outlet
    {
        type            calculated;
        value           nonuniform List<scalar> 
64
(
0.133372
1.08749
2.15442
2.97262
3.62884
4.20931
4.76351
5.31579
5.83558
6.24262
6.53751
6.73392
6.84372
6.87618
6.83864
6.73722
6.57723
6.36361
6.10106
5.79427
5.44802
5.06723
4.65682
4.22147
3.765
3.28943
2.79324
2.26816
0.0351381
0.0351381
0.0351381
0.0351381
0.0351381
0.0351381
0.0351381
0.0351381
0.0351381
0.0351381
0.0351381
0.0351381
0.0351381
0.0351381
0.0351381
0.0351381
0.0351381
0.0351381
0.0351381
0.0351381
0.0351381
0.0351381
0.0351381
0.0351381
0.0351381
0.0351381
0.0351381
0.0351381
0.0351381
0.0351381
0.0351381
0.0351381
0.0351381
0.0351381
0.0351381
0.0351381
)
;
    }
    lowerWall
    {
        type            nutkWallFunction;
        Cmu             0.09;
        kappa           0.41;
        E               9.8;
        value           nonuniform List<scalar> 
155
(
0.0011752
0.0011793
0.00118326
0.00118716
0.00119085
0.00119445
0.00119778
0.00120102
0.00120396
0.00120685
0.00120944
0.00121213
0.00121461
0.00121744
0.00122016
0.00122333
0.00122605
0.0012328
0.00124425
0.00051672
0.00051672
0.00113862
0.00131005
0.0013821
0.00152615
0.00158214
0.00169957
0.0017397
0.00184703
0.00187655
0.00198281
0.00200774
0.0021255
0.00215217
0.00230145
0.00234415
0.00258137
0.00270681
0.00327252
0.00390844
0.00761134
0.0100177
0.0109825
0.0120482
0.0127882
0.0132874
0.0132967
0.0122714
0.0122851
0.0124674
0.0119992
0.0119752
0.0117294
0.0116647
0.0117676
0.00517063
0.0111077
0.0112485
0.0113617
0.0114806
0.011593
0.0117047
0.011817
0.0119281
0.0120382
0.0121515
0.0122702
0.0123916
0.0125146
0.0126433
0.0127802
0.0128991
0.0130023
0.0130961
0.0131867
0.0132714
0.0133464
0.0134099
0.0134614
0.0134997
0.0135216
0.0135215
0.0134908
0.0134191
0.0132937
0.0130981
0.0128138
0.0124281
0.0119553
0.0114888
0.0112723
0.0116492
0.0124721
0.0132383
0.0138176
0.00517063
0.00953254
0.0107803
0.0113513
0.0115545
0.0115485
0.0114294
0.01125
0.0110422
0.0108188
0.0105835
0.010341
0.0101012
0.00987433
0.00966686
0.00947717
0.00930362
0.00914467
0.00899871
0.00886396
0.00873872
0.00862161
0.00851188
0.0084095
0.00831498
0.00822885
0.00815128
0.00808195
0.00802041
0.00796638
0.00792005
0.00788172
0.00785158
0.00782944
0.00781503
0.00780809
0.0078086
0.00781637
0.00783115
0.00785239
0.00787973
0.00791285
0.00795151
0.00799493
0.00804208
0.00809163
0.00814296
0.00819588
0.00825095
0.00830833
0.00836796
0.0084292
0.0084915
0.00855429
0.00861716
0.00867911
0.00873954
0.00879708
0.00885214
0.0089039
)
;
    }
    atmosphere
    {
        type            calculated;
        value           uniform 0.0351381;
    }
    defaultFaces
    {
        type            empty;
    }
}


// ************************************************************************* //
