/*--------------------------------*- C++ -*----------------------------------*\
| =========                 |                                                 |
| \\      /  F ield         | OpenFOAM: The Open Source CFD Toolbox           |
|  \\    /   O peration     | Version:  2.4.0                                 |
|   \\  /    A nd           | Web:      www.OpenFOAM.org                      |
|    \\/     M anipulation  |                                                 |
\*---------------------------------------------------------------------------*/
FoamFile
{
    version     2.0;
    format      ascii;
    class       labelList;
    note        "nPoints: 9600 nCells: 4608 nFaces: 18624 nInternalFaces: 9024";
    location    "constant/polyMesh";
    object      neighbour;
}
// * * * * * * * * * * * * * * * * * * * * * * * * * * * * * * * * * * * * * //


9024
(
1
12
2
13
3
14
4
15
5
16
6
17
7
18
8
19
9
20
10
21
11
22
23
144
13
24
14
25
15
26
16
27
17
28
18
29
19
30
20
31
21
32
22
33
23
34
35
156
25
36
26
37
27
38
28
39
29
40
30
41
31
42
32
43
33
44
34
45
35
46
47
168
37
48
38
49
39
50
40
51
41
52
42
53
43
54
44
55
45
56
46
57
47
58
59
180
49
60
50
61
51
62
52
63
53
64
54
65
55
66
56
67
57
68
58
69
59
70
71
192
61
72
62
73
63
74
64
75
65
76
66
77
67
78
68
79
69
80
70
81
71
82
83
204
73
84
74
85
75
86
76
87
77
88
78
89
79
90
80
91
81
92
82
93
83
94
95
216
85
96
86
97
87
98
88
99
89
100
90
101
91
102
92
103
93
104
94
105
95
106
107
228
97
108
98
109
99
110
100
111
101
112
102
113
103
114
104
115
105
116
106
117
107
118
119
240
109
120
110
121
111
122
112
123
113
124
114
125
115
126
116
127
117
128
118
129
119
130
131
252
121
132
122
133
123
134
124
135
125
136
126
137
127
138
128
139
129
140
130
141
131
142
143
264
133
1152
134
1153
135
1154
136
1155
137
1156
138
1157
139
1158
140
1159
141
1160
142
1161
143
1162
276
1163
145
156
146
157
147
158
148
159
149
160
150
161
151
162
152
163
153
164
154
165
155
166
167
157
168
158
169
159
170
160
171
161
172
162
173
163
174
164
175
165
176
166
177
167
178
179
169
180
170
181
171
182
172
183
173
184
174
185
175
186
176
187
177
188
178
189
179
190
191
181
192
182
193
183
194
184
195
185
196
186
197
187
198
188
199
189
200
190
201
191
202
203
193
204
194
205
195
206
196
207
197
208
198
209
199
210
200
211
201
212
202
213
203
214
215
205
216
206
217
207
218
208
219
209
220
210
221
211
222
212
223
213
224
214
225
215
226
227
217
228
218
229
219
230
220
231
221
232
222
233
223
234
224
235
225
236
226
237
227
238
239
229
240
230
241
231
242
232
243
233
244
234
245
235
246
236
247
237
248
238
249
239
250
251
241
252
242
253
243
254
244
255
245
256
246
257
247
258
248
259
249
260
250
261
251
262
263
253
264
254
265
255
266
256
267
257
268
258
269
259
270
260
271
261
272
262
273
263
274
275
265
276
266
277
267
278
268
279
269
280
270
281
271
282
272
283
273
284
274
285
275
286
287
277
1296
278
1297
279
1298
280
1299
281
1300
282
1301
283
1302
284
1303
285
1304
286
1305
287
1306
1307
289
300
290
301
291
302
292
303
293
304
294
305
295
306
296
307
297
308
298
309
299
310
311
432
301
312
302
313
303
314
304
315
305
316
306
317
307
318
308
319
309
320
310
321
311
322
323
444
313
324
314
325
315
326
316
327
317
328
318
329
319
330
320
331
321
332
322
333
323
334
335
456
325
336
326
337
327
338
328
339
329
340
330
341
331
342
332
343
333
344
334
345
335
346
347
468
337
348
338
349
339
350
340
351
341
352
342
353
343
354
344
355
345
356
346
357
347
358
359
480
349
360
350
361
351
362
352
363
353
364
354
365
355
366
356
367
357
368
358
369
359
370
371
492
361
372
362
373
363
374
364
375
365
376
366
377
367
378
368
379
369
380
370
381
371
382
383
504
373
384
374
385
375
386
376
387
377
388
378
389
379
390
380
391
381
392
382
393
383
394
395
516
385
396
386
397
387
398
388
399
389
400
390
401
391
402
392
403
393
404
394
405
395
406
407
528
397
408
398
409
399
410
400
411
401
412
402
413
403
414
404
415
405
416
406
417
407
418
419
540
409
420
410
421
411
422
412
423
413
424
414
425
415
426
416
427
417
428
418
429
419
430
431
552
421
1440
422
1441
423
1442
424
1443
425
1444
426
1445
427
1446
428
1447
429
1448
430
1449
431
1450
564
1451
433
444
434
445
435
446
436
447
437
448
438
449
439
450
440
451
441
452
442
453
443
454
455
445
456
446
457
447
458
448
459
449
460
450
461
451
462
452
463
453
464
454
465
455
466
467
457
468
458
469
459
470
460
471
461
472
462
473
463
474
464
475
465
476
466
477
467
478
479
469
480
470
481
471
482
472
483
473
484
474
485
475
486
476
487
477
488
478
489
479
490
491
481
492
482
493
483
494
484
495
485
496
486
497
487
498
488
499
489
500
490
501
491
502
503
493
504
494
505
495
506
496
507
497
508
498
509
499
510
500
511
501
512
502
513
503
514
515
505
516
506
517
507
518
508
519
509
520
510
521
511
522
512
523
513
524
514
525
515
526
527
517
528
518
529
519
530
520
531
521
532
522
533
523
534
524
535
525
536
526
537
527
538
539
529
540
530
541
531
542
532
543
533
544
534
545
535
546
536
547
537
548
538
549
539
550
551
541
552
542
553
543
554
544
555
545
556
546
557
547
558
548
559
549
560
550
561
551
562
563
553
564
554
565
555
566
556
567
557
568
558
569
559
570
560
571
561
572
562
573
563
574
575
565
1584
566
1585
567
1586
568
1587
569
1588
570
1589
571
1590
572
1591
573
1592
574
1593
575
1594
1595
577
588
578
589
579
590
580
591
581
592
582
593
583
594
584
595
585
596
586
597
587
598
599
720
589
600
590
601
591
602
592
603
593
604
594
605
595
606
596
607
597
608
598
609
599
610
611
732
601
612
602
613
603
614
604
615
605
616
606
617
607
618
608
619
609
620
610
621
611
622
623
744
613
624
614
625
615
626
616
627
617
628
618
629
619
630
620
631
621
632
622
633
623
634
635
756
625
636
626
637
627
638
628
639
629
640
630
641
631
642
632
643
633
644
634
645
635
646
647
768
637
648
638
649
639
650
640
651
641
652
642
653
643
654
644
655
645
656
646
657
647
658
659
780
649
660
650
661
651
662
652
663
653
664
654
665
655
666
656
667
657
668
658
669
659
670
671
792
661
672
662
673
663
674
664
675
665
676
666
677
667
678
668
679
669
680
670
681
671
682
683
804
673
684
674
685
675
686
676
687
677
688
678
689
679
690
680
691
681
692
682
693
683
694
695
816
685
696
686
697
687
698
688
699
689
700
690
701
691
702
692
703
693
704
694
705
695
706
707
828
697
708
698
709
699
710
700
711
701
712
702
713
703
714
704
715
705
716
706
717
707
718
719
840
709
1728
710
1729
711
1730
712
1731
713
1732
714
1733
715
1734
716
1735
717
1736
718
1737
719
1738
852
1739
721
732
722
733
723
734
724
735
725
736
726
737
727
738
728
739
729
740
730
741
731
742
743
733
744
734
745
735
746
736
747
737
748
738
749
739
750
740
751
741
752
742
753
743
754
755
745
756
746
757
747
758
748
759
749
760
750
761
751
762
752
763
753
764
754
765
755
766
767
757
768
758
769
759
770
760
771
761
772
762
773
763
774
764
775
765
776
766
777
767
778
779
769
780
770
781
771
782
772
783
773
784
774
785
775
786
776
787
777
788
778
789
779
790
791
781
792
782
793
783
794
784
795
785
796
786
797
787
798
788
799
789
800
790
801
791
802
803
793
804
794
805
795
806
796
807
797
808
798
809
799
810
800
811
801
812
802
813
803
814
815
805
816
806
817
807
818
808
819
809
820
810
821
811
822
812
823
813
824
814
825
815
826
827
817
828
818
829
819
830
820
831
821
832
822
833
823
834
824
835
825
836
826
837
827
838
839
829
840
830
841
831
842
832
843
833
844
834
845
835
846
836
847
837
848
838
849
839
850
851
841
852
842
853
843
854
844
855
845
856
846
857
847
858
848
859
849
860
850
861
851
862
863
853
1872
854
1873
855
1874
856
1875
857
1876
858
1877
859
1878
860
1879
861
1880
862
1881
863
1882
1883
865
876
866
877
867
878
868
879
869
880
870
881
871
882
872
883
873
884
874
885
875
886
887
1008
877
888
878
889
879
890
880
891
881
892
882
893
883
894
884
895
885
896
886
897
887
898
899
1020
889
900
890
901
891
902
892
903
893
904
894
905
895
906
896
907
897
908
898
909
899
910
911
1032
901
912
902
913
903
914
904
915
905
916
906
917
907
918
908
919
909
920
910
921
911
922
923
1044
913
924
914
925
915
926
916
927
917
928
918
929
919
930
920
931
921
932
922
933
923
934
935
1056
925
936
926
937
927
938
928
939
929
940
930
941
931
942
932
943
933
944
934
945
935
946
947
1068
937
948
938
949
939
950
940
951
941
952
942
953
943
954
944
955
945
956
946
957
947
958
959
1080
949
960
950
961
951
962
952
963
953
964
954
965
955
966
956
967
957
968
958
969
959
970
971
1092
961
972
962
973
963
974
964
975
965
976
966
977
967
978
968
979
969
980
970
981
971
982
983
1104
973
984
974
985
975
986
976
987
977
988
978
989
979
990
980
991
981
992
982
993
983
994
995
1116
985
996
986
997
987
998
988
999
989
1000
990
1001
991
1002
992
1003
993
1004
994
1005
995
1006
1007
1128
997
2016
998
2017
999
2018
1000
2019
1001
2020
1002
2021
1003
2022
1004
2023
1005
2024
1006
2025
1007
2026
1140
2027
1009
1020
1010
1021
1011
1022
1012
1023
1013
1024
1014
1025
1015
1026
1016
1027
1017
1028
1018
1029
1019
1030
1031
1021
1032
1022
1033
1023
1034
1024
1035
1025
1036
1026
1037
1027
1038
1028
1039
1029
1040
1030
1041
1031
1042
1043
1033
1044
1034
1045
1035
1046
1036
1047
1037
1048
1038
1049
1039
1050
1040
1051
1041
1052
1042
1053
1043
1054
1055
1045
1056
1046
1057
1047
1058
1048
1059
1049
1060
1050
1061
1051
1062
1052
1063
1053
1064
1054
1065
1055
1066
1067
1057
1068
1058
1069
1059
1070
1060
1071
1061
1072
1062
1073
1063
1074
1064
1075
1065
1076
1066
1077
1067
1078
1079
1069
1080
1070
1081
1071
1082
1072
1083
1073
1084
1074
1085
1075
1086
1076
1087
1077
1088
1078
1089
1079
1090
1091
1081
1092
1082
1093
1083
1094
1084
1095
1085
1096
1086
1097
1087
1098
1088
1099
1089
1100
1090
1101
1091
1102
1103
1093
1104
1094
1105
1095
1106
1096
1107
1097
1108
1098
1109
1099
1110
1100
1111
1101
1112
1102
1113
1103
1114
1115
1105
1116
1106
1117
1107
1118
1108
1119
1109
1120
1110
1121
1111
1122
1112
1123
1113
1124
1114
1125
1115
1126
1127
1117
1128
1118
1129
1119
1130
1120
1131
1121
1132
1122
1133
1123
1134
1124
1135
1125
1136
1126
1137
1127
1138
1139
1129
1140
1130
1141
1131
1142
1132
1143
1133
1144
1134
1145
1135
1146
1136
1147
1137
1148
1138
1149
1139
1150
1151
1141
2160
1142
2161
1143
2162
1144
2163
1145
2164
1146
2165
1147
2166
1148
2167
1149
2168
1150
2169
1151
2170
2171
1153
1164
2171
1154
1165
1155
1166
1156
1167
1157
1168
1158
1169
1159
1170
1160
1171
1161
1172
1162
1173
1163
1174
1175
1296
1165
1176
2183
1166
1177
1167
1178
1168
1179
1169
1180
1170
1181
1171
1182
1172
1183
1173
1184
1174
1185
1175
1186
1187
1308
1177
1188
2195
1178
1189
1179
1190
1180
1191
1181
1192
1182
1193
1183
1194
1184
1195
1185
1196
1186
1197
1187
1198
1199
1320
1189
1200
2207
1190
1201
1191
1202
1192
1203
1193
1204
1194
1205
1195
1206
1196
1207
1197
1208
1198
1209
1199
1210
1211
1332
1201
1212
2219
1202
1213
1203
1214
1204
1215
1205
1216
1206
1217
1207
1218
1208
1219
1209
1220
1210
1221
1211
1222
1223
1344
1213
1224
2231
1214
1225
1215
1226
1216
1227
1217
1228
1218
1229
1219
1230
1220
1231
1221
1232
1222
1233
1223
1234
1235
1356
1225
1236
2243
1226
1237
1227
1238
1228
1239
1229
1240
1230
1241
1231
1242
1232
1243
1233
1244
1234
1245
1235
1246
1247
1368
1237
1248
2255
1238
1249
1239
1250
1240
1251
1241
1252
1242
1253
1243
1254
1244
1255
1245
1256
1246
1257
1247
1258
1259
1380
1249
1260
2267
1250
1261
1251
1262
1252
1263
1253
1264
1254
1265
1255
1266
1256
1267
1257
1268
1258
1269
1259
1270
1271
1392
1261
1272
2279
1262
1273
1263
1274
1264
1275
1265
1276
1266
1277
1267
1278
1268
1279
1269
1280
1270
1281
1271
1282
1283
1404
1273
1284
2291
1274
1285
1275
1286
1276
1287
1277
1288
1278
1289
1279
1290
1280
1291
1281
1292
1282
1293
1283
1294
1295
1416
1285
2303
2304
1286
2305
1287
2306
1288
2307
1289
2308
1290
2309
1291
2310
1292
2311
1293
2312
1294
2313
1295
2314
1428
2315
1297
1308
1298
1309
1299
1310
1300
1311
1301
1312
1302
1313
1303
1314
1304
1315
1305
1316
1306
1317
1307
1318
1319
1440
1309
1320
1310
1321
1311
1322
1312
1323
1313
1324
1314
1325
1315
1326
1316
1327
1317
1328
1318
1329
1319
1330
1331
1452
1321
1332
1322
1333
1323
1334
1324
1335
1325
1336
1326
1337
1327
1338
1328
1339
1329
1340
1330
1341
1331
1342
1343
1464
1333
1344
1334
1345
1335
1346
1336
1347
1337
1348
1338
1349
1339
1350
1340
1351
1341
1352
1342
1353
1343
1354
1355
1476
1345
1356
1346
1357
1347
1358
1348
1359
1349
1360
1350
1361
1351
1362
1352
1363
1353
1364
1354
1365
1355
1366
1367
1488
1357
1368
1358
1369
1359
1370
1360
1371
1361
1372
1362
1373
1363
1374
1364
1375
1365
1376
1366
1377
1367
1378
1379
1500
1369
1380
1370
1381
1371
1382
1372
1383
1373
1384
1374
1385
1375
1386
1376
1387
1377
1388
1378
1389
1379
1390
1391
1512
1381
1392
1382
1393
1383
1394
1384
1395
1385
1396
1386
1397
1387
1398
1388
1399
1389
1400
1390
1401
1391
1402
1403
1524
1393
1404
1394
1405
1395
1406
1396
1407
1397
1408
1398
1409
1399
1410
1400
1411
1401
1412
1402
1413
1403
1414
1415
1536
1405
1416
1406
1417
1407
1418
1408
1419
1409
1420
1410
1421
1411
1422
1412
1423
1413
1424
1414
1425
1415
1426
1427
1548
1417
1428
1418
1429
1419
1430
1420
1431
1421
1432
1422
1433
1423
1434
1424
1435
1425
1436
1426
1437
1427
1438
1439
1560
1429
2448
1430
2449
1431
2450
1432
2451
1433
2452
1434
2453
1435
2454
1436
2455
1437
2456
1438
2457
1439
2458
1572
2459
1441
1452
1442
1453
1443
1454
1444
1455
1445
1456
1446
1457
1447
1458
1448
1459
1449
1460
1450
1461
1451
1462
1463
1584
1453
1464
1454
1465
1455
1466
1456
1467
1457
1468
1458
1469
1459
1470
1460
1471
1461
1472
1462
1473
1463
1474
1475
1596
1465
1476
1466
1477
1467
1478
1468
1479
1469
1480
1470
1481
1471
1482
1472
1483
1473
1484
1474
1485
1475
1486
1487
1608
1477
1488
1478
1489
1479
1490
1480
1491
1481
1492
1482
1493
1483
1494
1484
1495
1485
1496
1486
1497
1487
1498
1499
1620
1489
1500
1490
1501
1491
1502
1492
1503
1493
1504
1494
1505
1495
1506
1496
1507
1497
1508
1498
1509
1499
1510
1511
1632
1501
1512
1502
1513
1503
1514
1504
1515
1505
1516
1506
1517
1507
1518
1508
1519
1509
1520
1510
1521
1511
1522
1523
1644
1513
1524
1514
1525
1515
1526
1516
1527
1517
1528
1518
1529
1519
1530
1520
1531
1521
1532
1522
1533
1523
1534
1535
1656
1525
1536
1526
1537
1527
1538
1528
1539
1529
1540
1530
1541
1531
1542
1532
1543
1533
1544
1534
1545
1535
1546
1547
1668
1537
1548
1538
1549
1539
1550
1540
1551
1541
1552
1542
1553
1543
1554
1544
1555
1545
1556
1546
1557
1547
1558
1559
1680
1549
1560
1550
1561
1551
1562
1552
1563
1553
1564
1554
1565
1555
1566
1556
1567
1557
1568
1558
1569
1559
1570
1571
1692
1561
1572
1562
1573
1563
1574
1564
1575
1565
1576
1566
1577
1567
1578
1568
1579
1569
1580
1570
1581
1571
1582
1583
1704
1573
2592
1574
2593
1575
2594
1576
2595
1577
2596
1578
2597
1579
2598
1580
2599
1581
2600
1582
2601
1583
2602
1716
2603
1585
1596
1586
1597
1587
1598
1588
1599
1589
1600
1590
1601
1591
1602
1592
1603
1593
1604
1594
1605
1595
1606
1607
1728
1597
1608
1598
1609
1599
1610
1600
1611
1601
1612
1602
1613
1603
1614
1604
1615
1605
1616
1606
1617
1607
1618
1619
1740
1609
1620
1610
1621
1611
1622
1612
1623
1613
1624
1614
1625
1615
1626
1616
1627
1617
1628
1618
1629
1619
1630
1631
1752
1621
1632
1622
1633
1623
1634
1624
1635
1625
1636
1626
1637
1627
1638
1628
1639
1629
1640
1630
1641
1631
1642
1643
1764
1633
1644
1634
1645
1635
1646
1636
1647
1637
1648
1638
1649
1639
1650
1640
1651
1641
1652
1642
1653
1643
1654
1655
1776
1645
1656
1646
1657
1647
1658
1648
1659
1649
1660
1650
1661
1651
1662
1652
1663
1653
1664
1654
1665
1655
1666
1667
1788
1657
1668
1658
1669
1659
1670
1660
1671
1661
1672
1662
1673
1663
1674
1664
1675
1665
1676
1666
1677
1667
1678
1679
1800
1669
1680
1670
1681
1671
1682
1672
1683
1673
1684
1674
1685
1675
1686
1676
1687
1677
1688
1678
1689
1679
1690
1691
1812
1681
1692
1682
1693
1683
1694
1684
1695
1685
1696
1686
1697
1687
1698
1688
1699
1689
1700
1690
1701
1691
1702
1703
1824
1693
1704
1694
1705
1695
1706
1696
1707
1697
1708
1698
1709
1699
1710
1700
1711
1701
1712
1702
1713
1703
1714
1715
1836
1705
1716
1706
1717
1707
1718
1708
1719
1709
1720
1710
1721
1711
1722
1712
1723
1713
1724
1714
1725
1715
1726
1727
1848
1717
2736
1718
2737
1719
2738
1720
2739
1721
2740
1722
2741
1723
2742
1724
2743
1725
2744
1726
2745
1727
2746
1860
2747
1729
1740
1730
1741
1731
1742
1732
1743
1733
1744
1734
1745
1735
1746
1736
1747
1737
1748
1738
1749
1739
1750
1751
1872
1741
1752
1742
1753
1743
1754
1744
1755
1745
1756
1746
1757
1747
1758
1748
1759
1749
1760
1750
1761
1751
1762
1763
1884
1753
1764
1754
1765
1755
1766
1756
1767
1757
1768
1758
1769
1759
1770
1760
1771
1761
1772
1762
1773
1763
1774
1775
1896
1765
1776
1766
1777
1767
1778
1768
1779
1769
1780
1770
1781
1771
1782
1772
1783
1773
1784
1774
1785
1775
1786
1787
1908
1777
1788
1778
1789
1779
1790
1780
1791
1781
1792
1782
1793
1783
1794
1784
1795
1785
1796
1786
1797
1787
1798
1799
1920
1789
1800
1790
1801
1791
1802
1792
1803
1793
1804
1794
1805
1795
1806
1796
1807
1797
1808
1798
1809
1799
1810
1811
1932
1801
1812
1802
1813
1803
1814
1804
1815
1805
1816
1806
1817
1807
1818
1808
1819
1809
1820
1810
1821
1811
1822
1823
1944
1813
1824
1814
1825
1815
1826
1816
1827
1817
1828
1818
1829
1819
1830
1820
1831
1821
1832
1822
1833
1823
1834
1835
1956
1825
1836
1826
1837
1827
1838
1828
1839
1829
1840
1830
1841
1831
1842
1832
1843
1833
1844
1834
1845
1835
1846
1847
1968
1837
1848
1838
1849
1839
1850
1840
1851
1841
1852
1842
1853
1843
1854
1844
1855
1845
1856
1846
1857
1847
1858
1859
1980
1849
1860
1850
1861
1851
1862
1852
1863
1853
1864
1854
1865
1855
1866
1856
1867
1857
1868
1858
1869
1859
1870
1871
1992
1861
2880
1862
2881
1863
2882
1864
2883
1865
2884
1866
2885
1867
2886
1868
2887
1869
2888
1870
2889
1871
2890
2004
2891
1873
1884
1874
1885
1875
1886
1876
1887
1877
1888
1878
1889
1879
1890
1880
1891
1881
1892
1882
1893
1883
1894
1895
2016
1885
1896
1886
1897
1887
1898
1888
1899
1889
1900
1890
1901
1891
1902
1892
1903
1893
1904
1894
1905
1895
1906
1907
2028
1897
1908
1898
1909
1899
1910
1900
1911
1901
1912
1902
1913
1903
1914
1904
1915
1905
1916
1906
1917
1907
1918
1919
2040
1909
1920
1910
1921
1911
1922
1912
1923
1913
1924
1914
1925
1915
1926
1916
1927
1917
1928
1918
1929
1919
1930
1931
2052
1921
1932
1922
1933
1923
1934
1924
1935
1925
1936
1926
1937
1927
1938
1928
1939
1929
1940
1930
1941
1931
1942
1943
2064
1933
1944
1934
1945
1935
1946
1936
1947
1937
1948
1938
1949
1939
1950
1940
1951
1941
1952
1942
1953
1943
1954
1955
2076
1945
1956
1946
1957
1947
1958
1948
1959
1949
1960
1950
1961
1951
1962
1952
1963
1953
1964
1954
1965
1955
1966
1967
2088
1957
1968
1958
1969
1959
1970
1960
1971
1961
1972
1962
1973
1963
1974
1964
1975
1965
1976
1966
1977
1967
1978
1979
2100
1969
1980
1970
1981
1971
1982
1972
1983
1973
1984
1974
1985
1975
1986
1976
1987
1977
1988
1978
1989
1979
1990
1991
2112
1981
1992
1982
1993
1983
1994
1984
1995
1985
1996
1986
1997
1987
1998
1988
1999
1989
2000
1990
2001
1991
2002
2003
2124
1993
2004
1994
2005
1995
2006
1996
2007
1997
2008
1998
2009
1999
2010
2000
2011
2001
2012
2002
2013
2003
2014
2015
2136
2005
3024
2006
3025
2007
3026
2008
3027
2009
3028
2010
3029
2011
3030
2012
3031
2013
3032
2014
3033
2015
3034
2148
3035
2017
2028
2018
2029
2019
2030
2020
2031
2021
2032
2022
2033
2023
2034
2024
2035
2025
2036
2026
2037
2027
2038
2039
2160
2029
2040
2030
2041
2031
2042
2032
2043
2033
2044
2034
2045
2035
2046
2036
2047
2037
2048
2038
2049
2039
2050
2051
2172
2041
2052
2042
2053
2043
2054
2044
2055
2045
2056
2046
2057
2047
2058
2048
2059
2049
2060
2050
2061
2051
2062
2063
2184
2053
2064
2054
2065
2055
2066
2056
2067
2057
2068
2058
2069
2059
2070
2060
2071
2061
2072
2062
2073
2063
2074
2075
2196
2065
2076
2066
2077
2067
2078
2068
2079
2069
2080
2070
2081
2071
2082
2072
2083
2073
2084
2074
2085
2075
2086
2087
2208
2077
2088
2078
2089
2079
2090
2080
2091
2081
2092
2082
2093
2083
2094
2084
2095
2085
2096
2086
2097
2087
2098
2099
2220
2089
2100
2090
2101
2091
2102
2092
2103
2093
2104
2094
2105
2095
2106
2096
2107
2097
2108
2098
2109
2099
2110
2111
2232
2101
2112
2102
2113
2103
2114
2104
2115
2105
2116
2106
2117
2107
2118
2108
2119
2109
2120
2110
2121
2111
2122
2123
2244
2113
2124
2114
2125
2115
2126
2116
2127
2117
2128
2118
2129
2119
2130
2120
2131
2121
2132
2122
2133
2123
2134
2135
2256
2125
2136
2126
2137
2127
2138
2128
2139
2129
2140
2130
2141
2131
2142
2132
2143
2133
2144
2134
2145
2135
2146
2147
2268
2137
2148
2138
2149
2139
2150
2140
2151
2141
2152
2142
2153
2143
2154
2144
2155
2145
2156
2146
2157
2147
2158
2159
2280
2149
3168
2150
3169
2151
3170
2152
3171
2153
3172
2154
3173
2155
3174
2156
3175
2157
3176
2158
3177
2159
3178
2292
3179
2161
2172
2162
2173
2163
2174
2164
2175
2165
2176
2166
2177
2167
2178
2168
2179
2169
2180
2170
2181
2171
2182
2183
2173
2184
2174
2185
2175
2186
2176
2187
2177
2188
2178
2189
2179
2190
2180
2191
2181
2192
2182
2193
2183
2194
2195
2185
2196
2186
2197
2187
2198
2188
2199
2189
2200
2190
2201
2191
2202
2192
2203
2193
2204
2194
2205
2195
2206
2207
2197
2208
2198
2209
2199
2210
2200
2211
2201
2212
2202
2213
2203
2214
2204
2215
2205
2216
2206
2217
2207
2218
2219
2209
2220
2210
2221
2211
2222
2212
2223
2213
2224
2214
2225
2215
2226
2216
2227
2217
2228
2218
2229
2219
2230
2231
2221
2232
2222
2233
2223
2234
2224
2235
2225
2236
2226
2237
2227
2238
2228
2239
2229
2240
2230
2241
2231
2242
2243
2233
2244
2234
2245
2235
2246
2236
2247
2237
2248
2238
2249
2239
2250
2240
2251
2241
2252
2242
2253
2243
2254
2255
2245
2256
2246
2257
2247
2258
2248
2259
2249
2260
2250
2261
2251
2262
2252
2263
2253
2264
2254
2265
2255
2266
2267
2257
2268
2258
2269
2259
2270
2260
2271
2261
2272
2262
2273
2263
2274
2264
2275
2265
2276
2266
2277
2267
2278
2279
2269
2280
2270
2281
2271
2282
2272
2283
2273
2284
2274
2285
2275
2286
2276
2287
2277
2288
2278
2289
2279
2290
2291
2281
2292
2282
2293
2283
2294
2284
2295
2285
2296
2286
2297
2287
2298
2288
2299
2289
2300
2290
2301
2291
2302
2303
2293
3312
2294
3313
2295
3314
2296
3315
2297
3316
2298
3317
2299
3318
2300
3319
2301
3320
2302
3321
2303
3322
3323
2305
2316
3323
2306
2317
2307
2318
2308
2319
2309
2320
2310
2321
2311
2322
2312
2323
2313
2324
2314
2325
2315
2326
2327
2448
2317
2328
3335
2318
2329
2319
2330
2320
2331
2321
2332
2322
2333
2323
2334
2324
2335
2325
2336
2326
2337
2327
2338
2339
2460
2329
2340
3347
2330
2341
2331
2342
2332
2343
2333
2344
2334
2345
2335
2346
2336
2347
2337
2348
2338
2349
2339
2350
2351
2472
2341
2352
3359
2342
2353
2343
2354
2344
2355
2345
2356
2346
2357
2347
2358
2348
2359
2349
2360
2350
2361
2351
2362
2363
2484
2353
2364
3371
2354
2365
2355
2366
2356
2367
2357
2368
2358
2369
2359
2370
2360
2371
2361
2372
2362
2373
2363
2374
2375
2496
2365
2376
3383
2366
2377
2367
2378
2368
2379
2369
2380
2370
2381
2371
2382
2372
2383
2373
2384
2374
2385
2375
2386
2387
2508
2377
2388
3395
2378
2389
2379
2390
2380
2391
2381
2392
2382
2393
2383
2394
2384
2395
2385
2396
2386
2397
2387
2398
2399
2520
2389
2400
3407
2390
2401
2391
2402
2392
2403
2393
2404
2394
2405
2395
2406
2396
2407
2397
2408
2398
2409
2399
2410
2411
2532
2401
2412
3419
2402
2413
2403
2414
2404
2415
2405
2416
2406
2417
2407
2418
2408
2419
2409
2420
2410
2421
2411
2422
2423
2544
2413
2424
3431
2414
2425
2415
2426
2416
2427
2417
2428
2418
2429
2419
2430
2420
2431
2421
2432
2422
2433
2423
2434
2435
2556
2425
2436
3443
2426
2437
2427
2438
2428
2439
2429
2440
2430
2441
2431
2442
2432
2443
2433
2444
2434
2445
2435
2446
2447
2568
2437
3455
3456
2438
3457
2439
3458
2440
3459
2441
3460
2442
3461
2443
3462
2444
3463
2445
3464
2446
3465
2447
3466
2580
3467
2449
2460
2450
2461
2451
2462
2452
2463
2453
2464
2454
2465
2455
2466
2456
2467
2457
2468
2458
2469
2459
2470
2471
2592
2461
2472
2462
2473
2463
2474
2464
2475
2465
2476
2466
2477
2467
2478
2468
2479
2469
2480
2470
2481
2471
2482
2483
2604
2473
2484
2474
2485
2475
2486
2476
2487
2477
2488
2478
2489
2479
2490
2480
2491
2481
2492
2482
2493
2483
2494
2495
2616
2485
2496
2486
2497
2487
2498
2488
2499
2489
2500
2490
2501
2491
2502
2492
2503
2493
2504
2494
2505
2495
2506
2507
2628
2497
2508
2498
2509
2499
2510
2500
2511
2501
2512
2502
2513
2503
2514
2504
2515
2505
2516
2506
2517
2507
2518
2519
2640
2509
2520
2510
2521
2511
2522
2512
2523
2513
2524
2514
2525
2515
2526
2516
2527
2517
2528
2518
2529
2519
2530
2531
2652
2521
2532
2522
2533
2523
2534
2524
2535
2525
2536
2526
2537
2527
2538
2528
2539
2529
2540
2530
2541
2531
2542
2543
2664
2533
2544
2534
2545
2535
2546
2536
2547
2537
2548
2538
2549
2539
2550
2540
2551
2541
2552
2542
2553
2543
2554
2555
2676
2545
2556
2546
2557
2547
2558
2548
2559
2549
2560
2550
2561
2551
2562
2552
2563
2553
2564
2554
2565
2555
2566
2567
2688
2557
2568
2558
2569
2559
2570
2560
2571
2561
2572
2562
2573
2563
2574
2564
2575
2565
2576
2566
2577
2567
2578
2579
2700
2569
2580
2570
2581
2571
2582
2572
2583
2573
2584
2574
2585
2575
2586
2576
2587
2577
2588
2578
2589
2579
2590
2591
2712
2581
3600
2582
3601
2583
3602
2584
3603
2585
3604
2586
3605
2587
3606
2588
3607
2589
3608
2590
3609
2591
3610
2724
3611
2593
2604
2594
2605
2595
2606
2596
2607
2597
2608
2598
2609
2599
2610
2600
2611
2601
2612
2602
2613
2603
2614
2615
2736
2605
2616
2606
2617
2607
2618
2608
2619
2609
2620
2610
2621
2611
2622
2612
2623
2613
2624
2614
2625
2615
2626
2627
2748
2617
2628
2618
2629
2619
2630
2620
2631
2621
2632
2622
2633
2623
2634
2624
2635
2625
2636
2626
2637
2627
2638
2639
2760
2629
2640
2630
2641
2631
2642
2632
2643
2633
2644
2634
2645
2635
2646
2636
2647
2637
2648
2638
2649
2639
2650
2651
2772
2641
2652
2642
2653
2643
2654
2644
2655
2645
2656
2646
2657
2647
2658
2648
2659
2649
2660
2650
2661
2651
2662
2663
2784
2653
2664
2654
2665
2655
2666
2656
2667
2657
2668
2658
2669
2659
2670
2660
2671
2661
2672
2662
2673
2663
2674
2675
2796
2665
2676
2666
2677
2667
2678
2668
2679
2669
2680
2670
2681
2671
2682
2672
2683
2673
2684
2674
2685
2675
2686
2687
2808
2677
2688
2678
2689
2679
2690
2680
2691
2681
2692
2682
2693
2683
2694
2684
2695
2685
2696
2686
2697
2687
2698
2699
2820
2689
2700
2690
2701
2691
2702
2692
2703
2693
2704
2694
2705
2695
2706
2696
2707
2697
2708
2698
2709
2699
2710
2711
2832
2701
2712
2702
2713
2703
2714
2704
2715
2705
2716
2706
2717
2707
2718
2708
2719
2709
2720
2710
2721
2711
2722
2723
2844
2713
2724
2714
2725
2715
2726
2716
2727
2717
2728
2718
2729
2719
2730
2720
2731
2721
2732
2722
2733
2723
2734
2735
2856
2725
3744
2726
3745
2727
3746
2728
3747
2729
3748
2730
3749
2731
3750
2732
3751
2733
3752
2734
3753
2735
3754
2868
3755
2737
2748
2738
2749
2739
2750
2740
2751
2741
2752
2742
2753
2743
2754
2744
2755
2745
2756
2746
2757
2747
2758
2759
2880
2749
2760
2750
2761
2751
2762
2752
2763
2753
2764
2754
2765
2755
2766
2756
2767
2757
2768
2758
2769
2759
2770
2771
2892
2761
2772
2762
2773
2763
2774
2764
2775
2765
2776
2766
2777
2767
2778
2768
2779
2769
2780
2770
2781
2771
2782
2783
2904
2773
2784
2774
2785
2775
2786
2776
2787
2777
2788
2778
2789
2779
2790
2780
2791
2781
2792
2782
2793
2783
2794
2795
2916
2785
2796
2786
2797
2787
2798
2788
2799
2789
2800
2790
2801
2791
2802
2792
2803
2793
2804
2794
2805
2795
2806
2807
2928
2797
2808
2798
2809
2799
2810
2800
2811
2801
2812
2802
2813
2803
2814
2804
2815
2805
2816
2806
2817
2807
2818
2819
2940
2809
2820
2810
2821
2811
2822
2812
2823
2813
2824
2814
2825
2815
2826
2816
2827
2817
2828
2818
2829
2819
2830
2831
2952
2821
2832
2822
2833
2823
2834
2824
2835
2825
2836
2826
2837
2827
2838
2828
2839
2829
2840
2830
2841
2831
2842
2843
2964
2833
2844
2834
2845
2835
2846
2836
2847
2837
2848
2838
2849
2839
2850
2840
2851
2841
2852
2842
2853
2843
2854
2855
2976
2845
2856
2846
2857
2847
2858
2848
2859
2849
2860
2850
2861
2851
2862
2852
2863
2853
2864
2854
2865
2855
2866
2867
2988
2857
2868
2858
2869
2859
2870
2860
2871
2861
2872
2862
2873
2863
2874
2864
2875
2865
2876
2866
2877
2867
2878
2879
3000
2869
3888
2870
3889
2871
3890
2872
3891
2873
3892
2874
3893
2875
3894
2876
3895
2877
3896
2878
3897
2879
3898
3012
3899
2881
2892
2882
2893
2883
2894
2884
2895
2885
2896
2886
2897
2887
2898
2888
2899
2889
2900
2890
2901
2891
2902
2903
3024
2893
2904
2894
2905
2895
2906
2896
2907
2897
2908
2898
2909
2899
2910
2900
2911
2901
2912
2902
2913
2903
2914
2915
3036
2905
2916
2906
2917
2907
2918
2908
2919
2909
2920
2910
2921
2911
2922
2912
2923
2913
2924
2914
2925
2915
2926
2927
3048
2917
2928
2918
2929
2919
2930
2920
2931
2921
2932
2922
2933
2923
2934
2924
2935
2925
2936
2926
2937
2927
2938
2939
3060
2929
2940
2930
2941
2931
2942
2932
2943
2933
2944
2934
2945
2935
2946
2936
2947
2937
2948
2938
2949
2939
2950
2951
3072
2941
2952
2942
2953
2943
2954
2944
2955
2945
2956
2946
2957
2947
2958
2948
2959
2949
2960
2950
2961
2951
2962
2963
3084
2953
2964
2954
2965
2955
2966
2956
2967
2957
2968
2958
2969
2959
2970
2960
2971
2961
2972
2962
2973
2963
2974
2975
3096
2965
2976
2966
2977
2967
2978
2968
2979
2969
2980
2970
2981
2971
2982
2972
2983
2973
2984
2974
2985
2975
2986
2987
3108
2977
2988
2978
2989
2979
2990
2980
2991
2981
2992
2982
2993
2983
2994
2984
2995
2985
2996
2986
2997
2987
2998
2999
3120
2989
3000
2990
3001
2991
3002
2992
3003
2993
3004
2994
3005
2995
3006
2996
3007
2997
3008
2998
3009
2999
3010
3011
3132
3001
3012
3002
3013
3003
3014
3004
3015
3005
3016
3006
3017
3007
3018
3008
3019
3009
3020
3010
3021
3011
3022
3023
3144
3013
4032
3014
4033
3015
4034
3016
4035
3017
4036
3018
4037
3019
4038
3020
4039
3021
4040
3022
4041
3023
4042
3156
4043
3025
3036
3026
3037
3027
3038
3028
3039
3029
3040
3030
3041
3031
3042
3032
3043
3033
3044
3034
3045
3035
3046
3047
3168
3037
3048
3038
3049
3039
3050
3040
3051
3041
3052
3042
3053
3043
3054
3044
3055
3045
3056
3046
3057
3047
3058
3059
3180
3049
3060
3050
3061
3051
3062
3052
3063
3053
3064
3054
3065
3055
3066
3056
3067
3057
3068
3058
3069
3059
3070
3071
3192
3061
3072
3062
3073
3063
3074
3064
3075
3065
3076
3066
3077
3067
3078
3068
3079
3069
3080
3070
3081
3071
3082
3083
3204
3073
3084
3074
3085
3075
3086
3076
3087
3077
3088
3078
3089
3079
3090
3080
3091
3081
3092
3082
3093
3083
3094
3095
3216
3085
3096
3086
3097
3087
3098
3088
3099
3089
3100
3090
3101
3091
3102
3092
3103
3093
3104
3094
3105
3095
3106
3107
3228
3097
3108
3098
3109
3099
3110
3100
3111
3101
3112
3102
3113
3103
3114
3104
3115
3105
3116
3106
3117
3107
3118
3119
3240
3109
3120
3110
3121
3111
3122
3112
3123
3113
3124
3114
3125
3115
3126
3116
3127
3117
3128
3118
3129
3119
3130
3131
3252
3121
3132
3122
3133
3123
3134
3124
3135
3125
3136
3126
3137
3127
3138
3128
3139
3129
3140
3130
3141
3131
3142
3143
3264
3133
3144
3134
3145
3135
3146
3136
3147
3137
3148
3138
3149
3139
3150
3140
3151
3141
3152
3142
3153
3143
3154
3155
3276
3145
3156
3146
3157
3147
3158
3148
3159
3149
3160
3150
3161
3151
3162
3152
3163
3153
3164
3154
3165
3155
3166
3167
3288
3157
4176
3158
4177
3159
4178
3160
4179
3161
4180
3162
4181
3163
4182
3164
4183
3165
4184
3166
4185
3167
4186
3300
4187
3169
3180
3170
3181
3171
3182
3172
3183
3173
3184
3174
3185
3175
3186
3176
3187
3177
3188
3178
3189
3179
3190
3191
3312
3181
3192
3182
3193
3183
3194
3184
3195
3185
3196
3186
3197
3187
3198
3188
3199
3189
3200
3190
3201
3191
3202
3203
3324
3193
3204
3194
3205
3195
3206
3196
3207
3197
3208
3198
3209
3199
3210
3200
3211
3201
3212
3202
3213
3203
3214
3215
3336
3205
3216
3206
3217
3207
3218
3208
3219
3209
3220
3210
3221
3211
3222
3212
3223
3213
3224
3214
3225
3215
3226
3227
3348
3217
3228
3218
3229
3219
3230
3220
3231
3221
3232
3222
3233
3223
3234
3224
3235
3225
3236
3226
3237
3227
3238
3239
3360
3229
3240
3230
3241
3231
3242
3232
3243
3233
3244
3234
3245
3235
3246
3236
3247
3237
3248
3238
3249
3239
3250
3251
3372
3241
3252
3242
3253
3243
3254
3244
3255
3245
3256
3246
3257
3247
3258
3248
3259
3249
3260
3250
3261
3251
3262
3263
3384
3253
3264
3254
3265
3255
3266
3256
3267
3257
3268
3258
3269
3259
3270
3260
3271
3261
3272
3262
3273
3263
3274
3275
3396
3265
3276
3266
3277
3267
3278
3268
3279
3269
3280
3270
3281
3271
3282
3272
3283
3273
3284
3274
3285
3275
3286
3287
3408
3277
3288
3278
3289
3279
3290
3280
3291
3281
3292
3282
3293
3283
3294
3284
3295
3285
3296
3286
3297
3287
3298
3299
3420
3289
3300
3290
3301
3291
3302
3292
3303
3293
3304
3294
3305
3295
3306
3296
3307
3297
3308
3298
3309
3299
3310
3311
3432
3301
4320
3302
4321
3303
4322
3304
4323
3305
4324
3306
4325
3307
4326
3308
4327
3309
4328
3310
4329
3311
4330
3444
4331
3313
3324
3314
3325
3315
3326
3316
3327
3317
3328
3318
3329
3319
3330
3320
3331
3321
3332
3322
3333
3323
3334
3335
3325
3336
3326
3337
3327
3338
3328
3339
3329
3340
3330
3341
3331
3342
3332
3343
3333
3344
3334
3345
3335
3346
3347
3337
3348
3338
3349
3339
3350
3340
3351
3341
3352
3342
3353
3343
3354
3344
3355
3345
3356
3346
3357
3347
3358
3359
3349
3360
3350
3361
3351
3362
3352
3363
3353
3364
3354
3365
3355
3366
3356
3367
3357
3368
3358
3369
3359
3370
3371
3361
3372
3362
3373
3363
3374
3364
3375
3365
3376
3366
3377
3367
3378
3368
3379
3369
3380
3370
3381
3371
3382
3383
3373
3384
3374
3385
3375
3386
3376
3387
3377
3388
3378
3389
3379
3390
3380
3391
3381
3392
3382
3393
3383
3394
3395
3385
3396
3386
3397
3387
3398
3388
3399
3389
3400
3390
3401
3391
3402
3392
3403
3393
3404
3394
3405
3395
3406
3407
3397
3408
3398
3409
3399
3410
3400
3411
3401
3412
3402
3413
3403
3414
3404
3415
3405
3416
3406
3417
3407
3418
3419
3409
3420
3410
3421
3411
3422
3412
3423
3413
3424
3414
3425
3415
3426
3416
3427
3417
3428
3418
3429
3419
3430
3431
3421
3432
3422
3433
3423
3434
3424
3435
3425
3436
3426
3437
3427
3438
3428
3439
3429
3440
3430
3441
3431
3442
3443
3433
3444
3434
3445
3435
3446
3436
3447
3437
3448
3438
3449
3439
3450
3440
3451
3441
3452
3442
3453
3443
3454
3455
3445
4464
3446
4465
3447
4466
3448
4467
3449
4468
3450
4469
3451
4470
3452
4471
3453
4472
3454
4473
3455
4474
4475
3457
3468
4475
3458
3469
3459
3470
3460
3471
3461
3472
3462
3473
3463
3474
3464
3475
3465
3476
3466
3477
3467
3478
3479
3469
3480
4487
3470
3481
3471
3482
3472
3483
3473
3484
3474
3485
3475
3486
3476
3487
3477
3488
3478
3489
3479
3490
3491
3481
3492
4499
3482
3493
3483
3494
3484
3495
3485
3496
3486
3497
3487
3498
3488
3499
3489
3500
3490
3501
3491
3502
3503
3493
3504
4511
3494
3505
3495
3506
3496
3507
3497
3508
3498
3509
3499
3510
3500
3511
3501
3512
3502
3513
3503
3514
3515
3505
3516
4523
3506
3517
3507
3518
3508
3519
3509
3520
3510
3521
3511
3522
3512
3523
3513
3524
3514
3525
3515
3526
3527
3517
3528
4535
3518
3529
3519
3530
3520
3531
3521
3532
3522
3533
3523
3534
3524
3535
3525
3536
3526
3537
3527
3538
3539
3529
3540
4547
3530
3541
3531
3542
3532
3543
3533
3544
3534
3545
3535
3546
3536
3547
3537
3548
3538
3549
3539
3550
3551
3541
3552
4559
3542
3553
3543
3554
3544
3555
3545
3556
3546
3557
3547
3558
3548
3559
3549
3560
3550
3561
3551
3562
3563
3553
3564
4571
3554
3565
3555
3566
3556
3567
3557
3568
3558
3569
3559
3570
3560
3571
3561
3572
3562
3573
3563
3574
3575
3565
3576
4583
3566
3577
3567
3578
3568
3579
3569
3580
3570
3581
3571
3582
3572
3583
3573
3584
3574
3585
3575
3586
3587
3577
3588
4595
3578
3589
3579
3590
3580
3591
3581
3592
3582
3593
3583
3594
3584
3595
3585
3596
3586
3597
3587
3598
3599
3589
4607
3590
3591
3592
3593
3594
3595
3596
3597
3598
3599
3601
3612
3602
3613
3603
3614
3604
3615
3605
3616
3606
3617
3607
3618
3608
3619
3609
3620
3610
3621
3611
3622
3623
3744
3613
3624
3614
3625
3615
3626
3616
3627
3617
3628
3618
3629
3619
3630
3620
3631
3621
3632
3622
3633
3623
3634
3635
3756
3625
3636
3626
3637
3627
3638
3628
3639
3629
3640
3630
3641
3631
3642
3632
3643
3633
3644
3634
3645
3635
3646
3647
3768
3637
3648
3638
3649
3639
3650
3640
3651
3641
3652
3642
3653
3643
3654
3644
3655
3645
3656
3646
3657
3647
3658
3659
3780
3649
3660
3650
3661
3651
3662
3652
3663
3653
3664
3654
3665
3655
3666
3656
3667
3657
3668
3658
3669
3659
3670
3671
3792
3661
3672
3662
3673
3663
3674
3664
3675
3665
3676
3666
3677
3667
3678
3668
3679
3669
3680
3670
3681
3671
3682
3683
3804
3673
3684
3674
3685
3675
3686
3676
3687
3677
3688
3678
3689
3679
3690
3680
3691
3681
3692
3682
3693
3683
3694
3695
3816
3685
3696
3686
3697
3687
3698
3688
3699
3689
3700
3690
3701
3691
3702
3692
3703
3693
3704
3694
3705
3695
3706
3707
3828
3697
3708
3698
3709
3699
3710
3700
3711
3701
3712
3702
3713
3703
3714
3704
3715
3705
3716
3706
3717
3707
3718
3719
3840
3709
3720
3710
3721
3711
3722
3712
3723
3713
3724
3714
3725
3715
3726
3716
3727
3717
3728
3718
3729
3719
3730
3731
3852
3721
3732
3722
3733
3723
3734
3724
3735
3725
3736
3726
3737
3727
3738
3728
3739
3729
3740
3730
3741
3731
3742
3743
3864
3733
3734
3735
3736
3737
3738
3739
3740
3741
3742
3743
3876
3745
3756
3746
3757
3747
3758
3748
3759
3749
3760
3750
3761
3751
3762
3752
3763
3753
3764
3754
3765
3755
3766
3767
3757
3768
3758
3769
3759
3770
3760
3771
3761
3772
3762
3773
3763
3774
3764
3775
3765
3776
3766
3777
3767
3778
3779
3769
3780
3770
3781
3771
3782
3772
3783
3773
3784
3774
3785
3775
3786
3776
3787
3777
3788
3778
3789
3779
3790
3791
3781
3792
3782
3793
3783
3794
3784
3795
3785
3796
3786
3797
3787
3798
3788
3799
3789
3800
3790
3801
3791
3802
3803
3793
3804
3794
3805
3795
3806
3796
3807
3797
3808
3798
3809
3799
3810
3800
3811
3801
3812
3802
3813
3803
3814
3815
3805
3816
3806
3817
3807
3818
3808
3819
3809
3820
3810
3821
3811
3822
3812
3823
3813
3824
3814
3825
3815
3826
3827
3817
3828
3818
3829
3819
3830
3820
3831
3821
3832
3822
3833
3823
3834
3824
3835
3825
3836
3826
3837
3827
3838
3839
3829
3840
3830
3841
3831
3842
3832
3843
3833
3844
3834
3845
3835
3846
3836
3847
3837
3848
3838
3849
3839
3850
3851
3841
3852
3842
3853
3843
3854
3844
3855
3845
3856
3846
3857
3847
3858
3848
3859
3849
3860
3850
3861
3851
3862
3863
3853
3864
3854
3865
3855
3866
3856
3867
3857
3868
3858
3869
3859
3870
3860
3871
3861
3872
3862
3873
3863
3874
3875
3865
3876
3866
3877
3867
3878
3868
3879
3869
3880
3870
3881
3871
3882
3872
3883
3873
3884
3874
3885
3875
3886
3887
3877
3878
3879
3880
3881
3882
3883
3884
3885
3886
3887
3889
3900
3890
3901
3891
3902
3892
3903
3893
3904
3894
3905
3895
3906
3896
3907
3897
3908
3898
3909
3899
3910
3911
4032
3901
3912
3902
3913
3903
3914
3904
3915
3905
3916
3906
3917
3907
3918
3908
3919
3909
3920
3910
3921
3911
3922
3923
4044
3913
3924
3914
3925
3915
3926
3916
3927
3917
3928
3918
3929
3919
3930
3920
3931
3921
3932
3922
3933
3923
3934
3935
4056
3925
3936
3926
3937
3927
3938
3928
3939
3929
3940
3930
3941
3931
3942
3932
3943
3933
3944
3934
3945
3935
3946
3947
4068
3937
3948
3938
3949
3939
3950
3940
3951
3941
3952
3942
3953
3943
3954
3944
3955
3945
3956
3946
3957
3947
3958
3959
4080
3949
3960
3950
3961
3951
3962
3952
3963
3953
3964
3954
3965
3955
3966
3956
3967
3957
3968
3958
3969
3959
3970
3971
4092
3961
3972
3962
3973
3963
3974
3964
3975
3965
3976
3966
3977
3967
3978
3968
3979
3969
3980
3970
3981
3971
3982
3983
4104
3973
3984
3974
3985
3975
3986
3976
3987
3977
3988
3978
3989
3979
3990
3980
3991
3981
3992
3982
3993
3983
3994
3995
4116
3985
3996
3986
3997
3987
3998
3988
3999
3989
4000
3990
4001
3991
4002
3992
4003
3993
4004
3994
4005
3995
4006
4007
4128
3997
4008
3998
4009
3999
4010
4000
4011
4001
4012
4002
4013
4003
4014
4004
4015
4005
4016
4006
4017
4007
4018
4019
4140
4009
4020
4010
4021
4011
4022
4012
4023
4013
4024
4014
4025
4015
4026
4016
4027
4017
4028
4018
4029
4019
4030
4031
4152
4021
4022
4023
4024
4025
4026
4027
4028
4029
4030
4031
4164
4033
4044
4034
4045
4035
4046
4036
4047
4037
4048
4038
4049
4039
4050
4040
4051
4041
4052
4042
4053
4043
4054
4055
4045
4056
4046
4057
4047
4058
4048
4059
4049
4060
4050
4061
4051
4062
4052
4063
4053
4064
4054
4065
4055
4066
4067
4057
4068
4058
4069
4059
4070
4060
4071
4061
4072
4062
4073
4063
4074
4064
4075
4065
4076
4066
4077
4067
4078
4079
4069
4080
4070
4081
4071
4082
4072
4083
4073
4084
4074
4085
4075
4086
4076
4087
4077
4088
4078
4089
4079
4090
4091
4081
4092
4082
4093
4083
4094
4084
4095
4085
4096
4086
4097
4087
4098
4088
4099
4089
4100
4090
4101
4091
4102
4103
4093
4104
4094
4105
4095
4106
4096
4107
4097
4108
4098
4109
4099
4110
4100
4111
4101
4112
4102
4113
4103
4114
4115
4105
4116
4106
4117
4107
4118
4108
4119
4109
4120
4110
4121
4111
4122
4112
4123
4113
4124
4114
4125
4115
4126
4127
4117
4128
4118
4129
4119
4130
4120
4131
4121
4132
4122
4133
4123
4134
4124
4135
4125
4136
4126
4137
4127
4138
4139
4129
4140
4130
4141
4131
4142
4132
4143
4133
4144
4134
4145
4135
4146
4136
4147
4137
4148
4138
4149
4139
4150
4151
4141
4152
4142
4153
4143
4154
4144
4155
4145
4156
4146
4157
4147
4158
4148
4159
4149
4160
4150
4161
4151
4162
4163
4153
4164
4154
4165
4155
4166
4156
4167
4157
4168
4158
4169
4159
4170
4160
4171
4161
4172
4162
4173
4163
4174
4175
4165
4166
4167
4168
4169
4170
4171
4172
4173
4174
4175
4177
4188
4178
4189
4179
4190
4180
4191
4181
4192
4182
4193
4183
4194
4184
4195
4185
4196
4186
4197
4187
4198
4199
4320
4189
4200
4190
4201
4191
4202
4192
4203
4193
4204
4194
4205
4195
4206
4196
4207
4197
4208
4198
4209
4199
4210
4211
4332
4201
4212
4202
4213
4203
4214
4204
4215
4205
4216
4206
4217
4207
4218
4208
4219
4209
4220
4210
4221
4211
4222
4223
4344
4213
4224
4214
4225
4215
4226
4216
4227
4217
4228
4218
4229
4219
4230
4220
4231
4221
4232
4222
4233
4223
4234
4235
4356
4225
4236
4226
4237
4227
4238
4228
4239
4229
4240
4230
4241
4231
4242
4232
4243
4233
4244
4234
4245
4235
4246
4247
4368
4237
4248
4238
4249
4239
4250
4240
4251
4241
4252
4242
4253
4243
4254
4244
4255
4245
4256
4246
4257
4247
4258
4259
4380
4249
4260
4250
4261
4251
4262
4252
4263
4253
4264
4254
4265
4255
4266
4256
4267
4257
4268
4258
4269
4259
4270
4271
4392
4261
4272
4262
4273
4263
4274
4264
4275
4265
4276
4266
4277
4267
4278
4268
4279
4269
4280
4270
4281
4271
4282
4283
4404
4273
4284
4274
4285
4275
4286
4276
4287
4277
4288
4278
4289
4279
4290
4280
4291
4281
4292
4282
4293
4283
4294
4295
4416
4285
4296
4286
4297
4287
4298
4288
4299
4289
4300
4290
4301
4291
4302
4292
4303
4293
4304
4294
4305
4295
4306
4307
4428
4297
4308
4298
4309
4299
4310
4300
4311
4301
4312
4302
4313
4303
4314
4304
4315
4305
4316
4306
4317
4307
4318
4319
4440
4309
4310
4311
4312
4313
4314
4315
4316
4317
4318
4319
4452
4321
4332
4322
4333
4323
4334
4324
4335
4325
4336
4326
4337
4327
4338
4328
4339
4329
4340
4330
4341
4331
4342
4343
4333
4344
4334
4345
4335
4346
4336
4347
4337
4348
4338
4349
4339
4350
4340
4351
4341
4352
4342
4353
4343
4354
4355
4345
4356
4346
4357
4347
4358
4348
4359
4349
4360
4350
4361
4351
4362
4352
4363
4353
4364
4354
4365
4355
4366
4367
4357
4368
4358
4369
4359
4370
4360
4371
4361
4372
4362
4373
4363
4374
4364
4375
4365
4376
4366
4377
4367
4378
4379
4369
4380
4370
4381
4371
4382
4372
4383
4373
4384
4374
4385
4375
4386
4376
4387
4377
4388
4378
4389
4379
4390
4391
4381
4392
4382
4393
4383
4394
4384
4395
4385
4396
4386
4397
4387
4398
4388
4399
4389
4400
4390
4401
4391
4402
4403
4393
4404
4394
4405
4395
4406
4396
4407
4397
4408
4398
4409
4399
4410
4400
4411
4401
4412
4402
4413
4403
4414
4415
4405
4416
4406
4417
4407
4418
4408
4419
4409
4420
4410
4421
4411
4422
4412
4423
4413
4424
4414
4425
4415
4426
4427
4417
4428
4418
4429
4419
4430
4420
4431
4421
4432
4422
4433
4423
4434
4424
4435
4425
4436
4426
4437
4427
4438
4439
4429
4440
4430
4441
4431
4442
4432
4443
4433
4444
4434
4445
4435
4446
4436
4447
4437
4448
4438
4449
4439
4450
4451
4441
4452
4442
4453
4443
4454
4444
4455
4445
4456
4446
4457
4447
4458
4448
4459
4449
4460
4450
4461
4451
4462
4463
4453
4454
4455
4456
4457
4458
4459
4460
4461
4462
4463
4465
4476
4466
4477
4467
4478
4468
4479
4469
4480
4470
4481
4471
4482
4472
4483
4473
4484
4474
4485
4475
4486
4487
4477
4488
4478
4489
4479
4490
4480
4491
4481
4492
4482
4493
4483
4494
4484
4495
4485
4496
4486
4497
4487
4498
4499
4489
4500
4490
4501
4491
4502
4492
4503
4493
4504
4494
4505
4495
4506
4496
4507
4497
4508
4498
4509
4499
4510
4511
4501
4512
4502
4513
4503
4514
4504
4515
4505
4516
4506
4517
4507
4518
4508
4519
4509
4520
4510
4521
4511
4522
4523
4513
4524
4514
4525
4515
4526
4516
4527
4517
4528
4518
4529
4519
4530
4520
4531
4521
4532
4522
4533
4523
4534
4535
4525
4536
4526
4537
4527
4538
4528
4539
4529
4540
4530
4541
4531
4542
4532
4543
4533
4544
4534
4545
4535
4546
4547
4537
4548
4538
4549
4539
4550
4540
4551
4541
4552
4542
4553
4543
4554
4544
4555
4545
4556
4546
4557
4547
4558
4559
4549
4560
4550
4561
4551
4562
4552
4563
4553
4564
4554
4565
4555
4566
4556
4567
4557
4568
4558
4569
4559
4570
4571
4561
4572
4562
4573
4563
4574
4564
4575
4565
4576
4566
4577
4567
4578
4568
4579
4569
4580
4570
4581
4571
4582
4583
4573
4584
4574
4585
4575
4586
4576
4587
4577
4588
4578
4589
4579
4590
4580
4591
4581
4592
4582
4593
4583
4594
4595
4585
4596
4586
4597
4587
4598
4588
4599
4589
4600
4590
4601
4591
4602
4592
4603
4593
4604
4594
4605
4595
4606
4607
4597
4598
4599
4600
4601
4602
4603
4604
4605
4606
4607
)


// ************************************************************************* //
