/*--------------------------------*- C++ -*----------------------------------*\
| =========                 |                                                 |
| \\      /  F ield         | OpenFOAM: The Open Source CFD Toolbox           |
|  \\    /   O peration     | Version:  2.4.0                                 |
|   \\  /    A nd           | Web:      www.OpenFOAM.org                      |
|    \\/     M anipulation  |                                                 |
\*---------------------------------------------------------------------------*/
FoamFile
{
    version     2.0;
    format      ascii;
    class       surfaceScalarField;
    location    "1.2";
    object      phiAlpha;
}
// * * * * * * * * * * * * * * * * * * * * * * * * * * * * * * * * * * * * * //

dimensions      [0 3 -1 0 0 0 0];

internalField   nonuniform List<scalar> 
5952
(
8.4772e-08
-2.5e-07
1.4317e-07
-5.83975e-08
1.50381e-07
-7.21129e-09
1.88107e-07
-1.27658e-08
2.27136e-07
-4.05049e-08
1.64164e-07
6.29723e-08
6.52011e-07
5.72753e-08
3.37722e-07
3.1429e-07
-2.10853e-07
2.9631e-07
-4.07796e-08
5.66189e-08
-1.68208e-09
1.24965e-08
3.79219e-10
-2.0613e-09
1.8357e-07
-7.96205e-07
1.65335e-07
-3.24917e-07
2.2053e-07
-4.89808e-08
3.8319e-07
3.92974e-08
1.14528e-07
4.09212e-07
-3.56626e-07
4.52233e-07
-5.72688e-07
1.25348e-07
-4.65744e-07
-9.60451e-09
-3.34193e-07
-2.09279e-08
-2.46843e-07
3.0803e-08
-2.88541e-07
9.92168e-08
6.15293e-08
-3.84699e-07
1.61189e-07
-9.57394e-07
2.77192e-07
-3.32168e-07
7.38378e-09
1.85721e-07
-5.34751e-07
6.23745e-07
-4.61176e-07
3.95416e-07
-4.85151e-08
-1.58682e-09
-3.21921e-10
2.19785e-09
-9.92643e-09
3.28827e-16
-5.76307e-08
2.66444e-16
-9.43602e-08
3.73545e-16
-6.61973e-08
6.90366e-09
2.67735e-08
-2.3935e-08
-6.7699e-08
-2.98997e-07
-5.83327e-07
-1.31231e-07
-8.50417e-07
4.99153e-07
-3.95416e-07
3.05684e-07
-5.26123e-16
4.07173e-16
-5.64517e-16
-1.58682e-09
-5.29302e-16
2.19785e-09
-5.78562e-16
3.2894e-16
-6.62226e-16
3.08233e-16
-7.3151e-16
2.43041e-16
6.90366e-09
1.83461e-16
1.26554e-08
-1.21661e-07
-1.0397e-07
-1.21516e-07
-6.50955e-07
8.49942e-08
-5.25082e-07
3.49406e-07
-5.13332e-09
4.50382e-09
-5.70343e-09
5.7011e-10
-1.59719e-08
2.44324e-08
-6.41921e-16
2.11166e-08
-7.37635e-16
3.81202e-16
-7.90889e-16
3.04315e-16
-7.72419e-16
2.33824e-16
-1.51365e-08
1.52563e-16
9.69797e-09
-2.13423e-06
-3.63518e-08
-1.04888e-08
-1.34948e-07
1.61826e-08
-9.10087e-09
1.53039e-16
-4.59706e-09
2.56058e-16
-1.8699e-08
6.59957e-09
-4.01717e-08
2.87262e-08
-2.97272e-08
2.78511e-08
-5.37207e-16
2.54646e-08
-5.50535e-16
3.09674e-16
-6.21423e-16
3.26012e-16
-1.51344e-09
1.51344e-09
3.24368e-10
-9.3223e-08
-1.66364e-08
4.41948e-08
-9.90801e-17
-4.53787e-10
-1.08552e-16
2.02345e-16
1.39705e-13
-1.39609e-13
-1.3239e-08
2.21332e-09
-1.5488e-08
2.4385e-08
-1.59325e-09
2.03485e-08
-7.43513e-08
2.14354e-08
-1.22727e-07
5.90108e-08
-1.30794e-07
3.10393e-08
8.2106e-11
1.52444e-08
4.06475e-10
-7.65261e-16
1.70292e-08
9.25528e-09
-2.26699e-12
1.31761e-08
-2.26696e-12
1.73727e-16
-1.11003e-10
9.13178e-12
-2.10968e-11
3.71884e-10
-8.63625e-11
2.27055e-08
-3.30679e-09
2.53138e-08
-1.68811e-08
5.03163e-09
-3.63851e-08
2.59767e-08
-3.91892e-08
1.26899e-08
-2.37306e-06
2.44873e-06
-3.12246e-05
-1.15292e-05
1.28151e-09
3.79454e-09
-6.98159e-19
2.88219e-09
-3.48093e-18
1.79495e-16
-2.92325e-12
1.20546e-11
-6.6294e-08
9.27197e-11
-2.95129e-07
7.64747e-07
3.72375e-09
2.10304e-06
-6.65285e-16
8.75538e-09
-9.33749e-16
2.59767e-08
-5.5801e-09
1.827e-08
-0.000126841
1.77049e-05
-0.000201404
-0.000163123
4.48357e-09
-1.83314e-08
-1.32082e-10
5.64373e-09
8.6918e-11
1.51664e-08
-8.87076e-12
9.61428e-10
-8.83202e-17
1.7886e-15
-1.89273e-07
9.5402e-07
-2.74623e-05
4.5045e-05
-4.73437e-05
0.000212354
9.07029e-06
8.49196e-05
-2.06426e-05
1.60295e-06
-0.000190661
8.78818e-06
-0.000308428
-8.30481e-05
-3.79673e-10
1.5688e-07
-8.81383e-11
2.28446e-09
1.73979e-08
1.317e-07
4.63085e-12
1.35492e-10
4.6306e-12
2.02399e-15
-2.50124e-06
2.39927e-05
-4.72979e-05
0.000263052
-6.50517e-05
0.000227061
-2.01778e-05
7.75004e-05
-4.56867e-06
1.24635e-05
-2.51959e-05
-2.44848e-05
-0.000346158
2.55187e-05
-2.78004e-06
1.82196e-06
1.65045e-06
9.87793e-07
3.75506e-16
1.78215e-06
4.5205e-16
1.35492e-10
4.56335e-16
2.03442e-15
4.03977e-06
3.74169e-05
-1.58143e-05
0.000279071
-5.36321e-06
0.000167611
1.62199e-06
8.20959e-05
-1.47429e-06
3.04572e-05
1.65646e-05
-6.96456e-05
2.83341e-05
-5.57441e-05
-2.3799e-09
3.18603e-10
-2.50699e-09
1.27155e-10
-2.4838e-09
-2.30678e-11
-2.24245e-09
-2.41277e-10
-9.31154e-10
-1.31127e-09
-7.46335e-10
-1.8482e-10
-3.60989e-07
-2.08442e-10
-3.29179e-07
-3.18096e-08
-2.0271e-07
-1.26469e-07
-1.22995e-07
-7.97147e-08
-1.20161e-09
-9.36957e-08
-1.20161e-09
-2.5264e-07
1.04275e-07
-2.22047e-08
1.6173e-08
-2.1974e-08
-1.1752e-08
-2.04572e-08
-1.55898e-08
-4.43107e-09
-1.06375e-08
-3.9372e-08
-4.41393e-08
-2.63549e-07
-3.33362e-08
-2.39126e-07
-5.62327e-08
-2.01025e-07
-1.47885e-16
-4.20157e-08
-4.35359e-10
-2.93004e-08
-1.27331e-08
-3.00593e-08
-4.55962e-07
3.73465e-08
-9.69606e-07
7.75513e-10
-6.13121e-07
-1.65539e-08
-2.41428e-07
-5.45407e-09
-2.28909e-07
-2.60292e-08
-2.57696e-07
-8.33959e-08
-1.92853e-07
-3.01349e-08
-2.74028e-16
-1.25277e-16
-3.37216e-16
-2.09179e-16
-3.43589e-16
-4.35357e-10
-1.10617e-08
-1.67138e-09
-9.00212e-09
-5.37634e-07
-3.71202e-08
-8.50175e-07
-2.23607e-07
-2.75588e-07
-2.43117e-07
-1.18816e-07
-2.64007e-08
-1.28069e-07
1.31225e-09
-1.53622e-07
-1.85125e-16
-3.21051e-16
-1.22113e-08
-3.10748e-16
-1.9665e-16
-6.1457e-16
-2.39925e-16
-1.05409e-09
-3.68866e-10
-3.21871e-10
-3.96097e-09
-9.87022e-09
-2.052e-06
-9.51857e-08
-1.83035e-06
-4.69427e-07
-1.28946e-06
-7.59836e-07
-1.18483e-07
-4.68676e-07
-4.41231e-16
-1.17171e-07
-3.05687e-16
-3.79464e-16
-1.91197e-16
-1.22113e-08
-1.74126e-16
-2.72701e-16
-4.46018e-12
4.45901e-12
-6.85625e-10
-4.21967e-11
-2.07755e-10
-3.53301e-09
-9.51317e-09
-5.31783e-07
6.3476e-08
-9.60104e-07
-2.95792e-16
-1.49551e-06
-2.49793e-07
-8.88128e-07
-5.21087e-07
-8.66768e-08
-1.91272e-07
-5.95222e-08
-3.57748e-08
-1.03235e-08
-1.65666e-07
2.19546e-09
-1.91278e-07
-1.53133e-11
-2.47642e-08
-3.15995e-11
-2.67905e-09
-4.02336e-10
-2.18909e-10
-2.43551e-16
-5.95265e-16
6.3476e-08
-4.95116e-16
-4.67574e-16
-5.02895e-08
-1.99504e-07
-4.62728e-08
-8.40257e-13
-7.64363e-09
-1.5654e-10
-6.20256e-09
-5.60744e-09
-2.72443e-08
-3.55567e-09
1.12769e-07
-2.66425e-07
1.57891e-08
-1.64211e-07
2.18909e-10
-1.80112e-08
1.04086e-17
-1.85837e-16
-2.33142e-16
-1.94086e-07
-6.1373e-05
-6.67712e-07
-5.07915e-06
-1.62432e-13
-9.32136e-06
-1.00267e-12
-7.53757e-16
9.83632e-11
-5.06152e-09
8.33381e-11
-7.62337e-09
2.04619e-09
-7.34072e-09
7.89262e-08
-9.79792e-09
1.44506e-07
-2.01506e-07
1.62684e-10
-5.24217e-08
3.65349e-17
1.62684e-10
-2.31538e-16
-0.000101444
-0.00026014
-9.63918e-06
-0.000255734
-5.40278e-10
-5.67152e-05
-5.40278e-10
-8.92176e-16
3.50606e-09
-4.74545e-09
4.08234e-09
-6.39596e-09
5.9622e-09
-7.14118e-09
6.17949e-09
-6.4035e-09
1.37643e-07
-1.68224e-07
2.4715e-08
-4.89745e-08
1.60887e-11
5.45911e-09
1.60884e-11
-1.73392e-05
-0.000326438
3.0031e-05
-0.000227034
-3.17865e-09
-4.58911e-05
-1.38746e-09
-1.79119e-09
7.82392e-09
2.64166e-09
6.92231e-09
-7.91227e-10
1.21114e-08
-8.20828e-09
8.8427e-09
-6.9654e-09
1.06142e-07
-4.11039e-09
8.24951e-08
-9.95167e-10
1.7053e-08
-1.73554e-08
-1.37886e-08
2.08007e-05
-2.83341e-05
3.94844e-06
-7.58214e-16
1.23688e-06
-6.75888e-16
-1.80719e-10
-3.26398e-08
5.41463e-16
2.46094e-09
2.73511e-10
-1.06474e-09
1.01545e-08
-5.72999e-09
1.23681e-08
-1.15506e-08
1.02207e-08
-1.91349e-09
3.04595e-07
7.36384e-09
2.49586e-07
5.9351e-08
5.20475e-08
2.90037e-16
-9.23298e-16
3.27908e-16
-7.96327e-16
3.36513e-16
-6.8425e-16
4.2726e-08
-9.65041e-09
1.81745e-08
-7.13264e-08
1.02304e-09
-1.02289e-08
6.89635e-09
-6.6837e-10
1.62054e-08
-1.40662e-10
2.29331e-08
-8.69332e-09
3.16167e-07
7.61238e-09
3.19935e-07
1.05843e-07
3.71982e-07
1.17604e-10
-1.03863e-11
5.93452e-10
-9.57951e-12
6.45602e-10
-5.21503e-11
6.5085e-10
-5.11005e-12
6.14791e-10
3.60595e-11
3.90906e-11
7.13178e-11
6.31361e-13
1.85849e-13
6.18531e-13
1.28179e-14
-2.90492e-13
9.39161e-11
-3.09619e-13
1.91219e-14
-1.50047e-13
5.65397e-14
1.42127e-14
-6.4843e-14
3.37782e-12
-1.37644e-11
5.21791e-12
-1.14199e-11
1.76685e-11
-5.29765e-12
-4.54412e-12
1.32793e-12
-6.87668e-11
4.04645e-11
-1.34429e-10
1.43947e-10
-3.9652e-11
7.43588e-12
-9.44386e-11
1.17741e-11
-1.01984e-12
9.1569e-13
-1.01808e-12
1.73572e-14
-7.8595e-13
1.46982e-13
6.43673e-14
-4.93495e-13
-3.33392e-13
-1.33592e-11
-9.49026e-14
-6.01446e-12
6.69855e-12
5.43467e-12
-2.05573e-10
9.00429e-11
-5.01956e-10
2.53617e-10
-9.37436e-12
1.86314e-10
-1.97494e-12
3.64857e-14
-7.7689e-13
4.38168e-14
-3.72619e-13
-6.01806e-15
-4.26424e-13
8.77533e-14
-2.34573e-13
4.30141e-14
1.39622e-14
-1.86027e-13
-8.87299e-12
-4.48679e-12
2.52935e-13
6.40738e-13
-3.93221e-11
2.34396e-12
-3.44503e-10
1.48213e-10
-2.9567e-10
2.95939e-10
-9.86963e-14
1.12389e-10
-1.00844e-13
3.86199e-14
-9.0742e-14
3.34649e-14
-1.72927e-13
4.38052e-14
-1.54931e-13
4.68642e-14
-1.38286e-13
1.68875e-14
7.52723e-15
-1.38038e-13
-3.56855e-12
1.29943e-12
5.47234e-13
9.65759e-14
-1.42371e-11
2.59114e-12
-3.14688e-10
6.79038e-11
-3.10251e-10
1.92419e-10
-8.68056e-14
2.55833e-12
-9.17143e-14
4.35427e-14
-9.55132e-14
3.71874e-14
-1.66469e-13
3.86761e-14
-2.85908e-13
7.14301e-14
-2.34703e-13
-1.76563e-14
-1.03687e-14
-2.54599e-13
-1.22342e-16
1.29946e-12
9.96685e-14
-3.29453e-15
-1.13766e-11
4.11865e-12
-3.06127e-11
2.1344e-13
-3.7248e-12
1.27474e-13
-4.20143e-13
1.19065e-13
-6.30793e-14
7.32912e-13
-6.36545e-14
3.76616e-14
-1.39629e-12
1.37123e-12
-3.54834e-13
3.2997e-13
-2.95346e-13
-4.449e-14
-3.85238e-13
-7.74913e-13
8.74357e-13
9.04786e-11
-6.68812e-13
1.7671e-13
-4.7484e-13
2.3484e-13
-2.68139e-13
9.15484e-14
-2.88141e-13
6.12051e-14
-4.16747e-13
3.32356e-13
-4.14882e-12
3.75285e-12
-3.13026e-11
3.80444e-11
-2.19437e-11
2.82152e-11
-2.82532e-12
-1.33884e-12
-4.26243e-12
-9.36005e-14
-4.26337e-12
-7.13806e-12
-1.64912e-14
1.82089e-10
-1.69403e-13
3.09494e-14
-2.04644e-13
3.25573e-13
-2.30767e-13
4.73041e-13
-1.01155e-13
5.57454e-13
-1.88892e-13
3.95522e-13
-5.61322e-11
1.62144e-11
-1.48361e-10
1.23652e-10
-9.33187e-11
2.06649e-11
-6.04105e-12
6.84024e-14
-9.89302e-12
-1.13404e-12
-6.02338e-12
-6.80951e-12
-1.46206e-12
7.77483e-11
-1.55566e-13
1.10923e-12
-2.06353e-13
5.25245e-13
-3.11883e-13
8.73465e-13
-2.51006e-13
8.65221e-13
-3.54586e-13
7.58818e-13
-4.13082e-13
4.06807e-13
-2.57467e-11
1.49687e-10
-4.12361e-12
9.43411e-12
-2.52172e-12
-1.26219e-12
-3.40287e-12
-1.23928e-15
-1.15358e-15
-4.27687e-12
-8.26908e-13
5.23258e-11
-7.53455e-14
4.55373e-13
-9.18006e-14
6.38006e-13
-5.46514e-14
9.0098e-13
-2.35301e-14
5.97435e-14
-3.73137e-16
1.49577e-12
-1.07516e-09
1.0748e-09
-2.1697e-11
5.35275e-09
-7.27452e-11
6.64046e-11
-1.18865e-15
-2.14567e-11
-6.96167e-16
-1.73823e-15
-1.48473e-15
-3.58576e-16
2.86689e-11
2.17027e-10
1.82916e-13
3.92229e-11
1.50661e-18
8.2079e-13
-4.72117e-17
8.91545e-13
5.90541e-14
6.45141e-16
-2.0604e-09
5.45417e-09
-4.44651e-09
1.39823e-08
-6.54615e-09
7.45209e-09
-4.43581e-09
2.15991e-09
-1.09154e-10
-3.43485e-09
-3.17014e-16
-1.09156e-10
-1.83882e-15
3.07882e-17
4.37771e-13
2.29376e-10
1.78174e-12
4.99793e-11
1.3834e-12
1.26538e-11
8.58011e-13
8.11954e-12
8.58052e-13
6.1461e-16
-6.0626e-10
6.22156e-09
-1.03782e-09
1.44135e-08
-4.46435e-10
6.86073e-09
-7.49269e-10
2.46244e-09
2.01031e-11
-3.31724e-09
-4.69711e-12
-3.26278e-11
-6.10813e-15
-4.69288e-12
-6.94215e-14
4.47535e-15
-7.33851e-14
1.61863e-15
-8.42546e-14
5.45092e-16
-8.8325e-14
-6.46605e-15
-8.04796e-14
-1.50494e-14
-6.37999e-14
-1.19273e-14
-3.99762e-14
-1.32766e-14
-3.22337e-14
-5.90832e-15
-1.98299e-14
-1.24068e-14
7.28284e-14
-9.26652e-14
3.88515e-11
-6.94365e-11
3.8851e-11
-1.88746e-13
8.63694e-15
-1.99617e-13
-4.80186e-15
-2.1255e-13
-1.79048e-14
-2.06991e-13
-1.78095e-14
-1.76447e-13
-3.86196e-14
-1.02158e-13
-2.87183e-14
-4.31035e-14
-2.27826e-14
-2.52607e-14
-1.00206e-14
-2.1465e-14
-1.62225e-14
5.12675e-12
-1.23101e-11
-2.1716e-11
-1.25334e-10
-3.91758e-11
-1.91041e-13
-3.71501e-15
-2.31611e-13
-6.78717e-15
-2.15576e-13
-2.77099e-14
-2.01223e-13
-1.97996e-14
-1.62574e-13
-3.69624e-14
-8.06977e-14
-4.02831e-14
-2.82976e-14
-3.29442e-14
-2.36358e-14
-1.46972e-14
-1.97941e-14
-2.00826e-14
-1.3924e-12
-1.40082e-11
-4.72901e-11
-1.12164e-10
-1.59133e-10
-1.32615e-13
-1.31436e-14
-1.31572e-13
-1.84704e-14
-1.03934e-13
-6.04079e-14
-9.10736e-14
-2.51425e-14
-7.89958e-14
-4.00879e-14
-5.0308e-14
-5.57782e-14
-1.55672e-14
-5.63485e-14
-3.3426e-15
-2.25039e-14
-1.38404e-15
-2.11984e-14
-6.81503e-12
-1.09456e-13
-1.58976e-11
-1.64105e-12
-5.1225e-11
-2.84949e-13
-2.22101e-14
-2.63767e-13
-4.67487e-14
-1.33784e-13
-1.69427e-13
-6.81133e-14
-8.73647e-14
-5.29643e-14
-5.69273e-14
-4.27893e-14
-6.3178e-14
-1.20913e-14
-8.70672e-14
1.06614e-14
-3.97871e-14
2.47592e-17
-2.10777e-14
-1.93481e-16
-6.05771e-15
-1.63983e-12
-7.68732e-16
-1.28199e-15
-3.01242e-13
-1.79813e-12
-2.04869e-13
-1.54986e-13
-1.37516e-13
-1.19822e-13
-5.4557e-14
-1.22049e-13
-3.10694e-14
-6.78347e-14
-2.58219e-14
-5.5671e-14
-1.01378e-14
-8.80853e-14
1.29802e-14
-6.38442e-14
1.86748e-14
-3.10241e-14
5.23231e-16
-1.24008e-14
8.42019e-17
-1.95758e-15
-1.19786e-15
-3.57144e-12
-6.62094e-12
-2.11362e-13
-3.23465e-12
-6.57683e-14
-5.40217e-14
-1.42383e-14
-7.22993e-14
5.43326e-16
-3.95919e-14
2.52712e-15
-3.14436e-14
4.32679e-15
-5.65003e-14
1.46786e-14
-6.80048e-14
1.85307e-14
-3.90145e-14
4.45837e-15
-1.10666e-14
9.97912e-17
-7.58767e-15
-2.48443e-15
-5.49712e-12
-9.25786e-12
-2.89593e-14
-4.05414e-12
-2.49335e-14
-7.43095e-14
-4.60858e-15
-4.70753e-14
2.87675e-15
-3.22687e-14
5.78123e-15
-3.62186e-14
8.16035e-15
-4.42803e-14
1.94908e-14
-6.20775e-14
2.24339e-14
-4.55952e-14
1.06481e-14
-1.00333e-14
3.0152e-15
-1.04468e-14
-8.20061e-14
-1.88676e-12
-1.25381e-15
-8.6043e-14
-5.86151e-14
4.84847e-15
-2.03984e-13
1.94471e-14
-8.57585e-14
1.76944e-14
-4.63517e-14
1.41404e-14
-4.75564e-14
1.17095e-14
-3.98508e-14
2.08514e-14
-4.3046e-14
3.02488e-14
-4.37391e-14
1.26901e-14
-1.17368e-15
3.82004e-15
-4.40071e-15
-4.45173e-13
-1.29986e-16
-1.48886e-15
9.99251e-17
-5.88852e-14
4.15564e-14
-1.23179e-13
3.10554e-14
-7.79169e-14
3.05466e-14
-5.52157e-14
2.79717e-14
-5.43406e-14
1.74795e-14
-3.16714e-14
2.19001e-14
-2.16265e-14
3.18948e-14
-3.60259e-14
1.90976e-14
5.70497e-15
2.47292e-14
2.46099e-16
-5.17089e-13
2.96965e-16
-1.71193e-15
2.8264e-14
-7.76764e-14
4.75936e-14
-1.35946e-13
5.78275e-14
-8.34754e-14
5.14323e-14
-4.49802e-14
2.68527e-14
-1.88395e-14
1.4477e-14
-1.34247e-14
1.65068e-14
-1.02111e-14
4.01965e-14
-1.74291e-14
5.84663e-14
1.43657e-14
6.63545e-14
7.85933e-16
8.16271e-14
2.04321e-14
-5.64476e-13
6.10214e-14
-1.91928e-13
6.59311e-14
-7.65415e-14
7.2174e-14
-5.39634e-14
3.6925e-14
-4.51227e-14
2.06354e-14
-2.09671e-14
1.19481e-14
-1.11726e-14
2.1318e-14
-1.00869e-14
4.39943e-14
-8.87788e-14
7.20467e-14
2.48163e-14
6.99953e-14
2.90584e-15
8.75072e-13
1.19701e-08
-1.37049e-08
2.15575e-08
-9.58741e-09
7.13923e-09
-5.67787e-09
-2.06751e-11
-4.5672e-10
-2.39902e-11
8.91905e-12
8.04655e-11
1.34089e-11
3.74251e-11
4.50538e-11
5.27712e-12
5.76542e-12
-5.22051e-16
5.27764e-12
-1.71104e-05
1.71104e-05
-0.000321065
2.88019e-05
6.39757e-05
-0.000694881
8.78882e-09
-2.21155e-08
2.69417e-09
-7.12888e-12
-1.63594e-10
-3.42762e-10
-9.93902e-12
3.8465e-11
-2.89892e-11
3.5476e-11
2.5359e-13
9.3821e-12
-1.97672e-15
4.53088e-11
-3.22926e-05
3.22926e-05
-0.000145347
0.000122315
-0.000530553
0.000180808
-0.00084292
0.000152965
5.54213e-05
-0.000834365
-3.8601e-12
-1.03787e-08
-1.0989e-11
-8.80795e-18
-2.19671e-10
-2.38185e-17
4.48078e-12
3.97158e-11
-3.88538e-16
3.99657e-11
-3.90612e-05
3.90612e-05
-0.000294063
0.000255469
-0.000505891
0.000313033
-0.000579301
0.000254496
-0.000569502
0.00016747
-0.000532589
0.000116052
4.93215e-05
-0.00052649
-9.11622e-17
-5.08587e-10
-8.92286e-17
4.66701e-18
-1.43646e-16
3.72985e-17
3.97155e-11
6.46443e-17
-3.74422e-05
2.15371e-05
-0.000447689
0.000343376
-0.000618043
0.000404082
-0.000628846
0.000323826
-0.00059387
0.000219531
-0.000590868
0.000164457
-0.000554564
6.5805e-05
2.84462e-05
-0.000536932
-3.94197e-16
1.81777e-08
-4.22176e-16
1.64586e-17
-1.85313e-16
2.90061e-16
-4.48363e-07
4.48363e-07
-0.00039769
0.000254597
-0.000649622
0.000461164
-0.000600538
0.000376241
-0.000374236
6.20129e-05
-0.000297718
-2.10617e-12
-0.000354418
1.37527e-07
-0.000400104
-4.35482e-17
-9.98543e-06
-0.000419072
-4.10248e-17
5.36075e-08
-3.21769e-17
2.50932e-17
1.7021e-16
6.40329e-17
-9.85734e-05
2.52014e-05
-0.000458959
0.000358984
-0.000537734
0.000466941
-6.20129e-05
5.72328e-05
-1.0482e-15
4.66026e-16
-1.05363e-15
-2.10622e-12
-7.2762e-16
-2.52145e-12
-6.52362e-16
-1.90008e-16
-1.58817e-16
-9.98543e-06
-6.46106e-19
4.96076e-08
-2.12352e-17
3.38256e-17
-7.67615e-17
1.27555e-16
-0.000163379
4.81616e-05
-0.000332131
0.000177723
-5.72328e-05
5.83922e-05
-1.40236e-15
7.14057e-16
-9.1571e-16
5.55249e-16
-6.15897e-11
3.94613e-12
2.49877e-13
-2.63693e-10
-5.82912e-16
2.50089e-13
-4.03177e-16
-5.34264e-16
-4.87947e-07
3.26985e-07
8.75035e-08
1.38299e-05
-3.6228e-06
3.7103e-06
-3.1379e-05
8.5573e-06
-2.46548e-05
-4.57398e-17
-9.41277e-16
-2.15868e-16
-1.04044e-15
7.6937e-16
-1.37131e-15
5.54527e-16
-7.16286e-10
1.18482e-13
-1.5265e-08
-2.22537e-10
-7.19877e-09
-2.58221e-08
-1.15997e-07
8.03066e-12
3.26985e-07
5.23632e-16
-1.44852e-06
1.88394e-05
-3.27075e-07
0.000225162
-1.96609e-16
8.23022e-06
-3.03813e-16
5.52919e-16
-6.68757e-16
5.69656e-16
-7.09681e-16
1.58294e-15
-8.24017e-16
6.22201e-16
-8.74069e-16
1.94034e-16
-2.22538e-10
-2.04203e-16
5.44361e-08
-8.82862e-09
-5.58504e-07
-6.69518e-07
7.10914e-10
-7.10914e-10
-6.64794e-06
1.42786e-05
-1.44763e-05
0.000382669
-8.58185e-17
0.000254908
-1.66125e-16
4.57501e-16
-5.01739e-16
1.39355e-15
-7.12267e-11
7.12325e-11
-7.11128e-16
3.27236e-10
-8.39678e-16
1.90283e-16
-8.17516e-16
6.24173e-17
-8.82862e-09
-1.19786e-15
-5.27601e-08
-4.64394e-07
1.76632e-07
5.86729e-08
1.88814e-07
1.67261e-06
-1.40459e-05
0.000440456
-5.19284e-12
0.000505508
-5.70732e-12
5.15399e-13
-9.70098e-11
2.56631e-11
-2.72146e-10
5.95087e-10
-5.98208e-12
3.46625e-10
-5.95588e-12
-2.46267e-14
6.87032e-14
-3.52365e-11
-2.24772e-16
-4.74179e-09
-4.91434e-08
-3.61664e-09
2.48872e-08
1.32397e-08
1.59867e-06
1.01554e-07
3.35166e-05
4.12316e-05
3.01183e-05
0.000577382
-1.28731e-10
7.16025e-05
-1.03068e-10
1.57401e-15
-8.18551e-11
9.59875e-10
-1.57707e-11
1.67717e-10
4.25668e-12
2.00959e-12
-2.76173e-10
-2.52975e-15
1.60242e-08
-1.13899e-07
3.09106e-08
-2.41862e-07
-0.000754905
6.00242e-05
-0.000788499
3.35944e-05
-0.000719877
-2.78933e-06
-0.000454983
-1.70904e-05
-0.000382761
-7.45628e-05
-0.000318123
-6.92183e-05
-0.000407495
-0.000117954
-0.000339734
-0.00012453
-0.000186647
-0.000124711
-5.25358e-05
-0.000144977
2.93918e-06
-8.44816e-05
2.93918e-06
-0.000796021
2.16799e-05
-0.000759099
-3.3269e-06
-0.000713414
-4.8452e-05
-0.0006741
-5.64036e-05
-0.00064324
-0.000105423
-0.000583676
-0.000128782
-0.000534435
-0.000167195
-0.000402994
-0.00025597
-0.000293803
-0.000233901
-0.00022809
-0.000210691
-7.51527e-05
-0.000247385
-8.23976e-05
-0.000522185
1.73961e-05
-0.000532948
7.72797e-06
-0.000540476
-4.08526e-05
-0.000529605
-6.74442e-05
-0.000528068
-0.00010696
-0.000492311
-0.000164539
-0.000457887
-0.000201619
-0.000397341
-0.000315145
-0.000259177
-0.000369753
-0.000168617
-0.000301144
-0.000140696
-0.000275307
-0.000223093
-0.000480183
-3.93427e-05
-0.000466625
-5.21557e-06
-0.00045836
-4.78853e-05
-0.000459125
-6.7421e-05
-0.000461721
-0.000105457
-0.000415235
-0.000211026
-0.000374919
-0.000241934
-0.000323259
-0.000366805
-0.000255863
-0.000434188
-0.000151388
-0.000370443
-5.00519e-05
-0.000300718
-0.000223584
-0.000447682
-5.74967e-05
-0.000435617
-3.47125e-05
-0.000338118
-0.000144172
-0.000298383
-0.000107705
-0.00040636
1.16372e-06
-0.000387781
-0.000229604
-0.00031795
-0.000311765
-0.000267828
-0.000416927
-0.000199539
-0.000502478
-0.000101574
-0.000405548
-6.12573e-05
-0.000161359
-0.00011626
-0.000165046
-1.99842e-06
-0.000380545
-2.06341e-05
-0.000323251
-0.000234497
-7.80876e-05
-0.000353051
-0.00012396
4.68807e-05
-0.000219318
-0.000134766
-0.0002023
-0.000328783
-0.000180659
-0.000438568
-0.000164441
-0.000518696
-4.74805e-05
-0.000506709
-4.14309e-06
-0.000204696
-0.000120403
-1.99842e-06
-7.40624e-16
-4.33211e-05
-5.91711e-07
-0.000236736
-5.08381e-05
-0.000118385
-0.000289179
5.04291e-05
-0.000121661
1.83931e-07
-8.48308e-05
-5.38316e-05
-0.000274767
-7.38024e-05
-0.000418597
-6.77211e-05
-0.000524777
-8.49421e-05
-0.000503033
-1.83853e-05
-0.000538548
-0.000138788
-5.48542e-16
8.03436e-12
-5.91711e-07
-4.43029e-16
2.3559e-06
-1.1532e-06
-6.02227e-05
-1.63509e-07
0.000118754
-0.000293634
0.000145889
-0.000111935
0.000139632
-0.00026851
0.000114125
-0.00039309
4.1988e-05
-0.00045264
3.80278e-06
-0.000464848
-1.15275e-06
-0.000533592
-0.000148506
-3.81153e-08
-1.94945e-06
-1.44896e-16
-3.81153e-08
-8.84583e-17
-1.1532e-06
1.87111e-08
-1.8222e-07
0.000220525
-6.79164e-08
0.000284245
-0.00016362
0.000306618
-0.000290882
0.000262158
-0.00034863
0.000195802
-0.000386284
0.000133803
-0.00040285
7.39668e-05
-0.000473756
-0.000162404
-7.53032e-07
-4.8998e-06
3.82857e-08
-5.65418e-06
1.75227e-07
-7.01304e-06
5.59474e-08
-4.05227e-06
4.70947e-08
-2.64646e-07
0.00039752
-6.76396e-05
0.000491669
-0.000219189
0.000483024
-0.000339985
0.000400297
-0.000303557
0.000312788
-0.00031534
0.000139591
-0.000300559
-0.000142104
8.53118e-07
-5.24259e-08
2.97582e-06
-7.68752e-06
4.25324e-06
-8.37982e-06
3.12503e-06
-7.28325e-06
4.21332e-06
-1.98532e-07
9.79011e-05
-9.96434e-07
0.000342602
-9.0531e-06
0.000595574
-6.86884e-05
0.000561072
-0.000144565
0.000373192
-7.9207e-05
0.000268751
-7.75451e-05
4.29633e-05
1.36535e-08
-1.61628e-07
4.25934e-06
-9.54592e-08
5.45098e-06
-3.63245e-16
3.08615e-07
3.52357e-06
1.63784e-07
8.88236e-08
2.50086e-16
-8.3265e-07
1.66755e-06
-1.07206e-05
7.56762e-05
-1.0189e-05
0.000151787
-2.02492e-05
0.000132127
4.23944e-06
0.000136102
8.2434e-06
0.000174518
4.48625e-05
-4.48625e-05
9.67749e-05
-5.19125e-05
0.000251997
-3.22565e-05
0.000252903
5.53274e-05
0.000168287
8.16039e-05
0.000184783
4.4501e-05
0.000107654
9.54624e-05
5.57267e-07
0.000107097
-4.46755e-06
5.57578e-05
-7.73595e-06
3.2684e-06
-0.000103217
2.69127e-05
0.000101756
-0.000294906
3.81224e-05
-8.29849e-05
0.000209171
-0.000148922
0.000212905
-8.19759e-05
0.000120353
0.000136074
3.08187e-05
0.0002465
-0.000130347
0.000246154
-0.000137445
0.000170294
-2.85063e-05
2.14938e-05
1.70779e-05
-5.38264e-07
-0.00042903
0.000108777
-0.000624605
0.000151713
0.000172287
-0.000657707
7.13473e-05
-0.000154332
0.000263549
-0.000332996
0.000151247
3.03263e-05
5.13761e-05
0.000275387
-6.51953e-05
0.000424792
-0.000225446
0.00045508
-2.14953e-05
5.22446e-05
-1.49762e-08
1.35645e-08
-6.40945e-06
1.27981e-08
-0.000902359
0.000108686
-0.000875575
0.000124658
0.0001407
-0.000843719
-3.33983e-05
-0.000240684
-0.000151364
-0.000230737
-0.000364826
0.000243788
-0.000558814
0.000469374
-0.000448623
0.00032961
-5.22418e-05
3.36394e-05
-2.40055e-08
2.67597e-08
-2.28572e-08
1.24162e-08
-1.93815e-06
1.9281e-06
2.8481e-05
4.19344e-05
-0.000259727
1.24363e-05
2.86293e-05
-0.000672979
-0.000280053
-0.000178616
-0.000567428
5.66382e-05
-0.000820433
0.000496793
-0.000395863
0.000145983
-3.36411e-05
9.41746e-06
-2.77313e-08
2.6083e-08
-4.8258e-05
4.82571e-05
-0.000172025
0.000157762
-0.000359438
0.00022168
-0.000483407
0.000141472
-0.00048588
6.79105e-06
-4.30698e-05
-0.000407558
-0.000314743
-5.03389e-06
-0.000533567
0.000233707
-0.000153498
8.36912e-05
-6.15975e-06
3.35876e-07
3.86086e-09
3.7183e-06
-9.44055e-05
9.44355e-05
-0.000471051
0.000488715
-0.0006592
0.000410539
-0.000672551
0.000255796
-0.000644352
0.000104334
-0.000574258
-9.28864e-05
-0.000133775
-0.000483553
-0.000129528
3.68323e-05
-8.36992e-05
0.000286535
-2.6425e-08
1.84309e-08
2.95965e-07
1.34902e-08
-6.14151e-05
8.13682e-05
-0.000623456
0.000697528
-0.00074571
0.000610968
-0.000791378
0.000456207
-0.00079116
0.000248636
-0.000758311
7.14844e-05
-0.000658397
-0.0001928
-0.000291903
-0.000500263
-0.000135625
0.000103829
-1.56843e-08
0.000407885
-2.06508e-08
2.34015e-08
-2.72676e-08
2.01028e-08
-0.000461572
0.000332893
-0.000706606
0.000911751
-0.000838278
0.00074264
-0.000986972
0.000604902
-0.00102237
0.000284038
-0.000933077
-1.9367e-05
-0.00073545
-0.000390427
-0.000546321
-0.000481033
-1.77376e-05
6.93401e-05
-2.67395e-05
0.000564896
-5.04678e-06
0.000414066
-4.98062e-05
4.47795e-05
-0.000559317
0.000325834
-0.000645554
0.000997988
-0.000788045
0.000885131
-0.000593786
0.000429583
-0.000410753
6.00622e-05
-0.000443225
-1.05057e-05
-0.000610206
-0.000216407
-0.000725485
-0.000430425
-6.92539e-05
0.000138594
-3.35971e-05
0.000270103
-1.84734e-05
0.000718062
-2.19355e-05
0.000471011
-0.000208778
0.000422091
-0.000463904
0.000984205
-0.000543065
0.00102888
-6.05447e-05
8.22175e-05
-6.80841e-07
1.98157e-07
-1.0986e-05
-1.99513e-07
-0.000206897
-2.77287e-05
-0.000740112
-0.000191945
9.30385e-05
0.000548055
1.34981e-05
0.000220063
9.33962e-06
0.000869492
-5.62652e-05
0.00104371
-0.000187436
0.000847025
-0.000363129
0.00117274
-8.19673e-05
0.000775553
-3.23128e-07
5.73404e-07
-2.84424e-07
1.59659e-07
-2.75922e-07
-2.08193e-07
-2.07144e-05
-4.66619e-06
-0.000863922
0.000107015
0.000134177
0.000435118
7.22603e-05
0.000210236
0.000162634
0.000132611
0.00015194
0.000958391
2.98762e-05
0.00132835
-4.37111e-05
0.00133365
-1.08675e-07
0.000605792
-7.96017e-08
5.44549e-07
-1.64303e-08
9.78771e-08
8.63869e-08
-3.10799e-07
9.94063e-05
-9.66369e-05
0.000391959
-0.00114159
-0.000163577
3.07887e-05
-0.000176442
1.28653e-05
-0.000139779
-6.3292e-05
-0.000647997
1.07114e-06
-0.000617108
-6.00712e-06
-0.000526995
-5.858e-06
-0.000423333
-1.77738e-05
-0.000369524
-3.77958e-05
-0.000277143
-7.41623e-05
-0.000178725
-7.73457e-05
2.67008e-05
-0.000197255
2.67008e-05
-0.000655494
5.53941e-05
-0.000692436
6.50388e-05
-0.000512987
-3.89745e-05
-2.53552e-05
-2.08328e-06
-2.30853e-05
-8.6808e-06
-1.96658e-05
-8.87144e-06
-2.45549e-05
-1.32871e-05
-3.2579e-05
-1.3218e-05
-4.17242e-05
-2.7422e-05
-5.84111e-05
-4.45154e-05
-2.16346e-05
-0.000263415
-3.98102e-06
-0.000818758
3.01645e-05
-0.000702999
3.23409e-05
-5.2911e-05
-5.73672e-05
-3.78142e-05
-1.76247e-05
-2.68388e-05
-1.92073e-05
-2.53171e-05
-1.08378e-05
-2.30694e-05
-1.74961e-05
-1.9775e-05
-3.23623e-05
1.73368e-06
-0.000122684
-0.000106938
-3.02983e-05
-0.000200461
-0.000142555
-8.58797e-05
-0.000608534
-3.3986e-05
-0.000537761
-3.87267e-05
-0.000223343
-0.000115678
-0.000108608
-0.000107672
-6.81806e-05
-0.000165604
-0.000143891
-0.000114577
-0.000170572
-0.000271125
-0.000286461
-0.000231142
-0.000278563
-0.00037014
-0.000172723
-0.000350596
-4.97079e-05
-0.000348041
-0.000135588
-0.000438006
-0.000112929
-0.000440771
-0.000146617
-0.00035529
-0.000255984
-0.000276118
-0.000248163
-0.00022147
-0.000280704
-0.000245956
-0.00015726
-0.00021826
-0.000310948
-0.000213316
-0.000236086
-0.000225095
-0.000358361
-0.000161481
-0.00041421
-7.10673e-05
-0.000567921
-0.000641152
-0.000385674
-0.000210809
-0.000312855
-0.000219436
-0.000275582
-0.000293256
-0.000165208
-0.000358537
-6.59154e-05
-0.000379997
-4.13921e-05
-0.000185919
-3.1655e-05
-0.000312174
3.91846e-05
-0.000306035
8.24334e-05
-0.000401521
3.89454e-05
-0.000370721
3.12537e-05
-0.00056023
-0.000704486
-0.000371273
-0.0003398
-0.000249693
-0.000341031
-0.000250976
-0.000291974
-0.000151182
-0.00045833
1.34384e-05
-0.000544435
6.70559e-05
-0.000248387
9.2495e-05
-0.000338325
7.34724e-05
-0.000285426
9.15774e-05
-0.000419194
0.000117209
-0.00039635
5.18132e-05
-0.000494834
-0.000635703
-0.000277101
-0.000543733
-0.000127643
-0.000490488
-5.97388e-05
-0.000359878
-3.82423e-05
-0.000479827
-1.62998e-05
-0.000566217
3.884e-05
-0.000317147
9.70485e-05
-0.000404023
0.000127822
-0.000317174
0.000154468
-0.000445978
0.000100243
-0.000342082
6.6479e-05
-0.00046107
-0.000322063
-0.000220909
-0.000753249
-9.0119e-05
-0.000621278
1.75764e-05
-0.000467573
0.000130809
-0.00059306
0.000167036
-0.000602444
0.000231951
-0.000382061
0.000268078
-0.00044015
0.000242339
-0.000291435
0.000216718
-0.000420946
0.000157319
-0.000282765
7.18738e-05
-0.000375625
-0.000260156
-5.56297e-06
-0.000939631
8.15729e-05
-0.000708414
0.000154227
-0.000540227
0.000188595
-0.000627429
0.000172056
-0.000585905
0.000200029
-0.000410035
0.000223852
-0.000463972
0.000303878
-0.000371461
0.000353086
-0.000470154
0.000282741
-0.00021242
0.000216254
-0.000309138
-0.000133692
0.000198832
-0.00103205
0.000256293
-0.000765875
0.000346464
-0.000630399
0.000417087
-0.000698052
0.000379259
-0.000548077
0.000395295
-0.000426071
0.000436534
-0.000480204
0.000402495
-0.000224288
0.000346101
-0.000135888
0.000362815
-8.11385e-05
0.000234293
-0.000117468
1.3455e-05
0.000391857
-0.00103195
0.000410618
-0.000784635
0.000451266
-0.000671047
0.000442395
-0.000689181
0.000429683
-0.000535365
0.000429195
-0.000445369
0.000123837
-0.000120456
3.14665e-05
-1.09257e-05
2.11667e-05
-4.74796e-06
8.61303e-05
-5.87791e-06
3.23897e-05
-5.14843e-10
1.52281e-05
3.3382e-06
9.04798e-06
-1.08995e-05
2.43976e-06
3.9087e-06
2.06231e-06
3.04063e-06
1.90926e-07
2.97433e-06
1.90926e-07
2.21412e-15
7.45146e-06
3.12666e-05
1.05585e-05
0.000224452
-2.62714e-07
0.000209968
1.62104e-05
0.000157784
5.54873e-06
5.58518e-05
5.94453e-05
-0.000123547
-2.2962e-05
4.50915e-16
1.48965e-06
7.72205e-06
-1.52021e-06
3.34158e-06
1.52068e-06
2.99597e-06
1.16466e-06
2.9157e-06
2.21074e-06
1.23322e-06
1.68248e-06
1.97869e-05
2.38331e-06
4.61654e-05
8.61844e-05
2.52704e-05
6.36432e-05
4.61889e-05
0.000134418
4.91204e-05
5.34825e-05
3.23182e-05
-0.000165446
-3.8253e-06
-2.52202e-10
5.37849e-05
0.0002267
-0.000480034
2.5983e-15
5.53056e-05
6.19447e-07
5.45212e-07
3.36283e-06
5.73433e-07
2.59391e-06
7.41306e-06
6.50427e-07
-2.29031e-07
5.08256e-06
1.12008e-05
4.79141e-06
7.21734e-06
0.000119913
4.43325e-05
0.000174259
-1.45166e-06
4.44048e-06
-0.000115712
-2.44176e-15
-8.98812e-11
0.000725575
-0.00123516
0.000622399
5.43637e-05
0.000479916
-1.60996e-06
1.84107e-05
-1.03653e-06
1.7427e-15
2.55655e-06
5.09561e-06
1.08464e-06
2.66926e-06
3.64348e-06
2.36944e-06
0.000114779
0.000135384
0.000145203
2.85318e-05
0.000105273
-1.86639e-05
-6.91719e-07
-1.46319e-07
-7.40176e-11
-6.91645e-07
4.56819e-16
-9.12153e-16
4.16796e-16
-8.98712e-16
4.21815e-16
-6.80996e-16
2.44601e-07
-2.47427e-07
1.81505e-07
-3.10404e-07
1.15081e-08
-1.47034e-07
8.46214e-10
-7.60426e-09
7.46636e-10
-1.20661e-12
9.79333e-08
-9.98954e-17
1.52609e-07
6.28279e-09
2.62711e-07
-1.23568e-08
4.40177e-08
2.30709e-07
1.42238e-16
-2.52204e-10
9.46681e-16
-1.64887e-15
2.12204e-09
-2.12204e-09
3.02343e-07
-2.25591e-07
3.4472e-07
-1.65468e-07
1.02372e-07
-1.89542e-07
1.20689e-12
4.36601e-09
4.77606e-16
-1.88223e-16
4.7112e-16
-8.89364e-17
3.43776e-08
2.93865e-09
3.14957e-08
1.12996e-08
9.48739e-09
2.96117e-08
2.53162e-10
-1.73358e-10
9.99199e-10
-1.54258e-09
1.27162e-08
-4.06633e-10
1.17024e-07
-1.67087e-10
1.83276e-07
-9.30441e-09
4.92339e-08
1.17383e-08
6.36315e-16
5.35999e-08
6.16626e-16
-1.64309e-16
5.37398e-16
-9.61637e-18
4.5311e-16
2.93865e-09
4.36326e-16
1.12996e-08
9.48739e-09
4.13327e-16
1.47459e-10
-1.42774e-11
1.37781e-09
-1.55952e-10
1.67087e-10
-1.39603e-16
8.20736e-17
-7.22837e-17
1.15238e-16
-9.30441e-09
7.87784e-07
-7.76046e-07
8.62197e-06
-7.98111e-06
3.46492e-05
-2.67525e-05
5.00835e-05
-1.27361e-05
5.52592e-05
1.96161e-06
2.83272e-05
2.45423e-05
5.51084e-07
1.4988e-05
7.30392e-09
1.08879e-07
1.29198e-10
1.80666e-08
9.40505e-14
1.44702e-10
2.29657e-12
8.91497e-12
2.29653e-12
6.41809e-16
2.47637e-10
2.98571e-09
5.90615e-10
1.40709e-08
8.61593e-10
8.2987e-10
1.9934e-09
1.33095e-09
3.43872e-11
-1.594e-09
-1.79073e-12
-6.81181e-13
-1.5604e-11
3.66909e-12
6.49795e-08
2.89881e-09
1.14104e-08
2.75755e-08
-8.91398e-12
5.14182e-09
2.82603e-16
6.92618e-16
2.47657e-16
6.86486e-16
9.25346e-10
8.75461e-16
1.52607e-09
4.18995e-10
7.25966e-11
-2.53821e-10
1.28125e-09
-2.70162e-10
-2.1991e-11
-2.42812e-10
-5.18669e-12
-1.30494e-11
-1.89608e-11
1.01755e-11
2.89881e-09
3.82654e-16
7.57998e-09
1.08684e-08
5.82792e-10
1.26764e-09
2.10742e-16
5.82793e-10
1.98068e-16
6.97582e-16
1.94671e-16
8.62211e-16
1.02034e-10
7.01117e-16
2.28875e-10
-2.26424e-11
1.85596e-10
-1.16983e-10
6.9419e-12
-4.99117e-11
8.38999e-12
-1.54073e-12
-3.43791e-15
1.0094e-11
6.45978e-16
5.51084e-07
5.4227e-16
1.08684e-08
2.70702e-11
1.24057e-09
4.06232e-08
1.46959e-07
5.89548e-16
3.75036e-08
3.22767e-16
1.01664e-15
2.20419e-16
7.75008e-16
1.34013e-10
3.8288e-12
7.1728e-11
-9.29611e-12
1.53978e-12
-4.65776e-14
1.52909e-15
-2.96004e-15
1.45465e-15
-2.74967e-15
1.28801e-12
-1.22544e-11
1.59147e-14
-1.52619e-12
2.69801e-14
-2.07785e-14
4.79237e-14
-6.03888e-15
6.61147e-14
-8.56141e-14
2.51765e-14
-8.47518e-14
1.59747e-14
-1.68475e-14
3.26178e-14
-7.64794e-15
3.8217e-13
-2.39635e-15
1.37345e-15
4.0823e-13
1.10438e-15
5.2689e-16
-3.1691e-14
9.10514e-13
7.24021e-12
-1.95755e-11
2.01059e-14
-1.78134e-12
2.75724e-15
-3.57575e-15
8.61874e-15
-2.805e-15
3.03247e-13
-2.92636e-13
3.54641e-13
-5.40797e-13
7.32965e-14
-2.90163e-13
3.38358e-14
-1.07469e-14
2.13193e-14
-1.08055e-14
4.80941e-11
9.63458e-12
4.28252e-11
1.88137e-11
3.03529e-11
9.81443e-12
3.94785e-12
-8.70314e-14
1.3643e-14
-1.65558e-13
3.28374e-15
-1.15774e-14
3.76883e-15
-3.65585e-15
9.237e-13
-6.01757e-13
1.36905e-12
-8.64998e-13
9.10028e-13
-8.04063e-13
2.57245e-13
-2.29989e-13
1.34795e-12
-2.4626e-13
9.12932e-11
8.15766e-12
1.23097e-10
4.14749e-11
5.92288e-11
4.28874e-11
2.94098e-15
-8.91583e-14
6.66382e-14
-2.83978e-13
3.67169e-14
-7.45204e-14
3.06233e-14
-1.074e-14
1.46931e-12
-9.37158e-13
1.97493e-12
-9.29839e-13
2.112e-12
-1.03993e-12
2.4057e-12
-1.29997e-13
3.34124e-12
-1.24457e-14
1.26395e-11
2.05198e-13
1.35669e-10
1.32217e-11
1.29879e-10
6.31065e-11
2.06364e-08
1.57362e-09
1.38726e-07
5.23252e-08
1.6112e-05
2.8623e-08
4.743e-05
0.000181653
-9.28911e-09
8.25251e-05
-1.53135e-12
-9.28758e-09
-1.39306e-12
3.08463e-10
1.01733e-13
-6.66887e-12
8.95748e-13
2.28583e-12
8.85216e-13
-6.35404e-16
4.97064e-08
-2.11182e-08
-2.32756e-07
1.08496e-07
1.58344e-09
1.65941e-15
1.13438e-07
2.70915e-08
2.58832e-07
1.20468e-07
1.0363e-05
-2.65301e-07
6.80787e-06
5.10157e-08
-3.84423e-10
1.72059e-06
-6.52675e-14
-6.46879e-11
2.07153e-13
3.83145e-12
1.15342e-12
9.44125e-13
7.17195e-10
-7.16034e-10
2.82542e-08
-5.46856e-09
-1.9465e-07
1.41293e-07
3.17234e-15
8.90551e-12
2.70916e-08
-6.09114e-14
8.23367e-08
2.95053e-07
1.07718e-09
-1.71456e-07
7.02825e-08
-3.07754e-08
7.02105e-08
4.45715e-10
6.40835e-12
4.74198e-09
-1.09211e-11
3.28891e-11
5.71078e-10
-2.01945e-10
5.30421e-09
-6.57232e-09
3.30833e-09
-3.69011e-09
-1.85631e-09
3.21201e-08
1.04008e-10
3.88245e-11
6.35591e-10
1.68602e-11
2.00959e-07
2.63078e-07
1.30767e-07
4.83624e-07
-4.46601e-10
2.48736e-07
-8.91018e-13
4.71471e-15
1.43455e-10
4.86981e-10
9.91056e-10
8.71044e-11
1.06837e-09
-1.55037e-11
5.90326e-09
-5.74544e-09
1.85705e-09
-6.98111e-12
7.34175e-13
-2.46941e-16
6.86786e-08
-2.20902e-07
3.3653e-16
-2.67807e-08
3.96619e-16
-5.19914e-16
4.89056e-16
3.52357e-06
3.68506e-08
5.1973e-08
3.38082e-06
-3.00346e-05
3.91765e-05
-8.96731e-05
2.0117e-05
-5.35261e-05
8.57991e-06
-5.58993e-05
2.28022e-16
1.28193e-05
7.34487e-06
8.98536e-07
5.97507e-05
0.00015643
7.93474e-08
-9.65013e-08
8.05789e-09
-3.5621e-12
1.25133e-05
-1.25053e-05
0.000195816
-0.000223171
0.000575986
-0.000741932
0.000816987
-0.00065332
0.000923283
-0.0004092
0.000962859
-0.000183494
0.000909003
-0.000192735
0.000220157
0.000210571
2.11944e-05
0.00011456
3.08065e-07
3.74198e-06
4.11323e-09
-4.47934e-09
4.10967e-09
-3.66747e-16
0.000314954
-0.000166113
0.000982298
-0.000944815
0.00126104
-0.000957785
0.00125275
-0.000707914
0.0012306
-0.000443327
0.00131346
-0.000221771
0.00128654
-0.000169528
0.00124129
0.000259527
0.000225778
0.000366305
1.90682e-05
7.15786e-06
9.03485e-10
-2.81901e-08
3.1259e-05
-3.12581e-05
0.000702625
-0.000387774
0.00116946
-0.00118467
0.00108108
-0.000758132
0.000467662
-3.49609e-05
0.000214873
-1.25783e-08
0.000316673
-7.98635e-08
0.000579178
-3.46295e-08
0.000709875
3.70304e-05
0.000304919
0.000103196
3.2918e-05
3.88309e-05
0.000169564
0.000422215
3.21349e-05
0.000446824
9.54251e-05
6.94401e-05
0.000224427
0.000630961
0.000171136
0.00138164
7.8595e-05
0.00142619
3.4374e-06
0.000658515
3.1605e-07
3.86205e-06
3.66155e-07
4.63882e-08
4.75381e-07
-4.2012e-07
0.000428933
-0.000476075
-0.00124969
0.00054839
0.000512131
9.88994e-05
0.000379608
0.000761673
0.000154148
0.000294775
0.000326789
0.000341828
0.000356057
0.00137003
0.000352138
0.00143011
3.0481e-05
0.000994505
3.82629e-07
3.93186e-05
4.80856e-07
-5.03609e-08
0.000117371
-0.000117308
0.000833976
-0.00113092
-0.00110541
0.000689702
0.000100787
4.6226e-07
0.000367618
0.000662873
0.00016347
0.000514986
0.000264331
0.000681646
0.000395254
0.00142422
0.000349278
0.00147609
0.000278545
0.00105979
1.97167e-05
0.000224693
6.2861e-05
-4.31932e-05
0.000883083
-0.000878535
0.000948667
-0.00116814
-0.000901322
0.000744574
3.24526e-05
4.34339e-07
0.000598805
0.000158694
0.000534228
0.000641413
0.000445144
0.00133992
0.000529282
0.00153362
0.00046463
0.00154074
0.000322706
0.00110607
0.000209649
0.000189244
0.000901241
-0.00081654
0.00113813
-0.00111526
0.000956299
-0.000986306
0.000841735
-0.000786758
0.000488719
-0.000972275
0.000498149
-0.000794065
0.000538522
-0.00071142
0.000577902
-0.00072856
0.000512477
-0.000489395
0.000138073
-0.000152938
9.3224e-06
-1.02588e-05
1.95565e-09
-1.60521e-06
2.33508e-09
-4.74834e-06
2.77735e-09
-5.87835e-06
2.2409e-09
2.16095e-11
3.76285e-06
0.000596366
-0.000878939
0.00060422
-0.000801919
0.000617085
-0.000724285
0.000632999
-0.000744474
0.000272263
-0.000499492
8.15374e-06
-3.76609e-05
7.29721e-06
-4.32655e-06
2.25422e-05
-1.07095e-05
0.000188995
-0.000181004
0.000182704
-0.000118537
6.31781e-05
-4.51406e-05
6.67773e-05
0.000696073
-0.000830437
0.000709062
-0.000813487
0.000729894
-0.000745117
0.000729583
-0.000744164
0.000179085
-0.000597445
1.49945e-05
-2.64028e-05
3.21604e-05
-1.68002e-05
0.000513265
-0.000191757
0.00105353
-0.000489097
0.00115568
-0.000278334
0.00112008
-0.000134528
0.000311251
0.000825585
-0.000814287
0.00078915
-0.000787278
0.000748306
-0.000672717
0.000690007
-0.000687572
9.94393e-05
-3.77005e-06
3.4676e-05
-6.80262e-05
0.00023188
-0.000145691
0.000946314
-0.000194881
0.0012044
-0.000505352
0.00134443
-0.000418359
0.0013244
-0.000114501
0.000400493
6.66141e-06
0.000642625
-2.6888e-05
-3.23824e-06
0.000486628
-1.79359e-06
8.79023e-05
-1.79359e-06
2.26677e-15
7.19468e-07
3.53222e-06
1.27363e-06
3.2583e-06
-8.02375e-05
4.94411e-05
-3.49983e-06
0.000105813
4.08117e-06
-3.79827e-06
1.46359e-07
-8.09798e-06
1.01515e-14
-6.32613e-13
-9.84206e-10
-1.72692e-12
-6.05897e-05
0.000674582
3.41009e-05
-5.42875e-05
0.000784037
-3.60026e-07
9.98569e-05
-3.60026e-07
2.37946e-15
7.95155e-07
-1.79156e-07
-1.11778e-05
9.76539e-06
-1.1196e-05
1.39661e-05
-3.04687e-06
2.19227e-05
-7.09328e-06
-2.05299e-05
-1.58924e-10
-1.82409e-05
-1.5859e-10
-7.17522e-13
-2.90618e-08
-4.0509e-12
-0.000129622
0.000671274
0.00013293
-6.37828e-05
0.000888968
-6.70217e-08
3.50342e-05
-6.46728e-08
-2.34887e-09
-1.03459e-06
-9.11932e-09
-6.09092e-07
4.7165e-06
1.60964e-06
2.09523e-06
-1.7058e-05
4.56406e-05
2.11317e-06
-2.92106e-05
7.19254e-08
-4.98877e-06
-6.8196e-09
7.8744e-08
-3.95493e-07
-1.50307e-10
-0.000203148
0.000251169
0.000623253
-3.51106e-05
0.000684755
-7.637e-08
2.22259e-15
-6.85218e-08
4.57191e-07
-3.48007e-07
1.26984e-06
-3.44393e-07
5.80618e-06
-3.85691e-05
4.1438e-05
-4.9269e-06
7.45566e-05
-2.45616e-05
-9.25115e-06
-3.10239e-05
-1.74751e-05
2.98045e-06
-0.000587156
4.0677e-11
1.45384e-08
-1.12038e-11
-5.34957e-11
-5.84651e-18
6.8371e-11
-2.92596e-18
-1.3558e-16
4.4439e-17
-1.26594e-16
1.42313e-08
-1.44361e-08
4.78323e-09
-1.05761e-06
5.19149e-07
-6.56888e-06
2.14749e-06
-2.85054e-05
4.57078e-06
-1.51744e-05
8.68743e-06
-2.3108e-06
6.09836e-06
2.72724e-05
1.30924e-05
-3.61147e-07
-7.03693e-11
-6.17601e-11
8.27885e-13
-1.56188e-09
-1.283e-17
8.27739e-13
-6.54139e-11
6.54138e-11
1.83327e-08
2.06237e-08
4.72934e-08
-1.19462e-06
-1.23548e-06
-2.12294e-07
-6.36566e-07
-5.43554e-06
-5.27363e-07
-1.54115e-05
8.4437e-07
-3.70959e-06
3.20578e-06
2.4749e-05
1.1935e-05
-3.88208e-08
1.16343e-11
-4.06791e-11
-4.03163e-09
-6.96786e-10
-1.0518e-09
-9.31946e-08
-3.34277e-09
-1.68215e-07
-2.48691e-08
-2.83951e-07
-2.93749e-08
-3.41381e-07
-2.53555e-08
-1.64048e-07
-5.26988e-06
-1.39395e-07
-3.26348e-06
-2.02733e-06
-7.75896e-06
-3.0061e-06
-1.91651e-06
1.90164e-05
1.25266e-05
-1.19261e-06
-1.99719e-16
-2.54023e-15
-6.96785e-10
-2.39696e-15
-8.19391e-08
-1.41587e-07
-2.86425e-07
-9.51482e-07
-1.16142e-07
-1.02184e-06
-4.68221e-08
-4.4553e-07
-3.78996e-08
-1.19404e-07
-3.52021e-08
-8.92212e-08
-1.22084e-06
-7.88127e-07
-7.1146e-06
-9.38334e-07
-8.54828e-06
2.3539e-06
-1.61613e-06
8.43015e-06
-1.2379e-08
8.40496e-06
-2.39411e-08
1.60206e-06
-5.82321e-08
4.03734e-07
-1.79996e-08
1.06917e-07
-8.03826e-11
1.9912e-09
-8.02894e-11
-9.21303e-14
-1.16758e-10
2.39827e-10
9.26012e-12
6.662e-11
2.31045e-15
-8.35966e-16
-7.05119e-16
-6.31478e-14
-9.28333e-16
-4.05315e-14
-2.63124e-15
-2.44813e-15
8.16414e-09
8.58667e-06
-1.68105e-07
2.82425e-06
-3.27022e-08
1.64291e-07
-2.0253e-09
-1.40537e-10
-3.63745e-12
-1.66297e-11
-3.20082e-12
1.28406e-11
-1.49577e-11
5.39444e-10
-5.71912e-15
1.15343e-11
-1.14038e-14
-7.69119e-16
-2.81482e-14
-2.49522e-13
-6.44176e-16
-1.81917e-12
-1.64263e-15
-1.35026e-15
-4.72922e-07
1.60011e-06
-1.16436e-07
6.76876e-07
-5.53075e-10
-2.59252e-10
-3.47268e-11
8.72425e-11
4.26866e-12
5.70973e-10
-6.82636e-10
7.14121e-10
-3.73682e-10
6.689e-10
-6.84796e-17
-3.8826e-11
-6.70136e-15
-4.20424e-16
-6.88851e-13
1.01021e-13
-1.49093e-15
-3.10681e-12
-1.75666e-15
-1.49337e-15
-1.60242e-08
1.23493e-11
1.80693e-11
-6.01952e-11
-5.89393e-11
1.83684e-10
-9.24222e-11
1.32469e-10
-3.38002e-10
9.18252e-10
-9.37327e-10
3.32982e-09
-2.82193e-10
4.93429e-10
-4.03229e-14
1.24012e-12
-1.36972e-16
-4.06694e-14
-1.97863e-13
2.97068e-13
-6.94733e-17
3.04259e-14
-4.78309e-16
-1.45165e-15
-5.5597e-14
-8.48513e-14
-4.64193e-14
-8.59283e-13
-1.57283e-14
-9.7731e-13
1.03166e-14
-8.29801e-13
5.95033e-14
-2.13844e-13
6.68746e-14
-2.16442e-13
2.3082e-13
-2.74569e-14
4.2652e-13
1.32679e-12
3.99288e-13
1.41789e-12
1.4154e-12
7.82616e-13
1.49189e-11
7.11291e-12
5.97307e-11
2.02885e-11
-6.62613e-14
-3.75646e-14
-4.8347e-13
-1.30235e-12
-4.63948e-13
-4.93432e-12
-3.05634e-14
-6.5373e-12
-1.66852e-14
-4.86458e-13
-1.57052e-17
-4.74866e-13
-2.65366e-14
-9.86584e-16
3.28092e-12
-1.94792e-11
5.54802e-12
-3.22726e-11
1.46204e-12
8.20559e-13
-1.33344e-13
1.63466e-12
2.48424e-11
7.02284e-13
-1.56415e-14
-1.42762e-14
-5.40948e-13
-1.49428e-12
-1.08501e-12
-8.41613e-12
-3.47274e-13
-1.01499e-11
-1.1608e-13
-2.57585e-12
2.86683e-14
-4.58423e-13
2.79063e-14
-1.05846e-15
-5.55307e-11
-1.25994e-10
-9.5636e-11
-2.65203e-10
-3.92807e-12
-3.26325e-12
-2.29475e-12
1.06541e-15
8.08762e-11
-4.79949e-11
-1.60619e-14
-5.16449e-15
-1.11996e-12
-9.53219e-13
-1.94874e-12
-9.93542e-12
-1.57866e-12
-1.0533e-11
-3.6823e-13
-6.34791e-12
5.13947e-14
-4.1545e-13
5.12947e-14
-1.01911e-15
-2.84358e-10
-1.75104e-10
-2.23908e-10
-4.22547e-10
-2.06252e-11
-4.13075e-12
-2.06253e-11
1.09315e-15
-1.13439e-09
1.4211e-10
5.11136e-11
3.37748e-11
-2.8396e-09
8.97474e-10
-6.59487e-08
2.28341e-07
-8.43734e-08
5.71383e-07
-7.05175e-10
3.34078e-07
-7.05174e-10
4.77678e-15
-1.45292e-10
9.25834e-10
2.60231e-11
-4.58827e-16
1.05189e-11
-8.06005e-15
-1.18438e-12
-4.91509e-13
-9.10612e-17
-8.16576e-12
-2.91102e-10
2.91102e-10
-1.10003e-12
1.52971e-15
-7.65214e-10
7.99561e-12
-8.41346e-08
3.42553e-08
-9.11171e-08
5.06201e-07
-2.77321e-09
1.17385e-07
-2.79157e-09
1.83687e-11
-8.76159e-16
2.68121e-09
-1.14874e-15
-5.28532e-16
-2.35688e-15
-1.62349e-14
-4.00379e-13
-1.0242e-13
1.44887e-11
-1.41331e-11
-1.37729e-09
-1.34918e-08
1.99311e-11
7.83459e-10
2.79245e-11
3.08092e-15
-4.57198e-08
1.01062e-08
-1.79683e-08
-1.93159e-14
-4.46718e-09
-2.05453e-09
-2.96987e-09
6.58798e-09
-2.16731e-14
3.43499e-10
-8.59377e-15
-1.39078e-14
2.93462e-15
-7.72682e-14
8.05402e-13
-1.51927e-13
-2.29275e-10
-2.58748e-14
-3.11087e-10
-7.55409e-17
1.61175e-11
6.86045e-09
-2.60844e-16
1.6121e-11
-3.61692e-16
1.01062e-08
-2.38271e-14
4.19785e-15
-2.0197e-09
2.8468e-11
-7.94111e-12
7.16324e-09
-8.71189e-13
7.29001e-12
-5.82129e-14
-4.14144e-15
-4.65443e-14
-1.18454e-13
3.48805e-15
-2.93934e-13
8.86694e-16
-1.0871e-13
-5.15579e-13
-1.87042e-14
5.35633e-08
-1.59947e-07
1.69625e-06
-2.69014e-15
7.31314e-06
-2.2607e-15
9.43242e-05
-0.00108364
3.49609e-05
-0.000125146
2.8176e-16
-1.91409e-15
3.02762e-16
-1.25783e-08
3.28758e-16
-7.98635e-08
1.40303e-09
-3.60325e-08
2.0635e-06
2.41417e-09
3.63624e-07
-4.05989e-09
2.62603e-15
1.35107e-08
-8.15127e-17
-2.04334e-15
9.08936e-17
-2.05948e-15
2.62166e-16
-2.50934e-15
6.86124e-05
-0.000299261
-5.18538e-07
-0.000175384
-8.88387e-10
-5.17649e-07
6.00014e-09
-2.18203e-08
5.20673e-09
-1.79082e-07
-2.41417e-09
-2.015e-08
-7.77051e-17
7.61477e-16
-2.46549e-16
-4.05989e-09
2.77245e-15
-3.67503e-16
3.9479e-17
-3.63991e-15
1.00414e-16
-2.14272e-15
1.29855e-06
-1.29855e-06
1.0877e-05
-0.000175276
1.58753e-06
-0.000763304
-1.97693e-08
-2.81748e-09
-4.05345e-08
-6.79407e-08
-4.72244e-08
-1.65812e-07
-3.43492e-09
-1.02382e-08
-3.43492e-09
7.68853e-16
1.08336e-09
8.36978e-09
4.56592e-08
-4.45758e-08
-6.84636e-17
-5.19797e-13
1.32719e-07
-1.32719e-07
1.4368e-06
-0.000359634
-4.48596e-05
-0.00120292
-5.01055e-11
-0.000716545
-6.32493e-09
-7.75958e-16
-7.27416e-08
-9.70584e-09
-1.14455e-07
-1.30926e-07
-2.53793e-12
3.94014e-09
-3.58629e-12
1.04919e-12
8.38459e-09
2.50765e-12
-2.32429e-05
7.90069e-06
-3.55547e-07
5.20186e-07
-3.42117e-05
7.84446e-05
-0.000206798
0.00025257
-0.000518528
0.00122856
-0.000708815
0.00173336
-0.000787189
0.00161237
-8.65626e-05
0.000383715
0.000295971
-0.000143427
0.000163017
-0.000683587
-0.000131901
-0.00082034
-0.000250774
-0.000867434
-0.000811148
-0.000226384
-3.66529e-16
5.20186e-07
-1.73472e-05
9.57918e-05
-8.86856e-05
0.000472092
-0.000660443
0.000875275
-0.00068997
0.00175943
-0.000379318
0.00130021
7.82398e-05
-5.97027e-05
-0.00016006
9.48732e-05
-0.00012967
-0.000713976
3.49935e-05
-0.000985004
-4.93416e-05
-0.000783098
-0.000662926
-0.000197563
-6.83045e-05
0.000272081
-0.000111612
0.00121158
-0.000156852
0.00137629
-0.000646115
0.00138529
-0.00070684
0.00171728
-0.000301587
0.000879602
7.18106e-05
-0.000433106
8.78538e-05
7.88228e-05
8.88287e-06
-0.000634118
-0.000232442
-0.000743674
-0.000317937
-0.000697603
-0.000702906
-0.000277956
-0.000368338
0.000989834
-0.000464698
0.0016857
-0.000460263
0.0019685
-0.000634335
0.00217353
-0.000761503
0.00172667
-0.000533713
0.000649598
-0.000456626
-0.000512427
-0.000287141
-8.96747e-05
-0.00021585
-0.000703163
2.80023e-06
-0.000962407
7.77952e-05
-0.000772598
-2.31116e-05
-0.000602
-0.000189835
-0.000850835
-0.000236545
-0.000775758
-0.000216723
-0.000743589
-9.06193e-07
-0.000580726
-4.67624e-06
-6.46498e-16
-8.27552e-06
-1.54386e-08
-6.15808e-06
-2.72841e-08
2.21473e-05
-4.44548e-09
0.000158422
-0.000225203
0.000230602
-0.000455126
0.000134766
-1.86646e-05
0.000508371
-0.000207259
-0.000841138
-0.000251169
-0.000731848
-0.000240541
-0.000754217
-8.56587e-07
-0.000518541
-5.24475e-17
-8.56587e-07
-7.75941e-10
-1.46627e-08
1.78096e-09
-1.69887e-07
5.47059e-10
-1.95676e-07
2.41386e-05
-0.000179959
-2.39976e-05
-0.000392664
-4.12463e-05
-1.4925e-06
0.000501226
-0.000160262
-0.000958833
-0.000117858
-0.000774254
-0.000112568
-0.000759479
-2.42241e-05
-0.000577082
-5.08493e-08
-4.32645e-05
-2.53174e-08
-1.13723e-11
7.03891e-09
-1.01483e-07
4.4834e-07
-3.68282e-06
-3.15043e-05
-0.000351403
-0.000116568
-0.0003076
-0.000206991
8.65071e-05
0.000427165
-9.84505e-05
-0.000883496
-0.000188529
-0.00068418
-0.000207634
-0.000740373
-9.66078e-05
-0.000869631
-1.84075e-08
-0.000317628
-1.84189e-08
-6.81767e-16
3.30017e-07
-1.0797e-08
-1.38523e-05
-1.40867e-06
-0.000182559
-0.000294189
-0.000195189
-0.000294971
-0.000263427
0.000106918
0.000277312
-0.000170787
1.46485e-05
0.000177451
-1.47083e-07
0.000140945
-1.46734e-07
-3.49749e-10
6.20719e-08
1.99959e-07
1.33191e-06
2.93503e-15
-7.44532e-05
0.000136517
-0.000122513
0.000229801
-9.3004e-05
5.74203e-05
-5.57477e-05
-4.04413e-05
-8.13994e-06
-0.000568686
-1.58497e-05
-0.000969842
-1.58352e-05
-1.02396e-05
3.03166e-07
3.36876e-07
3.63383e-08
-2.86015e-08
-1.29285e-08
2.08313e-08
3.50786e-09
6.29292e-10
3.50786e-09
2.93482e-15
-0.000155531
0.000348776
-8.33435e-05
0.000153492
-0.000107517
2.22086e-05
-0.000218528
-9.85969e-05
-2.63363e-05
-0.000761145
2.28172e-05
-0.00101883
-0.000411871
-8.63936e-16
9.35175e-16
3.03166e-07
-1.06748e-08
-1.79266e-08
-6.2929e-10
1.78024e-07
-6.74097e-16
2.85071e-15
-1.89228e-15
4.15085e-15
-0.000136068
0.000419251
-3.62807e-05
5.79655e-05
-6.34662e-05
1.07938e-05
-7.79648e-05
-0.000301028
0.000113786
-0.000952938
5.32365e-05
-0.000958558
-0.00108163
-1.58331e-08
4.92058e-09
1.09125e-08
-7.94112e-08
3.63146e-08
-5.5058e-16
2.20972e-07
-5.17165e-16
2.70023e-15
-7.06749e-05
7.06749e-05
-6.11336e-05
0.000529402
-2.54507e-05
1.78817e-05
-9.40544e-05
7.85607e-06
1.23007e-05
-0.000407439
5.14624e-05
-0.000992477
8.52475e-05
-0.000992403
-0.000996758
-3.54486e-07
0.000282655
0.000124027
-3.18171e-07
1.97618e-15
2.66926e-08
6.97548e-07
-3.20864e-05
3.21131e-05
-0.000128066
0.000703177
-2.39714e-05
0.000512433
-5.70518e-07
-5.1013e-06
1.98063e-05
7.39219e-07
0.000143186
-0.000471505
0.000184892
-0.00103424
0.000186885
-0.000816959
-0.000701396
-8.24898e-16
0.000710621
0.000298845
-9.53613e-16
2.249e-15
-3.67367e-05
3.74342e-05
-3.22914e-05
0.000241673
-5.95513e-05
0.00055601
1.61464e-05
3.83807e-05
3.97725e-05
-6.38888e-05
3.40127e-05
-2.40753e-05
0.000162327
-0.000434307
0.000121679
-0.000501614
7.60686e-05
-3.47166e-05
-4.59186e-09
-0.000272482
0.000407893
0.000422769
-7.33774e-05
0.000871412
-3.96734e-05
0.000300849
-2.88198e-05
2.94344e-05
-8.26036e-06
0.000544421
4.74516e-05
4.73061e-06
0.000287538
-8.23932e-05
0.000262656
-3.06222e-05
0.000177007
-0.000271835
3.47166e-05
-0.000142705
9.32747e-17
-7.82601e-16
-4.59186e-09
-0.00029022
0.000140494
0.000400439
-0.000241383
0.00051183
-3.22749e-05
0.00024398
-2.84052e-06
2.91445e-15
1.01593e-05
9.16693e-06
3.87948e-05
1.77216e-05
8.37872e-05
-1.14233e-05
0.00029513
-8.17743e-07
0.000145584
-0.000150369
-2.15754e-07
-8.22086e-05
-3.83774e-10
-2.1537e-07
-9.27038e-08
-0.000291759
1.82723e-06
0.000129918
-9.98951e-05
0.000143307
-5.31921e-16
3.14227e-05
5.19172e-16
1.86336e-15
2.58539e-06
3.68302e-15
9.25634e-06
1.59075e-05
2.25392e-05
-1.85696e-05
0.000161639
1.46723e-05
0.000183748
-1.89679e-05
6.19712e-05
-0.000240611
2.49446e-06
-0.000246289
-4.61139e-06
-8.64606e-05
4.20555e-05
0.000332917
-5.4939e-07
-3.97589e-05
-2.88002e-16
3.08733e-05
2.56194e-16
1.31917e-15
1.12251e-15
2.81671e-15
0.000119622
-1.37928e-05
9.12019e-05
-2.97795e-05
6.49294e-05
1.35505e-05
0.000213594
-5.0249e-07
0.00034196
-0.000258076
3.59411e-05
-0.000238875
-1.82051e-06
-0.000119412
1.83192e-05
0.000214526
-0.000135921
3.76433e-05
-3.76454e-05
8.91495e-05
-3.27274e-06
0.000100135
9.47095e-05
9.09836e-05
0.000344076
-7.27137e-05
0.000278885
-0.000102547
0.000109039
5.51421e-05
0.000211128
-8.71963e-06
0.000290583
-0.00018367
1.23047e-05
-9.95168e-05
-2.26447e-07
-7.08295e-05
4.20563e-05
-6.99289e-05
-5.93591e-05
4.07756e-05
0.000195037
0.000347049
0.00035399
0.000426174
0.000494424
0.000310754
2.26447e-07
-2.23274e-16
-3.25274e-15
1.2393e-09
-1.23931e-09
-1.30371e-07
-7.38018e-08
-2.3254e-07
-7.42905e-07
-2.976e-07
-1.06319e-06
-3.52898e-07
-7.1797e-07
-5.87506e-08
-4.33263e-07
-4.08503e-08
-3.74611e-08
-3.31223e-07
-3.94361e-07
-8.61578e-07
-2.02441e-07
-4.21266e-06
-2.77299e-07
1.20212e-06
-2.9489e-12
1.04414e-11
-6.07398e-10
-6.50363e-10
-4.88686e-09
-3.0665e-09
-1.84635e-15
-3.28468e-07
-1.39445e-11
-4.0688e-07
-1.4383e-07
-3.887e-07
-4.48851e-07
-1.20145e-07
-7.21848e-09
-1.44259e-07
-1.51072e-08
-1.31641e-07
-1.45363e-07
-1.35849e-07
-7.20112e-08
-2.69636e-07
-1.36356e-08
-9.38401e-08
-1.87093e-10
-9.34727e-10
-1.48371e-09
-2.12945e-16
-1.52929e-09
-3.41219e-16
-1.5084e-15
-4.47239e-15
-1.39344e-11
-1.43829e-07
-3.37057e-13
-8.0244e-10
-4.71343e-08
-7.95172e-09
-8.3578e-12
-1.21481e-08
-1.14801e-08
-2.40542e-08
-8.08558e-08
-5.5946e-08
-4.38165e-08
-2.45311e-07
1.41296e-07
3.42336e-07
-1.60914e-12
-2.29752e-10
-1.25395e-09
-7.61219e-12
-9.61159e-11
-7.61309e-12
-1.03214e-15
-9.91491e-14
-6.10568e-11
-5.7113e-12
1.3195e-11
-3.98838e-12
-4.69539e-08
-1.30882e-09
1.23363e-09
-1.96874e-09
-1.02539e-09
1.87058e-10
-7.30008e-09
-5.53821e-08
-1.73305e-08
-5.3217e-07
7.33499e-08
6.64732e-07
-4.07369e-07
-3.19487e-12
-2.08774e-10
-2.30063e-16
-9.93114e-11
-9.27415e-16
-3.21635e-16
-1.18802e-09
8.54679e-12
-5.31024e-08
-5.90431e-08
-7.62654e-08
-1.62559e-07
-1.84955e-09
-7.85681e-08
-1.81731e-10
-1.79392e-10
-9.63426e-09
-3.61379e-10
-9.34441e-09
-7.55954e-09
-3.252e-07
-5.96093e-09
1.59938e-07
-5.16173e-07
-1.30192e-11
-3.26488e-12
5.45685e-13
-4.26663e-10
-2.38874e-16
5.44762e-13
-4.79761e-09
4.80616e-09
-1.88884e-07
-2.91474e-08
-1.94425e-07
-1.52405e-07
-1.28247e-09
-2.17243e-07
-3.71835e-10
-3.6812e-09
-3.24475e-09
-1.45418e-10
-1.50113e-08
-3.62748e-09
-2.13276e-08
-1.40018e-09
-1.08941e-08
-1.09634e-07
-3.26529e-12
-5.40276e-16
-1.3652e-09
-2.0437e-10
-5.10613e-09
-3.48445e-08
-9.96909e-09
-1.0526e-07
-9.4654e-08
-1.22194e-08
-1.91798e-07
-3.68863e-08
-5.46381e-08
-5.2329e-08
-8.2364e-10
-2.65771e-09
-3.46334e-09
-2.51501e-10
-1.13715e-08
-8.55598e-10
-1.19724e-08
-3.47688e-11
7.89034e-12
-4.12405e-09
-2.01829e-17
-2.75056e-15
-2.0437e-10
-2.17684e-17
-1.49821e-07
-2.66878e-08
-2.05308e-07
-2.78609e-07
-4.3721e-08
-1.16516e-07
-8.54697e-09
-8.17912e-09
-3.0149e-09
-5.15588e-10
-1.2079e-09
1.77911e-10
-2.14449e-10
3.02718e-12
-3.39428e-09
-1.67307e-10
-7.70576e-09
-1.28719e-10
1.65641e-09
-3.84969e-09
5.93028e-14
-1.1007e-13
5.92811e-14
-2.54223e-17
-6.61319e-08
-1.5479e-08
-2.0145e-07
-1.33423e-07
-8.42088e-08
-2.45393e-07
-1.0751e-09
-6.47143e-09
-4.71274e-10
-1.07324e-10
-2.97089e-10
9.79359e-10
-2.29181e-10
8.7023e-10
-2.28081e-10
1.36199e-11
-2.70545e-09
-2.96331e-11
-2.37375e-10
-3.05827e-09
7.65706e-14
4.08227e-14
7.65295e-14
-1.0748e-17
-8.71838e-08
-4.70896e-09
-2.00507e-07
-7.55928e-08
-1.57316e-07
-2.12899e-07
-8.44293e-09
-2.95366e-09
-7.28364e-09
-1.8222e-10
-4.78901e-09
-1.30239e-08
-3.75406e-10
4.03556e-10
-1.68513e-11
6.4407e-10
-1.47913e-11
2.56198e-13
1.75824e-15
-9.13414e-10
1.00079e-15
7.5399e-17
9.68747e-16
-3.09701e-19
-6.02876e-09
-1.16588e-18
-5.36095e-08
-1.93643e-09
-8.12777e-08
-2.86182e-08
-2.03301e-08
-3.25546e-08
-4.98026e-08
-7.11866e-09
-5.73309e-08
-2.29976e-09
-1.71988e-08
-1.55069e-08
-2.58257e-13
-5.99289e-09
-1.91021e-15
1.79424e-17
1.51977e-16
-9.93068e-16
1.52562e-17
2.81932e-20
-1.13772e-18
-1.93643e-09
-4.36114e-08
-7.61659e-08
-5.75746e-08
-8.71838e-08
-1.02691e-07
-2.25551e-15
-2.04368e-15
-2.80122e-15
-5.32499e-12
1.16328e-11
-3.54353e-11
-1.9068e-11
-1.2094e-11
7.66319e-11
2.8407e-11
1.04571e-10
-5.24454e-10
2.36644e-10
-6.32132e-10
1.36511e-09
5.28084e-11
3.08216e-10
-2.10776e-09
-2.02629e-10
-2.62515e-08
-2.00001e-07
-1.79175e-09
-2.3569e-07
-1.65338e-16
-1.79172e-09
-1.63386e-15
-2.16544e-11
1.24973e-11
-8.31113e-12
5.60049e-11
-4.89109e-12
-1.09316e-13
-1.84773e-11
8.52929e-12
-4.09289e-11
3.5954e-11
1.26462e-11
8.45221e-10
3.13848e-10
-4.38139e-16
-9.64485e-08
-1.30501e-10
-7.03313e-08
-2.26307e-07
-1.04992e-09
-3.05275e-07
-4.97932e-11
-3.80636e-08
-4.97948e-11
-8.44362e-13
1.47957e-11
-6.43131e-13
2.18755e-12
-6.25504e-13
3.11561e-12
-3.69035e-13
5.02904e-12
-4.75711e-10
5.14538e-10
1.37712e-10
2.77793e-09
1.21475e-10
2.34878e-11
-3.73142e-08
-3.77035e-09
-6.14559e-08
-2.02413e-07
-3.74495e-08
-3.29476e-07
-3.77747e-09
-2.89113e-07
-1.88048e-08
-3.29373e-12
1.00559e-06
-5.65448e-13
2.34063e-12
-6.04449e-13
2.72968e-12
-1.6639e-10
1.74164e-10
-8.79172e-10
5.61303e-09
1.19739e-12
2.44877e-09
1.53206e-09
5.25445e-10
-2.14867e-08
-2.21853e-10
-2.03482e-08
-1.16552e-07
3.19668e-09
-2.09972e-07
2.07722e-09
-1.86042e-07
-4.38973e-08
-7.33544e-13
1.05603e-06
-8.07173e-13
2.18975e-12
-3.79019e-10
3.84397e-10
-3.39194e-10
1.88694e-09
-3.59542e-11
5.81343e-09
7.57095e-11
9.32109e-10
9.58281e-10
-2.35274e-10
9.16456e-10
-8.19378e-10
3.65155e-10
-1.02834e-09
-1.61459e-08
-8.27236e-16
-2.2885e-09
-7.71261e-16
-4.7023e-08
-1.06751e-08
9.77181e-10
-2.81292e-09
1.23188e-08
-2.11646e-10
1.5287e-08
-3.44857e-10
4.87806e-10
7.52484e-11
5.43821e-09
6.06799e-10
4.6554e-10
5.04639e-09
-9.02237e-10
8.82699e-10
9.05238e-10
5.48647e-17
-1.45637e-10
6.16129e-17
-8.29658e-16
4.80432e-17
-7.62017e-16
-3.81891e-10
-6.00306e-09
1.68599e-09
-5.25766e-09
1.20476e-08
-4.01072e-10
1.03703e-08
-2.19029e-12
8.89466e-11
4.99444e-10
4.36848e-10
2.95309e-10
4.76995e-11
3.95277e-09
-7.20962e-10
4.11373e-10
4.66603e-10
1.91479e-16
-4.94952e-10
5.86402e-17
-7.03534e-16
-6.6581e-17
-6.71884e-16
-3.81891e-10
-2.53486e-09
1.47758e-09
-2.94879e-09
-6.58465e-10
-6.53098e-12
1.32247e-09
1.43043e-13
8.22502e-11
2.34775e-10
2.02239e-10
2.0294e-09
-1.6325e-10
2.47114e-09
-2.08232e-13
1.18217e-09
1.01395e-11
1.6987e-16
-3.81851e-10
4.74465e-17
-5.97315e-16
1.65452e-12
-1.65482e-12
-2.09388e-10
-3.23673e-10
2.38915e-09
-1.71281e-10
-1.65744e-12
-7.09067e-13
-4.52611e-11
1.1564e-11
7.00001e-11
1.39635e-09
1.61101e-09
2.39978e-09
-4.13058e-10
1.96377e-09
-2.68103e-10
1.26901e-09
-2.68493e-12
1.99955e-10
-4.52792e-11
7.19572e-15
1.99947e-10
8.87863e-12
3.94865e-11
-8.71631e-10
-6.32484e-10
1.01376e-10
-8.66813e-11
6.30433e-10
2.1673e-11
4.54856e-11
6.51558e-10
8.46116e-10
1.44487e-09
1.08023e-09
1.2544e-09
1.207e-11
1.17301e-09
2.12687e-11
1.53446e-09
7.98046e-12
1.45893e-09
-7.18139e-10
1.26704e-08
-2.02056e-08
3.3188e-09
-9.85693e-09
-1.53731e-10
-3.03628e-12
1.04411e-10
-4.28246e-12
8.46073e-10
1.13395e-13
2.01652e-10
2.82468e-10
1.93283e-10
9.15286e-10
2.32273e-10
1.4097e-09
-5.27413e-10
5.68146e-10
-1.51596e-10
2.2446e-10
-5.23391e-11
2.34446e-08
-1.13346e-08
3.42308e-08
-3.1358e-08
1.53732e-10
-7.68435e-09
-1.41981e-16
-2.66918e-09
-1.82311e-09
3.22597e-11
2.85255e-10
5.17528e-10
1.75539e-08
3.12692e-08
3.9616e-08
5.87452e-08
2.73872e-08
1.00055e-15
-3.22367e-15
-2.60502e-15
-3.5432e-13
-3.62605e-13
-1.65425e-12
-7.20293e-12
-1.99029e-12
-1.01843e-11
-4.92336e-13
-8.06881e-12
6.03433e-14
-3.31565e-13
5.94779e-14
-1.03037e-15
-4.22044e-10
-1.07899e-10
-3.93439e-10
-3.50736e-10
-1.20023e-11
2.06404e-11
-1.20024e-11
1.0629e-15
3.1089e-11
7.41938e-10
-2.92547e-16
-3.16326e-15
-1.55441e-13
-2.93703e-13
-2.02882e-12
-3.72742e-12
-3.26193e-12
-8.96521e-12
-6.90252e-13
-6.99564e-12
6.9993e-14
-1.49273e-13
6.99469e-14
-1.05329e-15
-1.71078e-10
-5.09386e-11
-5.06789e-10
-4.37762e-10
-3.88637e-11
1.55478e-10
-4.60435e-11
7.18089e-12
6.20676e-11
1.35127e-11
-5.35848e-16
-2.63303e-14
-1.17694e-13
-5.0176e-13
-8.97449e-13
-1.72859e-12
-1.45936e-12
-2.27941e-12
-1.41577e-12
-4.69937e-12
2.36542e-13
-1.14812e-14
2.36382e-13
-9.82653e-16
-1.38159e-10
-3.07483e-12
-4.52809e-10
-4.00197e-10
-4.75192e-10
6.40437e-11
-7.80163e-11
5.41551e-10
3.29675e-11
6.16726e-12
-4.6917e-14
-8.13191e-14
-3.63054e-13
-5.7287e-13
-3.97623e-13
-9.87046e-13
-5.00171e-13
-1.00988e-12
-7.12272e-12
-1.11699e-12
-6.7449e-14
-2.1054e-11
2.13e-13
-2.81498e-13
-3.27977e-11
3.75847e-12
-9.9725e-10
-1.03671e-10
-1.04836e-09
2.32704e-10
-5.25618e-10
2.97539e-10
9.75984e-11
-1.4031e-11
-9.5794e-14
-1.21991e-13
-2.41935e-13
-7.51272e-13
-2.17023e-13
-9.81942e-13
-6.14706e-14
-8.32654e-13
-4.3154e-13
-4.10517e-13
-7.46419e-11
-5.54416e-12
-1.15649e-11
-1.30224e-10
1.58462e-12
1.0633e-10
-2.99057e-10
1.66857e-11
-6.85314e-10
1.06932e-10
-4.92431e-10
7.55474e-11
1.03031e-10
-1.33851e-13
-2.26567e-13
-2.64096e-14
-6.36765e-13
-5.19261e-13
-6.46594e-13
-9.21372e-13
-3.19548e-13
-1.02466e-12
1.53449e-14
-4.93439e-13
-7.35422e-12
-1.69749e-13
-6.0826e-10
-2.10717e-10
-2.18582e-10
-1.62879e-09
-5.11502e-11
-1.33931e-11
-5.45773e-11
6.73724e-12
-7.43353e-11
1.23829e-11
-2.92628e-12
-1.63708e-11
-3.24904e-14
-3.46252e-15
-3.8299e-13
-2.46824e-13
-6.74374e-13
-8.07749e-13
-5.13458e-13
-1.14644e-12
1.31725e-13
-5.65859e-13
2.26238e-13
-9.39448e-14
-2.09472e-09
-3.64822e-11
-2.43088e-09
-1.00911e-09
-5.2739e-10
-7.5105e-10
-1.31231e-11
1.09982e-10
-7.64399e-13
1.84892e-14
5.18387e-13
-8.33476e-12
-5.74154e-15
-3.23362e-17
-2.85999e-13
-7.69807e-15
-9.1355e-13
-2.24808e-13
-8.88407e-13
-1.14007e-12
-5.88703e-14
-7.60153e-13
-2.05012e-13
-1.24491e-13
-1.35181e-10
-1.36044e-12
-2.1904e-09
-5.6964e-10
-4.61658e-09
-2.20135e-09
-4.16131e-14
5.57445e-11
-3.47442e-14
1.73675e-14
2.4827e-12
-2.00482e-12
2.25765e-17
-5.28542e-16
9.32558e-15
-5.20246e-14
-2.28735e-13
-1.31543e-13
-8.44677e-13
-5.02187e-13
-3.62189e-13
-7.86927e-13
4.12481e-14
-2.17906e-13
-1.34903e-12
-4.35102e-14
-2.35008e-09
-3.28746e-11
-7.35407e-09
-9.71544e-10
-6.08354e-09
-1.05645e-10
-3.05736e-09
1.63006e-09
8.55463e-10
-1.50158e-13
-6.92437e-15
2.32864e-16
-2.11794e-13
-3.24322e-16
-5.56357e-13
-3.32233e-14
-7.7249e-13
-2.85879e-13
-8.36503e-13
-6.11603e-13
-1.70266e-13
-3.77096e-13
-9.01817e-14
-4.99038e-14
-3.298e-11
-6.02235e-14
-3.37615e-09
-5.33216e-11
-7.18819e-09
-1.66859e-10
-6.76033e-09
7.55124e-10
1.55667e-09
-7.01446e-09
3.37227e-18
4.26393e-18
-7.60129e-16
-5.55839e-19
-8.94928e-14
-1.17137e-16
-5.94909e-13
-8.99665e-15
-9.8227e-13
-2.30837e-13
-6.82651e-13
-4.29696e-13
-2.9642e-13
-1.79291e-13
-1.94426e-13
-4.39921e-14
-6.59077e-11
-9.97892e-14
-1.29097e-09
-3.72766e-15
-2.67541e-09
5.45578e-15
9.90091e-15
-2.564e-09
7.99666e-20
2.17015e-19
-1.51353e-16
-6.92462e-14
-6.81616e-13
-1.11183e-12
-9.22526e-13
-3.52824e-13
-6.84074e-14
-7.21353e-14
-6.66874e-14
-5.67721e-14
-4.90477e-08
1.64643e-09
-2.92162e-07
1.7218e-06
-4.55819e-16
3.98064e-06
-4.46793e-16
4.04063e-15
-2.83373e-10
3.11841e-10
-3.59499e-13
8.67855e-10
-4.75278e-15
6.59255e-12
-1.82215e-14
-5.15369e-15
-5.20506e-14
-8.37802e-14
-4.68069e-14
-3.38736e-13
-3.27398e-17
-2.23111e-13
-1.87371e-14
1.65994e-09
3.18059e-15
-4.59114e-07
8.98943e-07
-5.19099e-07
3.60859e-06
-1.4028e-07
4.316e-06
-1.21186e-09
3.20768e-07
-3.44008e-10
1.45431e-15
-1.26045e-14
2.23577e-10
-2.61614e-14
-6.7036e-15
-3.98742e-14
-6.74877e-15
2.14015e-14
-3.91625e-13
3.68195e-15
-2.65469e-13
-2.96493e-14
6.16732e-12
3.02838e-15
-6.64507e-07
1.1451e-08
-6.94376e-07
4.08514e-06
-3.21728e-07
3.49667e-06
-3.20525e-10
7.00576e-07
-3.20525e-10
1.3486e-15
-3.33498e-15
3.04415e-10
-4.9963e-15
-7.02281e-15
-3.38041e-14
2.00766e-14
-5.07831e-14
-3.4185e-13
-5.06319e-15
-3.28291e-13
-6.86488e-14
-1.40316e-11
2.93773e-15
-5.19203e-08
-5.06646e-12
-5.60521e-07
-4.09367e-08
-2.06111e-07
1.45686e-06
-4.86421e-11
1.3591e-07
-3.95299e-11
-9.11085e-12
2.81051e-12
1.25913e-10
-3.61261e-13
3.16269e-12
-3.00546e-14
3.38722e-11
1.40496e-14
-3.2177e-13
3.38686e-14
-3.24181e-13
-6.92855e-14
-1.34153e-13
3.16657e-15
-3.89886e-14
2.34574e-13
-4.09368e-08
2.0661e-13
-3.54065e-09
-1.61475e-11
-4.06162e-11
-1.24976e-10
6.47379e-11
9.56729e-10
3.9352e-11
5.24657e-11
1.02398e-10
-2.71272e-10
1.92027e-14
-2.81776e-10
2.16436e-15
-2.98429e-13
-5.08978e-15
-2.68974e-13
-1.02273e-13
-3.33273e-13
5.79338e-12
-4.05375e-14
1.25951e-13
-2.97793e-14
1.72525e-13
-7.17702e-13
-1.52292e-11
-1.82116e-13
1.2938e-12
3.23595e-10
5.06541e-10
1.60444e-09
9.52987e-10
9.44608e-10
-9.61462e-10
-3.62526e-15
-9.38643e-10
2.19209e-15
-3.00032e-13
4.69658e-14
-2.74853e-13
-6.29417e-14
-6.75714e-14
9.89199e-12
-1.88406e-13
1.07201e-13
-3.69454e-12
4.367e-12
7.17306e-13
2.67297e-11
6.39104e-11
2.03727e-11
1.97921e-09
1.95347e-09
3.69389e-09
-3.47623e-10
2.70714e-09
1.21062e-11
2.80532e-14
-6.71105e-10
2.36218e-15
-2.77615e-13
7.39862e-15
-2.82423e-13
-6.13485e-14
-5.31611e-14
1.76309e-12
-1.51982e-13
1.21114e-13
-1.25408e-12
3.63686e-12
1.67622e-12
1.80541e-11
1.18758e-11
2.02093e-11
4.29913e-09
4.98819e-10
4.05745e-09
-1.19507e-10
1.32568e-09
1.86198e-10
3.53843e-14
-6.21027e-11
3.42027e-17
-2.37796e-13
2.78182e-15
-2.75511e-13
-1.12917e-13
-2.61519e-14
1.63936e-12
-1.75484e-14
1.12232e-13
-5.803e-15
3.62539e-12
1.02647e-13
1.79453e-11
3.60048e-10
7.70899e-10
5.66967e-10
-6.09428e-12
2.52003e-10
-1.38839e-12
7.72255e-11
1.12137e-14
3.6387e-14
-5.05885e-14
1.33517e-13
-2.05924e-13
1.22135e-13
-2.26298e-13
-2.91061e-14
-5.68765e-09
8.25502e-10
-1.60082e-09
1.23774e-09
-2.26155e-10
9.66573e-10
3.66273e-10
1.57723e-09
1.21994e-09
1.56367e-09
1.41937e-12
-1.088e-13
3.02765e-14
8.39564e-16
3.98643e-14
7.43577e-16
4.13917e-14
-5.19477e-14
1.20018e-13
-1.6982e-13
3.45461e-14
-1.0765e-13
-1.0713e-14
-2.00506e-09
-4.41805e-12
-6.66884e-10
9.66695e-11
5.07194e-12
1.9369e-10
8.79663e-10
1.01763e-09
2.52641e-10
2.9227e-11
3.39247e-14
-1.81127e-13
2.92971e-14
4.52136e-15
6.01483e-14
4.62093e-15
1.20705e-13
-4.91843e-14
1.05624e-13
-9.97853e-14
2.64989e-14
-2.47912e-14
-3.60039e-16
-4.4748e-12
-4.63446e-12
5.2765e-12
1.01247e-10
4.76e-13
1.07975e-13
1.23757e-13
1.3982e-13
1.2229e-13
6.90961e-14
4.99825e-15
2.67279e-08
-1.29939e-07
-6.60362e-06
-6.57742e-05
-6.84857e-05
-0.001462
-0.000126726
-0.00109714
-2.80874e-16
-0.000547293
-2.91388e-16
-7.67772e-16
-1.02614e-08
-6.35193e-16
-1.48417e-07
-4.23866e-08
-5.83273e-08
4.27166e-08
3.24964e-08
1.37276e-07
3.24989e-08
1.18179e-15
6.25237e-06
-6.88258e-05
-2.27656e-06
-2.47386e-05
-0.000238101
-0.000858548
-0.0003621
-0.00135944
-0.000298172
-0.00109113
-4.03109e-16
-0.000331207
-4.97803e-16
-6.70668e-16
-6.01517e-16
-5.42883e-16
-9.11862e-08
-2.26011e-09
-1.45302e-07
6.68958e-09
-9.02612e-16
5.85167e-08
-8.24816e-16
1.10229e-15
1.92419e-15
6.25237e-06
-2.27321e-05
-0.000103952
-0.0002291
-0.00138284
-0.00030484
-0.00130381
-0.000246493
-0.00102223
-3.99722e-16
-0.000167016
-4.71809e-16
-6.01074e-16
-6.26465e-16
-4.22904e-16
-2.26011e-09
-1.72322e-16
-2.03169e-08
3.09057e-16
-8.37778e-16
1.07943e-15
-8.092e-16
1.07547e-15
1.77757e-15
-6.6435e-16
-0.00019166
-4.9736e-05
-0.000487745
-0.00131369
-0.000532183
-0.00127844
-0.000414338
-0.00103487
-2.56136e-05
-0.000332451
-7.00545e-16
-2.56136e-05
-7.73541e-16
-3.94664e-16
-9.08045e-16
-6.64823e-17
-9.36746e-16
3.04596e-16
-7.23571e-16
8.33198e-16
-1.20841e-05
1.20841e-05
0.000345599
-0.000151051
-3.10326e-05
-4.76303e-06
-0.000336803
-0.000682985
-0.000369382
-0.00126421
-0.00044724
-0.00097453
-0.000150906
-0.000457519
-8.77757e-06
-0.000104781
-9.05999e-16
-8.77757e-06
-8.90617e-16
-1.09055e-16
-9.17613e-16
3.01947e-16
-3.38602e-05
3.38602e-05
-0.000169956
0.000288809
0.00110561
-0.000489989
-4.76303e-06
-9.77861e-17
-0.000397908
-0.000130752
-0.00059035
-0.00102015
-0.00066107
-0.000941748
-0.000595407
-0.000577207
-0.000354959
-0.000365217
-0.000218885
-0.000111053
-0.000137854
-1.50981e-05
-0.000139808
0.000143529
-0.000388089
0.000463836
-0.000656813
0.000713234
0.000966363
-0.000505877
-4.04865e-17
-5.52003e-17
-9.62076e-05
-5.13469e-05
-0.000440517
-0.000768005
-0.000624815
-0.0008078
-0.000789396
-0.000461166
-0.000846534
-0.000329131
-0.000844552
-0.000103217
-0.00082097
-5.66476e-06
-0.000820709
0.000244473
-0.000795321
0.000519624
-0.000680225
0.000598138
0.000811
-0.000524862
-4.03188e-17
-1.69645e-17
-0.000120445
-1.56176e-05
-0.000692203
-0.000454618
-0.000711352
-0.000803035
-0.000777392
-0.0004089
-0.000939988
-0.000218888
-0.000946895
-9.63103e-05
-0.000987338
3.47789e-05
-0.000937408
0.000194543
-0.000817645
0.000399862
-0.00070731
0.000522432
0.000577601
-0.000538939
1.77011e-17
-3.46656e-17
-1.23772e-05
-8.93921e-05
-0.000459414
-0.000379515
-0.000746516
-0.000501143
-0.000836054
-0.000333166
-0.000954813
-0.000114761
-0.000978499
-8.32285e-05
-0.00100229
5.85672e-05
-0.000959624
0.000151879
-0.000833945
0.000274183
-0.000745792
0.000441923
0.000466428
-0.000488198
-4.76778e-17
2.99664e-18
-0.000382011
-1.14292e-05
-0.000629953
-0.000322536
-0.000743352
-0.00040294
-0.000815526
-0.000256777
-0.000889995
-5.64942e-05
-0.000950369
-4.82084e-05
-0.000948216
5.64146e-05
-0.000942887
0.00014655
-0.000816937
0.000148142
-0.000655109
0.000280991
0.000336702
-0.00049219
2.80301e-18
4.08913e-19
-1.14292e-05
-4.37494e-18
-0.000452369
-3.80488e-05
-0.000755722
-0.000198074
-0.000859952
-0.000152548
-0.000883527
-3.14686e-05
-0.000904637
-2.81462e-05
-0.000871607
2.12586e-05
-0.00080555
8.0493e-05
-0.000739278
8.18707e-05
-0.000565636
0.000107348
0.000116033
-0.000344966
1.82433e-20
-7.64701e-18
-0.000148653
-0.000541769
-0.000694316
-0.000703103
-0.000731249
-0.000713862
-0.000657337
-0.000580562
-0.00047391
-0.000358286
-0.000436862
0.000615235
-0.000514826
0.00176366
-0.000652293
0.00210596
-0.000684757
0.00225449
-0.000619403
0.00172324
-0.000396758
0.000418677
-0.000442507
-0.000479329
-8.70143e-05
-0.00044421
2.92432e-05
-0.000826168
-8.92678e-05
-0.000843848
-4.09635e-05
-0.000820902
-0.000642963
-0.000361432
7.83003e-05
-0.000518233
0.001161
-0.000565563
0.00215329
-0.000584154
0.00227308
-0.000484541
0.00162504
-0.000363301
0.000280148
-0.000406293
-0.000344891
-0.000301885
-0.00043773
-0.000136973
-0.000991085
7.11664e-05
-0.00105199
1.79627e-05
-0.000767625
-0.000625
-2.57426e-05
0.000104043
-0.000478966
0.000365436
-0.000522336
0.00219666
-0.000502339
0.00225308
-0.00035062
0.00147048
-0.000261683
0.000270637
-0.000234059
-0.000120093
-0.000150394
-0.00036786
-0.000123739
-0.000754615
-0.000231606
-0.000944124
-0.000112403
-0.000886899
-0.000737402
-4.00957e-05
0.00082196
-0.000199521
0.000183779
-0.000328148
0.000965382
-0.000389253
0.00200151
-0.000207141
0.00129347
-8.21801e-05
0.000263111
-0.000118554
-8.16432e-05
-0.000143761
-0.000341299
-0.000129066
-0.000546978
2.73454e-05
-0.000975743
9.19763e-06
-0.000869217
-0.000728204
-0.000279789
0.00101644
-0.000166153
0.0016796
-0.000293705
0.000804342
-0.000234998
0.00176518
-8.31343e-05
0.00113635
-6.10211e-05
0.000308813
-0.000116452
-2.64105e-05
-5.5667e-05
-0.000399341
3.06107e-05
-0.000633325
3.89201e-05
-0.00086623
5.21818e-06
-0.000835514
-0.000722986
-0.000424359
0.000934927
-0.000300023
0.00172953
-0.000282752
0.0020206
-4.53343e-05
0.00174636
8.18701e-05
0.000704509
6.03604e-05
0.00037404
3.07602e-05
-2.9571e-05
9.90447e-06
-0.000378976
1.94108e-06
-0.000991372
0.000169137
-0.0011628
0.000212013
-0.000874179
-0.000510972
-0.000440001
0.000850065
-0.000277845
0.00156738
-0.00021288
0.00195563
0.000226443
0.00107845
0.000302921
0.000488003
0.000234913
0.000516799
0.00013497
1.25293e-05
0.000146001
-0.000386895
0.0004256
-0.00127747
0.000218139
-0.00106705
1.99591e-05
-0.000676776
-0.000490997
-0.000392812
0.000549089
-0.000204851
0.00119449
9.81358e-06
0.00147373
0.000429756
0.000646586
0.000510962
0.000590481
0.000400603
0.000595538
0.000235813
7.27319e-06
0.000300614
-0.000422568
0.000350908
-0.00111906
0.000163408
-0.000881232
3.40096e-05
-0.000546234
-0.000456681
-0.000314191
0.000370254
-0.0001018
0.000986933
0.000182645
0.00118446
0.000502309
0.000508213
0.0005196
0.000561776
0.000563817
0.000469003
0.00037559
-2.19286e-05
0.000534555
-0.000324496
0.000551123
-0.000969852
0.000394118
-0.0007259
0.000234107
-0.000388351
-0.000222308
-0.00025155
0.000244401
3.75204e-06
0.00081265
0.000354315
0.00096534
0.000530656
0.00032782
0.000542961
0.000475684
0.00051942
0.00019437
0.000447015
-0.000129821
0.000712971
-0.000497044
0.000552975
-0.000730028
0.000284399
-0.000459001
0.000102262
-0.000207832
-0.000120055
-0.000189887
8.9321e-05
0.000156607
0.000494254
0.00061476
0.000541539
0.000793115
0.000149464
0.000702467
0.000245222
0.000737831
0.000134292
0.000787286
-0.000172447
0.000844417
-0.000441416
0.000423914
-0.000307541
0.000161445
-0.000196164
6.39365e-05
-0.000110323
-5.6119e-05
-0.000271927
0.000222327
0.000762591
0.000912055
0.00111019
0.00125511
0.00111075
0.000669335
0.000349575
0.000166017
5.6119e-05
-8.29492e-05
-0.000800547
-9.57046e-05
-0.000671428
-0.000100364
-0.000735714
-0.000114972
-0.00087215
-2.20754e-09
-0.000400027
-2.20754e-09
-6.54987e-16
7.0288e-10
1.76186e-09
-1.40796e-06
-7.1308e-16
-0.000146645
-0.000177798
-0.000213077
-0.000232838
-0.000121291
0.000141339
5.18713e-05
-0.000166633
-0.000633913
-0.000188412
-0.000649649
-0.000248692
-0.000675434
-0.00025401
-0.000772714
-3.26552e-05
-0.000351714
-2.2164e-16
-3.26552e-05
-3.00743e-16
1.76186e-09
-3.13626e-16
-6.61965e-16
-0.000174351
-8.21373e-05
-0.000296387
-0.000206071
-4.06049e-05
0.000299823
9.34565e-07
-9.23322e-05
-0.000541581
-0.000179702
-0.000562279
-0.000194284
-0.000660851
-0.000133485
-0.000523038
-7.36936e-05
-0.000145642
-5.07736e-06
-5.85385e-05
-1.72605e-08
-1.81082e-05
-1.29078e-08
-4.35274e-09
-0.000135619
-2.9367e-05
-0.000279503
-0.000202896
-8.64417e-05
0.000485742
0.000109717
-0.000190457
-0.000351124
-0.000254807
-0.000497929
-0.000311091
-0.00060214
-9.1896e-05
-0.000435691
-0.000105529
-0.000109236
-8.07097e-05
-0.000140917
-1.53963e-05
-0.00016132
1.96168e-06
-3.26798e-05
-6.83072e-05
-5.10572e-06
-0.000330247
-0.000196069
-0.000283612
0.000455345
0.000522199
-5.91042e-05
-0.00029202
-8.66317e-05
-0.000470401
-0.000159088
-0.000529683
-0.000105292
-0.000428503
-5.22997e-05
-0.000139219
-0.000110206
-8.31049e-05
-6.17242e-05
-0.000175005
-4.07766e-06
-8.10886e-05
-9.18338e-06
-7.26726e-16
-0.000465109
-0.000120183
-0.000383028
0.000356511
0.000547185
-7.73999e-05
-0.00021462
-0.000100048
-0.000447753
-0.000218912
-0.00041082
-0.00019353
-0.000372798
-7.80801e-05
-0.000141689
-0.00011618
-3.79088e-05
-0.000119379
-0.000127036
-1.79678e-05
-4.50542e-05
-1.79678e-05
-6.42378e-16
-0.000367495
-1.41714e-05
-0.000469697
9.18638e-05
0.000515575
6.91515e-06
-0.000221535
-7.98986e-05
-0.00036094
-7.79017e-05
-0.000411597
-5.12624e-05
-0.000215946
-3.50767e-05
-3.86976e-06
-2.55043e-05
-1.67751e-06
-1.47437e-05
-3.43253e-06
-5.77538e-07
-6.70878e-06
5.90768e-08
-6.36615e-07
-2.80069e-05
2.57121e-06
-0.000493968
-6.41806e-07
0.000192041
-0.000184992
-3.65428e-05
-0.000419136
-0.000126796
-0.000406468
-0.00037693
-2.65955e-05
-0.000204816
-5.62873e-07
-2.83938e-05
-4.14723e-07
-2.05058e-07
-1.65337e-06
-6.99587e-07
-1.205e-05
-9.1223e-07
-3.17126e-05
-2.69043e-05
-1.13751e-05
-2.73946e-05
-3.75981e-05
1.88415e-06
5.26897e-05
6.28667e-07
-3.71715e-05
3.95442e-05
-0.000165711
-0.000135299
-0.000202086
-0.000136562
-9.73361e-05
-9.6435e-06
-3.20131e-05
-6.62048e-07
-7.65012e-06
3.03375e-08
1.32363e-08
1.24014e-06
-2.12817e-07
-0.000106481
-1.80903e-05
-0.000135469
-0.000103851
-6.03399e-05
-1.31627e-05
1.97173e-05
-5.39037e-05
1.67322e-05
-0.000134406
-8.52087e-05
-0.000233893
-0.000102599
-0.00024745
-5.80229e-05
-6.69198e-05
-6.88547e-05
-5.5927e-06
-1.89057e-05
-3.26836e-07
-2.92238e-06
2.06093e-06
-1.32682e-10
-6.3916e-05
-8.02914e-07
-0.000356094
-3.36841e-05
-0.000319394
-1.4947e-05
3.40421e-05
5.96111e-06
1.07711e-05
-6.92356e-05
-1.0012e-05
-0.000149264
-2.25704e-05
-0.000195634
-1.16537e-05
-0.000215174
-1.3398e-05
-8.65217e-05
-6.66564e-05
-1.70612e-08
-5.34857e-05
-1.71939e-08
-3.33796e-16
-2.03618e-07
-1.57681e-16
-4.94409e-05
-1.88408e-09
-0.000203985
-7.71426e-06
4.0725e-06
1.07711e-05
7.59143e-07
-2.18113e-05
-3.34649e-05
-4.6863e-05
-9.58812e-05
-5.50492e-16
-8.84288e-16
-1.04197e-15
-1.88408e-09
-8.13334e-06
)
;

boundaryField
{
    rotor
    {
        type            calculated;
        value           uniform 0;
    }
    stator
    {
        type            calculated;
        value           uniform 0;
    }
    front
    {
        type            empty;
        value           nonuniform 0();
    }
    back
    {
        type            empty;
        value           nonuniform 0();
    }
}


// ************************************************************************* //
