/*--------------------------------*- C++ -*----------------------------------*\
| =========                 |                                                 |
| \\      /  F ield         | OpenFOAM: The Open Source CFD Toolbox           |
|  \\    /   O peration     | Version:  2.4.0                                 |
|   \\  /    A nd           | Web:      www.OpenFOAM.org                      |
|    \\/     M anipulation  |                                                 |
\*---------------------------------------------------------------------------*/
FoamFile
{
    version     2.0;
    format      ascii;
    class       surfaceScalarField;
    location    "3.9";
    object      phiAlpha;
}
// * * * * * * * * * * * * * * * * * * * * * * * * * * * * * * * * * * * * * //

dimensions      [0 3 -1 0 0 0 0];

internalField   nonuniform List<scalar> 
5952
(
1.41229e-07
-1.52858e-07
1.86667e-07
-6.39601e-08
2.14328e-07
2.57611e-08
1.60771e-07
5.35563e-08
1.36209e-07
2.45624e-08
3.85483e-08
9.76606e-08
-5.388e-05
4.28018e-05
-1.01334e-06
2.29059e-05
-9.87142e-07
1.86551e-07
-7.49914e-07
7.62861e-08
-7.82088e-07
3.5842e-07
1.9028e-07
-7.2044e-07
8.80321e-09
-1.61661e-07
-7.37761e-08
-2.23769e-09
-3.7808e-05
3.01275e-06
-0.000208674
0.000104878
-0.000326017
0.000120076
-5.45882e-05
8.31069e-05
-1.19477e-05
5.47597e-07
-8.68468e-07
1.54185e-06
-8.96149e-07
4.19067e-07
-2.50122e-05
2.44301e-05
-0.000117944
4.16326e-05
-3.84789e-05
-0.000126882
2.77429e-08
5.11445e-09
5.6954e-08
7.40349e-08
-7.09322e-05
5.56136e-06
-0.000216525
9.85023e-05
-0.000251549
0.000160607
-1.06416e-06
0.000100706
-1.03304e-06
4.39642e-07
-2.49985e-05
2.59342e-05
-0.000513457
0.000142617
-0.000816981
0.000140455
-0.000857932
6.07218e-05
-9.07614e-05
-0.000847374
-3.96701e-08
4.47847e-08
-1.57359e-07
1.91762e-07
-3.77543e-05
9.19332e-07
-0.00016532
8.15177e-06
-0.000153147
5.88929e-05
5.04066e-06
6.20038e-05
-2.49098e-05
5.43103e-05
-0.000765497
0.000168842
-0.000967419
0.000182089
-0.000934274
0.000101657
-0.000872985
4.11286e-07
-0.000108704
-0.000856288
-3.58723e-07
1.75782e-05
-4.16791e-07
2.4979e-07
-2.52177e-07
5.6087e-07
-3.65919e-08
5.28967e-06
-1.84396e-05
7.7296e-05
-0.000116887
9.46929e-05
-0.000400683
0.00020668
-0.000533541
0.000114259
-0.000543746
8.3113e-05
-0.000534851
2.80752e-05
-0.000553403
1.45587e-05
-5.95251e-05
-0.000602436
-4.41171e-08
2.72392e-05
-1.29364e-07
3.3508e-07
-1.23371e-05
1.27686e-05
-0.000212028
0.000229495
-0.000521161
0.000394408
-0.000503704
0.000271575
-0.000214598
0.000138402
-0.000167656
3.76818e-06
-0.000378052
-9.11053e-10
-0.000400058
-3.72233e-05
-0.00031736
-8.158e-05
9.04801e-05
-0.000471489
-3.73622e-05
7.80576e-05
-0.000163059
0.000923668
-0.000341742
0.0012708
-0.000613895
0.000948687
-0.000467474
0.000623313
-0.000142755
0.000134604
-3.76819e-06
5.3935e-06
-2.87958e-16
-1.617e-11
-2.96921e-16
-9.11054e-10
-3.72233e-05
-2.16359e-16
-8.18096e-05
-8.09823e-05
-4.314e-05
2.67262e-05
-0.000109459
0.00016364
-0.000404764
0.00153455
-0.000607883
0.00154697
-0.000809826
0.00115099
-0.000410817
0.000656077
-5.39369e-06
3.22199e-05
-1.8539e-10
1.69278e-16
-5.16586e-09
2.78173e-11
2.29004e-09
-4.56761e-08
2.70417e-07
-2.68127e-07
-9.33702e-05
-4.41138e-06
-0.00020279
1.91318e-05
-0.000154426
0.00020327
-0.000437948
0.00169132
-0.000560726
0.00166983
-0.000658828
0.00124832
-0.000114976
0.000658836
-2.00946e-16
3.20142e-06
-2.72421e-16
1.6371e-16
2.79163e-11
-9.90909e-14
-6.4764e-07
-1.84787e-08
7.33436e-08
-3.933e-06
7.83481e-06
-1.52004e-05
-0.000202055
-0.000101853
-8.46188e-05
0.000117239
-0.00028027
0.00175951
-0.000393368
0.00178243
-0.000499703
0.00135512
-5.36774e-05
0.000620714
-4.35492e-11
2.39292e-06
-4.35535e-11
4.7889e-15
1.56653e-11
8.89903e-12
-1.8463e-08
-1.15274e-16
8.23359e-07
-5.38027e-06
5.65003e-06
-0.00019663
-0.00033116
-0.000152658
-3.27484e-05
1.95303e-05
-0.000194301
0.00157289
-0.000274222
0.00186237
-0.000326978
0.00140705
-2.77733e-06
0.000166682
-1.88011e-07
1.38486e-07
-8.89013e-12
9.14362e-08
-1.79125e-16
4.15084e-16
-1.72004e-16
-9.50294e-17
4.40685e-06
-1.19237e-06
-9.36537e-05
-0.000191127
-0.000759163
-6.08109e-05
1.17012e-05
7.82913e-06
-1.91875e-06
0.000333468
-0.000195578
0.00205552
-0.00011429
0.000978472
-2.18299e-05
4.67381e-05
-1.0326e-07
1.19386e-05
-1.48156e-08
7.42792e-10
-1.42881e-16
3.27122e-09
-1.03836e-16
-1.06608e-16
-1.19237e-06
-1.78075e-16
-3.99701e-05
-1.74361e-16
0.000105409
-0.000357541
-6.95853e-07
2.10514e-07
-5.88464e-07
1.69743e-07
-5.18869e-07
1.67785e-07
-4.54683e-07
-4.60571e-09
-4.03901e-07
-8.15763e-09
-3.45416e-07
-5.82702e-08
-3.31359e-07
-1.38225e-08
-2.57226e-05
7.31447e-07
-4.0613e-05
-6.87286e-08
-3.11881e-05
-2.34034e-07
-1.45387e-05
-6.28317e-08
-4.46915e-08
-0.000118488
-4.13782e-05
-2.80869e-05
-9.33039e-05
-8.5695e-06
-1.20169e-05
-4.0358e-07
-5.94821e-06
-3.85061e-07
-2.64366e-08
-3.16337e-07
-1.26732e-07
-3.01143e-07
-2.86227e-08
-2.50944e-07
6.8182e-07
-2.1775e-07
-9.64395e-08
-1.6818e-07
-2.89087e-07
-8.61989e-08
-1.3933e-07
-1.3089e-07
-0.000802158
-0.000160526
-0.00061944
-0.000270283
-0.000256555
-0.000218333
-1.51467e-05
-0.000111445
-1.24596e-05
-2.71329e-06
-1.1593e-05
-2.02669e-05
-7.26641e-05
-2.02986e-05
-1.61271e-05
-0.00013205
-2.7731e-07
-1.59456e-05
-7.67149e-08
-1.43767e-06
-6.24946e-08
-1.55114e-07
-1.87326e-07
-0.000805679
-0.000211014
-0.000722034
-0.000354778
-0.000510229
-0.000304595
-9.54973e-05
-0.000112995
1.42477e-07
-5.45186e-06
-3.28014e-05
-3.77904e-05
-0.000125272
-1.99397e-05
-3.32532e-05
-0.000169046
-2.31385e-05
-8.30374e-05
-1.4623e-06
-3.40788e-05
-2.63962e-08
-1.58438e-06
-2.13723e-07
-0.000600428
-0.000213324
-0.000514657
-0.000440247
-0.000275877
-0.00039661
-3.35324e-05
-0.000112076
-9.95043e-06
-1.24961e-07
-6.43508e-05
-2.73973e-05
-4.60858e-05
-2.17078e-05
-4.2911e-05
-8.4373e-05
-1.74138e-06
-7.16893e-05
-7.20716e-07
-4.17879e-05
-1.03489e-08
-6.90688e-06
-2.35004e-07
-0.000643486
-4.1e-05
-0.000511394
-0.000499197
-0.000204178
-0.000188826
-3.10265e-06
-7.84637e-05
-3.22761e-06
-1.3329e-16
-3.60223e-05
-1.10575e-06
-1.04297e-06
-5.60884e-07
3.50534e-07
-4.00358e-08
5.35508e-06
-7.18095e-17
1.7214e-06
-4.90125e-17
-1.04847e-07
-7.89285e-06
-2.73167e-06
-0.000405128
0.000386424
-0.000175219
-0.000432723
-5.06934e-05
-6.34065e-05
-7.35365e-06
1.07833e-06
-7.93469e-18
-7.35365e-06
3.18817e-18
-1.10575e-06
1.53194e-17
-5.60884e-07
2.45841e-17
-4.00358e-08
2.38013e-17
-7.26196e-17
2.42403e-17
-4.78587e-17
2.30219e-06
-3.31508e-06
-1.90379e-06
-0.000109652
0.000515253
-3.1209e-05
-0.000444961
-1.47303e-06
-0.000216012
1.40931e-05
-0.000150766
3.7739e-05
-0.000292876
1.15982e-06
-0.000131239
-8.55791e-08
-1.55243e-05
-4.5506e-09
-2.45959e-08
8.59626e-17
-4.66858e-09
2.00041e-09
-2.00041e-09
1.32676e-06
-7.10582e-10
-5.77031e-07
0.000130067
0.000282976
0.00011329
-0.000547065
0.000116301
-0.00050145
0.000256128
-0.000558725
0.000277028
-0.000519999
0.000192803
-0.000477687
1.76104e-08
-0.000236847
-6.9855e-09
-5.12408e-16
1.28201e-08
-5.42962e-09
3.22351e-09
-6.50792e-09
2.51292e-09
4.17196e-17
1.75305e-07
0.000205713
-9.90663e-05
0.000247829
-0.00050441
0.000351285
-0.000601536
0.000480225
-0.000691035
0.000576341
-0.000612746
0.000534558
-0.000346051
1.53686e-05
-8.99311e-05
-8.76912e-09
-3.53718e-07
3.89629e-08
-1.37669e-09
1.19201e-07
1.85417e-08
1.19313e-07
-1.11991e-10
6.15944e-07
0.000117741
-0.000415222
0.000277391
-0.000767751
0.000479441
-0.000807148
0.000477148
-0.000574542
0.000135191
-8.42731e-05
1.3536e-05
-9.99652e-11
4.84035e-06
-3.06089e-11
-4.39951e-08
-1.17034e-16
-4.53718e-08
-6.26035e-18
3.74702e-08
7.00294e-09
5.50599e-09
1.01182e-08
6.2145e-07
0.000285735
-0.000656264
0.000449272
-0.000935042
0.000428677
-0.000716853
8.42731e-05
-6.36452e-05
3.61001e-16
-5.28112e-16
2.93419e-16
-9.99652e-11
2.9319e-16
-3.06089e-11
2.63642e-16
-8.87715e-17
2.34091e-16
2.45768e-17
6.06775e-08
-3.25447e-10
7.07957e-08
2.16264e-16
9.8131e-06
1.63492e-07
-1.32684e-07
2.26499e-07
-1.14226e-07
3.55779e-07
-1.98379e-07
2.55902e-07
9.98769e-08
1.83296e-07
7.26056e-08
1.86606e-07
2.0503e-07
-2.72913e-06
4.02527e-06
-1.44809e-15
5.32519e-06
-1.81788e-15
3.69796e-16
-2.25687e-15
4.38987e-16
-2.43403e-15
1.77158e-16
3.10204e-16
-2.74423e-15
3.36975e-08
-9.65001e-08
2.03961e-07
-6.78802e-08
1.8092e-06
5.69473e-07
-8.97114e-05
5.52617e-05
-0.000150945
0.000138197
-8.05292e-06
5.70682e-05
-4.02765e-06
1.0917e-15
3.75624e-07
2.36741e-07
-1.30163e-05
6.04537e-06
-0.000215129
8.86988e-05
-0.00030262
6.07492e-05
5.93606e-06
-0.000259616
1.77324e-08
-3.56016e-08
1.33754e-06
2.08813e-08
-5.34706e-05
7.57457e-07
-0.000293493
0.00013077
-0.000207209
0.000209815
-3.48979e-15
0.00013729
-2.67484e-15
1.16378e-15
2.36741e-07
7.82976e-16
-0.000574831
5.81997e-05
-0.000887121
0.000171218
-0.000946974
0.000121127
-3.19518e-05
-0.000915223
-3.21148e-08
-6.60569e-17
3.26828e-08
2.30437e-15
7.9014e-07
2.50306e-15
-9.34123e-05
6.58296e-05
-0.000278428
0.000234578
-4.07532e-15
0.000117123
-4.5128e-15
1.13911e-15
-4.34566e-15
6.78383e-16
-0.000379215
1.22353e-05
-0.000918613
6.66832e-05
-0.00085758
5.33728e-05
-0.000116862
-0.000774534
-1.09237e-15
1.02631e-15
-7.57574e-16
1.92634e-15
-2.66398e-05
2.66398e-05
-0.00023182
0.000232491
-0.000325266
0.000306574
-2.16858e-15
0.000182713
-1.66863e-15
1.14148e-15
-1.65209e-15
6.05772e-16
-1.40758e-05
2.63111e-05
-0.000118772
2.0094e-06
-0.000471947
-1.19087e-05
-0.000148407
-0.000442005
3.99036e-09
4.2804e-08
-1.4314e-05
1.4318e-05
-0.000351589
0.000553209
-0.000601952
0.000854024
-0.000434171
0.000487054
-0.000213185
0.000153725
-0.000198879
9.22236e-05
-0.000626391
0.000200715
-0.000734098
0.000103388
-0.000601197
-8.27526e-05
-0.000461117
-9.43833e-05
-0.000117579
-0.000270166
4.2804e-08
1.99399e-15
-0.000226714
0.000292656
-0.000639565
0.00117954
-0.000689673
0.000902467
-0.000196261
0.00034503
-8.66515e-05
3.05672e-05
-0.000646065
0.000186933
-0.000729109
0.000253428
-0.000676294
8.09027e-05
-0.000444007
-8.21414e-05
-0.000190627
-9.73112e-05
-0.000210413
-0.000141375
2.25544e-09
-2.25544e-09
-0.000349678
0.000607122
-0.000555475
0.00138359
-0.000655974
0.00101174
-0.000175509
0.000391621
-0.000115953
4.81308e-05
-0.000908345
0.000114833
-0.000928836
0.000306342
-0.000576953
1.5184e-05
-0.000421769
-0.000271279
-0.000197363
-0.000375826
-0.00054639
-0.000118628
-1.9199e-06
1.19154e-07
-0.000373541
0.000884852
-0.000510759
0.00152037
-0.000604271
0.00110338
-0.00022046
0.000659732
-0.000101459
5.47672e-05
-0.000221625
1.39305e-05
-0.000240463
6.08055e-06
-0.000540307
-4.67185e-05
-0.000475459
-0.000367702
-0.000317159
-0.00052213
-0.000682081
-0.000193463
-9.62996e-06
1.5429e-06
-0.000223325
0.00102528
-0.000341761
0.00163869
-0.00046082
0.00122179
-0.000262415
0.00102435
-2.18557e-05
6.67656e-05
-7.92524e-06
3.03863e-16
-0.00027463
-2.32049e-06
-0.000283835
-3.87212e-05
-0.000197344
-4.24111e-07
-0.000206155
-2.44301e-05
-0.00061791
-9.84355e-05
-1.77903e-06
7.3049e-07
-0.000177364
0.000971283
-0.000295947
0.00175659
-0.000411363
0.00133758
-0.000250772
0.0011
-9.83704e-06
0.000160688
-9.83704e-06
2.79881e-16
-7.25265e-06
-5.00283e-07
-1.28125e-08
-1.2874e-07
-3.80598e-10
-4.36564e-07
-2.11276e-05
-3.30284e-06
-5.85712e-07
3.48512e-05
7.3049e-07
1.72185e-15
6.46491e-06
0.000565685
-9.80005e-05
0.00186145
-0.00017789
0.00141571
-0.000198547
0.00112249
-1.44473e-07
0.000147883
-1.44473e-07
2.25561e-16
-7.3716e-10
-9.46121e-09
-1.29114e-07
-3.84873e-10
-3.96885e-07
-1.32745e-06
3.61627e-07
-7.99811e-06
1.06015e-07
-2.16861e-06
-2.8623e-15
1.1767e-16
-2.85098e-15
-1.93276e-17
-2.75519e-15
-1.07192e-16
-2.52497e-15
-2.52433e-16
-2.27356e-15
-2.5677e-16
-1.10997e-08
1.10997e-08
-8.01353e-07
1.571e-07
-3.23661e-06
-4.6221e-07
-2.94022e-06
-9.02208e-17
-6.61436e-07
-2.39417e-16
-1.53365e-07
-6.18737e-08
-2.04733e-10
-0.000228731
-3.52648e-05
-0.000182624
-0.000108684
-0.000180838
-7.77222e-05
-0.00010279
-0.000150272
-3.30045e-05
-8.16871e-05
-4.62078e-06
-3.32074e-05
-1.76284e-06
-3.9487e-06
-4.23519e-16
3.29769e-07
-2.20276e-16
-2.98048e-16
-2.41913e-16
-2.13196e-16
-1.11106e-16
-6.18737e-08
-2.04733e-10
-0.000874285
-7.56753e-05
-0.000746708
-0.000248018
-0.000705789
-0.000188796
-0.000657601
-0.000290563
-0.000458204
-0.000292538
-0.000167279
-0.000260883
-1.95387e-05
-9.02404e-05
-5.29439e-07
-1.05995e-05
-3.15255e-16
-5.29439e-07
-2.15581e-08
2.15581e-08
-9.72611e-10
-1.90344e-07
-1.92606e-08
-0.000714472
-0.000142458
-0.000636638
-0.000325274
-0.00061169
-0.000222432
-0.000587637
-0.000315682
-0.000491115
-0.000389198
-0.000236353
-0.000232482
-0.000104051
-3.1466e-05
-2.87137e-05
-5.27225e-05
-7.18597e-06
-7.75496e-05
-1.69319e-06
-1.75576e-05
-2.74812e-07
-1.29238e-06
-6.64346e-07
-0.00044199
-0.0001445
-0.000249368
-0.000450628
-0.000208276
-0.00026484
-0.000249491
-0.000274617
-0.000211355
-0.000384172
-2.40583e-05
-0.000127484
-2.3065e-05
-8.21667e-07
-1.38085e-05
-3.33796e-15
-5.36207e-07
-7.51102e-05
4.32235e-08
-6.19665e-05
-4.99401e-07
-3.4111e-06
-4.93791e-07
-0.000150791
-0.000100567
-0.000135111
-0.000310122
-1.09283e-05
-0.000275922
8.51462e-06
-0.000294013
1.19433e-05
-0.000362667
8.21667e-07
-6.3375e-05
-9.06493e-19
-2.37433e-16
5.38226e-16
-8.69062e-17
1.63005e-05
-1.18573e-13
-9.70018e-08
-6.38101e-05
-5.21745e-08
-1.27432e-05
-5.45966e-07
-5.68103e-05
-9.37563e-05
-5.28616e-05
-0.000239092
-3.04027e-05
-0.00035332
7.02828e-05
-0.000247237
3.60178e-05
-0.000118857
-2.18805e-15
-9.83784e-06
1.00601e-16
-2.27488e-16
3.09199e-17
-1.67968e-12
1.19791e-14
-1.31451e-13
1.20452e-05
-1.00297e-13
5.94459e-07
-8.0113e-06
-1.28695e-06
-0.000155323
-0.000240499
-6.54905e-05
-0.000687599
1.48129e-06
-0.000582993
7.57889e-06
-0.000376265
1.93295e-06
-0.000137599
-1.88035e-12
-5.34855e-06
-1.88042e-12
-2.30064e-16
2.68821e-12
-5.13996e-12
1.07219e-13
-2.14869e-12
6.9384e-15
-1.69435e-17
1.96114e-06
-9.75756e-07
-6.48982e-07
-6.65142e-05
-0.000501451
4.03769e-05
-0.00079448
0.000126217
-0.000668982
0.000116056
-0.000635076
6.90621e-06
-0.000314524
-3.57105e-12
-4.38802e-05
-3.57061e-12
-1.34542e-16
6.32409e-12
2.17346e-12
5.71718e-12
-7.11094e-17
5.71717e-12
-6.42117e-18
1.14572e-07
2.39532e-08
-1.37177e-07
7.5795e-05
-0.000675522
0.000184724
-0.00088515
0.000182427
-0.000301126
0.000155848
-1.75556e-05
9.12998e-05
-2.18553e-08
-2.44009e-06
-2.95861e-05
1.36458e-16
-2.44009e-06
1.11647e-16
2.17349e-12
5.66557e-17
-1.61804e-17
4.46417e-17
5.62934e-18
2.39532e-08
2.85678e-17
4.97044e-08
0.000148317
-0.000449577
3.06177e-05
-3.2233e-05
1.72662e-05
-7.63524e-06
9.0008e-17
-2.89414e-07
1.07097e-09
-2.29262e-08
1.03822e-05
-1.14145e-08
-7.23922e-07
-7.7829e-07
-1.00194e-08
-6.01311e-07
1.12171e-16
-1.00194e-08
5.19562e-17
6.57853e-17
1.59589e-16
4.61832e-17
2.19811e-07
3.2233e-05
-3.57453e-05
7.59524e-17
-6.22948e-16
5.0198e-08
-7.68544e-06
2.06694e-07
-2.11366e-06
1.17416e-08
-9.47364e-09
3.26838e-10
-3.37337e-14
2.99032e-07
-1.01085e-14
1.56829e-06
-3.92762e-07
4.76895e-07
3.49483e-08
9.5376e-09
2.17997e-07
9.14093e-09
3.96674e-10
5.32667e-07
1.49129e-16
-1.70744e-16
2.42939e-16
-9.49262e-17
5.76818e-11
-5.76816e-11
1.61901e-06
2.98314e-07
7.2972e-09
2.77011e-07
-1.46635e-05
1.53769e-06
-6.54295e-05
1.18691e-05
-8.83212e-05
2.28917e-05
-9.74048e-05
9.08358e-06
-4.06197e-08
6.25732e-06
2.17923e-12
-4.06218e-08
-5.56325e-14
-6.75125e-16
-1.52422e-10
-6.16725e-08
-4.17488e-09
4.76649e-10
-2.21636e-07
8.04196e-08
-5.48874e-08
1.58972e-07
5.61607e-07
-1.02389e-08
-8.89022e-06
1.49419e-06
-8.70493e-06
2.78352e-06
-5.97924e-06
1.18029e-05
-8.98233e-05
1.36193e-05
-8.0969e-05
1.47701e-05
-3.62654e-05
3.47787e-07
4.23518e-08
-6.33994e-16
-1.85585e-07
-7.73378e-17
-1.52354e-16
6.86385e-07
-2.1747e-16
8.04128e-08
-6.50599e-09
1.65478e-07
-1.98418e-07
4.62671e-09
-6.00218e-08
5.35625e-08
-4.59042e-05
4.7621e-05
-0.000116237
0.000149679
-4.68832e-05
8.89055e-05
-1.30845e-05
3.59494e-05
-3.15069e-07
-2.37609e-06
-2.72717e-07
-6.62037e-16
-1.56565e-16
7.92268e-17
-2.40336e-05
2.472e-05
-4.50675e-05
0.000344459
-6.72989e-11
0.000294723
-4.69758e-16
4.55941e-09
-0.000111669
0.000111722
-0.000737556
0.000354778
-0.00105847
0.000389622
-0.00109817
0.000207749
-0.000818536
0.000193997
-0.000471047
-4.7302e-05
-0.000121396
-0.000405298
-2.75218e-06
9.89913e-07
-0.000417607
0.000533983
-0.000591011
0.00100749
-0.000457747
0.00084657
-0.000396178
0.000748241
-0.000590927
0.000640516
-0.000738261
0.000420883
-0.000771955
0.000423378
-0.000756419
0.000192134
-0.000755207
0.000192827
-0.000739219
-6.33589e-05
-0.000125928
-0.000734667
-3.17512e-05
4.1981e-05
-0.000391291
0.000933629
-0.000617199
0.00123313
-0.000590751
0.000820181
-0.000607913
0.000800943
-0.000518271
0.000579072
-0.000541952
0.00037501
-0.000698069
0.000454397
-0.000707994
0.000202105
-0.000805529
0.000290304
-0.000875159
6.27142e-06
-0.000234918
-0.000766219
-0.000162436
0.000237909
-0.000501987
0.00130405
-0.000525747
0.00125688
-0.000439659
0.000733859
-0.000400038
0.000760167
-0.000288298
0.000456143
-0.000323223
0.000369574
-0.000278979
0.00033439
-0.00021958
8.0494e-05
-6.01924e-05
0.000105325
-0.000166257
0.000104097
4.3801e-05
-0.000453153
-0.000140367
0.000385814
-0.000247777
0.00141145
-0.000238696
0.00124746
-0.000274538
0.000769729
-0.000358391
0.000898949
-0.000459933
0.000552609
-0.000465695
0.000436337
-0.000415343
0.000293082
-0.000364621
3.7435e-05
-0.000156326
-9.46627e-05
-0.000117258
6.16739e-05
0.000139693
-0.000169508
-0.000158567
0.000426086
-0.000322308
0.00157464
-0.000431481
0.00135666
-0.000499048
0.000837029
-0.000568228
0.000920068
-0.000615777
0.000690995
-0.000538059
0.000451744
-0.000345558
0.000163496
-0.00028067
5.0642e-06
-0.000369652
-6.45402e-05
-0.000260682
-9.05324e-05
-5.22096e-05
-3.46332e-05
-8.44585e-05
0.000502886
-0.000183822
0.00167424
-0.000101082
0.0010211
-0.000222261
3.26536e-05
-0.000541552
0.000897124
-0.000516686
0.000764899
-0.000218904
0.000239523
-8.90737e-06
1.29576e-05
-3.84317e-06
4.39444e-17
-0.000192528
-1.83882e-05
-0.000254134
-0.00023432
-0.000480227
7.98299e-05
-5.9257e-05
0.00098074
-0.000198076
0.00181248
-0.000130936
0.000995339
-0.000250016
4.15374e-05
-0.000574996
0.000517957
-0.00037268
0.00061295
-1.29576e-05
3.06964e-05
-9.89537e-16
3.65123e-16
-9.18197e-16
-6.46782e-17
-5.41532e-05
-5.2293e-05
-7.84943e-05
-0.000381227
-0.000621741
0.000151792
6.06912e-05
0.000898101
-4.61811e-05
0.00191979
-4.28405e-05
0.00123407
-5.82339e-05
0.000128244
-0.00023057
1.37295e-05
-3.07008e-05
4.86351e-05
-9.09743e-16
-4.389e-09
-9.18205e-16
3.30362e-16
-1.76979e-06
-1.65583e-06
-7.37501e-05
-4.49242e-05
-6.6553e-06
-3.39924e-05
0.000143991
-7.25639e-05
-7.22051e-16
-6.05316e-17
-7.78625e-16
-2.65628e-17
-8.27063e-07
-1.09042e-07
-2.27413e-06
-4.99953e-07
-1.09844e-06
-1.70449e-06
-4.95751e-07
-1.88701e-07
-6.10587e-08
-4.34692e-07
-2.45518e-08
-3.72696e-09
-1.49891e-06
-1.10915e-07
-9.19191e-07
-7.08189e-07
-5.04367e-07
-4.14825e-07
-5.04367e-07
-6.80734e-16
-8.9257e-17
-1.02429e-15
-8.73337e-17
-2.70208e-06
7.21148e-08
-7.00983e-06
-8.95726e-07
-6.69099e-06
-1.90392e-06
-5.48344e-06
-1.51566e-06
-1.74193e-08
-4.66472e-10
-8.70743e-09
-4.52644e-09
-9.65547e-08
-1.35306e-08
-2.74242e-08
-8.29073e-07
-4.89814e-07
-5.61921e-07
-1.54136e-06
-7.49249e-16
-3.25396e-16
-7.21129e-16
7.07611e-16
-3.65319e-07
4.37433e-07
-2.32266e-06
-1.01955e-08
-3.79473e-06
-6.23433e-17
-3.06858e-09
-1.87486e-10
-5.71125e-09
-1.72683e-10
2.75205e-09
-4.33244e-09
-8.42925e-08
-1.63241e-08
-7.90723e-07
-6.85453e-07
-2.72505e-07
-4.01131e-07
-1.06685e-07
-0.000225171
-0.000350719
-6.75121e-05
-0.000199546
-5.16781e-07
-7.10674e-05
-9.50901e-17
-5.26977e-07
-7.86453e-17
-7.90385e-17
-1.87486e-10
-1.09752e-16
-5.93765e-11
-2.75282e-09
2.65561e-09
-1.87531e-08
-9.86643e-09
-4.96284e-09
-2.07977e-07
-1.31743e-09
-2.02727e-08
-3.92167e-17
-6.23692e-08
-0.000671278
-0.00041418
-0.00053486
-0.000403591
-5.78674e-05
-0.000425415
-1.24138e-16
-4.55218e-05
-5.47887e-17
-1.46002e-16
-3.26628e-17
-1.39748e-16
-1.23509e-09
-8.83078e-17
9.67937e-10
-1.46375e-09
-1.39214e-13
-3.99878e-09
-2.90267e-18
-1.31757e-09
3.84588e-18
-5.55226e-17
3.26957e-09
-0.000572551
-0.000607815
-0.00048899
-0.000487412
-0.000237335
-0.000447773
-1.59578e-05
-0.00027992
-1.43805e-17
-2.56929e-05
2.74606e-17
-2.50197e-16
3.14505e-17
-1.34502e-16
1.11476e-09
-2.71132e-09
7.6216e-10
-6.85986e-10
6.20567e-10
4.74122e-11
6.20567e-10
-3.46268e-17
-4.74177e-09
-0.000391511
-0.000587614
-0.000183971
-0.000537905
-0.000154095
-0.000583221
-3.52948e-06
-0.000761827
1.13818e-05
-0.000676119
-4.22198e-10
-0.000118371
-4.22198e-10
-1.5372e-16
5.91539e-10
-1.05623e-09
1.13092e-16
-9.44475e-11
7.23479e-17
4.74122e-11
4.22933e-17
-1.60283e-17
5.90401e-08
-0.000108455
-0.000416612
-4.61789e-05
-0.000399057
2.86863e-06
-0.000742876
0.00014716
-0.00108143
0.000172055
-0.00102306
-1.61684e-10
-0.000218898
-1.61684e-10
-1.59457e-16
1.72656e-09
-6.04085e-17
4.10973e-09
-1.99347e-09
1.52444e-09
6.87334e-10
1.52444e-09
1.61655e-17
1.3087e-07
-9.96038e-07
-0.000455693
3.43047e-05
-0.000428914
0.000247051
-0.00108653
0.000343475
-0.00133086
0.000225521
-0.00057449
1.77403e-16
-4.83019e-05
1.14234e-16
-1.33649e-16
1.35513e-16
-5.8935e-17
1.94413e-08
-1.15778e-08
7.32741e-09
5.73096e-09
7.00233e-09
3.25083e-10
1.07464e-07
0.00014806
-0.000811275
0.000250432
-0.000765278
0.000417642
-0.00125399
0.000254082
-0.00101049
4.62175e-09
-5.73592e-05
-3.67601e-11
-5.8912e-12
1.38262e-16
-3.67604e-11
4.77261e-12
-4.77255e-12
5.59454e-08
-6.85318e-12
6.06385e-08
9.40925e-08
1.3784e-08
9.57307e-08
-4.70942e-09
0.000221011
-0.00088028
0.000393984
-0.000938546
0.000533548
-0.00139329
5.73592e-05
-0.000627419
4.40251e-16
-9.03094e-16
6.49093e-16
-5.89153e-12
2.92543e-11
-3.81084e-11
1.34044e-11
-3.81435e-12
8.71756e-09
-8.72847e-09
2.81078e-07
3.4654e-07
8.80015e-09
3.50194e-07
4.09073e-09
0.000370757
-0.000741418
0.000553091
-0.00112065
0.000514396
-0.00129787
-1.64369e-12
-0.000104848
-1.64368e-12
-1.02583e-15
4.73014e-12
1.88072e-12
7.24262e-11
-2.79272e-11
6.52309e-11
-1.50278e-11
4.02467e-07
-3.12261e-14
4.62577e-07
1.52527e-07
2.02923e-07
7.45134e-07
1.74945e-07
1.93737e-06
-1.93737e-06
2.27697e-06
5.53677e-08
1.80589e-06
4.73698e-07
1.29583e-06
5.10052e-07
4.82036e-07
8.13798e-07
-2.52705e-06
3.00908e-06
-4.34113e-06
1.8167e-06
-1.13817e-05
7.04058e-06
-3.77971e-05
1.17606e-05
-0.000107452
8.26245e-06
-0.000107699
-8.76584e-06
-1.19543e-05
-4.19451e-05
3.81908e-07
-1.97339e-06
-6.02888e-06
1.84155e-06
-2.61802e-06
7.18811e-05
-4.43833e-06
2.33117e-06
-7.05522e-05
4.97819e-05
-0.000396638
0.000348397
-0.000354059
0.000331673
-0.000194216
0.000147914
-0.000491858
4.88498e-05
-0.00106774
-1.45551e-05
-0.000978314
-6.68393e-05
-3.59902e-05
-6.71782e-06
-2.99535e-06
-2.91742e-07
-2.12862e-05
2.37777e-05
-9.73292e-06
6.33124e-05
-1.32311e-05
0.000141945
-0.000843168
0.00052001
-0.00118138
0.000568661
-0.00110435
0.000293135
-0.00106624
0.000186753
-0.00105151
4.93757e-05
-0.00100338
-3.25575e-05
-0.000789611
-3.3504e-05
-1.66003e-06
-3.18899e-05
-1.37523e-06
1.08349e-06
9.89967e-06
5.6365e-06
-4.78088e-06
7.68501e-05
-0.000610937
0.000485476
-0.00114835
0.000794224
-0.00113783
0.00054907
-0.00110091
0.000259458
-0.00108017
0.000133238
-0.00102281
2.4789e-05
-0.000464766
-2.33969e-05
-1.04165e-05
-5.58277e-07
-8.58508e-07
-1.13006e-05
-1.28397e-06
3.18982e-06
5.15022e-07
3.93646e-06
-9.75306e-05
5.20453e-06
-0.000808146
0.000519323
-0.000881203
0.000853616
-0.000856916
0.000525026
-0.000833133
0.000215393
-0.000760101
6.18351e-05
-0.000766888
-4.8379e-06
-7.89502e-05
-1.73949e-05
-9.80872e-06
1.46736e-06
-3.0431e-06
-3.59423e-05
-7.75846e-07
4.00431e-06
-1.85804e-06
5.00279e-06
-2.38261e-05
5.03646e-06
-0.00104912
0.000314416
-0.00112141
0.000926184
-0.00107603
0.000478949
-0.00102302
0.000162695
-0.000944647
-4.18485e-05
-0.000740148
-0.00017001
-0.000301675
-8.17834e-05
-0.000154845
7.08512e-05
-2.52784e-05
-0.000494959
-1.28719e-06
5.28355e-06
-2.49119e-06
6.25469e-06
-3.54957e-06
6.05034e-06
-0.000443663
6.64337e-05
-0.000766954
0.000727024
-0.000760592
0.00047286
-0.000763324
0.000169434
-0.000654833
-3.22796e-05
-0.00059661
-0.000105953
-0.000369984
-0.000115445
-0.00022026
-2.76131e-06
-0.000111377
-0.00026161
-8.56953e-07
5.98554e-06
-1.5923e-06
6.93943e-06
-7.23437e-06
1.18464e-05
-0.000240473
0.000225173
-0.000720398
0.000822056
-0.000872092
0.000622286
-0.000247195
4.86954e-05
-7.81709e-05
-3.33666e-18
-0.000119994
-7.9122e-17
-0.000384117
-6.84572e-05
-0.000371692
-0.000186776
-0.000280654
-0.000202421
-9.71707e-07
6.95725e-06
-4.0352e-06
1.01622e-05
-0.000108408
0.000306358
-0.000539511
0.00129574
-0.000764104
0.00113954
-0.000174379
0.000392308
-1.17816e-17
2.03377e-06
-9.96319e-18
-5.7168e-18
-6.29494e-17
-2.5574e-17
-7.09755e-05
-7.68855e-17
-0.000228049
-0.000164104
-0.000464991
-4.37138e-05
-5.48055e-07
8.17262e-06
-9.11263e-05
0.000100589
-0.00027282
0.0016858
-0.000386712
0.00148098
-0.000566946
0.00134259
-2.03377e-06
0.000284856
-4.67793e-17
1.77905e-17
-4.49661e-17
-6.92292e-18
-2.06094e-17
-3.59072e-17
1.77824e-08
-1.77824e-08
-5.13108e-05
-2.40157e-18
-2.10737e-17
2.48275e-06
-2.87655e-05
0.00186319
-0.00018989
0.00184378
-0.000322371
0.00201763
-0.000440881
0.00159928
-0.000431673
0.0014095
-2.06648e-06
0.000181548
-2.06648e-06
1.99261e-17
-2.05313e-08
-1.17255e-06
-2.05313e-08
-3.80113e-17
-1.3654e-18
9.81028e-09
-5.63216e-19
-3.22248e-18
-2.17558e-17
3.21496e-19
6.03204e-05
0.00180287
-1.18934e-05
0.002467
-8.35812e-05
0.0020891
-0.000249325
0.00176523
-0.00030001
0.00162013
-3.26722e-05
0.000156136
-3.37371e-05
1.06492e-06
-3.24972e-08
-7.24133e-06
-4.71193e-17
-3.24972e-08
-8.33141e-19
9.81028e-09
-2.11593e-18
-6.48818e-17
1.81137e-18
-7.84227e-17
1.91098e-05
-9.37757e-07
-0.000342959
-3.57713e-06
-0.00028715
-5.5809e-05
-0.000241697
-4.54533e-05
-6.15239e-05
-4.02636e-05
-1.38115e-05
-4.77106e-05
-1.17476e-05
-2.06383e-06
-7.41303e-06
-4.3346e-06
-7.62338e-06
2.10355e-07
-4.24874e-06
-3.37283e-06
-2.06911e-07
-7.74891e-06
1.21036e-08
-1.92834e-05
-1.38738e-06
-7.77847e-05
-1.64218e-06
-0.000246847
-1.53393e-05
-0.000248209
-4.40914e-05
-0.000244172
-4.43006e-05
-0.000102562
-6.04299e-05
-2.03502e-05
-2.09628e-05
-1.04142e-05
-1.42706e-05
-1.5244e-06
-1.00795e-05
-6.60632e-06
-5.71771e-06
-3.46202e-06
-8.33495e-06
-5.47706e-06
-1.56697e-05
-1.5327e-06
-4.53034e-06
6.35443e-06
-2.60925e-06
1.14985e-05
-4.3853e-05
1.14926e-05
-4.19772e-05
-7.78695e-06
-5.27382e-05
1.20688e-06
-1.72379e-05
5.42298e-06
-1.39866e-05
-3.46426e-05
-6.90253e-06
-5.33356e-06
-8.355e-07
-2.30254e-06
-1.03124e-06
-5.01308e-06
-1.63949e-05
-5.8748e-05
-1.20029e-05
-0.000220317
-0.000251205
-0.000238586
-0.000485575
-0.000120207
-0.000540693
-6.14407e-05
-0.000265671
-2.06464e-05
-0.000190196
-1.62973e-05
-8.92249e-05
-1.37497e-06
-4.2465e-05
-3.85104e-08
-2.07288e-05
-2.43993e-08
-1.48966e-06
2.40241e-07
-9.91718e-07
-1.61547e-05
-0.000462106
-0.000199611
-0.000518034
-0.000507505
-0.000427295
-0.000578447
-0.000229272
-0.000738449
-0.000115361
-0.000623082
-1.76986e-05
-0.000649774
6.94143e-06
-0.000271628
1.53276e-06
-4.13574e-05
9.29796e-06
-2.44408e-05
3.541e-06
-1.16914e-05
2.24387e-07
-1.56448e-06
-6.70371e-06
-0.000601344
-0.000347394
-0.000384919
-0.000723933
-0.000164854
-0.000798512
-1.76795e-05
-0.000887922
0.000120534
-0.000761295
0.000216328
-0.000594733
5.55965e-05
-0.000356232
-1.5534e-06
-7.01901e-05
4.56e-06
-1.05096e-05
6.59539e-06
-1.02377e-05
-1.15087e-07
-1.57494e-06
-1.78184e-06
-0.000279178
-0.000419422
-0.000172289
-0.000830821
8.75868e-06
-0.000979617
0.000157902
-0.00103728
8.10426e-05
-0.000174758
9.27914e-05
-3.8157e-06
0.000154129
-0.0002046
7.9905e-07
-7.21696e-05
1.13053e-06
-6.47182e-06
5.31539e-06
-1.26848e-07
-1.30863e-07
1.36109e-06
-1.70436e-06
-9.34588e-05
-0.00052839
6.32743e-05
-0.000987619
0.000176866
-0.00109341
8.02163e-05
-0.000397348
4.03534e-06
-4.20235e-06
2.19649e-07
-1.53539e-16
6.86186e-05
-7.18504e-17
6.6217e-05
-4.00098e-05
-2.70297e-06
-2.24024e-06
4.40362e-07
1.14275e-07
4.71316e-06
4.14869e-07
4.96398e-06
7.12187e-05
-0.000643328
0.00017916
-0.000903135
0.000128341
-0.000335772
4.20235e-06
-1.20887e-05
1.1217e-16
-2.05222e-16
7.37201e-17
-1.50958e-16
7.15435e-17
-9.1841e-17
1.49587e-05
-6.36343e-17
1.6906e-05
-1.37941e-06
2.97651e-06
2.19803e-06
1.56469e-06
2.52932e-07
1.14274e-05
0.000147063
-0.0002709
3.473e-05
-1.11914e-05
1.20865e-05
-1.70347e-07
9.9682e-17
-2.17487e-09
1.30778e-16
-8.82006e-16
1.48428e-16
-2.23013e-16
1.71373e-16
-1.58694e-16
1.38518e-16
-6.51673e-17
4.3847e-06
7.59741e-08
5.8564e-06
4.87573e-08
3.92387e-06
5.50539e-07
1.53513e-05
1.11914e-05
-2.90962e-17
1.29016e-17
-2.31584e-16
7.2167e-12
-1.7035e-07
2.27488e-09
-9.68702e-11
2.66874e-09
-1.80769e-06
3.12762e-16
2.66874e-09
3.08381e-16
-2.38653e-16
2.62252e-16
-2.96267e-17
7.59741e-08
5.29965e-17
1.39053e-06
4.49278e-08
1.89898e-06
1.1792e-07
5.92256e-06
7.20996e-18
-8.53472e-17
-2.92703e-10
-1.77077e-07
1.6586e-07
-7.86144e-07
1.65853e-07
-6.53299e-13
2.978e-05
-1.92148e-05
6.98617e-05
-9.03457e-05
5.54811e-05
-8.86329e-05
7.09311e-08
-2.2264e-06
3.02274e-16
7.09311e-08
4.49278e-08
2.37974e-16
1.34571e-07
1.18803e-07
3.38843e-07
8.13773e-06
0.000356247
-4.22259e-07
7.18953e-06
4.94038e-06
-3.93336e-05
0.00131553
-4.41651e-06
0.000281098
-2.25628e-05
5.00832e-05
-5.54794e-10
6.84408e-05
-3.12836e-09
9.97214e-10
-5.59664e-10
7.77403e-10
-4.61839e-17
-5.59664e-10
-1.28202e-17
-1.78335e-16
1.00443e-17
-2.04201e-16
-1.08325e-09
7.23732e-05
0.000104333
0.000670338
-7.05238e-09
4.1423e-06
3.2824e-05
8.46042e-06
4.69602e-05
-8.50971e-06
0.000161582
-2.34528e-05
0.000509848
-1.28367e-09
4.60132e-05
-1.31759e-09
4.00259e-10
-3.63076e-09
5.12854e-09
-9.78673e-11
-3.29338e-08
-3.13791e-18
-9.78682e-11
1.9273e-17
-2.62301e-16
-1.82026e-09
7.37011e-10
0.000129834
0.00078404
-1.38999e-18
6.89074e-07
9.63923e-05
3.34189e-06
1.64034e-05
4.35895e-06
0.000795453
-1.85923e-05
0.000928846
-6.06312e-08
2.90589e-06
-6.07797e-08
1.20901e-09
-2.83114e-08
-2.84461e-09
-9.58044e-11
-3.28547e-08
1.19956e-09
-1.90006e-06
-2.18669e-12
1.20175e-09
1.65725e-08
4.16989e-10
8.93989e-05
-5.63579e-18
0.000130311
2.37328e-05
0.000866836
7.84757e-06
6.14328e-05
0.00012117
0.00194865
-9.74372e-09
0.00182447
-6.85145e-08
1.54699e-07
-1.97976e-08
4.25918e-08
6.07116e-08
-9.02924e-12
2.51192e-07
-1.07332e-08
4.52447e-06
-3.94797e-05
4.45264e-06
-0.000240262
1.20328e-07
-0.000163741
0.000382745
-0.000862419
0.000401123
-0.000852162
6.36452e-05
-8.59729e-05
5.50449e-16
-8.58004e-16
3.07199e-13
-3.07302e-13
1.18809e-10
-5.59758e-10
3.72144e-16
-6.16568e-12
3.99676e-16
-6.52978e-17
3.49346e-16
7.35936e-17
1.17058e-08
1.05463e-16
1.17058e-08
2.37347e-16
9.61514e-06
2.61722e-06
0.000176429
-4.16989e-10
8.59729e-05
-2.104e-16
1.29067e-16
-1.11391e-16
5.69926e-11
-3.54946e-08
3.36972e-09
-1.37202e-08
6.16568e-12
3.60443e-10
6.53686e-16
-3.7755e-16
5.11366e-16
-2.30508e-17
4.4241e-16
1.49055e-16
2.70085e-16
2.90301e-16
2.32142e-16
2.75178e-16
8.39657e-06
2.55579e-06
3.9472e-17
-1.00871e-16
5.62886e-17
-2.01362e-16
1.53892e-16
-2.34849e-16
3.53253e-08
-5.42017e-08
6.89217e-09
-4.4387e-10
7.93716e-16
7.25261e-09
5.76655e-09
-5.76655e-09
7.10663e-07
-6.03825e-07
2.53273e-16
7.10663e-07
2.04467e-16
3.38989e-16
1.62304e-16
3.1746e-16
1.14865e-07
1.2717e-06
5.03568e-17
-1.12858e-16
1.01988e-16
-2.05614e-16
-5.77928e-10
5.77928e-10
6.90608e-08
-3.45788e-17
6.86169e-08
-2.98718e-17
2.53457e-05
-2.49546e-05
8.34904e-05
-5.93092e-05
7.93185e-05
6.36219e-06
1.59476e-05
7.26796e-05
3.30663e-16
1.94177e-05
2.14706e-16
4.3331e-16
2.25399e-16
7.76101e-16
2.63919e-06
-2.19705e-08
1.34002e-05
5.82094e-05
-4.57959e-05
0.00191879
-0.000129715
0.00150148
-4.37825e-05
0.00038237
-5.56155e-17
8.2241e-06
2.05062e-17
1.49451e-16
1.0742e-10
-9.56863e-09
2.15792e-08
-2.20725e-09
1.52909e-07
-1.62626e-06
6.57209e-07
-4.34444e-06
-9.47071e-07
8.27575e-08
5.94157e-07
2.29173e-06
3.8897e-05
-1.03374e-07
0.000106601
0.000450324
5.1533e-05
0.000172318
-1.56723e-06
-1.80716e-08
-2.96274e-17
3.39997e-09
4.0389e-17
7.94344e-17
2.00142e-07
-7.36543e-10
1.27473e-07
1.17956e-08
5.70577e-07
-1.0225e-06
1.59759e-06
1.75532e-06
-8.51238e-07
1.4844e-06
2.90376e-07
1.63741e-06
-2.44568e-08
2.89868e-15
3.3444e-06
2.72072e-10
1.80716e-08
-2.03294e-08
5.51318e-18
4.50328e-16
3.39996e-09
3.33122e-16
7.91263e-08
1.64251e-06
-1.01839e-07
2.34315e-07
7.71177e-08
-4.3714e-07
2.82208e-07
-1.20943e-06
4.82327e-07
1.53705e-06
-5.66631e-05
5.63123e-05
1.74512e-16
1.63741e-06
1.69267e-15
8.19188e-16
2.72136e-10
8.83358e-15
2.52312e-10
-6.28876e-10
-2.18906e-17
2.52314e-10
6.9314e-17
2.41778e-16
7.38358e-06
-5.58457e-06
1.06412e-06
2.79477e-06
2.70042e-06
-3.87001e-07
8.63581e-06
-3.07553e-05
0.000118486
-0.000877433
0.000202636
-0.000721537
8.8588e-17
-3.56626e-05
5.10421e-08
-3.88626e-06
7.62942e-06
-5.17731e-05
9.47117e-09
-8.15992e-07
-1.11399e-14
-2.80146e-12
6.67555e-14
-5.09328e-13
5.68238e-14
-1.6939e-16
1.51315e-06
-5.78175e-17
2.5596e-06
3.22407e-07
2.9612e-07
8.21448e-07
9.43317e-09
1.04897e-07
2.44109e-16
5.421e-07
9.4391e-05
-0.000432901
0.000105311
-0.000474272
8.15991e-07
-6.40038e-05
-1.13816e-12
-2.96843e-16
2.78467e-12
-2.75311e-12
1.25484e-13
2.81002e-13
2.28151e-16
-1.73589e-16
2.75096e-16
-6.6637e-17
2.64892e-06
1.91259e-07
2.57445e-06
1.69172e-06
4.25942e-07
6.93281e-07
2.53371e-16
4.25942e-07
0.000305053
-0.000638698
0.00013284
-0.000544367
-1.0996e-12
-6.04633e-06
-1.09977e-12
-2.12861e-16
2.43129e-12
-1.11577e-16
3.31215e-16
2.71195e-12
3.04881e-16
-1.45374e-16
2.09826e-08
-2.09826e-08
1.66122e-06
-1.74714e-08
1.35682e-06
3.70437e-07
-8.35373e-11
4.7499e-07
-8.35371e-11
8.9263e-17
0.000339699
-0.000773874
5.88996e-06
-7.73877e-09
1.57608e-16
-1.56372e-07
1.24273e-16
-3.11667e-16
8.78898e-17
-1.78065e-16
3.19403e-08
-3.00298e-08
2.33258e-07
-5.65401e-07
1.7666e-07
-1.76973e-07
3.29675e-07
8.295e-09
3.33384e-07
-3.36724e-08
1.20526e-07
4.51871e-08
1.01622e-08
2.47193e-08
0.0001511
0.000231561
-1.47404e-05
0.00202487
-0.000106225
0.00158948
-1.54518e-05
9.22275e-05
-1.72231e-06
1.55665e-15
-2.11733e-08
-3.97475e-08
1.3457e-08
4.20937e-08
7.26465e-10
1.27306e-08
-6.2664e-06
-1.90002e-06
-1.04178e-06
-4.94093e-06
6.90037e-07
-7.37147e-05
-0.000264273
7.25676e-05
0.000127378
8.80157e-06
0.000217922
0.00189172
2.8468e-05
0.00182161
-2.36352e-16
0.000143086
-2.96818e-16
1.61715e-15
-3.97475e-08
7.84241e-16
-3.55094e-08
1.93202e-07
-3.70887e-07
1.94256e-08
-9.04529e-09
-5.36784e-07
1.86025e-06
-6.33118e-06
8.85127e-05
-0.000526502
-0.0015089
0.00042236
8.80157e-06
1.62749e-16
0.000255374
0.00180284
1.51391e-05
0.00206897
-1.31507e-16
9.9469e-05
-2.10227e-16
1.69584e-15
-4.89388e-08
4.89389e-08
-1.72432e-07
1.0974e-07
1.02599e-08
-6.0092e-08
2.96916e-07
-5.55016e-07
6.43995e-05
-0.000173887
0.000475303
-0.00151627
-0.00163926
0.000607366
1.412e-07
-1.31038e-07
0.000400037
0.00132355
0.000237066
0.0022245
-4.3783e-10
0.000269824
-4.3783e-10
2.15672e-15
-7.07909e-08
4.57389e-06
-3.54592e-08
1.33579e-06
2.40055e-07
-7.76784e-08
4.07884e-05
-4.08389e-05
0.000418118
-0.000640785
0.000759147
-0.00185557
0.000782268
-0.00166433
0.000402516
-0.000814048
0.000606692
-0.00132522
7.39713e-05
-0.000714577
-2.25311e-09
-5.1376e-06
6.54612e-16
-2.25311e-09
-4.82615e-13
2.36382e-12
3.57751e-11
1.34896e-11
6.74277e-11
6.5806e-12
6.73965e-11
2.6846e-17
4.89454e-07
6.80628e-08
6.31523e-07
4.60841e-07
1.15625e-07
9.88996e-07
0.000452104
-0.00126272
0.000566375
-0.00142532
5.1349e-06
-0.000234878
-2.69305e-09
-1.37956e-15
5.79642e-09
-3.96783e-08
1.43326e-08
-5.86291e-08
2.63586e-16
1.43461e-08
2.38262e-16
6.5806e-12
1.72019e-16
1.20105e-16
6.18632e-08
1.85905e-08
3.42353e-07
-3.28868e-08
4.3845e-08
9.96873e-07
0.000729265
-0.00138648
0.000294121
-0.00133452
-1.11202e-07
-6.80332e-05
-1.11202e-07
-1.41074e-15
3.60543e-07
-3.00727e-07
2.80906e-07
-2.52372e-08
2.55518e-06
-1.8863e-06
4.87176e-06
-2.9878e-06
1.52119e-06
2.0912e-06
8.71348e-09
1.53671e-06
1.82477e-08
3.04152e-08
6.33598e-08
2.57686e-08
0.000833351
-0.0014358
0.00011759
-0.000935322
-2.50666e-07
-4.99811e-10
-1.54556e-07
-9.61101e-08
4.72593e-07
-4.27476e-07
5.93845e-06
-5.56514e-06
2.60429e-05
-1.99312e-05
2.40304e-05
-5.24477e-07
1.78205e-05
7.85024e-06
2.36304e-06
1.20898e-05
2.79204e-07
6.03486e-07
2.30897e-07
7.42523e-08
0.000203682
0.000441984
4.8413e-05
0.00255121
-0.00010555
0.00224328
-0.000292466
0.00195192
-0.000215622
0.00174406
-4.59346e-05
0.000139012
-3.68365e-05
4.48109e-05
-2.20521e-08
-2.36445e-06
-8.43025e-07
-1.90611e-08
2.02573e-09
-1.22211e-05
9.22571e-19
2.02573e-09
-1.7705e-16
1.3851e-17
0.000122307
2.25145e-05
0.000237459
0.00243511
0.000101895
0.0023786
-6.02617e-05
0.00211422
-7.95081e-05
0.00167323
-0.000103646
9.95054e-05
-2.19464e-05
9.22488e-05
-5.98153e-07
-4.48261e-06
-6.17215e-07
-1.58752e-17
2.88808e-06
-1.38044e-05
3.95481e-05
-0.000465851
-0.00104262
6.86572e-05
2.24965e-05
7.96277e-09
0.00037271
0.00221869
0.000228616
0.00252284
2.36401e-05
0.00231895
-2.04009e-05
0.000401847
-2.51253e-05
1.46559e-05
1.37639e-08
5.38232e-05
-4.19404e-19
-1.23288e-05
1.68588e-18
-4.90817e-17
4.77237e-05
-9.5896e-06
0.000327282
-0.000660033
-0.00196339
0.000522453
8.86231e-05
1.47337e-05
0.000475494
0.000851656
0.000326229
0.00107448
0.000205032
0.00108863
3.82217e-06
-1.63134e-05
2.49077e-06
4.00834e-05
2.68113e-05
4.33797e-05
1.0918e-06
-1.64487e-08
1.0918e-06
-8.41746e-17
8.13212e-05
-4.79018e-05
0.000457615
-0.00095311
0.000751348
-0.0022628
6.70401e-09
-6.70401e-09
3.02891e-06
-1.58933e-05
5.20937e-07
3.8744e-08
5.20937e-07
-1.86666e-16
8.89015e-05
-1.68104e-05
0.00016035
-0.000162275
0.000157134
-8.49356e-05
2.55107e-05
-1.30889e-05
-3.62828e-08
8.37466e-06
-3.62828e-08
3.49807e-16
8.34153e-08
2.46973e-08
5.81878e-17
1.57369e-05
-0.000376802
-1.72436e-06
-9.43991e-06
6.06672e-17
-1.68561e-06
8.54646e-07
-8.54646e-07
6.3444e-05
-4.41281e-07
0.000152041
-2.35711e-16
0.000158347
-9.1746e-05
0.000158589
-1.28257e-05
2.5842e-06
8.13691e-05
-2.59003e-09
2.58679e-06
7.05238e-09
3.08424e-09
5.92336e-19
2.73015e-05
-0.000773937
-5.67147e-07
-3.71804e-06
1.3379e-06
-4.9974e-06
4.41281e-07
-1.64955e-06
3.52957e-16
-4.4976e-16
2.79018e-16
-3.30593e-16
0.000156917
-6.02094e-05
0.00014673
-3.16625e-06
6.53224e-05
9.84433e-05
-3.08424e-09
4.14337e-05
3.32109e-17
7.39469e-17
6.29878e-18
4.89969e-05
-0.00101934
-2.65155e-07
-4.11559e-07
2.16576e-06
-3.97018e-06
1.99219e-15
-1.93885e-07
3.44673e-16
-4.33097e-16
1.03496e-06
-1.03496e-06
0.000137818
-6.54385e-05
0.00012043
1.47726e-05
0.000113904
0.000104216
2.26259e-17
0.000110017
4.13674e-17
8.91709e-17
6.84253e-19
-0.000229048
0.000241921
1.05445e-16
-0.000205212
0.00269133
-0.000675518
0.00225196
-0.00076808
0.00219549
-2.30499e-07
0.00115215
-7.57996e-08
5.84711e-16
-2.08794e-10
1.25806e-10
2.10452e-13
-5.0702e-12
-1.0733e-08
-5.87667e-16
-5.91813e-05
-1.64089e-05
-0.000165864
-0.000850567
-0.00146602
-1.53036e-17
-0.000303949
0.000385154
1.45812e-16
-0.000645234
0.00302119
-0.000729169
0.00288154
-0.000638313
0.00217289
-3.4248e-12
0.000170594
-5.1952e-16
-3.42372e-12
-3.01888e-16
1.25805e-10
-3.15691e-16
-5.07021e-12
-3.65192e-16
-5.42079e-16
-2.8168e-05
-1.00976e-06
-0.000253699
-0.000621921
-0.00171162
-1.16728e-05
-0.000423098
0.000607484
3.09404e-17
-0.000675446
0.00306157
-0.000661923
0.00288914
-0.000170595
0.00175983
-2.80292e-10
5.05531e-10
-5.50128e-11
4.40618e-10
-2.26407e-08
3.65576e-08
-2.02755e-16
4.01008e-10
-2.26463e-16
-5.15137e-16
-1.00976e-06
-1.00226e-15
-0.000185428
-0.000164962
-0.00189136
-5.6857e-06
-0.000473614
6.28566e-17
0.00083442
-0.000589725
0.00309669
-0.000568167
0.00284566
-5.37346e-09
0.000637392
-4.46919e-09
6.03776e-10
-7.88193e-09
7.182e-09
-1.55389e-07
1.34366e-07
-1.73759e-16
-7.42411e-08
-1.68229e-16
-5.24023e-16
-1.58903e-16
-1.012e-15
-0.000130447
-4.99674e-05
-2.41653e-05
-0.00199764
-7.99508e-18
-1.31899e-16
-2.57746e-07
2.57746e-07
-4.2137e-21
-2.38034e-05
4.12677e-19
-3.5537e-17
1.03197e-16
-9.3464e-17
1.05887e-06
-2.55054e-05
8.09683e-06
-6.62567e-05
3.33666e-06
1.09649e-05
-8.15596e-06
8.42614e-05
-4.62296e-17
1.40964e-05
-6.04152e-17
4.4844e-16
1.1784e-06
-1.1784e-06
-2.23588e-06
-9.43692e-06
-2.61462e-06
-0.000235604
-1.07144e-17
-1.77488e-05
-6.75666e-18
-3.49438e-17
-1.96109e-17
-8.85689e-17
-8.15988e-06
-1.75275e-05
-8.89374e-06
-6.56867e-05
-9.89322e-06
1.19662e-05
-4.76177e-06
7.89752e-05
-5.64518e-07
8.70694e-06
-5.86605e-07
2.20865e-08
1.35361e-05
-3.07335e-06
-9.64699e-05
4.59945e-05
-1.91979e-05
-0.00137646
-1.17964e-17
-4.26227e-17
-1.35964e-17
-3.75872e-17
-3.71805e-18
-1.03481e-16
-1.58943e-05
-1.43992e-06
-3.36552e-05
-5.1424e-05
-3.98807e-05
1.81045e-05
-8.77509e-06
4.77447e-05
-6.81497e-08
2.88518e-16
-6.64688e-07
4.66499e-07
6.23861e-06
-3.67992e-07
-0.000201686
-0.000525811
-1.70825e-17
-0.00143349
-6.00172e-18
-3.95875e-17
-2.45033e-17
-7.37673e-16
2.05442e-19
-1.25323e-16
-1.27176e-06
-1.68156e-07
-4.05779e-05
-1.52143e-05
-3.75511e-05
1.50798e-05
-1.35918e-07
5.66569e-06
-1.35918e-07
2.48101e-16
-9.06834e-07
3.85703e-07
3.80935e-07
8.05536e-09
-5.0658e-14
1.17548e-05
-1.78961e-16
1.42812e-14
-1.86965e-16
9.5102e-15
-6.28867e-10
-5.10694e-15
-3.91307e-06
5.83998e-07
-1.49263e-05
1.46838e-06
-1.45225e-05
6.08252e-06
5.53136e-06
1.60739e-06
-4.92134e-06
-7.10554e-07
-0.000225832
-0.000465886
-0.000278539
-0.00157992
-0.00113244
-0.000195817
-2.54984e-08
1.42132e-05
-2.32968e-11
5.08403e-07
2.95265e-14
7.19206e-10
-1.42517e-05
1.42517e-05
3.62714e-06
3.08783e-05
-3.66259e-06
-1.62164e-08
-1.99693e-06
1.10592e-05
-3.89541e-07
6.70031e-19
-2.03042e-05
-1.62624e-06
-0.000306194
-0.00076523
-0.000283615
-0.00162769
-0.00132073
-0.000170369
8.04442e-07
1.18543e-05
-1.2565e-05
0.000104252
-0.000244404
0.00106937
-6.37103e-05
0.00151005
-5.67496e-07
1.89013e-05
-9.0187e-07
-2.38212e-08
-4.18538e-08
-7.65932e-10
-4.18538e-08
3.18132e-17
-4.47671e-06
-4.96515e-06
-0.000215686
-0.00025089
-0.000171307
-0.00123266
-0.00148864
-0.000136812
1.48942e-05
3.48981e-07
-0.000301892
0.00038425
-0.000509972
0.00199586
-1.89276e-05
0.00158371
-2.63613e-08
2.82774e-16
-4.79205e-09
-1.40775e-07
-1.97671e-16
-5.55798e-09
-7.09435e-08
7.09435e-08
-9.66555e-07
-4.80757e-06
-5.79303e-06
-2.24053e-06
-0.000145965
-0.000164071
-0.000129629
-0.0016277
-1.58688e-09
-0.000429312
-9.32566e-09
-2.86496e-18
-1.88614e-09
-6.09952e-07
2.78819e-09
-1.89358e-06
1.82637e-09
-1.73805e-16
1.33416e-08
-1.00926e-07
1.07685e-07
-6.48103e-07
6.49607e-08
-1.45889e-07
-7.27147e-09
1.26325e-07
-5.29668e-09
5.66392e-07
-2.33388e-17
3.98904e-08
4.97941e-16
2.47193e-08
-9.79737e-08
-0.00103195
-9.79737e-08
-7.73445e-17
-1.13447e-07
-8.6154e-07
-7.92715e-09
-1.64942e-06
-6.09188e-09
-2.32392e-09
-6.8813e-08
-8.22209e-08
-9.96471e-08
-6.29386e-07
-3.37909e-08
-1.99629e-07
-5.7912e-08
1.92782e-08
-4.14557e-08
6.04362e-07
-4.21074e-17
6.09338e-07
4.29271e-16
-6.67618e-17
-2.04613e-05
-0.00166372
-1.4582e-08
-2.04467e-05
-1.29442e-07
-3.8779e-08
-1.85401e-08
-2.12372e-06
-5.0191e-09
-1.36684e-09
-6.48288e-08
-1.55353e-08
-9.64377e-08
-8.81071e-07
-5.28533e-08
-2.39361e-07
-1.0102e-07
-5.36389e-09
-1.25128e-07
6.2847e-07
7.88333e-08
5.32587e-07
5.22957e-16
7.88333e-08
-4.882e-05
-0.00174576
-3.64479e-07
-0.00058841
-3.37209e-07
-2.21762e-08
-7.79062e-08
4.04638e-07
-2.93035e-09
-8.07292e-08
-4.70097e-08
-1.95497e-09
-2.13712e-07
-4.78777e-07
-1.00377e-07
-2.55425e-07
-1.64763e-07
3.95685e-09
-9.29188e-08
1.25221e-07
2.35365e-08
4.67652e-08
2.35365e-08
5.69355e-16
-5.74493e-05
7.0426e-06
-0.000405091
0.000435366
-0.000278356
0.00127734
-1.41075e-05
6.39802e-05
-2.96581e-05
1.55506e-05
-1.32371e-06
6.24482e-05
9.7305e-11
2.60473e-10
-7.75811e-08
-1.87806e-16
-7.31503e-05
-1.54301e-08
-0.000172721
-4.81843e-05
-0.00023658
-0.000903017
-0.00162209
-0.000277024
-5.07637e-06
1.2119e-05
-0.000242958
0.000424267
-0.000144048
0.0014896
-5.23139e-05
1.87299e-05
-4.99889e-05
5.32815e-05
-2.60473e-10
3.83962e-05
-4.87591e-16
6.80194e-17
-3.82151e-16
-6.86851e-16
-2.66667e-16
-1.54301e-08
-4.81843e-05
-9.41527e-16
-0.000279063
-0.000197217
-0.00165699
-0.000246384
-2.45781e-05
0.000254696
-0.000334432
0.0020869
-4.40871e-05
0.0022195
-2.53573e-05
1.20061e-15
-1.81565e-05
6.36236e-06
-1.02913e-10
3.78087e-06
-8.4829e-11
-1.8084e-11
-8.07253e-09
2.00923e-09
3.23716e-09
-9.81187e-08
3.23716e-09
-1.1753e-15
-0.000185723
-0.000249294
-0.00168136
-0.000160388
-0.00028646
0.000646365
-0.000455173
0.00264124
-9.94444e-08
0.00227634
-9.94444e-08
1.19907e-15
-1.98318e-07
2.91716e-07
-1.64382e-09
-2.47561e-09
-1.44153e-08
4.96797e-09
-9.83712e-08
-1.79093e-09
4.86278e-08
-3.26019e-07
4.86278e-08
-1.45685e-15
-0.000192534
-0.000247025
-8.59539e-05
-0.00179017
-0.000111944
-0.00164274
-6.59461e-11
-0.00123585
-5.65757e-10
-1.84497e-16
5.45734e-09
-5.4816e-09
2.18634e-07
-1.6664e-07
8.30865e-07
-8.90988e-06
3.16287e-06
-2.22192e-05
2.10716e-07
-5.89942e-07
-1.40203e-06
1.84081e-06
-2.02444e-08
1.44738e-06
-4.1817e-07
2.72937e-07
5.41251e-06
8.02706e-07
-0.000167715
-0.00172048
-1.13771e-17
-0.00141439
-6.02244e-18
-1.89887e-16
-1.14935e-17
-5.4816e-09
-1.6664e-07
-2.70801e-16
-3.89656e-06
-1.43188e-05
-5.60787e-06
-2.05537e-05
-1.64062e-06
-1.08166e-06
-3.1126e-07
4.17934e-07
-3.9478e-07
-2.84197e-07
6.9136e-08
4.53658e-06
6.06085e-06
-2.47765e-06
-4.6722e-05
-0.00183629
-7.54006e-10
-0.00115607
-7.54006e-10
-1.87222e-16
5.25636e-10
-1.02615e-07
5.25636e-10
-3.45977e-16
-4.84647e-06
-2.09539e-05
-8.31082e-06
-1.70418e-05
-3.15434e-07
-3.19012e-06
-2.55373e-07
4.55054e-07
-9.08723e-07
4.75136e-07
-4.00874e-07
6.22988e-06
5.10065e-06
-4.51202e-07
-6.3727e-05
-0.00184537
-3.28468e-08
-0.000848305
-3.28468e-08
-1.83507e-16
1.49581e-08
-1.76652e-07
5.32561e-08
-3.8298e-08
-9.16414e-06
-1.26145e-05
-1.1851e-05
-1.44043e-05
-9.43576e-06
-5.55601e-06
-8.26458e-07
6.65466e-06
-3.35453e-07
8.07558e-10
3.92207e-06
1.86914e-06
-3.71385e-05
9.07197e-05
-2.23552e-05
6.26834e-05
-6.09658e-05
2.82557e-05
-7.69667e-05
1.72666e-06
-2.0842e-05
1.9912e-05
-4.80647e-05
-6.34552e-06
-2.6897e-05
1.08882e-05
-1.08426e-08
1.27728e-06
-7.21955e-17
-2.72913e-08
-8.31583e-17
-1.33568e-16
-0.000153068
-0.000308897
-0.000346094
-0.00232489
-0.00242891
-0.000174068
5.13853e-08
1.89446e-05
-8.51401e-05
8.0614e-05
-2.77064e-05
0.000908122
-7.7944e-06
3.03764e-16
-1.67073e-05
2.05766e-06
-1.46114e-06
2.38434e-06
-7.55457e-08
-4.63256e-08
2.2297e-08
-6.6021e-08
2.2297e-08
-1.75571e-16
-0.000559015
-0.000516519
-0.000400962
-0.00248645
-0.0025545
-0.000281531
-2.7593e-05
4.70955e-05
-0.000158929
0.00118826
-7.94525e-07
0.00119434
-7.94525e-07
2.39285e-16
-4.91525e-07
-1.27458e-07
-2.29633e-07
-3.53035e-09
-3.18873e-07
1.80995e-07
8.52462e-08
-1.48445e-07
8.52462e-08
-2.24328e-16
-0.000272691
-0.000299053
-0.000196498
-0.00234926
-0.00255264
-0.000202006
-0.000342713
0.00228686
-0.000306579
0.00319936
-2.65952e-16
0.00128272
-6.01916e-17
2.40243e-16
-1.22961e-07
-4.49766e-09
-2.97285e-07
1.98988e-07
-7.41588e-08
2.62854e-07
2.70883e-08
-3.31302e-10
2.70883e-08
-2.36949e-16
-3.03982e-05
-4.5088e-16
-9.83158e-05
-6.23572e-16
-0.000281326
-0.00227597
-4.05109e-05
-0.00213564
-3.59478e-07
-6.46784e-05
-5.05263e-09
-6.43432e-09
-8.0309e-18
-1.98938e-07
6.86553e-09
-6.86553e-09
-1.16994e-06
-9.27564e-07
1.86096e-06
-4.83492e-05
-7.47762e-06
2.34875e-05
-1.63218e-05
0.000113558
-1.1875e-17
0.000168399
-1.00821e-17
7.09546e-17
1.16816e-16
-0.000145615
-0.00238697
-3.48016e-08
-0.000718467
-4.12359e-08
-5.84754e-16
-1.08835e-06
-3.94241e-06
-1.37912e-08
-3.02454e-05
6.06046e-07
-7.00816e-06
-1.17229e-05
-4.28739e-05
-1.13545e-05
2.3698e-05
-2.95952e-05
0.000126272
-4.13576e-17
0.000140381
-3.02509e-17
7.69417e-17
2.12428e-16
-0.00025154
-0.00236076
-2.35162e-06
-0.000950556
-2.35162e-06
-5.06196e-16
-5.01781e-06
-2.72774e-05
-2.70338e-06
-3.33308e-05
1.61375e-06
-1.44827e-05
-2.53458e-05
-2.31374e-05
-4.5988e-05
1.28772e-05
-5.36375e-05
5.48642e-05
-1.65992e-17
2.78571e-05
-3.5431e-17
7.80094e-17
2.21039e-16
-0.000267433
-0.00209524
-7.92022e-06
-7.89101e-16
-7.92022e-06
-7.29637e-16
-7.35393e-06
-2.72395e-05
-9.01477e-06
-3.08699e-05
-5.60332e-06
-1.86943e-05
-1.33703e-05
-6.48379e-06
-1.1254e-05
-2.23308e-06
-3.94512e-06
2.96042e-07
-5.89655e-17
-3.92532e-13
-4.49113e-17
8.23896e-17
2.28279e-16
-0.00047927
0.00153536
7.46868e-05
-0.000515741
0.00304475
-0.000171616
0.00234813
-1.6317e-09
5.66533e-05
-1.31893e-10
3.50268e-10
-2.01777e-08
2.87077e-08
-7.51433e-08
1.23231e-07
-2.20231e-17
-2.38984e-07
-4.35217e-17
-4.99046e-16
-1.255e-16
-9.30312e-16
-3.65253e-05
-1.8106e-05
-0.00124345
-0.000463444
0.00248218
0.000334314
-0.00054337
0.00302495
-5.66567e-05
0.00179959
-3.42337e-09
3.08004e-16
-2.34618e-08
1.38034e-08
2.01434e-07
8.10251e-08
-4.64446e-08
3.04465e-07
-2.02393e-08
-4.28137e-07
-2.77585e-17
-2.02393e-08
4.56546e-18
-9.62703e-16
-1.39277e-05
-6.72383e-06
-0.00125316
-0.000420583
0.00221785
0.000555195
-0.000372895
0.00286179
-2.90406e-10
0.000920586
-2.90406e-10
2.57871e-16
-1.13199e-07
1.20403e-07
-1.5997e-08
1.47096e-07
1.52466e-08
1.05259e-06
6.30481e-08
-6.43007e-07
3.68674e-09
5.1365e-09
3.68674e-09
-9.39011e-16
4.18281e-05
-0.000444584
-0.00178469
-0.000331682
0.000764232
0.000331257
-0.000107499
0.00229734
-4.36403e-08
3.0914e-06
-4.36096e-08
-3.06984e-11
-4.78087e-08
1.94014e-06
4.91382e-08
-2.53197e-08
3.68762e-07
6.53823e-07
1.97602e-08
-3.31515e-07
1.24694e-16
2.48967e-08
1.412e-16
-9.55471e-16
6.68646e-05
-0.00070879
-0.00171792
-0.000107757
4.62004e-05
3.51388e-06
-3.09142e-06
6.68713e-05
-1.94506e-11
1.40424e-16
2.30191e-08
1.01302e-08
1.27036e-07
2.08413e-06
-6.00722e-08
1.8023e-09
1.94924e-07
-2.12913e-09
1.09436e-07
4.37397e-08
3.97758e-07
-8.16252e-07
3.97758e-07
-9.2218e-16
0.000226465
-0.000693356
-0.00149158
-6.7537e-18
4.62004e-05
7.94935e-18
4.32966e-18
1.16046e-16
8.3021e-17
6.17425e-17
9.1979e-08
2.40254e-07
6.7105e-07
1.32932e-06
-2.64909e-08
1.22449e-07
7.59115e-08
3.61187e-08
1.98792e-07
-2.23076e-07
2.40756e-06
-3.52713e-06
2.40756e-06
-8.94984e-16
0.000237384
-0.000517905
-0.00125435
-3.98895e-18
0.000515133
7.88632e-05
3.77208e-18
1.08295e-16
8.42364e-18
5.70906e-17
1.17216e-07
2.34077e-07
3.11948e-07
2.43956e-07
2.21455e-07
2.35304e-08
7.29391e-07
5.12999e-08
2.21283e-06
1.55697e-06
3.66819e-06
-3.01737e-06
1.25782e-05
-8.91005e-06
0.000374629
-0.000951856
-0.000879909
-3.10373e-05
0.000282803
0.000194291
-2.04299e-06
0.000495503
-2.34077e-07
5.87373e-05
4.70171e-16
1.2404e-15
2.43956e-07
5.12472e-16
8.45645e-06
1.38007e-07
2.61651e-05
-1.59915e-06
1.82038e-05
-1.08475e-05
5.69733e-06
1.60439e-08
0.000175355
-3.48942e-05
0.000337983
-0.00107694
-0.000542139
2.57019e-06
3.23023e-05
5.23568e-05
5.24093e-05
0.000247469
6.58206e-16
0.000150976
7.98255e-16
1.03882e-15
8.13768e-16
4.13989e-16
8.49381e-05
2.06185e-07
7.7528e-05
-3.49711e-07
5.58684e-05
1.09308e-06
4.98134e-05
-8.76602e-07
0.000503486
-0.000262923
0.000436371
-0.000710698
-0.000106009
-1.03741e-06
6.38733e-05
4.37464e-06
4.93591e-05
0.000261345
3.3253e-05
0.000100471
2.30095e-07
3.30229e-05
3.24881e-05
5.62386e-05
0.00013551
1.97642e-07
0.000126347
3.07052e-06
0.000132581
1.50648e-05
0.000386056
-0.000224013
0.000493467
-0.000894964
7.77449e-05
-0.000341909
3.96614e-06
2.99235e-06
9.52347e-05
0.000121738
4.60731e-05
0.000224924
8.09249e-05
0.000166921
0.000171865
0.000169961
0.000350426
7.71413e-05
0.000248788
2.45929e-05
0.000273695
-0.00010331
0.000504925
-0.000142798
0.000742723
-0.0002696
0.000467285
-0.000435296
8.50456e-05
-6.88585e-05
0.000147435
-0.000130972
0.000291682
0.000165877
0.000389007
0.00066805
0.000889421
0.00103125
0.000999755
0.000856957
0.000587357
-7.85767e-05
-0.000147435
-0.000200555
-0.00164484
-2.451e-11
-0.00146401
-2.45099e-11
-1.48392e-16
2.96551e-10
-2.27579e-09
2.82805e-08
-1.22148e-08
-2.35462e-07
-2.35082e-09
-1.70637e-05
-4.61002e-16
-4.74045e-06
-5.26956e-07
-2.73847e-09
-3.55043e-07
-1.51814e-08
1.2443e-08
-8.05536e-09
6.40856e-08
7.5641e-16
-1.80585e-16
-0.000238233
-0.00140661
-6.50231e-05
-0.00123257
-4.70494e-10
-6.50226e-05
-9.4032e-09
-3.12362e-12
-3.05886e-09
-1.49386e-08
-7.21002e-16
-5.40967e-09
-7.93149e-16
-4.38463e-16
-5.08187e-07
-1.87692e-08
-6.39763e-07
5.03734e-07
-2.10586e-07
1.87456e-06
2.07237e-08
3.45409e-07
7.03453e-16
2.07237e-08
-0.000126355
-0.00128025
-0.000128116
-0.00108455
-1.98248e-08
-0.000122265
-1.98279e-08
-3.0429e-17
-2.85796e-08
-3.78647e-08
2.99108e-09
-2.84652e-08
9.07509e-09
-6.08401e-09
-6.0358e-07
4.47916e-08
-1.10456e-06
5.69919e-07
-6.44672e-07
2.0307e-06
1.8039e-07
7.14407e-07
7.10572e-16
1.8039e-07
-0.000227917
-0.00105233
-0.000279146
-0.00108929
-1.1009e-08
-0.000329859
-1.1009e-08
-2.86375e-17
-8.14895e-08
9.13395e-09
-9.3012e-08
-1.04347e-07
-4.83478e-08
-8.96289e-08
-3.3066e-07
4.93455e-08
-9.18507e-07
7.30076e-08
-4.12244e-07
1.65412e-06
5.25014e-08
2.36004e-07
6.7042e-16
5.25014e-08
-0.000129671
-0.000922664
-0.000296763
-0.000922198
-4.19933e-17
-0.000460996
-4.05554e-17
-3.05025e-17
-1.38832e-07
1.47966e-07
-2.98164e-07
4.07646e-08
-2.47724e-07
2.79201e-08
-7.30076e-08
3.12804e-08
-3.89685e-16
3.06909e-16
-3.44876e-16
1.65412e-06
-2.79195e-16
2.36004e-07
6.9168e-05
-6.9168e-05
-0.000256229
-0.000359133
-0.000384033
-0.000794394
-9.05071e-06
-0.000632807
-9.05071e-06
-7.94139e-17
-1.1237e-07
-2.22015e-05
-1.17168e-07
-2.44161e-07
-1.29171e-07
3.29647e-07
6.16218e-08
3.43939e-08
6.16218e-08
3.043e-16
-8.2436e-05
7.26e-05
-0.000283047
0.000485891
0.000451539
-0.000245387
-2.6988e-05
-0.000193213
-0.000227356
-0.000594026
-0.000108294
-0.000622015
-2.57185e-05
-8.2575e-05
-9.5788e-05
-2.96855e-05
-4.45835e-05
-0.000133343
-3.43939e-08
-1.28238e-05
-5.31507e-16
1.31582e-16
-1.72288e-08
1.72288e-08
-0.000172695
5.47714e-05
-0.000238172
0.000194336
0.000113672
-9.76121e-05
-0.000147515
-3.64653e-05
-0.00032727
-0.000385311
-0.000362977
-0.000533732
-8.59824e-05
-0.000203298
-0.000224875
-1.22392e-06
-0.000226329
-4.82268e-05
-2.60944e-07
-5.23667e-05
-4.54949e-07
1.94005e-07
-6.96401e-06
2.01762e-06
-1.62234e-05
6.26761e-06
-5.55335e-06
1.8665e-05
8.84104e-05
-2.2503e-05
2.22754e-05
-0.000118561
-6.57426e-05
-0.000329902
-0.000315684
-0.000233798
-9.44253e-05
-0.000350306
-0.000140427
-7.38462e-05
-0.000281517
-4.08941e-06
-0.000229952
-2.06506e-07
-6.22112e-05
8.64464e-05
-8.79264e-06
2.97071e-05
-1.34147e-05
1.70016e-05
-5.84316e-05
0.0001262
0.000204989
-6.00104e-05
-0.000197367
5.25785e-06
-0.000421288
-7.93815e-05
-0.000367897
-0.000236483
-0.000395812
-0.000285856
-0.000265775
-0.000304895
-0.000219915
-5.12984e-05
-0.000237715
-6.85876e-07
-0.000139213
5.31508e-05
-4.63977e-05
0.000115382
-5.95627e-05
0.000157013
-0.000205283
0.000309508
-5.45074e-06
-4.93635e-05
-1.07184e-06
2.87159e-06
-5.16555e-05
-3.04979e-05
-0.000164354
-1.48251e-05
-0.000343478
-0.000158406
-0.000560741
-0.000197057
-0.00042782
-8.52325e-05
-0.000317961
-1.3757e-05
-0.000276066
5.19163e-05
-0.000334665
0.000106502
-0.000310321
0.000149346
-1.09331e-05
-2.01353e-05
-3.39971e-05
3.2533e-05
6.7753e-06
-2.54117e-05
-2.10284e-05
-0.000335944
-0.000533001
-0.000618233
-0.00063199
-0.000573756
-0.000467254
-0.000317908
-0.000207765
-0.000241762
-4.91043e-05
4.94533e-05
-0.000432317
0.00109034
-0.000449947
0.00202744
-4.55228e-07
0.000856475
-4.55228e-07
2.37653e-16
1.12698e-07
-6.85797e-07
-2.16753e-08
1.04049e-08
-2.02061e-06
1.38637e-06
-9.57322e-08
-3.891e-06
-1.91732e-06
-5.48698e-07
-0.000153618
-8.54273e-05
-0.00201901
-0.000220838
0.00060188
-0.000402747
0.0020017
-0.000228217
0.00183847
-3.83622e-07
8.9013e-05
-3.83622e-07
1.97912e-16
-4.09388e-10
-7.24552e-07
-9.82985e-09
1.5334e-09
-1.68786e-07
2.19574e-06
6.98893e-08
-3.17385e-07
2.11027e-08
-3.656e-07
-9.29356e-05
-2.60003e-05
-0.00116558
-0.000323835
0.000388929
-0.000346295
0.00200923
-3.95534e-05
0.00154666
-1.08618e-07
3.64597e-06
-1.08618e-07
2.18783e-16
-2.88202e-07
-2.50273e-08
-1.5767e-06
6.7307e-06
-7.69647e-08
2.30786e-06
4.18139e-09
-4.67318e-06
5.92912e-08
-9.40444e-07
1.10107e-07
-8.972e-07
-0.000105497
-0.000143745
0.000138365
-9.57628e-05
0.000648995
-3.64597e-06
0.000146421
-3.48441e-17
4.31309e-16
2.24802e-17
1.43473e-16
2.27309e-07
-2.52336e-07
7.14341e-07
3.0002e-06
4.00157e-06
-3.01883e-08
6.23169e-07
-8.61172e-06
1.76428e-07
-1.79177e-06
3.97852e-08
-7.60557e-07
-0.000105457
-1.99666e-05
0.00041836
-5.6408e-07
7.12893e-05
2.95244e-08
1.06696e-05
1.51628e-17
2.95244e-08
5.82561e-11
-5.8256e-11
-8.12228e-07
-7.7662e-08
8.38563e-08
-1.59828e-07
1.88597e-06
-5.19834e-08
7.69559e-07
-1.36723e-06
2.29326e-07
-6.07907e-08
5.24487e-06
-9.71431e-06
-0.000945336
-1.03129e-07
0.000386742
3.70526e-08
3.67652e-06
3.53642e-07
0.000164412
9.393e-08
5.97343e-05
-1.70796e-08
7.11194e-10
-1.70366e-08
7.56532e-09
1.96799e-09
-1.56567e-09
2.31914e-08
-7.32068e-08
9.78851e-08
-2.04371e-07
7.76249e-08
-4.05306e-08
4.92672e-05
-0.000253162
-0.00123186
-1.44373e-05
0.000113321
1.59621e-05
0.000997497
0.000105744
0.00158217
-2.08481e-08
0.00013825
-2.01369e-08
1.98414e-16
4.6165e-08
1.79544e-08
8.80481e-08
3.30698e-08
1.94765e-08
-4.63524e-09
1.09494e-07
3.69447e-08
1.10412e-07
-4.14492e-08
0.000120602
-0.000345321
-0.00111126
-2.75701e-05
0.000116976
6.57578e-05
0.0012288
0.000203786
0.000646406
-3.38302e-07
5.66213e-05
-3.38302e-07
1.99503e-16
6.75631e-07
6.03231e-08
3.05502e-08
9.70247e-07
2.24538e-08
3.46115e-09
3.63919e-08
2.30066e-08
3.22627e-08
-3.732e-08
0.00015977
-0.000208668
-0.000936254
5.56226e-06
2.5535e-06
0.000254053
0.000655583
2.09262e-05
-8.9995e-06
1.64939e-06
8.4055e-06
1.64939e-06
2.30623e-16
4.39577e-05
1.24164e-07
7.63146e-05
1.93861e-05
8.83195e-05
-8.23625e-05
2.1139e-05
-9.35802e-05
3.11585e-05
-1.00568e-05
0.000198293
-9.70382e-05
-0.00060241
-2.96787e-05
-4.33172e-06
2.52811e-08
0.000176682
8.89999e-06
9.01704e-05
1.23833e-05
0.000106185
9.70926e-07
1.14124e-05
0.000178365
-2.105e-07
0.000451268
-8.50254e-06
0.000516996
-0.000137305
0.000354894
-0.00023463
8.41067e-05
-5.71956e-05
8.09325e-05
-1.21305e-05
-0.000349241
-3.01315e-06
5.23344e-05
2.28347e-05
6.9054e-05
0.000227844
0.000175931
0.00037941
7.64413e-05
0.000378069
0.000252762
0.00049353
4.0146e-06
0.000775536
-0.000126744
0.000744553
-0.000107524
0.000592451
-8.18747e-05
0.000278497
-0.000124319
0.000258769
-0.000218881
0.000108073
-0.000189428
0.000277216
0.000453146
0.000227363
0.000643645
0.000817831
0.000690094
0.00058257
0.000580141
0.000168055
-0.000108073
-6.58521e-05
-0.00168361
-2.17998e-09
-0.00126587
-3.52564e-08
-2.53747e-08
-4.01773e-07
-1.43372e-06
-1.85074e-07
-6.35123e-06
-1.61359e-07
-7.62545e-07
-2.13757e-07
-5.28066e-08
-9.69093e-10
-1.41899e-07
-2.05268e-08
1.16195e-09
-4.97753e-09
-2.01679e-08
2.97218e-09
3.74304e-07
6.44044e-16
2.97218e-09
-0.000138483
-0.00155105
-4.56877e-05
-0.00142376
-7.15503e-07
-4.49505e-05
-3.83708e-06
-5.48274e-06
-2.40853e-06
-1.16349e-05
-1.10756e-07
-9.40401e-07
-1.47846e-07
-1.34811e-08
-3.57368e-08
-4.47905e-08
2.93908e-09
7.50755e-08
-2.47436e-07
1.04913e-07
1.41152e-07
8.37157e-07
-2.17658e-09
1.43329e-07
-0.000113014
-0.00143804
-0.000100511
-0.00142598
-1.56863e-05
-0.000516283
-8.48312e-06
-5.84723e-06
-1.32351e-06
-1.04619e-05
-5.66923e-08
-2.01756e-08
-6.08596e-08
-1.1625e-08
-4.83273e-08
-8.60162e-09
-1.29625e-09
1.1224e-08
-4.82109e-07
5.93548e-08
-3.36712e-07
1.12754e-06
1.12333e-06
6.78702e-08
-0.000201502
-0.00124515
-0.000389089
-0.00130546
-2.61221e-05
-0.00117159
-5.1718e-06
-2.10267e-05
-1.72352e-08
-2.21528e-08
-1.90184e-08
-2.07793e-08
-8.76564e-09
-1.94908e-08
-3.85176e-08
2.25608e-09
1.23812e-09
2.3345e-10
-3.19088e-08
-1.30641e-09
-4.197e-07
-4.46524e-08
1.12126e-06
-2.88011e-16
-0.000158752
-0.0010864
-0.000378873
-0.00109996
-0.000169233
-0.00128584
-1.03196e-08
-2.07957e-05
-1.56653e-08
-1.92699e-08
-2.37732e-08
-1.02086e-08
-5.40906e-08
8.51321e-09
-2.80447e-08
1.84511e-08
-8.56658e-09
5.49205e-09
-1.34274e-10
9.35562e-10
-2.33191e-07
2.49932e-10
4.26577e-07
-1.67907e-07
-0.000243818
-0.000857206
-0.000446139
-0.000884817
-0.00019256
-0.00108279
-2.1448e-08
-1.38441e-05
-1.75734e-08
-2.0606e-08
-1.3833e-08
-1.64876e-08
-5.24276e-07
5.21494e-07
-4.6032e-08
1.59799e-07
-6.51287e-09
6.61268e-09
-6.46621e-09
1.03864e-10
2.10973e-09
-1.81647e-10
7.64538e-16
4.28687e-07
-0.00024137
-0.000615836
-0.00045304
-0.000647136
-9.99374e-05
-0.000507081
-1.13799e-06
-8.62337e-07
-2.6469e-06
1.54457e-06
-2.46837e-05
1.04638e-05
-8.66462e-06
-4.21374e-06
-8.10101e-09
5.71089e-07
-1.48833e-09
2.62874e-16
-3.19802e-09
1.39279e-09
1.37714e-09
4.23951e-09
6.0308e-16
1.37714e-09
-0.00034878
-0.000267405
-0.000485076
-0.000363837
-1.04794e-05
-0.000354463
-1.23293e-05
-5.19095e-07
-9.75769e-05
-2.99571e-05
-0.000249312
-0.00013832
-0.000216673
-0.000102671
-6.10461e-16
7.01419e-06
-5.87131e-16
2.39331e-16
-5.30292e-16
1.39279e-09
-3.57848e-16
4.23951e-09
4.4533e-16
-1.99906e-16
2.46963e-05
-0.000292102
-0.00016713
-0.000131386
-6.37127e-05
-0.000127296
-7.26801e-05
9.9974e-06
-0.000331231
-9.11946e-05
-0.000464395
-0.000269103
-0.000757779
-8.3938e-05
-0.000632789
1.89706e-05
-0.000399198
0.00028428
-0.000239449
0.000400628
-0.000255831
0.000392644
0.000519998
-0.000169324
-0.000458759
0.000166657
-0.000360712
-6.46946e-05
-0.000180054
-0.000228934
-0.00023702
-0.000353391
-0.000461864
-0.00015237
-0.000590343
-0.000131317
-0.000442202
-0.000108173
-0.000391748
-2.24604e-05
-0.000502064
7.75548e-05
-0.000688606
0.000208542
-0.00059622
0.00034555
0.000261469
-0.000382983
-7.99241e-05
0.000157478
-0.000203702
7.20516e-05
-0.000414091
-7.84448e-05
-0.000516618
-0.000473648
-0.000827635
-0.000197086
-0.000878655
-4.54707e-05
-0.000415609
-7.47016e-05
-0.000415989
-3.2383e-05
-0.000357176
2.88482e-05
-0.000361236
2.36999e-05
-0.000320185
4.52573e-05
3.17369e-05
-0.000252087
0.000151226
0.000223278
8.93894e-05
-0.000384258
-0.000479545
-0.00057439
-0.000649092
-0.000681475
-0.00058405
-0.000420379
-0.000284849
-0.000221025
-0.000372431
0.000463244
-0.000398705
0.00269228
-4.54843e-16
0.00233929
-2.35908e-16
1.93452e-15
-3.17306e-16
2.91716e-07
-2.47561e-09
4.56045e-16
-1.25479e-08
1.00615e-08
-6.47078e-08
-1.22838e-07
3.91894e-08
-2.88139e-07
3.91894e-08
-1.49413e-15
-0.000100076
-0.00013046
-0.00153771
-0.000204299
6.51474e-07
-0.000306162
0.00125809
-0.000260329
0.0024292
-5.59378e-05
0.00130512
-1.08303e-08
0.000635424
-1.08303e-08
3.4584e-16
-6.70061e-08
1.22296e-08
-4.2976e-08
-1.17126e-07
2.22805e-08
-1.33009e-07
2.60807e-08
-3.80017e-09
-5.69668e-05
-1.5232e-05
-1.20687e-05
7.19344e-07
1.16762e-15
-0.000142969
-2.39592e-06
-0.000204506
0.000720858
-0.000140257
0.00138866
-2.33303e-09
0.00132328
-2.33303e-09
2.63334e-16
-1.89272e-08
6.89751e-09
1.52224e-08
-1.82026e-07
1.18299e-11
-1.84964e-08
-3.82685e-08
-1.80376e-08
-4.35333e-08
-4.82143e-06
-2.57909e-06
-1.93657e-16
9.93063e-16
-2.39592e-06
1.41147e-15
-5.50148e-07
1.82944e-06
-1.30117e-05
0.000360873
-1.32603e-09
0.000521517
-7.00318e-10
-6.25713e-10
-1.27265e-10
7.84092e-10
3.0605e-08
-1.0175e-08
1.91524e-09
-1.00704e-08
-8.41756e-09
-2.39033e-09
-8.64854e-08
2.78363e-07
8.97483e-06
8.97382e-10
5.92641e-06
1.78293e-17
8.97383e-10
1.82944e-06
2.04849e-15
2.72721e-05
0.000942914
4.83037e-06
2.57939e-05
-1.09598e-09
1.4522e-08
3.71355e-10
3.26837e-10
8.72681e-10
-1.17925e-08
1.67336e-09
-3.23151e-09
3.12804e-10
-1.64934e-14
7.18057e-06
-6.90157e-06
-0.00132754
-2.47377e-05
1.98149e-05
9.78451e-07
0.000267111
2.55627e-08
9.52888e-07
0.000186328
0.0013502
-1.86115e-08
0.000214738
-4.08951e-09
2.50218e-16
8.31577e-09
2.11055e-09
5.91777e-11
-8.97795e-09
1.0005e-10
-1.24319e-09
1.00035e-10
-7.78725e-16
2.63801e-05
-0.000396559
-0.00182763
4.54884e-06
2.58601e-06
5.42523e-05
0.000265661
7.74352e-05
0.00121852
0.000293874
0.00124158
7.07695e-08
0.000665519
-2.62493e-09
7.33944e-08
5.88752e-09
3.5791e-10
3.27148e-09
-5.72616e-16
5.43915e-10
-5.40936e-16
5.43915e-10
-7.01948e-16
0.000268255
-0.00113292
-0.00155938
-1.51104e-06
4.09705e-06
1.95488e-05
0.000223785
0.000174541
0.000947791
0.000196486
0.000899294
6.09605e-05
0.000436898
2.09115e-09
9.05378e-07
6.0981e-16
2.44906e-09
4.93668e-16
-4.46211e-16
3.9127e-16
-4.48801e-16
2.30221e-06
-2.30221e-06
0.000377036
-0.00115384
-0.00118234
-9.50462e-05
0.000531676
5.37179e-05
0.000717752
0.000146371
0.00109782
0.000254504
0.000829063
1.43707e-05
0.000236876
-1.4392e-07
-1.28919e-08
1.96298e-07
3.84966e-07
5.48706e-16
1.96298e-07
5.3381e-07
-5.3381e-07
0.000129315
-7.91262e-05
0.00057325
-0.000894696
-0.000609091
-0.000223414
0.000417398
-6.18516e-05
0.000510899
0.000447046
0.000697062
0.000542629
0.00051335
6.30471e-06
0.000258845
-9.56386e-07
1.31437e-06
4.12447e-05
1.12896e-06
0.000178548
-8.12892e-05
0.000167373
-0.000122442
0.000299958
-9.32796e-05
0.000333119
-0.000418644
-0.000275974
-0.000151077
0.00016361
3.0306e-05
0.000179992
0.000398218
0.000174301
0.000206785
5.69058e-05
0.00016385
0.000138112
0.000218177
-2.1743e-05
0.000471503
-3.29015e-05
0.000677309
-6.99958e-05
0.00045742
-5.0185e-05
0.000367351
-0.00020994
0.000391077
-0.000236531
0.000123243
-5.74146e-05
0.000122578
0.000296878
0.000549238
0.000745128
0.000732886
0.000699984
0.000629989
0.000469098
0.00013479
-0.000123243
8.89322e-06
-0.00183258
-3.1648e-08
-0.00049287
-3.1648e-08
-1.73923e-16
1.01755e-08
-1.78133e-07
1.54981e-07
-2.14051e-07
-5.22487e-06
-3.12077e-06
-9.50602e-06
-6.38871e-06
-8.4253e-06
-3.42973e-06
-1.83471e-09
6.86925e-07
1.42039e-14
4.82832e-11
1.86914e-06
6.4035e-16
0.000116558
-0.000206183
-9.75563e-05
-0.00169056
-2.30715e-08
-0.000325081
-2.30715e-08
-1.65941e-16
9.56453e-09
-2.16022e-16
7.40249e-09
-2.83108e-08
-1.82273e-06
-1.08548e-06
-2.03387e-06
-2.91686e-06
-2.8533e-07
-1.39085e-06
-2.46286e-07
6.22327e-08
1.10174e-07
4.14441e-07
1.10174e-07
6.68186e-16
1.02394e-05
-0.000121839
-7.17979e-05
-0.00161507
-9.15405e-17
-0.000573454
-3.01151e-17
-2.27261e-16
-5.51633e-17
-1.9108e-16
-2.83108e-08
-1.92572e-16
-1.29586e-06
-3.20419e-07
-1.99126e-06
-1.11535e-06
-3.74716e-08
-7.7772e-07
-2.48541e-07
2.68778e-08
-1.94071e-16
1.03372e-07
-1.84769e-16
6.0299e-16
7.45743e-16
7.8857e-06
-0.000245752
-0.00138185
-6.77221e-05
-0.00103992
-6.15342e-17
-6.77221e-05
-9.65088e-17
-1.79436e-16
7.82412e-09
-7.82412e-09
-1.99616e-07
-1.42156e-07
-8.86711e-07
-2.19906e-07
-7.30431e-07
-1.7537e-07
-1.03372e-07
1.37236e-07
-2.08548e-15
2.80096e-16
-1.82802e-16
7.77133e-15
6.09297e-16
-1.36861e-16
-0.000292842
-0.00109162
-0.000283236
-0.0011645
-7.39377e-07
-0.000505279
-7.39377e-07
-1.72999e-16
-1.06367e-07
-1.4447e-06
-1.0157e-07
-3.42039e-08
-1.58627e-07
-5.92242e-08
-2.52736e-07
-1.50966e-08
-2.61989e-16
3.40976e-08
-2.22315e-16
2.34201e-16
-1.62744e-16
7.71798e-15
5.84327e-16
-1.28922e-16
-0.000331423
-0.000760252
-0.000581619
-0.000928057
-1.74661e-06
-0.000848886
-1.74661e-06
-1.90802e-16
-1.52725e-08
6.66553e-07
-5.85699e-08
7.12552e-09
-3.20726e-08
7.39535e-09
1.04409e-08
7.52858e-10
4.45385e-08
1.12165e-16
-7.07659e-06
3.69566e-05
-4.35681e-05
0.000483238
0.00126616
-0.000202773
-0.000154266
-0.000605986
-0.000508688
-0.000573695
-7.53351e-05
-0.000785368
-1.28366e-16
-7.53351e-05
-3.09259e-16
6.66553e-07
-8.82187e-16
7.12553e-09
-9.43963e-16
7.39535e-09
-9.6227e-16
7.52859e-10
-2.1899e-15
-5.29763e-17
-0.000414275
7.59475e-05
-0.00056759
0.000970605
0.00181261
-0.00050989
-0.00032698
-0.000279116
-0.000701535
-0.000199292
-0.000239784
-0.000792678
-6.03595e-05
-0.000154037
-5.72375e-05
-2.00653e-05
-5.52447e-06
-4.59691e-05
-2.42701e-06
1.43571e-05
8.23452e-07
3.46972e-07
7.32684e-07
9.07689e-08
-0.000534065
2.09611e-05
-0.000783472
0.000470698
0.00148664
-0.0004575
7.17611e-06
-0.000286447
-0.000222468
3.05072e-05
-0.000451704
-0.000555884
-0.000368275
-0.000639114
-0.000452106
-0.00024457
-0.000275598
-0.000246201
-3.89453e-05
-0.000112335
-9.95174e-06
-6.99857e-07
1.73581e-06
4.11731e-06
-2.17377e-05
5.44911e-06
-0.000468044
2.47879e-05
0.000208626
-0.000410466
-0.000516422
0.000207723
-0.000447636
-2.40416e-05
-0.000592793
-0.000469078
-0.00068563
-0.000856222
-0.000771082
-0.000434769
-0.000797625
-0.000126021
-0.000627504
-0.000129908
-0.000259441
4.40778e-05
-1.08715e-05
-2.26458e-05
-9.26122e-06
8.304e-06
-1.11662e-05
2.22278e-05
7.23877e-05
-2.80183e-05
-5.68306e-05
0.000264553
-4.81555e-05
-3.26156e-05
-0.000334552
-0.00018244
-0.000843434
-0.000430104
-0.00100955
-0.000319475
-0.000898277
-0.000156866
-0.000903713
-0.000114332
-0.000866096
1.60806e-05
-0.000709162
2.58393e-05
-0.000464561
9.28707e-05
-0.000313195
0.000140608
0.000224555
-0.000263446
0.000262813
0.000230198
3.64493e-05
-0.000404377
-0.000541935
-0.000698802
-0.000813133
-0.000797053
-0.000963656
-0.000870785
-0.000730176
-0.000485627
-0.000407538
0.00211682
-0.000375782
0.0031573
-8.23334e-10
0.00230353
-1.81918e-09
9.9585e-10
-1.11069e-07
1.04598e-08
-2.18302e-07
2.01366e-07
-5.36278e-10
2.03782e-07
-5.24942e-17
-8.67581e-10
-4.08618e-17
-7.871e-16
-1.84519e-17
-4.73049e-16
1.06048e-17
-6.52869e-16
-0.00203446
-0.000405749
0.000736748
-0.000379944
0.00314216
-0.000201724
0.00270677
-3.28944e-08
0.000529481
-2.24346e-08
1.58714e-16
-2.05823e-10
5.69529e-08
-7.94042e-11
1.86359e-07
2.64545e-11
-5.3993e-08
-8.53177e-18
-1.18692e-07
-8.23103e-18
-4.73599e-16
1.52021e-06
-1.52021e-06
-0.00190089
-0.000324016
-8.80533e-06
-0.000330403
0.00275561
-7.29022e-05
0.00252583
-1.04102e-17
0.000424479
1.85432e-18
1.4638e-16
2.43517e-10
5.67094e-08
4.1497e-07
3.31955e-07
3.32053e-07
-2.51642e-06
1.76572e-08
-4.9402e-08
1.76572e-08
-4.81703e-16
5.5563e-05
-0.0006859
-0.00198973
-8.80533e-06
7.94532e-16
-0.000148709
0.000663295
-1.80942e-05
0.000989256
3.35623e-07
7.56952e-05
-9.39383e-07
1.27501e-06
3.94682e-06
2.8224e-06
5.86856e-06
1.9798e-06
4.9402e-08
1.45259e-06
8.45565e-17
-2.59544e-16
8.25746e-17
-4.8075e-16
0.000177798
-0.00127405
-0.00194961
-7.43897e-05
7.43897e-05
-2.49775e-05
0.00175684
4.29038e-06
0.000776231
3.61522e-07
9.80651e-05
1.48558e-06
1.72361e-05
2.96395e-06
1.59497e-06
3.53839e-06
6.77503e-07
1.41906e-16
4.99097e-06
1.20599e-16
-2.98074e-16
1.59396e-05
-1.59396e-05
0.000338069
-0.00150373
-0.00161154
-0.000244232
0.00231573
-0.000114711
0.00301519
-7.34445e-06
0.00229836
1.11341e-05
0.000961805
6.93158e-07
3.88002e-05
9.42473e-07
8.2144e-07
1.49238e-06
6.51804e-07
0.00010143
-7.04262e-05
0.000185822
-0.000472202
0.000118165
-2.0556e-05
0.000304367
-0.000907788
-0.00130717
-0.000238471
0.00204431
-5.31253e-05
0.00282985
0.000196845
0.0021371
6.06811e-05
0.000706295
1.85429e-05
9.00951e-05
3.70744e-05
3.87552e-05
0.000172612
5.92569e-05
0.000494051
-0.000222133
0.000486784
-0.00030437
0.000142131
2.21964e-05
0.000339968
-0.000578563
-0.000896378
-0.000102969
0.00168978
6.66905e-05
0.00266019
0.000290176
0.00115903
9.93584e-05
0.000463549
0.000236598
0.000336024
0.000644804
7.96736e-05
0.000609272
0.000192547
0.000651725
-0.000185113
3.32442e-05
-1.61902e-05
0.000114874
-0.000223558
0.000282467
-0.000816994
-0.000486609
-9.17926e-05
0.000873898
0.000341699
0.00222669
0.000180747
0.000471013
0.00035735
0.000694546
0.000576856
0.000401166
0.000663797
8.31817e-05
0.000501632
-6.7281e-05
0.000128035
-0.000174817
0.000147855
-0.000379771
0.000615944
-0.00120641
0.000304534
-0.000738431
-0.000182075
-0.00014604
0.00015539
0.000364579
0.000837475
0.000481373
0.000435412
0.00083878
0.000405185
0.000906657
0.00034824
0.000922205
8.93078e-05
0.00101515
-0.00025735
0.000964143
-0.000317443
0.000786734
-0.000509087
0.000492624
-0.00104923
-8.89216e-05
-0.000264171
-0.000270997
-7.24245e-05
0.000132028
0.000194121
0.000238378
0.000271649
0.000212335
0.000703874
0.000131058
0.000934927
0.00015201
0.00119191
1.02462e-05
0.00147815
-0.000280115
0.00123468
-7.53745e-05
0.0010655
-0.00034025
0.000686616
-0.000671845
0.0003987
-6.79694e-05
0.000111726
-0.000252872
0.000234676
0.000633715
0.000873799
0.00112819
0.00130618
0.00112341
0.00104791
0.000706246
-3.62051e-05
-0.000104175
-1.47074e-16
-0.0014478
-9.24601e-17
-4.42444e-16
5.58191e-10
-5.58191e-10
-5.99174e-06
-2.15264e-07
-4.72559e-06
-5.18743e-07
-2.29048e-06
-3.68539e-06
-1.94031e-06
-3.65897e-06
-2.96042e-07
-4.26059e-08
-1.20742e-16
1.3238e-16
-9.33056e-17
-3.92212e-13
-6.26318e-17
3.8898e-16
7.46868e-05
-3.66364e-10
-0.00100903
-3.66364e-10
-4.26174e-16
-2.32718e-10
-5.10574e-09
-2.50723e-10
-2.1519e-07
-1.71305e-07
-3.47745e-07
-2.04841e-06
-7.36897e-07
-2.69391e-06
-2.31918e-06
-5.17701e-13
9.01763e-07
-5.17317e-13
1.13639e-16
1.69993e-13
7.84672e-13
4.02722e-08
-4.0272e-08
0.00101707
-7.63938e-10
-0.000719125
-7.63938e-10
-3.83255e-16
-2.03832e-08
-3.40268e-09
-6.28109e-08
-9.31544e-07
-1.1512e-07
-2.57571e-06
-1.71363e-06
-3.16119e-06
-3.37373e-06
-1.3769e-06
-9.32246e-17
6.96615e-07
-1.28785e-16
9.93077e-17
7.76002e-13
2.38496e-16
-3.24607e-05
8.77003e-07
0.00112902
-7.1214e-17
-0.000641597
-1.06275e-16
-3.48067e-16
-3.40268e-09
-5.53331e-16
-1.3652e-06
-1.50634e-06
-2.7112e-06
-4.98993e-06
-1.18439e-06
-3.06309e-06
-2.1972e-06
-8.34059e-07
-2.29768e-16
1.10245e-06
-1.28583e-16
3.88555e-16
-9.01269e-14
8.98042e-14
-1.55932e-05
7.48391e-08
0.00014823
-3.47692e-06
-0.000512022
-1.11397e-16
-3.47692e-06
-1.54103e-16
-5.70356e-16
-1.70214e-06
-4.39143e-16
-2.98599e-06
-6.65634e-07
-1.69899e-06
-2.38615e-06
-2.78236e-06
-2.91009e-07
-3.06265e-06
1.34739e-06
-6.94119e-09
1.91618e-06
-2.72342e-08
2.02982e-08
-1.53866e-07
5.76928e-08
7.1199e-06
-6.25032e-05
-0.000324173
-3.06173e-07
-0.000127685
-2.11835e-16
-3.06173e-07
-2.47405e-16
-4.3323e-16
-6.65634e-07
-4.214e-16
-1.05036e-07
-1.09156e-06
-2.49338e-07
-4.3053e-07
-8.58272e-06
1.61455e-06
-2.19235e-06
1.07377e-05
-1.59666e-10
4.69331e-06
-5.98192e-18
5.75332e-08
7.1199e-06
-9.73138e-05
-0.000227618
-0.000257227
-0.000664524
-1.55343e-05
-0.000490771
-3.30125e-16
-1.55343e-05
-3.08902e-16
-3.9583e-16
-1.73014e-06
2.56828e-07
-1.49573e-06
-3.50196e-07
-1.50678e-06
1.11375e-06
-1.40752e-06
1.11503e-05
-2.96198e-05
3.23937e-05
-4.04728e-05
0.00047502
0.000552767
-0.000378716
5.40232e-05
-0.000614827
-0.000552411
-0.000146033
-0.00101667
-3.5033e-06
-0.000139608
-4.65815e-16
-3.5033e-06
-1.35373e-08
2.70366e-07
-1.51782e-05
-2.37697e-07
-9.27315e-05
3.25478e-05
-0.000323379
0.000290199
-0.000487966
0.000403726
-0.000362093
0.000378358
0.00045404
-0.000237855
0.00027875
-0.000364896
-0.000425137
-0.000561597
-0.000865087
-0.000343986
-0.000568968
-6.7174e-05
-0.000237505
-4.15212e-06
2.33953e-07
-5.23481e-05
4.79488e-06
-0.000393929
2.14058e-05
-0.000463884
0.000152774
-0.000413566
0.000142282
-0.000234649
9.92766e-05
9.96913e-05
-7.83072e-05
0.000355907
-0.000279076
-0.000226249
-0.000541113
-0.000569228
-0.000731036
-0.000621031
-0.000579739
-0.000292214
-0.000115975
-0.000172373
-4.67891e-05
-4.58752e-05
-6.65318e-05
1.79143e-06
-4.61111e-05
5.33963e-05
-2.52884e-05
6.06542e-05
-1.29422e-05
9.36377e-05
5.62156e-05
0.000143282
0.000209688
0.000112952
-0.0001971
-0.000185498
-0.000128897
-0.000679564
-0.000139245
-0.000809449
-0.000149386
-0.000880274
-8.54928e-05
-0.000446668
-4.20052e-05
-0.000303558
8.06433e-05
-0.000213857
8.62722e-05
-0.000194809
0.000134988
-0.000242097
0.000177451
0.000100505
0.00020784
1.03575e-05
-4.92613e-05
-0.000188506
-0.000337893
-0.000320381
-0.000362387
-0.000818624
-0.000732352
-0.000569638
-0.000392187
)
;

boundaryField
{
    rotor
    {
        type            calculated;
        value           uniform 0;
    }
    stator
    {
        type            calculated;
        value           uniform 0;
    }
    front
    {
        type            empty;
        value           nonuniform 0();
    }
    back
    {
        type            empty;
        value           nonuniform 0();
    }
}


// ************************************************************************* //
