/*--------------------------------*- C++ -*----------------------------------*\
| =========                 |                                                 |
| \\      /  F ield         | OpenFOAM: The Open Source CFD Toolbox           |
|  \\    /   O peration     | Version:  2.4.0                                 |
|   \\  /    A nd           | Web:      www.OpenFOAM.org                      |
|    \\/     M anipulation  |                                                 |
\*---------------------------------------------------------------------------*/
FoamFile
{
    version     2.0;
    format      ascii;
    class       surfaceScalarField;
    location    "1";
    object      phiAlpha;
}
// * * * * * * * * * * * * * * * * * * * * * * * * * * * * * * * * * * * * * //

dimensions      [0 3 -1 0 0 0 0];

internalField   nonuniform List<scalar> 
5952
(
-4.62153e-22
2.32922e-23
-5.18225e-21
1.54371e-21
-4.83647e-20
5.93142e-21
-7.58668e-19
3.21419e-20
-8.19781e-18
3.45832e-19
-2.26575e-17
2.76098e-18
-1.04381e-10
2.7875e-11
-6.05643e-09
1.76631e-09
-7.65507e-09
2.30801e-09
-4.29841e-09
-1.65707e-09
-2.68577e-08
2.05101e-09
-4.85608e-12
-2.68368e-08
-9.59277e-21
1.12871e-21
-8.69835e-20
2.81433e-20
-4.4947e-19
1.26441e-19
-2.51241e-18
3.81228e-19
-1.33541e-17
1.45056e-18
-2.77235e-17
5.3982e-18
-1.71426e-08
8.32754e-10
-1.16757e-07
3.6402e-08
-1.64654e-07
5.08498e-08
-2.05101e-09
3.51158e-08
-1.03328e-16
1.16952e-17
-4.85609e-12
-1.0642e-16
-4.5009e-19
2.61404e-20
-8.86849e-18
1.98312e-18
-6.38464e-19
1.64015e-17
-5.25878e-18
3.20671e-18
-2.40239e-17
4.2238e-18
-5.81491e-17
1.44352e-17
-1.20372e-07
1.61729e-08
-2.21712e-07
6.30057e-08
-2.45083e-07
7.3508e-08
-1.05137e-09
8.70479e-09
-1.05137e-09
1.24214e-17
7.26372e-12
-6.79218e-10
-3.17948e-19
4.33693e-20
-6.19049e-18
1.77829e-18
-3.87067e-17
1.52532e-17
-2.9692e-12
1.34276e-12
2.04178e-12
3.25469e-12
2.04173e-12
3.33467e-17
-1.01389e-07
1.24349e-08
-2.78562e-07
6.52697e-08
-1.35573e-07
5.888e-08
-5.88501e-10
3.41644e-09
-5.88501e-10
2.16263e-17
2.77202e-11
-4.06081e-10
-6.34191e-19
1.96485e-19
-7.23068e-18
4.16443e-18
-3.50802e-17
2.13587e-17
-1.81603e-12
5.27696e-13
1.70168e-12
1.23372e-12
1.70158e-12
8.75061e-17
-8.51043e-08
1.20883e-08
-1.93758e-07
3.39923e-08
-3.44334e-09
1.57448e-08
-1.18028e-16
-2.69009e-11
-1.24677e-16
2.35261e-17
2.77202e-11
-1.47132e-16
-2.42582e-18
1.93766e-18
-1.31986e-17
1.61155e-17
-9.89842e-14
3.39205e-14
-1.28566e-13
2.08324e-15
2.43828e-14
2.9951e-14
-3.48911e-09
3.48913e-09
-2.3985e-08
4.06978e-08
-3.73523e-08
4.29222e-08
-1.93913e-08
1.05727e-08
-1.06215e-08
2.50104e-09
-5.74537e-09
3.70908e-09
6.7095e-10
-5.85225e-10
-2.15151e-16
2.91678e-17
-4.19987e-15
1.23927e-15
-2.02645e-15
9.74144e-17
-5.87531e-17
8.9609e-17
2.97705e-14
9.81453e-17
-1.19412e-08
3.22526e-08
-2.66158e-08
8.12687e-08
-3.38399e-09
8.31834e-08
-2.71646e-09
2.36546e-09
-6.19293e-09
2.79325e-10
-9.80693e-09
4.19727e-09
1.41175e-09
-7.42192e-09
-7.59221e-17
1.04895e-16
-4.59287e-17
3.63024e-16
-5.18507e-17
1.03678e-16
-6.01477e-17
7.12157e-17
-5.55625e-17
6.40439e-17
-4.30887e-09
1.87094e-08
-3.47838e-09
8.04382e-08
-8.00888e-09
8.77139e-08
-4.19826e-10
4.18863e-09
-1.40502e-10
3.38371e-16
-4.37393e-11
-3.57656e-12
-2.23591e-12
4.69396e-10
-1.16699e-12
1.01453e-12
-4.01946e-17
4.95612e-12
-4.47601e-17
9.88687e-17
-1.9325e-14
1.93605e-14
1.71016e-13
1.35154e-14
3.35031e-09
-2.96369e-10
2.44508e-09
2.92293e-09
-9.84303e-09
2.71735e-08
8.96789e-12
6.71044e-09
3.01812e-16
8.96686e-12
7.34079e-12
-1.09177e-11
-5.90259e-10
1.52663e-10
8.57819e-14
7.27789e-13
5.04576e-12
6.3565e-15
-7.3512e-12
9.0774e-11
5.46384e-11
2.08095e-10
2.11782e-10
1.89288e-11
2.78047e-10
9.25681e-12
1.03984e-09
2.89695e-11
4.12517e-09
2.66002e-09
2.99165e-09
7.36692e-10
5.94648e-09
3.08271e-11
6.15116e-09
2.7654e-10
-1.35097e-10
5.20386e-09
-4.21903e-19
7.2779e-13
8.49802e-18
6.34756e-15
1.82861e-17
9.0774e-11
5.52741e-17
2.08095e-10
5.44422e-14
1.88744e-11
6.25412e-11
-1.87436e-09
1.4298e-16
9.15105e-11
1.54519e-16
2.66002e-09
1.64592e-16
7.36692e-10
-1.68201e-12
3.25093e-11
1.59604e-10
2.8764e-09
1.88927e-10
9.51669e-10
7.67512e-08
-1.67638e-07
1.81455e-07
-1.89575e-07
3.81723e-07
-2.18651e-07
6.96729e-07
-2.85828e-07
9.89101e-07
-2.78005e-07
1.15213e-06
-2.73905e-07
1.19652e-06
1.31014e-07
1.27399e-06
2.78755e-07
1.09904e-06
1.28141e-08
4.17931e-07
-1.16535e-07
2.36776e-08
-8.828e-08
8.01674e-09
-3.66276e-08
-1.5204e-08
-7.53035e-11
-3.35721e-10
-2.68351e-11
-3.35721e-10
-8.80056e-18
-1.2056e-09
-1.27405e-09
-8.44191e-10
-6.32061e-09
-1.07866e-08
5.65266e-09
-3.15819e-09
-2.64254e-09
-2.61051e-09
3.0791e-09
-2.43016e-10
-2.68026e-10
-2.42615e-11
-1.78315e-10
-7.19999e-14
-3.00652e-10
-7.28762e-14
-1.38225e-16
-7.53034e-11
-8.46924e-17
-2.86708e-11
-7.98865e-17
-1.64333e-17
-3.07185e-09
-2.30871e-17
-9.77412e-09
-1.27626e-16
2.81478e-09
-1.48997e-10
2.2899e-08
-6.00272e-09
3.56517e-08
-7.99072e-09
1.64813e-08
1.95638e-08
3.20832e-09
1.79396e-08
1.52706e-10
-1.80764e-09
-6.74328e-09
-3.19145e-10
-2.94372e-11
-1.82694e-15
-1.73036e-15
-7.00405e-17
-1.7709e-15
-5.77129e-17
-3.78513e-17
-4.28982e-17
-1.40004e-16
-1.48997e-10
-5.58968e-17
5.22513e-10
-2.18511e-09
5.9451e-08
-1.72811e-08
7.63583e-08
8.56585e-09
9.23283e-08
-3.93963e-09
4.17364e-08
6.82233e-08
4.65302e-08
-2.46646e-14
-2.52342e-12
-1.15114e-14
-1.03186e-14
-2.60781e-16
-8.56153e-15
-2.44787e-16
-7.26296e-17
-7.87462e-17
-4.81379e-16
7.05008e-16
-8.40813e-16
-5.70218e-10
-9.63084e-17
-5.42231e-10
-5.02989e-17
1.36916e-08
-1.76835e-08
8.21783e-09
3.26747e-09
4.98694e-09
6.91437e-08
5.37547e-08
-3.43757e-14
-2.48931e-12
-2.57842e-14
-9.28326e-17
-6.44299e-15
-6.2863e-15
-4.97025e-16
-6.09842e-15
-5.69931e-16
-6.73487e-16
-2.08637e-17
-1.94841e-15
2.91132e-17
-1.42149e-16
7.06104e-17
-9.18715e-17
1.54484e-07
-1.98656e-08
7.47999e-08
1.989e-07
2.25243e-08
3.39558e-07
2.08459e-07
-6.08574e-15
-1.17125e-09
-6.66688e-15
-1.15131e-16
-2.82893e-14
-1.07265e-14
-6.62666e-15
-1.0606e-13
-7.10679e-16
-6.84241e-15
-1.54734e-17
-2.42685e-15
3.79467e-17
-2.96765e-16
8.16224e-17
-1.33858e-16
3.31765e-07
-6.64394e-08
3.69121e-07
4.19007e-07
1.47217e-07
5.98724e-07
3.55676e-07
-1.25138e-09
-2.40489e-09
-4.39496e-15
-1.25138e-09
-2.89191e-14
-1.17606e-14
-1.72885e-15
3.39121e-14
-9.0023e-16
-8.08025e-15
-3.53542e-18
-6.29093e-16
4.70821e-17
-1.07663e-15
8.46268e-17
-1.73217e-16
4.91326e-07
-1.44165e-07
4.01403e-07
5.45733e-07
1.71289e-07
8.28837e-07
5.26965e-07
4.06378e-10
-9.59297e-10
-4.45668e-12
-2.87687e-10
-3.3639e-15
-4.49396e-12
7.39644e-15
1.00581e-12
3.92609e-16
2.05956e-14
6.83758e-17
-5.12176e-16
9.91079e-17
2.90851e-16
1.53778e-16
-2.22758e-16
4.49941e-07
-1.79814e-07
3.84224e-07
6.19291e-07
1.63426e-07
1.04964e-06
6.90391e-07
2.73137e-10
-1.56438e-09
8.13655e-12
-3.20261e-10
2.39868e-12
-2.80062e-12
8.42185e-13
-6.34345e-11
1.19769e-14
-1.72848e-11
1.9979e-16
8.65321e-15
2.60192e-16
1.37769e-14
8.58773e-16
-1.37488e-16
7.58594e-08
-5.31737e-08
2.65422e-07
4.57431e-07
1.23903e-07
1.19115e-06
8.14294e-07
1.73412e-09
4.60001e-10
3.24126e-11
1.21483e-10
2.96114e-11
-2.59147e-16
4.53692e-10
-2.79549e-10
3.24903e-10
-2.3795e-10
-5.10814e-12
1.0985e-10
2.325e-14
-1.21903e-11
2.31824e-14
-7.80612e-17
5.37458e-09
-7.08953e-17
2.34192e-07
1.23799e-07
1.20621e-07
1.30473e-06
9.27343e-07
6.29818e-11
1.04938e-09
6.07122e-16
1.84463e-10
2.32482e-12
-2.32503e-12
1.14427e-09
1.59617e-10
1.04021e-09
-1.9908e-12
6.34692e-10
-1.73819e-09
1.52143e-16
7.10869e-12
4.87772e-17
2.3608e-17
2.75473e-18
-2.48729e-17
5.81523e-08
4.21053e-10
1.4771e-07
1.18685e-06
1.07505e-06
3.10607e-08
-1.83784e-08
8.60255e-08
-9.57467e-08
1.24621e-08
-1.33475e-07
4.59698e-16
1.26217e-08
4.03333e-16
-1.60278e-10
9.28014e-09
1.04899e-09
2.5098e-16
9.28725e-09
1.37466e-16
1.37122e-16
7.1961e-17
4.06322e-17
3.68625e-10
5.24279e-11
3.10282e-07
3.93629e-07
1.38533e-06
1.24724e-29
-1.84234e-28
7.35615e-27
-3.57725e-26
1.30733e-25
-3.70874e-25
4.15431e-25
-5.78078e-25
2.68834e-25
3.41627e-26
3.90867e-26
3.82617e-26
-3.13828e-23
2.74402e-25
-3.7232e-21
1.15315e-22
-5.95366e-20
4.05567e-21
-4.83397e-19
3.99987e-20
-2.39208e-18
2.34393e-19
8.78737e-19
-7.54995e-18
-5.98364e-27
-1.48057e-27
6.44789e-27
-2.79563e-25
1.42915e-25
-2.53717e-24
-1.19905e-24
3.72853e-25
-5.90162e-22
9.96143e-24
-4.02703e-20
1.26637e-21
-7.6061e-19
5.32104e-20
-6.35839e-18
7.25429e-19
-3.2834e-17
4.72166e-18
-1.64296e-16
1.96765e-17
-9.65753e-16
8.03448e-17
3.81572e-16
-4.18326e-15
-2.76964e-26
-3.23914e-26
-3.17053e-24
-7.06925e-25
-9.87379e-23
2.89622e-24
-4.62707e-21
1.10221e-22
-1.11809e-19
5.38639e-21
-1.29771e-18
1.27445e-19
-8.28543e-18
1.35888e-18
-3.33874e-17
7.70251e-18
-1.06074e-16
2.71449e-17
-3.23258e-16
7.45319e-17
-8.83692e-16
1.93187e-16
4.37586e-16
-1.48237e-15
-3.9701e-24
5.0284e-26
-2.20674e-22
7.75723e-24
-5.51557e-21
2.46636e-22
-8.35415e-20
5.2372e-21
-8.08091e-19
8.0278e-20
-5.10206e-18
8.16992e-19
-2.09676e-17
5.22417e-18
-5.86388e-17
2.07784e-17
-1.26563e-16
5.44772e-17
-2.51247e-16
1.07027e-16
-4.69176e-16
1.87557e-16
2.98066e-16
-6.48852e-16
-1.03552e-22
4.83888e-24
-3.0464e-21
2.83046e-22
-3.71184e-20
3.83739e-21
-3.09528e-19
3.37986e-20
-1.94147e-18
2.67417e-19
-9.0009e-18
1.81657e-18
-2.98507e-17
9.10892e-18
-7.01101e-17
3.13452e-17
-1.22753e-16
7.42274e-17
-1.8058e-16
1.26392e-16
-2.48748e-16
1.73149e-16
2.11747e-16
-3.14027e-16
-6.9223e-22
8.10339e-23
-1.16526e-20
2.18658e-21
-9.11159e-20
1.57483e-20
-5.30185e-19
8.03734e-20
-2.53013e-18
4.17598e-19
-9.75963e-18
2.20784e-18
-2.90222e-17
9.70617e-18
-6.3366e-17
3.15186e-17
-1.01885e-16
7.51546e-17
-1.2851e-16
1.29898e-16
-1.42894e-16
1.67385e-16
1.79242e-16
-1.57776e-16
-1.88369e-21
4.28272e-22
-2.1049e-20
6.54487e-21
-1.15518e-19
2.9843e-20
-4.99112e-19
9.88077e-20
-1.93215e-18
3.65208e-19
-6.64638e-18
1.64901e-18
-1.90132e-17
6.79417e-18
-4.10448e-17
2.12378e-17
-6.38265e-17
5.30635e-17
-7.40233e-17
1.04579e-16
-6.77461e-17
1.50257e-16
1.64849e-16
-5.96571e-17
-5.26294e-21
3.94676e-21
-2.55385e-20
1.98764e-20
-7.99248e-20
3.74763e-20
-2.40229e-19
6.78127e-20
-7.3377e-19
1.73981e-19
-2.31987e-18
7.53826e-19
-6.87778e-18
3.11924e-18
-1.56156e-17
9.08337e-18
-2.17949e-17
2.22445e-17
-1.54468e-17
5.46116e-17
6.41813e-18
9.90046e-17
1.32694e-16
2.83121e-17
-2.60204e-18
1.6599e-18
-1.32056e-17
1.08838e-17
-2.12075e-17
1.97036e-17
-7.84752e-18
1.55514e-17
-3.28339e-19
5.0835e-18
-8.57412e-20
1.70099e-18
-5.22682e-19
9.63567e-19
-1.69912e-18
2.46993e-18
6.88543e-19
4.75912e-18
9.93273e-18
1.70406e-17
4.06936e-17
3.59876e-17
6.42685e-17
8.72786e-17
-1.47483e-18
4.3199e-18
-1.17621e-18
7.70422e-18
1.14753e-20
1.7975e-18
8.52761e-18
-1.22013e-17
1.31314e-17
-6.51292e-18
5.36878e-19
1.38657e-17
4.55827e-19
5.54172e-19
2.48661e-19
2.20701e-18
3.68283e-19
5.10958e-18
1.29913e-17
4.66557e-18
3.23161e-17
5.44629e-18
1.13702e-17
7.64168e-17
2.23384e-22
4.31967e-18
7.19929e-20
7.63245e-18
8.9986e-09
-1.01453e-10
6.97698e-08
-1.19427e-07
6.72382e-08
-2.33405e-07
4.20521e-09
-3.49748e-09
3.95011e-12
4.20126e-09
1.09198e-08
2.39918e-07
9.53077e-09
6.73321e-09
3.6767e-17
9.53077e-09
3.88739e-17
1.19989e-18
8.44174e-16
1.54919e-16
5.86975e-08
-7.22018e-09
2.13016e-07
-3.48467e-09
7.96708e-07
-3.1467e-07
1.45581e-06
-7.14501e-07
1.65936e-06
-7.61487e-07
1.35572e-06
-1.69968e-07
1.43482e-06
3.45978e-07
1.90324e-06
3.24793e-07
1.82445e-06
-6.99439e-09
1.01105e-06
5.61324e-07
8.28871e-07
1.89151e-07
2.64465e-07
-3.85771e-07
-2.74733e-17
2.09566e-18
-7.40466e-17
5.49659e-18
-9.91519e-17
9.49606e-18
-1.51472e-16
3.43503e-16
-1.98284e-16
4.72384e-16
-2.10934e-16
3.40165e-16
-2.17627e-15
1.98378e-15
-1.48932e-14
-3.61381e-13
-9.72769e-15
-2.29964e-16
-4.34294e-18
-1.4537e-14
-1.31786e-21
-3.43521e-19
-3.59951e-20
-4.41745e-15
1.29077e-15
-2.40065e-16
9.91574e-16
-1.24141e-14
1.2322e-14
-3.1633e-12
1.45855e-12
-2.87401e-11
-3.7389e-12
-4.42716e-11
-1.2965e-11
-2.61208e-11
-1.64153e-11
-9.2181e-14
-4.7686e-12
-9.24354e-14
-2.20834e-17
-1.22125e-18
2.40985e-14
-2.34996e-19
-8.25788e-18
-5.06688e-19
6.26028e-16
5.81895e-16
1.28846e-15
1.25163e-16
-2.99247e-11
5.74224e-13
-1.28475e-10
7.51369e-12
-1.25346e-10
-6.86793e-12
-1.17408e-10
-2.09037e-11
-8.864e-11
-1.28796e-11
-4.90495e-13
-2.12776e-13
-7.9498e-17
-4.90501e-13
-1.37945e-17
2.40104e-14
-8.33763e-19
-3.11241e-17
-6.05748e-18
-4.75385e-16
3.33312e-16
-7.67595e-16
1.82199e-16
-4.32403e-11
1.16649e-12
-1.31988e-10
6.89581e-12
-1.38136e-10
-7.21756e-13
-5.81139e-11
-2.69652e-17
-4.45198e-13
-1.37504e-15
-6.57779e-13
-1.12774e-16
-3.64591e-12
-3.31091e-13
-4.10879e-13
-1.50527e-11
-4.54586e-15
-6.76717e-12
-4.56038e-15
-4.02547e-16
2.23313e-16
-7.05676e-16
2.19627e-16
-7.20482e-12
9.48647e-14
-6.65721e-12
4.15871e-14
-1.21195e-16
-3.7225e-18
-1.22274e-16
-4.68473e-17
-1.95053e-16
-1.26364e-15
-2.35187e-16
-7.81817e-17
-3.3083e-13
-2.59644e-16
-1.84668e-11
-1.16448e-11
-3.30031e-12
-6.87212e-11
-5.75279e-11
-2.02371e-16
1.75789e-16
-8.43789e-14
6.68842e-15
-4.15919e-14
1.4488e-16
-9.64979e-17
3.87906e-17
-1.56795e-16
2.50929e-18
-1.52104e-16
-4.03652e-17
-1.25418e-14
-6.29623e-16
6.04442e-15
-7.15796e-14
2.10998e-13
-2.04984e-13
-4.72665e-12
-9.29575e-13
-3.14178e-11
-3.75646e-11
-8.89458e-11
-1.8695e-16
1.54111e-16
-5.75269e-17
4.21356e-16
-5.25806e-17
9.11575e-17
-6.70372e-17
4.50427e-17
-8.66644e-17
1.38636e-17
-6.56092e-17
-2.7097e-17
-6.43803e-16
-3.14905e-17
-2.57819e-13
-2.19674e-14
-9.68945e-14
-1.92451e-12
1.17973e-12
-3.61172e-12
-2.10965e-11
-4.9286e-12
-3.16472e-16
3.55606e-17
1.39258e-16
2.97079e-17
1.27091e-16
1.49678e-17
8.38205e-17
3.36177e-18
4.42116e-17
-7.16805e-18
1.47477e-17
-8.53132e-18
-4.72886e-18
-1.42305e-17
-1.06458e-17
-2.19704e-14
-1.87585e-17
-3.40705e-12
-1.05618e-12
-3.71625e-12
-3.44591e-11
-7.45719e-17
-8.88485e-11
-3.91044e-16
1.18407e-16
9.65946e-17
1.17994e-16
1.08283e-16
9.59099e-17
8.98545e-17
6.67877e-17
5.50727e-17
3.8889e-17
2.08046e-17
1.78482e-17
-2.97451e-19
6.9326e-18
-1.08772e-17
3.5544e-18
-2.62399e-17
2.70175e-14
-2.91069e-17
-1.82025e-11
-1.65804e-11
-6.17672e-12
-4.4e-10
-6.17712e-12
1.27427e-16
3.91045e-17
1.54054e-16
7.09951e-17
1.48584e-16
7.69934e-17
1.2125e-16
5.71619e-17
8.47474e-17
2.78075e-17
5.02386e-17
4.83436e-18
2.83683e-17
-1.20353e-17
2.7224e-17
-3.80585e-17
1.36699e-17
-5.1259e-17
8.38587e-13
-2.47343e-17
1.50974e-11
-2.95396e-10
-2.36609e-10
1.35501e-16
2.94499e-17
1.44064e-16
4.07647e-17
1.4855e-16
5.45471e-17
1.33281e-16
4.68596e-17
1.0303e-16
2.68764e-17
6.92826e-17
8.07384e-18
8.40518e-17
-5.5416e-17
9.54614e-17
1.20719e-16
6.54824e-17
-3.45528e-17
1.63119e-17
-4.06525e-17
8.56987e-11
-8.75171e-13
-1.5091e-10
5.3663e-09
1.28739e-08
1.29918e-16
5.3663e-09
7.33606e-17
2.23459e-17
9.09537e-18
1.06785e-16
9.11576e-18
2.96877e-17
8.86948e-18
5.07129e-18
1.97083e-14
-1.27893e-14
4.95037e-14
-7.10564e-13
9.47884e-17
4.88645e-14
7.07655e-17
-5.25214e-17
8.81781e-13
-1.7572e-12
6.36528e-11
3.00937e-31
-6.44352e-30
4.16536e-28
-3.1862e-27
1.08739e-26
-4.93758e-26
4.22113e-26
-1.44149e-25
2.9754e-26
-8.53809e-26
5.53474e-27
4.83532e-28
7.94053e-28
3.77635e-28
8.02151e-26
4.72937e-25
-8.70002e-22
1.77515e-22
-5.2133e-21
1.33496e-21
-1.57659e-20
3.94422e-21
7.81073e-21
-3.44763e-20
1.7603e-30
-1.3479e-28
3.56707e-27
-4.49429e-26
9.63084e-26
-6.18563e-25
4.68566e-25
-2.17218e-24
5.30714e-25
-1.50442e-24
6.45082e-25
2.27899e-24
-1.94507e-21
5.00114e-22
-1.31512e-20
4.98592e-21
-4.34244e-20
1.65224e-20
-1.02645e-19
3.69331e-20
-1.97825e-19
6.49386e-20
9.55421e-20
-3.30329e-19
3.74989e-29
-3.34226e-27
1.08888e-26
-3.84253e-25
1.33873e-25
-4.41925e-24
-1.83228e-24
-1.37246e-23
-3.68402e-22
1.49512e-23
-3.83581e-21
9.57922e-22
-1.82541e-20
7.17894e-21
-5.64576e-20
2.62831e-20
-1.33483e-19
6.44681e-20
-2.62171e-19
1.22766e-19
-4.48504e-19
1.94499e-19
2.64696e-19
-6.87385e-19
-1.24252e-25
-2.20573e-26
-4.28117e-24
-1.34983e-24
-6.54986e-23
-6.38151e-24
-7.13753e-22
2.21112e-23
-3.90447e-21
5.85265e-22
-1.4687e-20
4.61557e-21
-4.25555e-20
2.00396e-20
-1.01127e-19
5.83052e-20
-2.05333e-19
1.27776e-19
-3.66159e-19
2.27173e-19
-5.8496e-19
3.41989e-19
4.45418e-19
-8.49794e-19
-3.42354e-24
9.76146e-26
-8.57441e-23
4.48738e-24
-7.25186e-22
4.8975e-23
-3.30086e-21
3.39323e-22
-1.0543e-20
1.97266e-21
-2.68928e-20
9.07563e-21
-5.91276e-20
3.15367e-20
-1.17082e-19
8.34923e-20
-2.12046e-19
1.75202e-19
-3.51431e-19
3.03106e-19
-5.32591e-19
4.4479e-19
5.62828e-19
-7.40306e-19
-2.94378e-23
2.73328e-24
-4.19765e-22
6.45157e-23
-2.22504e-21
3.58189e-22
-7.13994e-21
1.11213e-21
-1.7153e-20
3.31276e-21
-3.39913e-20
1.08501e-20
-5.95194e-20
3.36547e-20
-9.7736e-20
8.73113e-20
-1.5562e-19
1.84703e-19
-2.39082e-19
3.2234e-19
-3.45991e-19
4.72193e-19
5.87863e-19
-4.62561e-19
-9.88375e-23
1.95371e-23
-9.46152e-22
2.65702e-22
-3.79503e-21
9.64993e-22
-9.8086e-21
1.9119e-21
-1.94924e-20
3.41067e-21
-3.19345e-20
8.15259e-21
-4.4645e-20
2.45024e-20
-5.5785e-20
6.77713e-20
-6.82163e-20
1.54172e-19
-8.93015e-20
2.84787e-19
-1.24165e-19
4.31651e-19
5.42221e-19
-1.68238e-19
-1.61246e-22
5.45154e-23
-1.1402e-21
4.89735e-22
-3.6806e-21
1.31892e-21
-8.04767e-21
1.84836e-21
-1.38767e-20
1.88844e-21
-1.92898e-20
2.75344e-21
-1.97563e-20
1.00006e-20
-8.87255e-21
3.60012e-20
1.17374e-20
1.01158e-19
3.75035e-20
2.10694e-19
6.02486e-20
3.4398e-19
4.53751e-19
6.76314e-20
-2.67477e-21
2.5995e-22
-7.38531e-20
8.98415e-21
-6.67122e-19
9.99463e-20
-2.48221e-19
3.47705e-19
-4.40132e-18
1.14859e-17
-2.30349e-21
-5.69031e-18
2.95669e-21
2.18873e-22
1.82571e-20
1.15525e-20
5.22596e-20
4.94479e-20
1.05822e-19
1.26418e-19
1.68487e-19
2.34214e-19
3.36643e-19
2.2062e-19
-1.48443e-19
5.18642e-20
-1.78225e-20
6.04407e-19
1.24452e-20
5.65392e-20
1.89154e-14
1.47e-16
7.28769e-14
1.03885e-14
7.73355e-14
3.0282e-13
1.19397e-15
-1.20079e-14
3.18973e-19
1.16203e-15
2.46439e-19
6.77851e-20
2.28471e-19
1.13584e-19
2.36714e-19
1.5882e-19
2.25238e-19
2.87294e-19
8.82128e-24
5.18542e-20
3.62055e-21
6.00788e-19
7.10085e-12
-1.59479e-10
1.59232e-16
7.10066e-12
-7.03565e-14
7.95133e-14
7.4903e-12
7.16971e-12
7.62232e-12
4.65171e-13
1.39888e-12
-1.76516e-14
3.44029e-17
1.39882e-12
3.70045e-19
3.41524e-17
8.88257e-19
3.51973e-19
3.63964e-19
7.42771e-19
9.34548e-10
-4.5588e-11
4.67914e-09
-1.75683e-16
6.35537e-09
-7.98509e-18
6.12906e-09
-3.24747e-09
1.83e-09
-6.2752e-09
2.36914e-11
-3.34117e-10
2.91274e-11
6.58197e-11
7.02665e-12
3.64739e-12
2.39447e-11
1.06204e-11
3.72474e-12
1.91974e-12
3.07867e-17
3.72462e-12
3.2728e-19
3.09306e-17
-6.19744e-20
1.19805e-20
-9.71909e-20
1.49116e-20
-1.37201e-19
1.4774e-20
-1.77689e-19
1.00837e-20
-2.13739e-19
1.73436e-23
-2.13797e-19
-4.24591e-20
-1.78306e-19
-8.18714e-20
-1.17644e-19
-1.08177e-19
-5.30852e-20
-1.09865e-19
-1.03612e-20
-8.05748e-20
-2.15986e-23
-3.17894e-20
-5.29499e-22
-4.93301e-19
1.2012e-19
-6.70156e-19
1.27762e-19
-8.35493e-19
1.08088e-19
-9.5911e-19
5.50433e-20
-1.00452e-18
-3.83325e-20
-9.61899e-19
-1.72277e-19
-8.24539e-19
-3.08693e-19
-6.04514e-19
-4.19206e-19
-3.42237e-19
-4.63557e-19
-1.1345e-19
-3.97395e-19
-3.6443e-21
-2.13497e-19
-1.91293e-20
-9.60179e-19
3.11944e-19
-1.23569e-18
3.1324e-19
-1.47516e-18
2.50883e-19
-1.63972e-18
1.18824e-19
-1.70625e-18
-7.4232e-20
-1.67445e-18
-3.06259e-19
-1.52422e-18
-5.6181e-19
-1.23509e-18
-8.14237e-19
-8.14749e-19
-9.95961e-19
-3.49955e-19
-9.82332e-19
-3.2053e-20
-6.52524e-19
-1.1739e-19
-1.13611e-18
5.04421e-19
-1.41255e-18
4.89667e-19
-1.64913e-18
3.84871e-19
-1.82282e-18
1.90398e-19
-1.92934e-18
-6.71159e-20
-1.98739e-18
-3.42934e-19
-1.95948e-18
-6.8258e-19
-1.77374e-18
-1.09609e-18
-1.35169e-18
-1.52493e-18
-7.10584e-19
-1.75029e-18
-1.17067e-19
-1.39726e-18
-3.745e-19
-9.51131e-19
6.17312e-19
-1.14382e-18
5.81711e-19
-1.30957e-18
4.51938e-19
-1.45364e-18
2.4129e-19
-1.58249e-18
-2.41044e-20
-1.74439e-18
-2.57061e-19
-1.90898e-18
-5.88443e-19
-1.97706e-18
-1.09999e-18
-1.76646e-18
-1.82028e-18
-1.12543e-18
-2.50527e-18
-2.74757e-19
-2.40667e-18
-8.48762e-19
-5.68146e-19
6.24716e-19
-6.48382e-19
5.6367e-19
-7.09054e-19
4.20863e-19
-7.79069e-19
2.31969e-19
-8.83966e-19
1.76459e-20
-1.07706e-18
-1.17748e-19
-1.36947e-18
-3.40346e-19
-1.70246e-18
-8.09383e-19
-1.85045e-18
-1.72644e-18
-1.44623e-18
-2.99995e-18
-4.73447e-19
-3.53052e-18
-1.54871e-18
-2.06481e-19
5.64944e-19
-2.2265e-19
4.82369e-19
-2.14646e-19
3.26588e-19
-2.08981e-19
1.61333e-19
-2.65093e-19
3.21762e-20
-3.89253e-19
-2.41034e-20
-6.3977e-19
-1.09915e-19
-1.05867e-18
-4.04387e-19
-1.5091e-18
-1.29713e-18
-1.50355e-18
-3.06966e-18
-6.35781e-19
-4.53707e-18
-2.41203e-18
5.43358e-20
4.84793e-19
2.62596e-20
4.11128e-19
-1.25775e-21
2.57849e-19
-5.9117e-21
1.0017e-19
-1.42104e-20
1.32931e-20
-3.9948e-20
-8.3193e-21
-1.24852e-19
-2.90996e-20
-3.72153e-19
-1.49946e-19
-8.38698e-19
-8.20172e-19
-1.18118e-18
-2.76793e-18
-6.59423e-19
-5.19071e-18
-3.28869e-18
2.41902e-19
3.8226e-19
2.21365e-19
3.39255e-19
1.64218e-19
2.23297e-19
9.37788e-20
9.73273e-20
3.99543e-20
2.12247e-20
1.71184e-20
-8.07793e-21
1.36099e-20
-3.48314e-20
1.9338e-20
-1.44592e-19
-4.95405e-20
-7.16956e-19
-4.4181e-19
-2.40055e-18
-4.37659e-19
-5.33328e-18
-3.93554e-18
3.30576e-19
2.7265e-19
3.30803e-19
2.61951e-19
2.80615e-19
1.92522e-19
2.01995e-19
1.0335e-19
1.31087e-19
3.61752e-20
8.41191e-20
-1.84792e-21
6.74604e-20
-4.09364e-20
1.27154e-19
-1.98745e-19
3.00749e-19
-8.67813e-19
3.78368e-19
-2.504e-18
1.37492e-19
-5.25658e-18
-4.014e-18
5.19877e-19
2.75986e-19
4.16879e-19
2.15689e-19
3.53199e-19
1.59655e-19
2.85225e-19
9.71781e-20
2.18933e-19
4.25878e-20
1.65632e-19
3.63822e-21
1.78019e-19
-1.12796e-19
4.07116e-19
-4.69277e-19
9.92658e-19
-1.46129e-18
1.53508e-18
-3.12936e-18
1.27859e-18
-5.25074e-18
-2.99603e-18
3.29116e-19
1.65408e-19
3.74214e-19
5.29531e-19
3.68363e-19
1.21149e-19
3.33655e-19
8.28702e-20
2.85108e-19
4.1067e-20
2.48693e-19
5.47659e-21
9.19948e-19
-1.78315e-18
1.79902e-18
-3.34996e-18
3.4648e-18
-4.10972e-18
4.99684e-18
-5.12954e-18
4.69826e-18
-5.49988e-18
1.28052e-18
-1.54162e-08
1.54162e-08
-6.1375e-08
4.59588e-08
-1.23782e-07
6.2407e-08
-1.8708e-07
6.32986e-08
-2.38514e-07
5.14337e-08
-2.71462e-07
3.29479e-08
-2.85858e-07
1.43957e-08
-2.80677e-07
-5.18024e-09
-2.61222e-07
-1.9455e-08
-2.33278e-07
-2.79442e-08
-2.01386e-07
-3.18926e-08
-2.24253e-08
-1.7896e-07
-6.16477e-08
7.70638e-08
-1.89391e-07
1.73702e-07
-3.43855e-07
2.16871e-07
-4.91682e-07
2.11125e-07
-6.05226e-07
1.64978e-07
-6.71174e-07
9.88953e-08
-6.87342e-07
3.0564e-08
-6.62855e-07
-2.95745e-08
-6.1405e-07
-6.76341e-08
-5.54792e-07
-8.66106e-08
-4.87258e-07
-9.93523e-08
-7.27934e-08
-4.36498e-07
-9.42727e-08
1.71337e-07
-2.91247e-07
3.70677e-07
-5.24722e-07
4.50346e-07
-7.42281e-07
4.28684e-07
-8.96919e-07
3.19617e-07
-9.75058e-07
1.77034e-07
-9.8919e-07
4.4696e-08
-9.45049e-07
-7.26376e-08
-8.5496e-07
-1.52579e-07
-7.47363e-07
-1.98144e-07
-6.66567e-07
-1.86155e-07
-1.2529e-07
-6.07489e-07
-1.1946e-07
2.90796e-07
-3.63128e-07
6.14345e-07
-6.55182e-07
7.424e-07
-9.30285e-07
7.03786e-07
-1.10204e-06
4.91377e-07
-1.16633e-06
2.41316e-07
-1.16727e-06
4.56395e-08
-1.09587e-06
-1.44035e-07
-9.8752e-07
-2.60932e-07
-8.53599e-07
-3.33377e-07
-7.25639e-07
-3.14115e-07
-2.58264e-07
-5.07264e-07
-1.13846e-07
4.04642e-07
-3.51566e-07
8.52065e-07
-6.43754e-07
1.03459e-06
-9.18247e-07
9.78279e-07
-9.25761e-07
4.63421e-07
-8.323e-07
1.0535e-07
-8.21719e-07
1.36627e-08
-8.81275e-07
-3.59574e-08
-9.29995e-07
-1.72496e-07
-8.32909e-07
-4.05456e-07
-7.37253e-07
-4.09771e-07
-3.64503e-07
-6.31014e-07
-7.03152e-08
4.74957e-07
-2.26777e-07
1.00853e-06
-4.1598e-07
1.22379e-06
-4.21334e-07
9.25571e-07
-1.13344e-07
1.85709e-08
-1.33148e-08
2.51377e-12
3.62955e-11
1.47617e-18
-3.59211e-08
-2.29644e-17
-1.34755e-07
-5.08036e-17
-3.64672e-07
-8.30838e-09
-5.46331e-07
-1.02194e-07
-2.6983e-07
-5.79906e-07
-8.99966e-09
4.83957e-07
-3.94979e-08
1.03902e-06
-6.13018e-08
1.23867e-06
5.71885e-09
6.81409e-07
-2.51373e-12
1.69302e-09
-7.61431e-18
5.63256e-17
-1.64759e-17
1.78904e-17
-2.31246e-17
-8.51105e-18
-3.37734e-17
-2.21476e-17
-8.30838e-09
-2.29096e-17
-6.52372e-08
-3.15876e-17
-3.02094e-17
-1.41999e-07
4.56153e-08
4.38341e-07
1.51154e-07
9.33486e-07
3.11534e-07
1.07829e-06
1.48077e-07
6.61298e-07
1.01055e-16
8.66066e-08
6.30859e-17
8.21333e-17
2.97992e-17
4.05461e-17
1.08796e-17
6.44577e-18
-5.91829e-18
-5.05217e-18
-1.82536e-17
-6.40409e-18
-2.70001e-17
-1.80722e-17
-2.69802e-17
-3.49981e-17
5.77393e-08
3.80602e-07
2.41065e-07
7.5016e-07
4.84484e-07
8.3487e-07
4.80845e-07
5.78645e-07
2.65479e-08
3.42947e-07
1.07895e-16
2.65479e-08
7.68678e-17
5.52513e-17
6.01504e-17
1.09517e-17
4.13813e-17
7.49538e-18
1.32671e-17
1.90501e-17
-6.2201e-18
1.15711e-18
-1.79248e-17
-1.4715e-17
6.0758e-08
3.19844e-07
2.89092e-07
5.21827e-07
5.66096e-07
5.57866e-07
8.71723e-07
2.73017e-07
5.35113e-07
5.0449e-07
4.65196e-08
2.81586e-07
9.85346e-17
4.65196e-08
1.1342e-16
1.50634e-18
8.48392e-17
1.83886e-17
6.43142e-17
4.42874e-17
3.95586e-17
2.49438e-17
-7.29251e-18
2.77526e-17
1.72268e-07
1.47577e-07
5.03499e-07
1.90595e-07
7.84359e-07
2.77007e-07
1.06674e-06
-9.36686e-09
1.07438e-06
4.96848e-07
9.60004e-07
1.98251e-07
1.65486e-07
4.28979e-07
3.87714e-08
-1.5774e-07
1.30404e-08
-3.92031e-08
-6.09623e-12
1.30465e-08
3.9106e-09
7.22384e-08
3.9106e-09
1.17044e-16
2.19614e-07
-2.03048e-17
5.02654e-07
-2.26712e-18
9.82255e-07
-6.63582e-20
1.51801e-06
-8.4981e-20
1.42923e-06
5.85628e-07
1.60216e-06
2.53225e-08
1.5018e-06
4.3219e-07
1.42169e-06
-1.69775e-07
1.36714e-06
-3.08613e-07
1.33996e-06
8.06979e-09
1.77023e-06
3.49523e-08
1.39382e-06
2.67366e-07
-1.67224e-07
-1.18003e-08
-1.40789e-07
-2.64349e-08
-1.31554e-07
-9.23456e-09
-1.3518e-07
3.62616e-09
-1.31096e-07
-3.96637e-09
-1.17192e-07
-1.38603e-08
-9.32719e-08
-2.39205e-08
-6.93023e-08
-2.4015e-08
-5.08736e-08
-1.84383e-08
-3.58222e-08
-1.50519e-08
-1.50714e-08
-2.07508e-08
-1.50713e-08
-4.05555e-07
-2.89494e-08
-3.78969e-07
-3.21781e-08
-3.96329e-07
4.90416e-09
-4.18722e-07
2.48681e-08
-3.9121e-07
-4.1304e-08
-3.41399e-07
-7.10868e-08
-2.74196e-07
-9.11229e-08
-2.09788e-07
-8.77418e-08
-1.55636e-07
-7.25895e-08
-1.0815e-07
-6.25378e-08
-4.58971e-08
-8.30041e-08
-6.09693e-08
-3.85899e-07
-3.32323e-08
-3.6679e-07
-5.12498e-08
-3.55462e-07
-6.35666e-09
-5.29305e-07
9.9067e-09
-5.03876e-07
-6.67325e-08
-4.45553e-07
-1.2941e-07
-3.61717e-07
-1.74958e-07
-2.55056e-07
-1.86792e-07
-2.00299e-07
-1.17612e-07
-1.84783e-07
-6.71405e-08
-9.64556e-08
-1.70731e-07
-1.57425e-07
-3.76067e-07
-6.62566e-08
-3.20101e-07
-1.07142e-07
-3.41762e-07
1.53777e-08
-5.47644e-07
1.30017e-08
-5.34617e-07
-7.97597e-08
-4.97398e-07
-1.66629e-07
-4.34889e-07
-2.37468e-07
-3.29514e-07
-2.8407e-07
-1.53135e-07
-2.51962e-07
-9.47489e-08
-1.34089e-07
-6.68016e-08
-1.73899e-07
-2.04768e-07
-4.30858e-07
-2.5155e-07
-3.64701e-07
-7.24821e-08
-5.3918e-07
1.35383e-07
-5.75091e-07
-6.42078e-08
-5.07386e-07
-1.47464e-07
-4.77657e-07
-1.96358e-07
-4.56187e-07
-2.58937e-07
-4.058e-07
-3.34457e-07
-2.94297e-07
-3.72938e-07
-1.30161e-07
-3.12221e-07
-1.52118e-08
-2.67058e-07
-1.9849e-07
-4.0487e-07
-4.04532e-07
-2.68477e-07
-2.05203e-07
-1.30506e-07
1.57746e-08
-1.468e-07
-5.80224e-08
-2.03705e-07
-9.05588e-08
-2.76042e-07
-1.24022e-07
-3.51292e-07
-1.83686e-07
-3.97321e-07
-2.88426e-07
-3.80725e-07
-3.89532e-07
-2.437e-07
-4.49248e-07
-8.2333e-08
-4.65061e-07
-2.80823e-07
-2.99486e-07
-1.21266e-08
-2.85437e-07
-9.06255e-08
-6.5747e-08
-1.49348e-07
2.0421e-08
-1.30177e-07
1.01323e-08
-8.027e-08
-5.38217e-08
-6.00677e-08
-1.52083e-07
-8.54242e-08
-2.33278e-07
-2.07233e-07
-2.57861e-07
-3.64951e-07
-1.75213e-07
-5.296e-07
-1.97344e-08
-6.26481e-07
-3.68528e-07
-1.21266e-08
-2.97082e-17
-5.61058e-08
-3.09865e-17
-5.05452e-08
-3.00123e-17
1.91561e-09
-2.63611e-09
1.02781e-07
-4.6306e-08
1.20487e-07
-5.46144e-08
5.3355e-08
-1.82916e-08
-3.20108e-08
-1.21869e-07
-1.17378e-07
-2.79583e-07
-1.44009e-07
-5.01692e-07
-8.18988e-08
-6.95366e-07
-4.50419e-07
-1.80211e-17
-3.01635e-17
-1.84249e-17
-3.0608e-17
-1.50188e-17
-3.3393e-17
-2.63611e-09
-2.75602e-17
-5.44616e-10
-1.73238e-17
1.01577e-07
-1.09706e-17
1.66886e-07
-1.68868e-08
1.33064e-07
-8.80461e-08
3.1378e-08
-1.77898e-07
-9.10248e-08
-3.79897e-07
-6.33177e-08
-7.31523e-07
-5.01489e-07
1.8369e-17
-3.05088e-17
1.11069e-17
-3.5119e-17
9.24131e-18
-4.67227e-17
9.79863e-18
-3.18527e-17
5.80213e-18
-1.33272e-17
6.82227e-18
-1.19908e-17
2.74499e-08
-8.35592e-10
1.6811e-07
-7.19112e-08
1.78314e-07
-1.58584e-07
2.53077e-08
-2.27518e-07
-3.77621e-09
-7.11562e-07
-5.05265e-07
1.13328e-16
-1.02482e-10
9.13673e-17
-2.88777e-17
7.74507e-17
-6.1157e-17
4.89281e-17
-3.38889e-17
1.99823e-17
-1.80131e-18
3.70764e-18
8.66525e-18
-8.35592e-10
1.34269e-17
4.15016e-08
-2.87633e-08
2.6759e-07
-8.78193e-08
2.98952e-07
-1.02176e-07
2.63122e-07
-6.58292e-07
-2.56964e-07
7.22548e-07
3.34934e-07
6.47842e-07
8.94554e-09
5.00271e-07
-2.31577e-07
5.78939e-08
-2.99119e-07
7.05464e-17
5.78939e-08
2.65297e-17
5.2685e-17
1.76397e-17
2.23139e-17
4.44358e-08
-4.05658e-08
2.3628e-07
-1.06191e-07
9.87081e-07
-2.04179e-07
1.22218e-06
-4.70196e-07
9.65221e-07
3.92686e-06
-1.76841e-07
-4.0652e-06
3.86345e-06
-2.48482e-07
3.80191e-06
-3.53496e-07
3.50596e-06
-5.50703e-07
3.1641e-06
-5.45139e-07
3.5822e-06
-2.69284e-07
4.54991e-06
-1.36347e-07
5.09485e-06
-1.98869e-09
4.96104e-06
1.61268e-07
4.75956e-06
8.44422e-08
4.47703e-06
1.94754e-07
2.80266e-07
3.57888e-06
5.32108e-06
-3.02964e-07
-5.1585e-06
5.38629e-06
-3.16005e-07
5.39607e-06
-3.60969e-07
5.39352e-06
-5.54259e-07
3.87145e-06
-7.61837e-07
3.29244e-06
-6.58473e-07
3.54307e-06
-3.91932e-07
3.64418e-06
-9.814e-08
5.79821e-06
2.74316e-07
5.52833e-06
3.54856e-07
4.89437e-06
4.78731e-07
6.43617e-07
4.50872e-06
6.21232e-06
-6.12299e-07
-3.48412e-06
6.3508e-06
-4.52071e-07
6.36374e-06
-3.95578e-07
6.52327e-06
-6.44573e-07
6.61803e-06
-8.00457e-07
6.19317e-06
-6.62367e-07
3.89988e-06
-4.43077e-07
4.66005e-06
3.41451e-08
6.24609e-06
2.73543e-07
6.11685e-06
4.81612e-07
5.79457e-06
7.4387e-07
9.68974e-07
5.47801e-06
6.61348e-06
-6.87728e-06
-5.94007e-07
5.97777e-06
-5.72935e-07
6.06732e-06
-6.27592e-07
6.95428e-06
-7.56486e-07
7.06442e-06
-7.09632e-07
6.97246e-06
-5.70405e-07
6.89605e-06
-3.66667e-07
6.60749e-06
1.90025e-07
6.44835e-06
4.34734e-07
6.35166e-06
6.75777e-07
6.09295e-06
1.00258e-06
5.7791e-06
1.28283e-06
3.31313e-06
2.478e-07
3.01097e-06
-1.29255e-08
1.38819e-06
-2.89214e-07
6.24599e-09
-2.01294e-07
2.53072e-10
-2.61905e-08
4.63352e-08
-5.28086e-08
8.05759e-07
2.27e-08
9.56664e-07
9.97966e-07
5.7058e-07
8.86474e-07
6.71247e-08
2.89415e-07
6.02134e-08
5.18928e-08
3.49832e-08
8.97647e-07
4.4422e-06
5.45203e-07
4.36349e-06
1.91206e-07
4.13276e-06
-5.84777e-08
3.16598e-06
1.41698e-07
6.50661e-07
3.26044e-07
5.39619e-07
-3.40153e-07
9.87177e-07
-1.94683e-07
2.77104e-06
1.10303e-06
2.5701e-06
1.0872e-06
8.55079e-07
1.13435e-06
3.79921e-08
4.27319e-07
-2.41699e-07
9.99218e-08
5.18814e-06
8.446e-07
4.7969e-06
6.019e-07
4.24202e-06
4.96399e-07
3.65133e-06
6.07315e-07
3.57794e-06
2.97845e-07
3.71622e-06
-5.53575e-07
3.40867e-06
-2.39158e-07
3.45616e-06
8.3525e-07
3.22562e-06
1.12899e-06
3.03334e-06
1.3265e-06
2.86354e-06
7.71395e-07
-8.36097e-07
2.58689e-06
5.52729e-06
1.09641e-06
5.17715e-06
9.52042e-07
4.78576e-06
8.87783e-07
4.6789e-06
7.1418e-07
4.73334e-06
1.71361e-08
4.09466e-06
-5.05874e-07
4.1099e-06
-2.43784e-07
4.19383e-06
7.98217e-07
3.99285e-06
1.32982e-06
3.90191e-06
1.41759e-06
4.39467e-06
1.5273e-08
3.4617e-06
-4.86148e-08
9.57582e-07
2.31458e-08
1.81105e-06
-2.0821e-08
2.67569e-06
-4.97792e-07
2.79248e-06
-8.13871e-07
2.86932e-06
-8.55747e-07
1.97218e-06
-5.00225e-07
1.8176e-06
1.1577e-07
2.4056e-06
8.75958e-08
4.05409e-06
-1.51728e-08
4.01601e-06
6.2694e-07
3.91117e-06
3.17554e-07
-1.65806e-07
3.69121e-06
1.62511e-07
-2.3672e-07
1.08251e-06
-3.34365e-07
4.31559e-06
-8.34042e-07
4.25612e-06
-7.7592e-07
4.09522e-06
-6.7658e-07
4.12029e-06
-5.46811e-07
2.11498e-06
-1.9451e-07
7.18258e-08
2.87744e-08
5.40619e-07
-6.05395e-10
3.97726e-06
1.40217e-07
4.11111e-06
4.52865e-07
2.5124e-07
3.69406e-06
2.03404e-06
-8.26438e-07
3.80049e-06
-8.28395e-07
5.08033e-06
-4.78745e-07
4.87081e-06
-2.98906e-07
4.54971e-06
-2.13841e-07
4.068e-06
-1.44057e-07
2.41562e-06
-6.2199e-08
2.35422e-08
5.6417e-08
3.79419e-09
3.73905e-10
3.69599e-07
-1.95129e-09
1.96816e-06
4.62701e-08
3.5764e-07
3.83273e-06
2.13896e-06
-4.08873e-08
6.19333e-07
-2.34457e-08
4.35913e-07
-2.04194e-09
4.57187e-07
-3.05312e-17
3.74558e-07
-6.2203e-10
1.55632e-07
-1.07739e-10
3.74191e-08
8.97869e-12
2.83007e-08
-4.99038e-11
1.95129e-09
8.7494e-10
4.46855e-16
-3.01335e-15
4.62701e-08
1.13324e-16
8.81989e-07
-1.41126e-09
1.04459e-06
7.9691e-08
-3.08383e-13
1.29546e-07
-3.08517e-13
4.18189e-17
1.48799e-12
2.06155e-13
1.51581e-12
4.29558e-13
1.06491e-12
9.4844e-14
7.08211e-12
-1.70322e-15
1.25917e-11
-5.76506e-18
1.31163e-11
-1.21093e-10
1.07915e-11
-1.94108e-10
7.60424e-12
-8.48631e-11
2.09413e-12
4.5588e-11
3.56229e-06
2.11463e-07
1.77886e-07
3.67113e-07
-4.34768e-13
1.43913e-09
1.26627e-12
1.94061e-13
1.72682e-12
2.58017e-13
1.11368e-13
4.86521e-14
2.81686e-15
-1.99086e-15
2.64389e-15
-7.7895e-18
6.72147e-09
-7.89005e-10
7.30111e-09
-1.61362e-09
4.03043e-09
-2.79951e-09
-6.32883e-10
-2.37012e-11
3.2351e-06
3.55101e-07
7.77494e-07
1.51702e-07
-8.55908e-13
2.71979e-08
-6.61923e-13
1.43755e-17
1.35157e-12
1.12296e-14
5.66937e-13
-6.39857e-15
3.5176e-14
-1.43735e-15
3.56122e-14
-2.60839e-16
1.51557e-08
-8.23815e-16
1.62405e-08
-1.89376e-09
1.4754e-08
-2.1176e-09
-1.88359e-09
3.26359e-09
1.32793e-06
-3.457e-08
9.99095e-07
-1.21848e-09
-8.30348e-15
3.79421e-08
-8.36067e-15
7.99005e-18
1.81174e-14
-6.52791e-21
1.08227e-14
-4.14027e-19
7.78113e-15
-8.13401e-18
1.85748e-15
-4.02211e-18
1.00985e-15
-4.71755e-18
4.6519e-09
-7.10398e-17
8.84863e-09
-1.18477e-16
3.52347e-09
-1.50095e-16
1.58903e-16
-3.8845e-17
5.83787e-17
-3.0665e-17
5.50123e-17
-1.3305e-17
3.94774e-08
-8.4899e-18
6.09024e-08
-1.08303e-09
3.02676e-08
-1.30071e-09
1.49608e-09
8.59912e-11
6.86713e-13
1.49529e-09
1.09683e-12
-3.1314e-14
3.0165e-12
6.60929e-17
1.72473e-10
2.02644e-11
8.37331e-11
1.16312e-10
3.41297e-16
-2.37017e-11
2.36003e-16
-4.23243e-17
1.00703e-16
-3.06859e-17
7.51056e-17
-2.19696e-17
7.72901e-08
-6.06184e-14
1.17881e-07
-5.03856e-10
1.14225e-07
5.62359e-09
1.29498e-08
9.26474e-09
6.17015e-12
5.62691e-11
6.16942e-12
1.09083e-16
1.92743e-10
6.15441e-12
3.84933e-11
2.37837e-10
5.69163e-16
-5.77931e-11
3.19112e-16
-4.8391e-17
2.46959e-16
-2.96956e-17
2.20365e-16
3.46634e-17
3.03607e-13
-3.64031e-13
2.57625e-08
2.62373e-11
1.12682e-07
4.54209e-09
2.22368e-08
6.082e-09
4.63338e-13
2.62415e-10
-4.11253e-13
8.74041e-13
1.28662e-11
1.97499e-13
1.1694e-11
8.00101e-11
4.57322e-16
-3.34562e-16
3.47009e-16
-8.3031e-17
2.42581e-16
-4.22167e-17
5.2668e-12
-6.90599e-12
1.15769e-11
-8.26688e-12
3.98261e-11
-7.23592e-12
9.9036e-09
-2.06396e-10
1.15167e-08
-6.89317e-10
1.70346e-09
1.14188e-09
1.71743e-11
6.81748e-11
7.55039e-16
1.73704e-11
7.19002e-16
1.16935e-11
1.07213e-11
2.58816e-11
2.85079e-16
7.43668e-12
5.26195e-17
1.34842e-17
2.96446e-17
5.57546e-18
1.55254e-17
1.59833e-18
8.15216e-18
1.87992e-20
2.17256e-17
-8.38865e-18
1.97527e-17
-2.75646e-17
1.6661e-17
-2.12319e-17
1.89701e-17
-1.36049e-17
2.31965e-17
-1.24016e-17
4.57124e-19
2.24425e-17
2.01841e-10
6.20223e-11
1.13871e-11
1.86093e-11
9.18883e-17
1.1387e-11
3.5777e-18
9.3777e-17
3.67545e-18
1.60034e-18
7.91281e-17
-8.34287e-17
1.06614e-16
-2.46162e-17
1.90891e-16
-4.86234e-17
1.08938e-16
-4.04766e-17
7.06301e-17
-3.02586e-17
6.7902e-17
-2.64803e-17
-7.46245e-18
6.86439e-17
7.68616e-11
1.98958e-12
1.16163e-10
1.20654e-11
1.76495e-10
5.09238e-11
1.73546e-10
5.05934e-11
6.62436e-11
2.34732e-12
1.36158e-11
-5.12069e-11
6.0099e-15
-2.71218e-11
3.18617e-16
-6.3421e-17
2.11282e-16
-6.1909e-17
1.66627e-16
-4.7963e-17
1.49531e-16
-3.78891e-17
-1.64601e-17
1.41613e-16
6.07452e-15
1.98355e-12
1.20379e-11
1.35956e-13
7.47882e-10
2.39123e-11
8.21671e-10
2.13219e-11
7.80876e-10
-5.55002e-18
7.69463e-10
-2.39565e-17
4.52968e-16
-6.10203e-17
3.64217e-16
-5.34474e-17
3.0371e-16
-5.39985e-17
2.52322e-16
-3.98761e-17
2.14186e-16
-2.76751e-17
1.92309e-16
-1.31244e-17
6.73455e-18
-4.59693e-18
6.51931e-18
-2.05189e-18
6.24523e-18
2.07725e-19
5.7031e-18
4.57145e-19
6.22713e-07
1.26275e-16
1.24365e-06
4.57511e-08
2.08846e-06
2.96756e-07
1.95495e-06
-8.3186e-08
1.65233e-06
-2.2909e-07
1.66177e-06
-1.03193e-07
2.14224e-06
-5.91262e-09
2.25245e-07
3.06866e-06
6.7198e-17
-8.51057e-18
6.27079e-17
-2.34893e-18
5.55515e-17
3.18705e-18
5.42502e-17
6.38657e-18
1.53134e-16
3.88146e-17
4.57511e-08
4.11641e-17
6.82202e-07
1.41449e-16
6.25368e-07
1.95645e-17
2.34852e-07
-6.88801e-18
3.56658e-08
-8.73214e-17
2.97532e-08
-1.01839e-17
2.03219e-08
2.21321e-06
1.33179e-16
-1.18954e-17
1.24253e-16
-2.3761e-18
1.12293e-16
7.81323e-18
1.00372e-16
1.41528e-17
1.14346e-16
2.75e-17
1.38955e-16
3.59292e-17
2.27647e-16
5.7285e-17
2.01544e-16
4.53452e-17
1.66436e-16
2.92729e-17
6.92729e-17
9.84125e-18
5.405e-17
5.03912e-18
2.33271e-08
4.25043e-07
1.76692e-16
-8.93528e-18
1.64634e-16
4.33548e-19
1.51293e-16
1.37205e-17
1.35994e-16
2.33431e-17
1.26911e-16
3.29481e-17
1.29522e-16
3.69764e-17
1.46186e-16
4.03641e-17
1.21792e-16
6.97399e-17
1.11236e-16
3.98286e-17
1.00755e-16
2.03225e-17
9.43597e-17
1.1434e-17
3.25749e-07
-2.12701e-08
2.8697e-06
5.2634e-07
2.61795e-06
2.56568e-07
2.49577e-06
-1.15315e-07
2.4031e-06
-2.00529e-07
5.25496e-07
6.54823e-07
3.89969e-07
5.0415e-07
4.36788e-07
2.35874e-08
1.90917e-07
-5.37755e-08
6.39273e-07
-2.88353e-08
1.90939e-06
-1.35173e-07
3.59744e-06
-2.70637e-07
4.97469e-07
2.97307e-06
2.87856e-07
3.05551e-06
1.66204e-07
2.76888e-06
8.21809e-08
2.55842e-06
-1.27558e-08
2.49199e-06
6.94828e-07
1.97111e-06
2.33528e-07
2.30878e-07
-5.59491e-08
1.98466e-07
-2.42596e-08
5.01848e-07
-2.06425e-08
6.05428e-07
-1.26845e-07
1.71296e-06
-8.61669e-08
-3.55938e-08
1.37191e-06
-6.61591e-08
1.65201e-06
-5.04613e-08
1.84298e-06
-1.5173e-08
2.18831e-06
-6.18533e-08
2.12982e-06
9.91055e-08
7.18327e-07
-1.04054e-07
9.10682e-07
-4.53269e-07
1.07839e-06
-4.23939e-07
1.29675e-06
-3.98146e-07
1.8736e-06
-3.43728e-07
2.15415e-06
-7.05617e-07
-4.43009e-07
1.69028e-06
-8.90442e-07
2.29799e-06
-4.63996e-07
2.46922e-06
-2.14971e-07
2.80472e-06
-4.44135e-07
3.5651e-06
-2.80388e-07
5.10912e-06
-9.93097e-07
5.77987e-06
-1.22618e-06
6.02215e-06
-1.13222e-06
6.20436e-06
-9.55125e-07
6.69324e-06
-6.68612e-07
7.07139e-06
-6.5226e-07
-2.48895e-07
-2.36255e-06
-7.5679e-07
2.52534e-06
-2.19272e-06
-7.42768e-07
-2.23814e-06
-5.76989e-07
-2.47701e-06
-5.17615e-07
-2.7028e-06
-4.83849e-07
-2.83631e-06
-4.33262e-07
-2.93141e-06
-2.71569e-07
-3.1934e-06
4.52009e-07
-3.41258e-06
6.53914e-07
-3.52713e-06
7.90336e-07
-3.38115e-06
7.10038e-07
3.85735e-07
-2.7262e-06
-2.45774e-06
-8.70921e-07
2.57188e-06
-2.31942e-06
-8.76112e-07
-2.31742e-06
-3.39708e-07
-2.10632e-06
-7.75675e-08
-1.82544e-06
-5.77862e-08
-1.97721e-06
-5.79022e-08
-2.1472e-06
-2.4096e-09
-2.02607e-06
7.68958e-08
-1.60176e-06
3.63312e-08
-9.8444e-07
3.08556e-09
-3.94193e-07
8.69049e-17
9.64049e-17
-7.16024e-08
-1.97832e-06
-3.30807e-07
2.28262e-06
-1.1931e-06
-2.13243e-07
-3.44757e-07
-6.16032e-10
-6.93369e-08
-1.85009e-16
-5.87027e-08
-9.43902e-18
-7.77053e-08
-3.49731e-17
-7.00445e-08
1.3131e-17
-2.58573e-08
2.96626e-17
-3.08556e-09
4.84164e-17
-1.25273e-16
5.48487e-17
-1.13916e-16
5.41887e-17
3.55778e-17
-8.4698e-17
-9.50431e-08
4.5815e-07
-5.78374e-10
-1.60546e-10
-2.54448e-09
-5.898e-17
-7.76577e-10
-5.36824e-17
3.34616e-18
-5.67849e-17
3.14727e-18
-8.50817e-17
2.44134e-18
-7.91657e-17
9.42959e-18
-7.293e-17
1.86753e-17
-6.09821e-17
2.70754e-17
-5.08536e-17
2.9621e-17
-4.45563e-17
2.66637e-17
-6.37296e-17
2.09171e-17
-1.99728e-06
7.16024e-08
-1.36959e-06
1.36618e-09
-8.78707e-07
1.11134e-16
-4.96375e-07
7.68503e-17
-5.51985e-07
-3.67624e-13
-1.20162e-06
-2.89241e-09
-1.5826e-06
5.6501e-09
-1.42455e-06
4.6626e-08
-7.96497e-07
-2.61345e-10
-3.64916e-08
-3.10167e-08
-5.94586e-17
-2.12185e-08
-4.86148e-08
-5.58957e-17
-1.8843e-16
2.78753e-18
-1.06989e-16
1.98098e-17
-4.71453e-17
1.0801e-17
-5.13441e-18
2.28766e-18
-7.08969e-18
-3.67661e-13
-2.89088e-09
-1.5306e-12
-4.73485e-09
7.56826e-12
-3.23174e-09
-1.01692e-11
-4.61377e-09
-8.41288e-12
-2.11153e-08
-1.04626e-09
-1.97242e-08
-1.90314e-08
-3.03475e-08
-3.05541e-08
-9.03306e-17
-2.20768e-17
-7.68576e-17
-1.68006e-17
-5.93093e-17
-3.0252e-18
-1.18595e-16
-6.9183e-19
-1.13494e-11
-1.61849e-15
-3.11177e-12
-5.81871e-17
-3.33391e-12
-5.16076e-15
-9.39968e-13
-3.90815e-12
-1.41142e-09
2.96098e-11
-1.95144e-08
2.17974e-10
-2.90713e-08
-9.47557e-09
-1.39547e-08
-4.5463e-08
-1.3804e-16
-1.31182e-17
-3.7418e-16
-2.78492e-17
-1.20463e-15
-4.84493e-17
-1.14937e-15
-6.05479e-17
-2.64575e-15
-5.80546e-17
1.66727e-15
3.66778e-17
8.87484e-13
5.18612e-13
2.60421e-11
6.43564e-12
-2.91006e-10
1.57481e-11
-4.13325e-09
-1.62187e-12
-6.01538e-09
-6.10581e-18
-2.62366e-17
-4.17667e-17
-6.72297e-17
-4.08873e-08
-6.5255e-17
-2.34457e-08
-6.85397e-17
-2.04194e-09
-7.52865e-17
-3.61508e-17
-8.2919e-17
-6.2203e-10
-1.27768e-16
-1.07739e-10
-1.9291e-16
8.97864e-12
-4.9904e-11
5.7242e-17
5.87119e-13
-3.45789e-13
-2.36355e-16
5.00268e-15
-3.02506e-16
1.07544e-16
-9.56887e-14
-1.41117e-09
-3.76913e-08
-2.36389e-08
-1.46668e-08
-2.04617e-08
-1.0688e-09
-6.43036e-12
-1.06909e-09
2.85441e-13
-7.08344e-09
-3.71051e-10
-4.59948e-09
4.21102e-10
-4.28666e-14
2.18922e-09
-4.49866e-15
3.77725e-14
-3.49897e-13
8.74048e-17
-5.15239e-13
1.44963e-13
-4.44422e-13
2.3994e-13
1.1517e-13
-2.72721e-13
-6.84247e-08
-2.13752e-17
-9.5805e-10
-2.51183e-09
-3.17019e-11
-9.60146e-10
-4.23775e-11
-7.22336e-10
-1.33464e-08
-2.32495e-10
-1.37246e-08
1.2112e-09
-1.11372e-08
1.35818e-09
-1.21719e-13
2.3511e-09
-1.21718e-13
5.07679e-17
-2.49827e-13
5.30356e-14
-2.21704e-13
4.71245e-14
2.79671e-14
-3.32914e-13
-4.13497e-17
-2.12407e-17
-2.49964e-09
-1.21919e-11
-4.18025e-09
-3.05529e-10
-2.33678e-09
-5.99357e-11
-2.74598e-09
-1.92972e-11
-8.26867e-09
-3.34325e-11
-1.10186e-08
6.54818e-10
-1.37141e-16
1.19756e-09
-9.4392e-17
4.43696e-17
-3.94932e-15
5.6094e-14
-3.26101e-15
2.04721e-15
-1.36255e-22
5.1577e-17
-2.61363e-08
2.61238e-13
-1.61807e-08
-5.51303e-15
-7.8231e-18
4.85879e-17
-7.6504e-19
-2.14989e-20
-1.51896e-18
-4.25149e-19
-2.54748e-18
-1.96916e-18
-3.90619e-18
-6.40372e-18
-3.9306e-18
-1.64477e-17
-1.6123e-20
-3.71282e-17
-1.75674e-20
-7.10518e-17
-1.89095e-20
-1.18463e-16
-1.49635e-16
-4.91727e-19
-9.3605e-17
-1.1388e-14
-4.85561e-17
-5.55816e-15
-4.03152e-19
-5.70361e-19
-1.37024e-18
-5.31047e-20
-2.89358e-18
-3.10979e-19
-6.24247e-18
-1.16539e-18
-1.40318e-17
-3.39845e-18
-3.25272e-17
-8.26646e-18
-7.36535e-17
-1.82007e-17
-1.47744e-16
-3.54321e-17
-2.52043e-16
-5.98682e-17
-8.21991e-17
-3.37904e-16
-2.40802e-13
-3.36565e-23
-1.57984e-16
-1.32103e-20
-1.55864e-19
-4.44318e-21
-4.93994e-19
-2.02789e-20
-1.28803e-18
-8.50854e-20
-3.21351e-18
-3.07892e-19
-7.82317e-18
-9.85237e-19
-1.8973e-17
-2.96789e-18
-4.43477e-17
-8.53e-18
-9.24412e-17
-2.13234e-17
-1.65798e-16
-4.32438e-17
-6.64844e-17
-2.48866e-16
-1.73398e-22
-7.69577e-23
-9.80999e-21
-3.59145e-22
-3.22537e-20
-1.57031e-21
-1.04793e-19
-6.74782e-21
-3.30449e-19
-2.54895e-20
-1.02314e-18
-8.37798e-20
-3.25216e-18
-2.558e-19
-1.05426e-17
-8.28988e-19
-3.1795e-17
-3.0906e-18
-8.04281e-17
-1.14433e-17
-1.60601e-16
-3.53227e-17
-2.47713e-16
-8.3029e-17
-1.30437e-16
-1.91959e-16
-8.68762e-17
-1.46413e-16
-2.00876e-16
-4.48843e-17
-3.34697e-11
-1.35411e-12
-2.1095e-10
2.9471e-13
-2.16861e-10
3.71758e-11
-3.44164e-10
-1.66069e-11
-4.25198e-10
-5.60384e-11
-1.56067e-10
-7.91402e-11
-2.28559e-10
4.19191e-11
-1.72135e-10
3.53593e-11
3.01941e-11
-1.25031e-10
-3.5398e-16
-1.08582e-16
-1.38902e-16
-9.31479e-17
-2.5685e-16
-4.03404e-17
-2.17785e-11
-9.37098e-13
-1.01286e-10
-3.82252e-13
-1.31727e-10
-1.17449e-12
-1.12962e-10
-1.94955e-12
-9.17162e-11
-1.06447e-11
-1.01844e-10
-5.91298e-12
-1.00036e-10
1.90441e-11
-4.83633e-11
2.09033e-12
8.06231e-17
-1.1385e-11
-2.83785e-16
-8.47583e-17
-1.87793e-16
-7.41422e-17
6.56185e-14
-6.5983e-14
-2.42203e-11
-1.22553e-13
-3.64082e-11
-6.49811e-14
-3.80167e-11
6.32519e-13
-9.76897e-12
5.03654e-17
-6.74484e-14
5.66647e-17
-5.9805e-12
7.9514e-17
-1.86504e-12
8.52973e-17
-6.78106e-17
7.43598e-17
3.60182e-17
-3.76138e-17
-3.02588e-16
-1.8624e-16
9.67596e-16
-1.51678e-15
-1.2345e-12
-1.41779e-14
-1.4265e-12
-5.0667e-15
-6.32591e-13
1.14448e-14
-9.53484e-17
2.39167e-17
-8.23039e-17
3.37309e-17
-7.02064e-17
3.93286e-17
-6.10592e-17
4.23283e-17
-3.97828e-17
4.34803e-17
-1.6084e-17
3.04176e-17
-4.72804e-19
1.14393e-17
-9.88505e-11
9.89037e-12
-5.39269e-11
5.7145e-12
-1.93836e-11
8.30154e-13
-2.81396e-17
-6.41333e-18
-2.19958e-17
-1.15324e-17
-1.73029e-17
-2.88111e-17
-2.90549e-17
-4.90989e-17
-2.33021e-17
-6.16991e-17
-1.94284e-17
-5.97674e-17
-1.70889e-17
-4.4927e-17
-1.90011e-17
-2.97029e-17
-1.42242e-17
-2.20897e-17
-5.32022e-12
1.83088e-17
-8.30138e-13
3.41485e-17
-1.13286e-17
-4.43907e-19
-1.83749e-17
-4.06829e-18
-2.27813e-17
-1.3509e-17
-2.69055e-17
-3.0386e-17
-2.99068e-17
-5.04859e-17
-3.05186e-17
-6.40765e-17
-2.97121e-17
-6.30494e-17
-2.98005e-17
-4.82943e-17
-3.40674e-17
-3.02404e-17
-1.1157e-17
-4.2096e-17
-2.57283e-17
-5.78396e-20
-4.60238e-18
-1.97636e-19
-7.61331e-18
-9.62945e-19
-1.25439e-17
-4.02495e-18
-1.96728e-17
-1.21662e-17
-2.85574e-17
-2.72697e-17
-3.69964e-17
-4.67992e-17
-4.22137e-17
-6.21492e-17
-4.45312e-17
-6.32983e-17
-4.8023e-17
-4.8241e-17
-5.72874e-17
-2.59521e-17
-1.59596e-18
-7.30486e-17
-9.12097e-19
-5.77177e-20
-2.00018e-18
-1.97156e-19
-4.45007e-18
-7.68426e-19
-9.37924e-18
-2.95427e-18
-1.78467e-17
-9.02993e-18
-2.97074e-17
-2.13019e-17
-4.25431e-17
-3.91246e-17
-5.25716e-17
-5.56516e-17
-5.85563e-17
-5.94338e-17
-6.46291e-17
-4.39014e-17
-7.42045e-17
-1.68479e-17
-8.33172e-17
1.01291e-17
-2.94287e-17
-5.32475e-18
-3.80872e-17
6.98087e-18
-4.58486e-17
2.05968e-17
-5.31824e-17
3.30409e-17
-5.66777e-17
4.14359e-17
-1.20282e-16
1.05064e-16
-3.31992e-07
3.31992e-07
-1.07417e-06
1.01357e-06
-1.85364e-06
1.07496e-06
-2.30459e-06
7.54323e-07
-2.3966e-06
2.70611e-07
-2.70915e-07
-2.14696e-06
-5.39827e-17
2.60132e-18
-6.82638e-17
1.78248e-17
-8.49852e-17
3.68328e-17
-1.04761e-16
5.70662e-17
-1.79475e-07
1.79475e-07
-1.18554e-06
1.03676e-06
-2.19059e-06
1.4833e-06
-2.26634e-06
1.18195e-06
-1.98122e-06
7.89841e-07
-1.71062e-06
4.83723e-07
-1.58999e-06
1.4998e-07
-2.95602e-07
-1.5653e-06
-9.08949e-17
1.40074e-17
-7.54952e-17
3.34779e-17
-1.40618e-16
1.0115e-16
-2.46364e-07
2.46364e-07
-1.72958e-06
1.44101e-06
-2.32165e-06
1.59382e-06
-2.00426e-06
1.16591e-06
-1.61176e-06
7.89446e-07
-1.2833e-06
4.61387e-07
-1.08432e-06
2.84746e-07
-1.04088e-06
1.06536e-07
-2.10092e-07
-1.12639e-06
-9.2325e-17
2.32125e-17
-1.53694e-09
1.53694e-09
-3.0527e-07
2.71536e-07
-1.89976e-06
1.48178e-06
-2.21691e-06
1.628e-06
-1.852e-06
1.22892e-06
-1.4309e-06
7.44811e-07
-1.0546e-06
4.13149e-07
-7.79409e-07
1.86195e-07
-6.15459e-07
1.20796e-07
-5.68975e-07
6.00523e-08
-7.32764e-07
-4.63039e-08
-2.25588e-06
-7.81518e-07
-2.13746e-06
-5.82414e-07
-1.85911e-06
-4.93324e-07
-1.69738e-06
-6.05862e-07
-1.32319e-06
-6.54577e-07
-1.29871e-06
-1.01758e-06
-1.45604e-06
-1.06885e-06
-1.61544e-06
-9.72825e-07
-1.8175e-06
-7.53058e-07
-2.03566e-06
-4.50455e-07
-2.43207e-06
-2.55853e-07
-1.55625e-07
-1.54314e-06
-8.03682e-07
-1.40245e-06
-7.23102e-07
-1.23401e-06
-6.6176e-07
-1.1464e-06
-6.93479e-07
-1.06395e-06
-7.37023e-07
-1.17703e-06
-9.04506e-07
-1.36547e-06
-8.8041e-07
-1.57617e-06
-7.62126e-07
-1.81159e-06
-5.17635e-07
-2.06776e-06
-1.94285e-07
-2.39474e-06
7.112e-08
2.15105e-08
-1.08108e-06
-8.48993e-07
-9.84399e-07
-8.19783e-07
-9.26098e-07
-7.20061e-07
-9.34711e-07
-6.84866e-07
-9.81477e-07
-6.90257e-07
-1.12961e-06
-7.56371e-07
-1.30252e-06
-7.07502e-07
-1.4785e-06
-5.86149e-07
-1.64432e-06
-3.51815e-07
-1.81276e-06
-2.58472e-08
-2.08612e-06
3.44479e-07
2.67783e-07
-7.14151e-07
-8.67606e-07
-7.15991e-07
-8.17942e-07
-7.47112e-07
-6.88941e-07
-8.1545e-07
-6.16528e-07
-9.12464e-07
-5.93243e-07
-1.05755e-06
-6.11285e-07
-1.19627e-06
-5.68781e-07
-1.30225e-06
-4.80175e-07
-1.34167e-06
-3.12389e-07
-1.29708e-06
-7.0437e-08
-1.19969e-06
2.95571e-07
1.62633e-07
-9.86201e-13
-7.7363e-10
1.77443e-10
-2.59691e-09
-9.34568e-17
-4.94694e-17
9.28438e-11
-5.90575e-17
7.5846e-18
-4.72045e-17
6.74892e-18
-3.85936e-17
3.34893e-18
-3.21269e-17
4.85678e-18
-2.6564e-17
8.28733e-18
-2.04911e-17
1.13739e-17
-1.33765e-17
1.19107e-17
-6.30567e-18
7.54805e-18
9.0602e-19
-7.17622e-12
2.23304e-08
-1.90264e-09
-7.17632e-12
6.78752e-18
9.95596e-14
-1.60358e-16
-2.26047e-16
4.0865e-16
-2.66268e-17
4.78357e-18
-1.86919e-17
2.00457e-18
-1.29123e-17
2.03347e-18
-8.84151e-18
3.25286e-18
-5.51356e-18
4.09317e-18
-2.28522e-18
3.65096e-18
-2.4456e-19
1.36556e-18
-3.01036e-20
-3.43385e-18
1.51415e-11
2.23152e-08
-1.60281e-17
1.14191e-17
-1.50661e-17
1.93884e-17
-1.3542e-17
8.72021e-18
-1.68945e-17
3.34966e-18
-1.19127e-17
9.25711e-19
-7.19772e-18
6.15811e-19
-3.83616e-18
1.47619e-18
-1.64864e-18
1.7854e-18
-3.82663e-19
1.21602e-18
-1.22988e-20
2.37792e-19
-2.42587e-20
-3.34086e-17
1.12411e-08
5.52345e-08
-3.56003e-18
7.7148e-18
-8.5654e-18
1.08261e-16
-4.25328e-14
4.27627e-14
-9.63226e-18
9.87203e-13
-8.37952e-18
6.34055e-20
-4.83628e-18
-5.18472e-19
-2.19616e-18
4.82524e-19
-6.7529e-19
9.27145e-19
-8.19557e-20
5.49851e-19
1.06307e-20
5.54012e-20
-1.42226e-20
-6.49423e-13
9.7467e-08
1.51073e-07
-6.49449e-13
6.83911e-18
-2.45309e-12
2.81208e-12
-4.49119e-12
6.95508e-12
-6.25829e-18
2.99864e-12
-5.13777e-18
-4.23067e-19
-2.822e-18
-1.33998e-18
-1.11741e-18
-2.60584e-19
-2.49187e-19
3.45724e-19
-5.59063e-21
2.282e-19
2.49651e-20
6.38553e-21
-5.47013e-21
-3.45068e-13
1.10758e-07
3.8988e-07
-3.4504e-13
6.03981e-18
-1.92101e-12
1.27472e-12
-2.04206e-12
7.43645e-12
-3.35744e-18
1.09459e-12
-2.4447e-18
-6.95327e-19
-1.23743e-18
-1.6859e-18
-4.14446e-19
-5.418e-19
-5.57917e-20
2.1871e-20
3.82088e-20
6.73457e-20
1.53774e-20
-1.59778e-21
-1.42622e-21
-1.357e-14
-5.7836e-08
6.08095e-07
-1.85229e-14
4.93029e-15
-3.0159e-13
1.62458e-13
-1.81652e-13
2.49017e-17
-1.50343e-18
8.57291e-18
-5.95137e-19
-9.69372e-19
-2.93445e-19
-1.36432e-18
-7.92474e-20
-4.47179e-19
7.14381e-21
-4.0291e-20
3.03111e-20
1.05776e-20
6.20637e-21
-8.37701e-22
-2.49327e-22
-1.64172e-07
-2.30791e-07
6.62106e-07
-1.62454e-13
1.24842e-07
-1.093e-18
4.40452e-18
3.31651e-19
1.31573e-17
1.397e-18
5.78068e-18
6.49519e-19
-7.20696e-19
2.16096e-19
-8.6184e-19
5.68947e-20
-2.3589e-19
3.08988e-20
-2.19135e-20
1.25672e-20
-1.99553e-22
1.67051e-21
-1.67479e-22
-2.98581e-23
-4.53326e-07
-2.80033e-07
6.28101e-07
-1.50513e-18
5.83275e-08
-4.85441e-19
3.47845e-18
5.31241e-19
4.63979e-18
1.77696e-18
2.66057e-18
1.15835e-18
-4.26319e-19
3.95211e-19
-3.61758e-19
8.18631e-20
-6.78102e-20
1.61079e-20
-4.41186e-21
3.10817e-21
-9.87173e-23
2.72834e-22
-1.59141e-23
-2.20271e-24
-5.5241e-07
-2.34004e-07
5.35084e-07
-5.21464e-08
-1.09277e-07
-2.53787e-18
1.16256e-08
3.21186e-19
1.78072e-18
2.22669e-18
1.81424e-18
1.09793e-18
-1.25003e-19
2.75564e-19
-6.60692e-20
3.87186e-20
-6.1898e-21
4.08277e-21
-1.94868e-22
3.94828e-22
-3.95696e-24
2.56415e-23
-5.63559e-25
-6.65861e-26
-4.92871e-07
-1.21948e-07
3.80814e-07
-1.69805e-07
-1.51692e-07
-7.88274e-19
4.93939e-08
2.28339e-19
7.64109e-19
1.44941e-18
5.00604e-19
5.09661e-19
-5.54316e-21
8.37081e-20
-6.60459e-22
6.39462e-21
-1.11192e-23
3.19381e-22
-7.03967e-26
1.62584e-23
-9.54987e-27
1.08615e-24
-3.16581e-27
-3.47391e-28
-2.78238e-07
1.5629e-07
-2.54459e-07
-6.56073e-19
1.08036e-19
3.01263e-19
3.60967e-20
1.55943e-21
2.59152e-23
2.78862e-25
5.54228e-26
8.31764e-27
-3.87049e-17
-9.29982e-19
-2.22757e-16
-3.26287e-18
-8.95282e-16
-4.83593e-18
-2.01118e-15
-2.27616e-18
1.19132e-17
4.38319e-17
4.44216e-15
1.63585e-16
-5.53514e-11
1.61805e-12
-5.30219e-11
1.73774e-11
-3.58804e-11
4.71519e-12
-6.24218e-18
1.31001e-13
-7.52293e-18
-4.62059e-18
-1.60048e-17
-3.34894e-17
-2.55518e-18
-2.00864e-19
-1.19755e-17
-1.33008e-18
-2.16912e-17
-3.50124e-18
-2.42964e-17
-2.80501e-18
1.39758e-14
2.45708e-16
-8.20048e-14
8.33949e-15
-1.99649e-12
8.38095e-16
-1.9755e-12
1.35556e-17
-1.30999e-13
1.54146e-17
-1.47534e-17
2.90705e-18
-3.17143e-17
-7.58864e-18
-4.45322e-17
-5.24261e-17
-8.43664e-19
-1.09661e-21
-6.83769e-18
-1.04981e-20
-3.10107e-17
-3.51923e-20
-1.63591e-16
-5.34547e-21
-1.16923e-15
3.24809e-17
-8.35111e-16
-1.38677e-16
-1.60158e-17
1.0513e-17
-1.92298e-17
8.33345e-18
-1.81212e-17
8.89879e-18
-4.49048e-17
4.70367e-18
-1.15105e-16
-3.4687e-19
-6.22226e-18
-3.04861e-16
-6.22888e-21
-4.78767e-23
-6.69113e-20
-7.72513e-22
-4.25048e-19
-3.4532e-21
-3.69315e-18
4.166e-20
-1.37083e-17
1.29957e-18
-2.31871e-17
7.33841e-18
-6.45386e-18
1.55392e-17
-8.68987e-18
4.63284e-18
-1.03405e-17
5.64065e-18
-1.26914e-17
4.38055e-18
-2.00307e-17
1.31169e-18
-1.25866e-18
-4.10535e-17
-4.72766e-22
-9.89218e-25
-7.74275e-21
-2.40247e-23
-5.90905e-20
-1.06894e-22
-3.1605e-19
1.53082e-20
-1.37784e-18
1.76855e-19
-3.01919e-18
1.09356e-18
-3.2455e-18
2.9393e-18
-4.3178e-18
3.44873e-18
-4.72736e-18
4.345e-18
-4.67838e-18
3.47846e-18
-4.58266e-18
1.37175e-18
-3.46364e-19
-4.76636e-18
-1.71048e-23
-8.45787e-27
-4.06315e-22
-2.8503e-25
-4.58419e-21
1.6453e-23
-3.34461e-20
2.25281e-21
-1.48086e-19
2.88491e-20
-3.97452e-19
1.79689e-19
-6.75729e-19
6.20948e-19
-8.98701e-19
1.27378e-18
-9.45298e-19
1.87245e-18
-9.21729e-19
1.78996e-18
-9.34474e-19
9.34379e-19
-4.86683e-20
-8.92198e-19
-3.04537e-25
-1.21423e-29
-1.07821e-23
1.02127e-27
-1.98544e-22
3.99217e-24
-2.03071e-21
1.705e-22
-1.0254e-20
2.8641e-21
-2.64356e-20
2.24907e-20
-2.82937e-20
9.7031e-20
1.49195e-20
2.56216e-19
1.05299e-19
4.52192e-19
2.42234e-19
5.24215e-19
3.35273e-19
3.45538e-19
-8.58378e-22
3.01182e-19
-2.04211e-27
1.73439e-29
-1.29177e-25
1.99354e-27
-4.00927e-24
1.26761e-25
-4.8438e-23
6.68475e-24
-1.24551e-22
1.55959e-22
2.79354e-22
1.62539e-21
3.71252e-21
8.95908e-21
1.96216e-20
2.90234e-20
6.18556e-20
6.04099e-20
1.34215e-19
8.21163e-20
2.12664e-19
6.36751e-20
1.73193e-21
2.37497e-19
-3.35118e-30
1.04268e-31
-3.82175e-28
1.55455e-29
-1.14562e-26
1.43646e-27
2.782e-26
1.2384e-25
2.46149e-24
4.46405e-24
5.54883e-23
6.45671e-23
5.33951e-22
4.48169e-22
2.79746e-21
1.73877e-21
9.33688e-21
4.17516e-21
2.1912e-20
6.361e-21
3.76555e-20
5.35378e-21
6.20656e-23
4.3426e-20
1.04804e-34
3.23227e-34
2.59243e-32
4.44843e-32
6.11282e-30
6.29753e-30
1.38974e-27
1.06207e-27
1.0013e-25
5.86519e-26
2.49387e-24
1.15245e-24
2.71386e-23
1.00031e-23
1.59054e-22
4.58842e-23
5.80318e-22
1.24039e-22
1.44086e-21
2.01642e-22
2.51378e-21
1.68245e-22
-1.56779e-25
2.67965e-21
5.6586e-37
3.71895e-37
9.91768e-35
3.85282e-35
3.0686e-32
8.09179e-33
1.16017e-29
2.575e-30
1.15461e-27
2.1286e-28
3.62623e-26
5.56277e-27
4.70711e-25
5.98478e-26
3.14844e-24
3.21604e-25
1.24638e-23
9.55897e-25
3.15405e-23
1.57282e-24
5.13708e-23
1.15028e-24
-6.68323e-28
4.37054e-23
4.68517e-40
4.99249e-38
2.13323e-35
1.40709e-32
1.98519e-30
7.9857e-29
1.24774e-27
9.53724e-27
4.03079e-26
9.9446e-26
1.36266e-25
7.8921e-26
-2.29851e-17
-2.71795e-17
-2.18805e-11
-3.63958e-16
-3.96126e-10
-1.0637e-15
-4.48063e-10
-1.02138e-11
-6.59886e-11
-3.48905e-13
-3.09276e-10
-1.55199e-12
-6.54689e-10
5.38944e-12
-4.6115e-10
-1.1591e-11
-8.77566e-11
9.29015e-11
-1.95464e-15
1.44979e-12
-9.01305e-18
2.90777e-17
-1.39216e-20
-2.3653e-17
-1.38358e-16
-2.70781e-17
-3.88966e-16
-4.06879e-17
-1.02205e-15
-1.02132e-11
-6.42681e-16
-1.81738e-11
-6.64826e-14
-5.55866e-12
-5.55422e-14
-2.85091e-15
-3.24569e-14
-1.17249e-11
6.20975e-17
-8.02642e-12
-3.02158e-14
-2.69223e-12
1.9011e-12
-6.02213e-18
7.92474e-14
-6.12542e-18
-9.63124e-16
-1.81919e-17
-3.51194e-15
-4.05512e-17
-4.12059e-15
-6.77729e-17
-1.0541e-15
-8.5582e-17
-5.88089e-14
-4.14225e-17
-2.13706e-13
-1.64601e-15
-2.36689e-15
3.84636e-14
-1.39438e-15
5.86713e-16
-3.16502e-14
7.65388e-17
-1.3509e-14
2.27285e-17
-1.63353e-18
-1.61365e-19
-4.60242e-21
-9.23357e-17
-2.52665e-18
-1.94045e-16
-3.50662e-18
-3.91669e-16
-4.67971e-18
-5.34109e-16
-5.26835e-18
-3.04652e-16
-3.74177e-18
-2.69808e-15
-4.93381e-19
-6.18786e-16
2.94516e-16
-8.86689e-17
1.62369e-16
-2.96016e-18
3.56852e-17
-5.3683e-19
1.02744e-18
6.05449e-20
-4.47848e-22
-2.39236e-23
-5.97056e-18
-9.76523e-19
-9.09953e-18
-8.94766e-19
-1.40307e-17
-5.53415e-19
-1.72624e-17
-3.55104e-19
-1.48629e-17
-2.39568e-19
-1.13737e-17
-8.45745e-20
-2.04415e-17
-1.29414e-21
-5.75127e-18
2.89173e-18
-5.60054e-21
1.58265e-18
7.21121e-22
-7.59372e-24
1.65681e-22
-3.0371e-24
-1.2181e-25
-7.1992e-19
-3.51997e-19
-5.01454e-19
-3.34834e-19
-4.10328e-19
-1.30703e-19
-3.85257e-19
-3.73762e-20
-2.32546e-19
-9.30778e-21
-2.08023e-20
-3.00734e-21
-8.04978e-20
-7.72244e-23
-3.68306e-20
-1.99234e-24
6.75571e-21
-7.16714e-25
5.14544e-23
-1.30163e-25
1.05525e-24
-2.18989e-26
-8.91283e-28
1.63008e-19
-7.31256e-20
3.78175e-20
-7.81924e-20
-1.51496e-21
-2.37098e-20
-1.47939e-21
-4.32174e-21
-7.95101e-22
-4.79696e-22
-2.53678e-23
-4.23009e-23
4.90226e-25
-1.9025e-24
2.77963e-24
-7.3581e-26
3.84342e-24
-6.85426e-27
1.76488e-25
-1.30975e-27
7.59559e-27
-3.04462e-28
-1.4477e-29
1.8784e-19
-7.14956e-21
9.95132e-20
-8.10178e-21
2.02008e-20
-2.46181e-21
2.90445e-21
-3.70626e-22
2.90338e-22
-3.28148e-23
2.75669e-23
-1.77599e-24
1.6803e-24
-6.26895e-26
1.11171e-25
-1.7625e-27
1.37664e-26
-8.51421e-29
1.48544e-27
-1.62833e-29
1.1237e-28
-4.96214e-30
-2.399e-31
3.60756e-20
-2.71676e-22
2.06205e-20
-2.98958e-22
4.33175e-21
-9.18656e-23
5.26573e-22
-1.28207e-23
4.15885e-23
-9.69387e-25
2.23512e-24
-4.14931e-26
8.86917e-26
-1.05006e-27
3.15914e-27
-1.81577e-29
1.644e-28
-5.12651e-31
1.93727e-29
-1.10814e-31
2.11585e-30
-4.79107e-32
-2.32119e-33
2.17714e-21
-2.77387e-24
1.22656e-21
-2.71725e-24
2.62692e-22
-7.37021e-25
2.96338e-23
-8.72001e-26
1.97786e-24
-5.35394e-27
8.15455e-26
-1.80238e-28
2.17836e-27
-3.48329e-30
4.29431e-29
-4.3151e-32
1.19626e-30
-8.66324e-34
1.61289e-31
-2.65046e-34
2.62293e-32
-1.68956e-34
-8.36868e-36
3.29975e-23
-2.80968e-27
1.70932e-23
-2.10793e-27
3.27756e-24
-3.36427e-28
3.16054e-25
-2.22949e-29
1.71642e-26
-7.55696e-31
5.54258e-28
-1.39866e-32
1.11311e-29
-1.50653e-34
1.51742e-31
-1.32825e-36
2.87964e-33
-1.12731e-37
5.411e-34
-9.03032e-38
1.33761e-34
-8.05614e-38
-4.10768e-39
4.49216e-26
1.88661e-26
2.1897e-27
1.20762e-28
3.67081e-30
6.60721e-32
7.48608e-34
7.2832e-36
5.69946e-37
2.6748e-37
9.592e-38
-2.80848e-22
-3.71035e-24
-1.78868e-21
-5.57575e-23
-7.96559e-21
-3.79443e-22
-2.95594e-20
-1.84107e-21
-9.65658e-20
-7.04148e-21
-3.02245e-19
-2.21621e-20
-1.05402e-18
-5.90666e-20
-4.46564e-18
-1.37457e-19
-1.99711e-17
-2.98234e-19
-7.73796e-17
-6.57184e-19
-2.36704e-16
-1.52106e-18
-3.32215e-18
-6.70236e-16
-2.46998e-23
-1.6103e-25
-3.04495e-22
-5.38946e-24
-1.93389e-21
-5.65602e-23
-8.5319e-21
-3.35794e-22
-2.88914e-20
-1.43921e-21
-8.10071e-20
-4.93327e-21
-2.03416e-19
-1.38066e-20
-5.00456e-19
-3.13743e-20
-1.32736e-18
-5.90068e-20
-3.8581e-18
-9.58937e-20
-1.09557e-17
-1.46063e-19
-2.2567e-19
-2.52077e-17
-1.92839e-24
-4.46209e-27
-3.96807e-23
-2.98043e-25
-3.55011e-22
-4.67004e-24
-1.96136e-21
-3.48446e-23
-7.62038e-21
-1.75258e-22
-2.25848e-20
-7.06549e-22
-5.47397e-20
-2.34083e-21
-1.1521e-19
-6.07655e-21
-2.22727e-19
-1.21919e-20
-4.22013e-19
-1.93629e-20
-8.37173e-19
-2.5779e-20
-3.08103e-20
-1.73351e-18
-1.04571e-25
-4.87115e-29
-3.30333e-24
-8.057e-27
-4.07945e-23
-1.92247e-25
-2.90254e-22
-1.79828e-24
-1.38361e-21
-1.0464e-23
-4.7987e-21
-5.07164e-23
-1.28688e-20
-2.18088e-22
-2.80193e-20
-7.35813e-22
-5.15464e-20
-1.82345e-21
-8.31473e-20
-3.35461e-21
-1.23311e-19
-4.83475e-21
-5.7755e-21
-1.79404e-19
-3.22321e-27
1.4727e-29
-1.52404e-25
-7.87177e-29
-2.57463e-24
-3.42593e-27
-2.38967e-23
-3.85855e-26
-1.44705e-22
-2.16306e-25
-6.22959e-22
-1.12129e-24
-2.01136e-21
-7.6524e-24
-5.06006e-21
-4.21701e-23
-1.0205e-20
-1.53291e-22
-1.68665e-20
-3.79165e-22
-2.33861e-20
-6.89852e-22
-9.74676e-22
-2.80741e-20
-4.76637e-29
9.35669e-31
-3.46858e-27
1.25512e-29
-8.11871e-26
-1.52215e-29
-9.92141e-25
-1.14496e-28
-7.75014e-24
7.75874e-26
-4.27424e-23
8.14697e-25
-1.74491e-22
2.16566e-24
-5.42352e-22
-4.20905e-25
-1.30544e-21
-5.46539e-24
-2.45409e-21
-2.37371e-23
-3.61313e-21
-6.37908e-23
-1.18838e-22
-4.16696e-21
-2.34012e-31
2.18339e-32
-3.11558e-29
8.02254e-31
-1.08839e-27
1.36564e-29
-1.856e-26
3.86914e-28
-1.93244e-25
8.09654e-27
-1.34324e-24
8.29401e-26
-7.13535e-24
4.28314e-25
-2.89929e-23
1.13394e-24
-8.8765e-23
2.45658e-25
-2.03389e-22
-6.8533e-25
-3.41712e-22
-3.56426e-24
-9.29169e-24
-4.0729e-22
1.81637e-35
3.5509e-34
-4.87433e-32
1.36532e-32
-4.90686e-30
2.6198e-31
-1.4487e-28
9.29144e-30
-1.93648e-27
2.38925e-28
-1.53429e-26
3.02037e-27
-9.25963e-26
1.96845e-26
-4.95858e-25
7.49738e-26
-2.19826e-24
1.58554e-25
-6.89777e-24
-4.17379e-27
-1.43619e-23
-1.11593e-25
-4.21293e-25
-1.87096e-23
1.28358e-36
4.15559e-36
6.73999e-35
1.45955e-34
1.40933e-33
2.40406e-33
5.73868e-32
1.00762e-31
1.99888e-30
3.41649e-30
3.7207e-29
5.47143e-29
3.61174e-28
4.28691e-28
2.13591e-27
1.94034e-27
9.1039e-27
5.54168e-27
3.11853e-26
5.51202e-27
5.26711e-26
-1.64344e-27
-9.00045e-27
-4.31369e-26
1.91845e-38
2.61797e-38
1.0543e-36
8.18728e-37
2.18754e-35
1.1008e-35
1.19632e-33
5.36907e-34
5.45079e-32
2.35872e-32
1.21143e-30
4.68948e-31
1.35088e-29
4.28769e-30
9.12341e-29
2.16291e-29
4.63736e-28
6.98846e-29
2.33294e-27
1.2869e-28
1.03851e-26
-7.5371e-30
-5.81076e-29
1.9219e-26
1.02607e-40
4.97537e-41
5.16593e-39
1.37634e-39
8.78175e-38
1.48018e-38
5.64683e-36
8.29159e-37
3.34394e-34
4.69091e-35
9.09151e-33
1.1448e-33
1.14915e-31
1.19714e-32
8.19004e-31
6.464e-32
4.1044e-30
2.13087e-31
2.23068e-29
5.11596e-31
1.40901e-28
-3.13916e-33
-3.8115e-32
3.12427e-28
8.68803e-44
3.89761e-42
5.3424e-41
3.94008e-39
3.02174e-37
1.00434e-35
1.42884e-34
1.04994e-33
4.77188e-33
2.05817e-32
1.59555e-31
4.01803e-31
-3.00492e-15
-5.91005e-18
-1.81811e-14
-5.77939e-17
-2.36761e-14
-8.21534e-19
-1.14876e-14
1.31475e-17
-5.09832e-17
6.67575e-18
-4.34789e-17
1.20297e-17
-3.65594e-17
1.54702e-17
-2.8582e-17
1.79033e-17
-2.03799e-17
1.8238e-17
-1.03087e-17
1.60339e-17
-2.73503e-18
8.77295e-18
1.53486e-18
-3.18317e-17
-3.61708e-19
-1.20395e-17
-4.61795e-19
-3.25751e-17
-3.0181e-19
-1.84683e-17
1.00625e-18
-1.65218e-17
2.25309e-18
-1.32464e-17
3.7589e-18
-1.05203e-17
4.64325e-18
-7.39122e-18
5.22883e-18
-4.37883e-18
4.96709e-18
-1.56245e-18
3.78295e-18
-1.37122e-19
1.50142e-18
5.34773e-20
-3.35555e-18
-3.59948e-20
-5.10975e-18
-3.82693e-20
-5.37105e-18
-2.93249e-20
-3.93929e-18
8.67089e-20
-3.34539e-18
4.01931e-19
-2.5709e-18
6.91432e-19
-1.88223e-18
8.61627e-19
-1.1676e-18
9.35731e-19
-5.54416e-19
8.21834e-19
-1.24338e-19
5.28621e-19
-1.88343e-21
1.4001e-19
6.68236e-23
-2.72017e-19
-6.01708e-21
-4.15187e-19
-5.16707e-21
-5.58012e-19
-3.51267e-21
-4.94571e-19
-8.25784e-22
-4.04688e-19
3.21812e-20
-2.96946e-19
6.90139e-20
-1.97132e-19
9.11044e-20
-1.06592e-19
9.61412e-20
-3.93382e-20
7.81659e-20
-5.02941e-21
4.18761e-20
-5.58032e-24
7.05135e-21
-2.94371e-26
-3.06286e-20
-1.08778e-21
-3.23019e-20
-8.91331e-22
-3.49852e-20
-5.22939e-22
-3.4254e-20
-1.94108e-22
-2.71803e-20
2.28805e-22
-1.87844e-20
3.13939e-21
-1.13476e-20
4.92757e-21
-5.38951e-21
5.28402e-21
-1.54589e-21
4.08056e-21
-1.08154e-22
1.85182e-21
-3.10438e-27
2.03826e-22
-8.0526e-28
-3.80373e-21
-1.52935e-22
-2.79962e-21
-1.23979e-22
-1.82483e-21
-5.72483e-23
-1.18048e-21
-1.6258e-23
-8.70502e-22
-1.99338e-24
-5.82247e-22
3.29261e-23
-3.38674e-22
1.15755e-22
-1.48461e-22
1.44434e-22
-3.4747e-23
1.13417e-22
-1.40024e-24
4.5979e-23
2.50779e-25
3.59761e-24
-8.52413e-30
-3.32987e-22
-1.35654e-23
-1.70889e-22
-1.05158e-23
-6.47477e-23
-3.01974e-24
-1.61892e-23
-4.36964e-25
-8.2142e-24
-1.67215e-26
-7.42203e-24
-1.79266e-28
-4.98653e-24
8.64393e-25
-2.25606e-24
1.82129e-24
-4.78979e-25
1.64732e-24
-1.35158e-26
6.482e-25
4.28132e-27
4.06909e-26
-2.88143e-32
-1.45436e-23
-6.26897e-25
-4.62271e-24
-4.20749e-25
-8.46696e-25
-5.73513e-26
-5.01496e-26
-3.07947e-27
-1.75085e-27
-4.77334e-29
-2.73619e-26
-8.83571e-31
-3.46234e-26
6.8581e-28
-1.93502e-26
9.77517e-27
-4.30471e-27
1.22249e-26
-1.13661e-28
5.14158e-27
2.82271e-29
2.92427e-28
-5.14279e-35
-1.27427e-25
-1.17344e-26
-3.12687e-26
-5.93543e-27
-2.7163e-27
-3.37504e-28
-7.05747e-29
-8.96082e-30
-2.90583e-30
-1.61776e-31
-6.62677e-30
-2.05644e-33
-1.06192e-28
-6.7423e-35
-9.19439e-29
2.02215e-29
-2.43538e-29
4.37535e-29
-7.17338e-31
2.14965e-29
8.12283e-32
1.21872e-30
-1.09184e-37
1.07934e-26
-5.78946e-29
1.74596e-27
-2.03532e-29
-1.47801e-30
-9.85207e-31
-1.18077e-31
-1.11091e-32
-3.92885e-33
-6.86235e-35
-8.3926e-34
-3.77789e-37
-1.25436e-31
-1.88138e-38
-2.13123e-31
1.36592e-32
-7.20709e-32
6.4333e-32
-2.37533e-33
3.92289e-32
2.01569e-34
2.33545e-33
-3.12989e-40
1.49234e-28
-2.41626e-32
2.68306e-29
-5.37726e-33
5.11632e-31
-1.84961e-34
-1.03809e-35
-1.30609e-36
-4.89173e-37
-1.14109e-39
-1.22612e-37
-1.83343e-43
-4.20384e-35
-2.24554e-43
-1.73145e-34
1.9247e-36
-7.47767e-35
2.3843e-35
-2.35028e-36
1.81296e-35
8.80541e-37
1.11342e-36
-1.78039e-43
1.2177e-31
1.51776e-32
2.81312e-34
7.63325e-37
-8.30291e-44
-9.35126e-43
-1.44887e-39
-1.66254e-38
-7.44784e-39
5.13312e-40
5.87882e-40
-1.63824e-19
-6.79557e-21
-7.64484e-19
-7.14509e-20
-2.49159e-18
-3.9572e-19
-6.68149e-18
-1.66791e-18
-1.49028e-17
-5.50688e-18
-2.77598e-17
-1.42334e-17
-4.35766e-17
-2.87781e-17
-5.81213e-17
-4.50146e-17
-6.72413e-17
-5.25219e-17
-7.36356e-17
-3.98805e-17
-8.95984e-17
-6.77003e-18
2.62236e-17
-1.13079e-16
-3.05516e-20
-8.99812e-22
-2.67519e-19
-1.8476e-20
-1.24887e-18
-1.43651e-19
-4.16906e-18
-7.10603e-19
-1.07687e-17
-2.65852e-18
-2.24403e-17
-7.79092e-18
-3.89661e-17
-1.77751e-17
-5.76497e-17
-3.11537e-17
-7.37727e-17
-4.06466e-17
-8.50898e-17
-3.33655e-17
-1.03013e-16
2.23508e-18
8.22808e-09
-8.22808e-09
-6.04473e-21
-9.71246e-23
-8.21386e-20
-3.38538e-21
-5.18414e-19
-3.60134e-20
-2.12447e-18
-2.17085e-19
-6.37696e-18
-9.58133e-19
-1.49648e-17
-3.30511e-18
-2.88107e-17
-8.80154e-18
-4.72501e-17
-1.77071e-17
-6.75139e-17
-2.6136e-17
-8.39602e-17
-2.4439e-17
-9.44595e-17
1.2292e-18
9.73056e-08
-2.66554e-07
-1.01119e-21
-6.44911e-24
-1.97476e-20
-3.89041e-22
-1.63189e-19
-5.83245e-21
-8.2242e-19
-4.48939e-20
-2.91889e-18
-2.46029e-19
-7.86182e-18
-1.05599e-18
-1.68925e-17
-3.48181e-18
-3.00148e-17
-8.53554e-18
-4.49529e-17
-1.52655e-17
-5.58631e-17
-1.86204e-17
-5.4407e-17
-7.75058e-18
1.0444e-07
-2.14361e-07
-1.16377e-22
-1.99988e-25
-3.27442e-21
-2.43485e-23
-3.58871e-20
-5.56911e-22
-2.29068e-19
-5.81737e-21
-1.00141e-18
-4.19972e-20
-3.24246e-18
-2.39253e-19
-8.13182e-18
-1.05002e-18
-1.62843e-17
-3.3987e-18
-2.65129e-17
-8.02434e-18
-3.46436e-17
-1.37433e-17
-3.29312e-17
-1.46244e-17
2.63409e-08
-7.36582e-08
-7.81978e-24
-1.2813e-27
-3.30843e-22
-6.45481e-25
-5.02261e-21
-2.65502e-23
-4.25424e-20
-4.13836e-22
-2.41407e-19
-4.31065e-21
-9.99857e-19
-3.58514e-20
-3.14722e-18
-2.29159e-19
-7.69883e-18
-1.06406e-18
-1.49113e-17
-3.5758e-18
-2.29388e-17
-8.90447e-18
-2.68582e-17
-1.53786e-17
-1.38398e-09
-1.03731e-07
-2.38097e-25
1.76794e-27
-1.67964e-23
-3.83465e-27
-3.85942e-22
-4.32599e-25
-4.71543e-21
-1.12172e-23
-3.77398e-20
-1.84712e-22
-2.17303e-19
-2.505e-21
-9.35252e-19
-2.63773e-20
-3.06519e-18
-2.01358e-19
-7.8009e-18
-1.11342e-18
-1.5506e-17
-4.54179e-18
-2.31017e-17
-1.2444e-17
-2.15882e-08
-1.07117e-07
-1.81266e-27
5.76585e-29
-2.76972e-25
1.10162e-27
-1.09447e-23
-1.37834e-27
-2.11194e-22
-7.74317e-26
-2.62819e-21
-2.32265e-24
-2.3805e-20
-5.85581e-23
-1.63279e-19
-1.152e-21
-8.56119e-19
-1.69875e-20
-3.43831e-18
-1.92748e-19
-1.01133e-17
-1.65531e-18
-1.91229e-17
-8.49415e-18
-1.3115e-08
-1.20425e-07
6.67595e-32
8.93655e-31
-5.40383e-28
1.51176e-29
-6.59973e-26
6.19612e-29
-2.44511e-24
-4.94527e-29
-5.40317e-23
-4.92664e-27
-8.98963e-22
-3.22261e-25
-1.21239e-20
-1.47798e-23
-1.33889e-19
-5.56907e-22
-1.15485e-18
-1.76726e-20
-6.35718e-18
-4.15833e-19
-1.44449e-17
-5.33566e-18
-3.25669e-09
-7.15074e-08
4.33362e-33
7.55568e-33
8.77764e-32
9.61651e-32
5.80474e-31
5.87553e-31
-1.12153e-27
3.07711e-29
-1.44798e-25
-8.45022e-32
-7.46815e-24
-1.50692e-28
-3.14462e-22
-3.01527e-26
-1.111e-20
-7.11518e-24
-2.85259e-19
-9.48709e-22
-4.06508e-18
-5.08388e-20
-1.22207e-17
-1.04011e-18
-4.48592e-10
-2.31163e-08
3.61312e-35
1.88139e-35
6.83589e-34
1.88827e-34
3.73244e-33
6.33779e-34
1.28927e-31
2.01219e-32
3.78389e-30
5.29623e-31
5.72382e-29
-3.61719e-34
-2.12587e-24
-3.30677e-31
-5.23334e-22
-7.0544e-27
-3.65152e-20
-8.68859e-24
-8.75437e-19
-2.0412e-21
-7.38294e-18
-1.41666e-19
-2.43633e-18
-4.48592e-10
4.15438e-38
6.28568e-37
1.71567e-36
5.95361e-35
2.29901e-33
5.57353e-33
2.87745e-31
-2.82529e-24
-1.42464e-21
-1.26204e-19
-2.71734e-18
-1.03715e-17
-3.89816e-08
3.89816e-08
-6.49343e-07
3.57671e-07
-1.92827e-06
1.19109e-06
-2.08088e-06
1.5291e-06
-1.7468e-06
1.29392e-06
-1.33172e-06
8.13835e-07
-9.49732e-07
3.62827e-07
-6.43655e-07
1.07072e-07
-4.2963e-07
-2.78303e-08
-2.75498e-07
-3.33362e-08
-1.44558e-07
-7.08875e-08
-1.90862e-07
-8.81848e-07
4.17734e-07
-1.87253e-06
8.64855e-07
-1.85687e-06
1.17542e-06
-1.60881e-06
1.28104e-06
-1.24936e-06
9.3447e-07
-8.78658e-07
4.43135e-07
-5.7612e-07
6.02884e-08
-3.53758e-07
-1.1529e-07
-2.04513e-07
-1.77075e-07
-9.14876e-08
-1.46362e-07
-1.51688e-08
-1.47206e-07
-2.06031e-07
-1.348e-06
9.66446e-07
-1.46727e-06
9.84121e-07
-1.38605e-06
1.09421e-06
-1.12809e-06
1.02308e-06
-8.02265e-07
6.08644e-07
-5.08671e-07
1.49541e-07
-2.9458e-07
-1.53803e-07
-1.51343e-07
-2.58527e-07
-6.27802e-08
-2.65638e-07
7.33529e-10
-2.09876e-07
3.07482e-08
-1.77221e-07
-1.75283e-07
-6.9092e-07
1.18068e-06
-9.53911e-07
1.24711e-06
-9.1091e-07
1.0512e-06
-6.86939e-07
7.99107e-07
-4.2542e-07
3.47126e-07
-2.17227e-07
-5.8652e-08
-8.51774e-08
-2.85852e-07
-1.12774e-08
-3.32427e-07
2.46077e-08
-3.01523e-07
4.4782e-08
-2.3005e-07
4.11398e-08
-1.73579e-07
-1.34143e-07
-2.92621e-07
1.25084e-06
-4.98508e-07
1.453e-06
-4.87037e-07
1.03973e-06
-3.11672e-07
6.23742e-07
-1.23074e-07
1.58528e-07
4.42728e-09
-1.86154e-07
6.34425e-08
-3.44867e-07
8.14779e-08
-3.50462e-07
7.60989e-08
-2.96144e-07
6.38435e-08
-2.17794e-07
4.00234e-08
-1.49759e-07
-9.41197e-08
-1.12862e-07
1.08097e-06
-1.92408e-07
1.53254e-06
-1.56479e-07
1.0038e-06
-1.83254e-08
4.85589e-07
1.02595e-07
3.76077e-08
1.596e-07
-2.43159e-07
1.6174e-07
-3.47007e-07
1.36766e-07
-3.25488e-07
1.01563e-07
-2.6094e-07
6.82426e-08
-1.84475e-07
3.46173e-08
-1.16133e-07
-5.95024e-08
-7.68055e-08
7.90295e-07
-2.11729e-08
1.47691e-06
6.89025e-08
9.13729e-07
1.85744e-07
3.68747e-07
2.53249e-07
-2.98975e-08
2.55743e-07
-2.45653e-07
2.15188e-07
-3.06452e-07
1.60697e-07
-2.70998e-07
1.07237e-07
-2.07479e-07
6.31671e-08
-1.40405e-07
2.73865e-08
-8.03527e-08
-3.21158e-08
-1.28114e-07
4.39392e-07
5.03288e-08
1.29847e-06
1.98319e-07
7.65739e-07
3.04491e-07
2.62576e-07
3.32888e-07
-5.82951e-08
2.96772e-07
-2.09536e-07
2.29085e-07
-2.38765e-07
1.58621e-07
-2.00534e-07
9.78256e-08
-1.46684e-07
5.17646e-08
-9.43437e-08
1.94382e-08
-4.80263e-08
-1.26776e-08
-2.02934e-07
1.70795e-07
5.40423e-08
1.04149e-06
2.49176e-07
5.70605e-07
3.46865e-07
1.64887e-07
3.47775e-07
-5.92049e-08
2.8897e-07
-1.50731e-07
2.09512e-07
-1.59308e-07
1.35994e-07
-1.27016e-07
7.7642e-08
-8.83314e-08
3.66028e-08
-5.33045e-08
1.1513e-08
-2.29365e-08
-1.16469e-09
-2.39959e-07
4.63971e-08
1.32074e-08
6.90928e-07
2.38801e-07
3.45011e-07
3.22738e-07
8.09504e-08
3.0588e-07
-4.23474e-08
2.39812e-07
-8.46627e-08
1.6354e-07
-8.30365e-08
9.88561e-08
-6.2332e-08
5.12041e-08
-4.06794e-08
2.03063e-08
-2.24067e-08
4.41154e-09
-7.04173e-09
3.24686e-09
-2.94876e-07
5.95534e-09
-4.13575e-08
2.84489e-07
1.8037e-07
1.23283e-07
2.39669e-07
2.16524e-08
2.14865e-07
-1.75435e-08
1.57926e-07
-2.77237e-08
9.96773e-08
-2.47881e-08
5.44062e-08
-1.70609e-08
2.37671e-08
-1.00404e-08
5.96541e-09
-4.605e-09
-8.16424e-10
-2.59899e-10
2.43044e-09
-2.05729e-07
-4.53446e-08
7.79387e-08
9.9591e-08
8.20475e-08
5.43239e-08
2.95357e-08
1.24748e-08
2.43446e-09
-2.17054e-09
-2.43044e-09
-3.59232e-07
-5.08375e-07
-5.13555e-07
-6.63619e-07
-6.12025e-07
-5.90471e-07
-7.11873e-07
-5.1668e-07
-8.23898e-07
-4.81218e-07
-9.5361e-07
-4.81573e-07
-1.05956e-06
-4.62832e-07
-1.10591e-06
-4.33827e-07
-1.03768e-06
-3.80614e-07
-8.0091e-07
-3.07209e-07
-1.92693e-07
-2.15371e-07
1.04044e-07
-2.0043e-07
-3.07945e-07
-3.76011e-07
-4.88038e-07
-4.99473e-07
-4.67008e-07
-6.08877e-07
-4.07276e-07
-7.19294e-07
-3.70801e-07
-8.32131e-07
-3.68736e-07
-9.17092e-07
-3.77871e-07
-9.41029e-07
-4.09889e-07
-8.57181e-07
-4.64462e-07
-6.18051e-07
-5.46339e-07
-1.93583e-07
-6.19178e-07
5.42983e-08
-1.30952e-07
-1.76993e-07
-2.81489e-07
-3.37501e-07
-4.02282e-07
-3.46215e-07
-5.0707e-07
-3.02489e-07
-6.07441e-07
-2.70429e-07
-7.04456e-07
-2.71722e-07
-7.78822e-07
-3.03505e-07
-8.08288e-07
-3.80423e-07
-7.66277e-07
-5.06473e-07
-6.45714e-07
-6.66903e-07
-5.32054e-07
-7.09329e-07
-6.71032e-08
-9.00286e-08
-8.69641e-08
-2.10746e-07
-2.16783e-07
-3.16893e-07
-2.40069e-07
-4.0931e-07
-2.10072e-07
-4.95375e-07
-1.84364e-07
-5.77138e-07
-1.89958e-07
-6.4475e-07
-2.35893e-07
-6.86466e-07
-3.38707e-07
-6.89762e-07
-5.03178e-07
-6.55261e-07
-7.01403e-07
-5.6738e-07
-7.9721e-07
-2.7308e-07
-6.0943e-08
-2.60211e-08
-1.53701e-07
-1.24025e-07
-2.41042e-07
-1.52728e-07
-3.17618e-07
-1.33495e-07
-3.87615e-07
-1.14367e-07
-4.54325e-07
-1.23248e-07
-5.15371e-07
-1.74847e-07
-5.68143e-07
-2.85934e-07
-6.09993e-07
-4.61327e-07
-6.38076e-07
-6.73321e-07
-6.18869e-07
-8.16417e-07
-4.85392e-07
-3.85053e-08
1.24842e-08
-1.0578e-07
-5.67508e-08
-1.73349e-07
-8.51588e-08
-2.33016e-07
-7.38282e-08
-2.86708e-07
-6.06754e-08
-3.38656e-07
-7.13001e-08
-3.91829e-07
-1.21674e-07
-4.50615e-07
-2.27148e-07
-5.19687e-07
-3.92256e-07
-5.98501e-07
-5.94506e-07
-6.64215e-07
-7.50703e-07
-5.9659e-07
-2.05535e-08
3.30378e-08
-6.48879e-08
-1.24164e-08
-1.1314e-07
-3.6907e-08
-1.5608e-07
-3.08879e-08
-1.94107e-07
-2.26481e-08
-2.31935e-07
-3.34725e-08
-2.7589e-07
-7.77193e-08
-3.3493e-07
-1.68108e-07
-4.18635e-07
-3.0855e-07
-5.3028e-07
-4.82861e-07
-6.48664e-07
-6.32319e-07
-5.89543e-07
-6.04122e-09
3.9079e-08
-3.03425e-08
1.18849e-08
-6.0596e-08
-6.65351e-09
-8.77246e-08
-3.75932e-09
-1.11231e-07
8.58117e-10
-1.35946e-07
-8.75711e-09
-1.69934e-07
-4.37312e-08
-2.24554e-07
-1.13488e-07
-3.12143e-07
-2.20961e-07
-4.3901e-07
-3.55995e-07
-5.87086e-07
-4.84243e-07
-5.14522e-07
5.12504e-09
3.3954e-08
-2.65973e-09
1.96697e-08
-1.7128e-08
7.81479e-09
-3.00681e-08
9.18074e-09
-4.06742e-08
1.14642e-08
-5.36494e-08
4.2181e-09
-7.75521e-08
-1.98285e-08
-1.2431e-07
-6.67302e-08
-2.07086e-07
-1.38185e-07
-3.34163e-07
-2.28918e-07
-4.94603e-07
-3.23802e-07
-3.81025e-07
1.22349e-08
2.17191e-08
1.62581e-08
1.56464e-08
1.4178e-08
9.89495e-09
1.27099e-08
1.06489e-08
1.24898e-08
1.16843e-08
9.16152e-09
7.54636e-09
-5.02129e-09
-5.64568e-09
-4.10349e-08
-3.07165e-08
-1.11098e-07
-6.81229e-08
-2.23766e-07
-1.16249e-07
-3.76166e-07
-1.71403e-07
-2.22107e-07
1.38444e-08
7.87473e-09
2.32315e-08
6.25927e-09
2.83251e-08
4.80126e-09
3.37963e-08
5.17771e-09
3.99405e-08
5.5401e-09
4.32563e-08
4.23062e-09
3.75173e-08
9.33482e-11
1.43732e-08
-7.57246e-09
-3.44854e-08
-1.92643e-08
-1.16981e-07
-3.37538e-08
-2.35829e-07
-5.25551e-08
-7.71214e-08
7.87472e-09
1.4134e-08
1.89353e-08
2.4113e-08
2.96531e-08
3.38837e-08
3.39771e-08
2.64046e-08
7.1403e-09
-2.66135e-08
-7.91685e-08
)
;

boundaryField
{
    rotor
    {
        type            calculated;
        value           uniform 0;
    }
    stator
    {
        type            calculated;
        value           uniform 0;
    }
    front
    {
        type            empty;
        value           nonuniform 0();
    }
    back
    {
        type            empty;
        value           nonuniform 0();
    }
}


// ************************************************************************* //
