/*--------------------------------*- C++ -*----------------------------------*\
| =========                 |                                                 |
| \\      /  F ield         | OpenFOAM: The Open Source CFD Toolbox           |
|  \\    /   O peration     | Version:  v1606+                                |
|   \\  /    A nd           | Web:      www.OpenFOAM.com                      |
|    \\/     M anipulation  |                                                 |
\*---------------------------------------------------------------------------*/
FoamFile
{
    version     2.0;
    format      ascii;
    class       volScalarField;
    location    "0.0024";
    object      epsilon;
}
// * * * * * * * * * * * * * * * * * * * * * * * * * * * * * * * * * * * * * //

dimensions      [0 2 -3 0 0 0 0];

internalField   nonuniform List<scalar> 
2450
(
231.469
196.805
166.2
167.746
163.197
157.933
155.237
153.466
152.261
151.528
151.077
150.807
150.639
150.531
150.458
150.408
150.372
150.347
150.328
150.314
150.304
150.295
150.289
150.285
150.281
150.278
150.276
150.274
150.273
150.271
150.27
150.27
150.269
150.269
150.269
150.269
150.268
150.269
150.269
150.269
150.269
150.27
150.27
150.27
150.271
150.271
150.272
150.272
150.273
150.274
150.274
150.275
150.275
150.276
150.276
150.277
150.277
150.278
150.278
150.279
150.279
150.28
150.28
150.281
150.281
150.281
150.281
150.281
150.28
150.28
195.979
160.993
159.008
164.885
161.417
157.259
154.871
153.225
152.144
151.442
151.028
150.779
150.622
150.52
150.451
150.403
150.369
150.344
150.326
150.313
150.302
150.294
150.288
150.284
150.28
150.278
150.275
150.274
150.272
150.271
150.27
150.27
150.269
150.269
150.269
150.269
150.269
150.269
150.269
150.269
150.27
150.27
150.27
150.271
150.271
150.272
150.272
150.273
150.273
150.274
150.274
150.275
150.276
150.276
150.277
150.277
150.278
150.278
150.279
150.279
150.28
150.28
150.281
150.281
150.281
150.281
150.281
150.28
150.28
150.28
166.306
159.275
162.021
163.371
159.422
156.274
154.283
152.834
151.908
151.317
150.962
150.742
150.601
150.507
150.443
150.398
150.365
150.342
150.324
150.311
150.301
150.294
150.288
150.284
150.28
150.278
150.275
150.274
150.273
150.272
150.271
150.27
150.27
150.27
150.27
150.27
150.27
150.27
150.27
150.27
150.27
150.271
150.271
150.272
150.272
150.273
150.273
150.274
150.274
150.275
150.275
150.276
150.277
150.277
150.278
150.278
150.279
150.279
150.28
150.28
150.281
150.281
150.282
150.282
150.282
150.282
150.282
150.281
150.28
150.28
168.158
165.326
163.541
160.434
157.356
155.14
153.504
152.39
151.638
151.172
150.883
150.697
150.574
150.491
150.432
150.391
150.361
150.339
150.322
150.31
150.3
150.293
150.288
150.283
150.28
150.278
150.276
150.274
150.273
150.272
150.271
150.271
150.27
150.27
150.27
150.27
150.27
150.27
150.27
150.271
150.271
150.271
150.272
150.272
150.273
150.273
150.274
150.274
150.275
150.275
150.276
150.276
150.277
150.278
150.278
150.279
150.279
150.28
150.28
150.281
150.281
150.282
150.282
150.282
150.283
150.283
150.282
150.281
150.28
150.279
163.646
161.742
159.587
157.429
155.552
153.942
152.736
151.926
151.378
151.028
150.8
150.647
150.544
150.471
150.42
150.383
150.355
150.335
150.319
150.308
150.299
150.292
150.287
150.283
150.28
150.277
150.275
150.274
150.273
150.272
150.271
150.271
150.27
150.27
150.27
150.27
150.27
150.27
150.271
150.271
150.271
150.271
150.272
150.272
150.273
150.273
150.274
150.274
150.275
150.275
150.276
150.277
150.277
150.278
150.278
150.279
150.279
150.28
150.28
150.281
150.281
150.282
150.282
150.282
150.283
150.283
150.282
150.281
150.28
150.279
158.28
157.573
156.466
155.257
153.988
152.898
152.109
151.538
151.153
150.896
150.72
150.598
150.512
150.451
150.406
150.373
150.349
150.33
150.316
150.305
150.297
150.291
150.286
150.282
150.279
150.277
150.275
150.274
150.273
150.272
150.271
150.271
150.27
150.27
150.27
150.27
150.27
150.27
150.27
150.271
150.271
150.271
150.272
150.272
150.273
150.273
150.274
150.274
150.275
150.275
150.276
150.277
150.277
150.278
150.278
150.279
150.279
150.28
150.28
150.281
150.281
150.282
150.282
150.282
150.283
150.283
150.282
150.281
150.28
150.279
155.505
155.091
154.449
153.621
152.801
152.134
151.609
151.233
150.968
150.781
150.647
150.551
150.481
150.43
150.392
150.363
150.342
150.325
150.312
150.303
150.295
150.289
150.285
150.281
150.278
150.276
150.274
150.273
150.272
150.271
150.271
150.27
150.27
150.27
150.27
150.27
150.27
150.27
150.27
150.27
150.271
150.271
150.272
150.272
150.273
150.273
150.274
150.274
150.275
150.275
150.276
150.276
150.277
150.277
150.278
150.279
150.279
150.28
150.28
150.28
150.281
150.281
150.282
150.282
150.282
150.282
150.282
150.281
150.279
150.279
153.684
153.415
152.987
152.501
151.997
151.577
151.25
151.004
150.82
150.685
150.584
150.509
150.452
150.41
150.378
150.353
150.334
150.32
150.309
150.3
150.293
150.287
150.283
150.28
150.277
150.275
150.274
150.273
150.272
150.271
150.27
150.27
150.27
150.269
150.269
150.269
150.27
150.27
150.27
150.27
150.271
150.271
150.271
150.272
150.272
150.273
150.273
150.274
150.274
150.275
150.276
150.276
150.277
150.277
150.278
150.278
150.279
150.279
150.28
150.28
150.281
150.281
150.281
150.282
150.282
150.282
150.281
150.28
150.279
150.278
152.435
152.3
152.038
151.738
151.449
151.199
150.995
150.832
150.704
150.606
150.53
150.471
150.426
150.392
150.365
150.344
150.327
150.315
150.305
150.297
150.291
150.286
150.282
150.279
150.276
150.275
150.273
150.272
150.271
150.27
150.27
150.27
150.269
150.269
150.269
150.269
150.269
150.269
150.27
150.27
150.27
150.271
150.271
150.272
150.272
150.273
150.273
150.274
150.274
150.275
150.275
150.276
150.276
150.277
150.277
150.278
150.279
150.279
150.279
150.28
150.28
150.281
150.281
150.281
150.282
150.282
150.281
150.28
150.279
150.278
151.667
151.57
151.427
151.261
151.095
150.944
150.813
150.703
150.614
150.542
150.484
150.439
150.403
150.375
150.352
150.335
150.321
150.31
150.301
150.294
150.288
150.284
150.28
150.278
150.275
150.274
150.272
150.271
150.271
150.27
150.269
150.269
150.269
150.269
150.269
150.269
150.269
150.269
150.269
150.27
150.27
150.27
150.271
150.271
150.272
150.272
150.273
150.273
150.274
150.274
150.275
150.276
150.276
150.277
150.277
150.278
150.278
150.279
150.279
150.28
150.28
150.28
150.281
150.281
150.281
150.281
150.281
150.28
150.278
150.278
151.191
151.134
151.056
150.962
150.863
150.768
150.682
150.607
150.543
150.49
150.447
150.412
150.383
150.36
150.341
150.326
150.314
150.305
150.297
150.291
150.286
150.282
150.279
150.276
150.274
150.273
150.272
150.271
150.27
150.269
150.269
150.269
150.268
150.268
150.268
150.268
150.269
150.269
150.269
150.269
150.27
150.27
150.271
150.271
150.271
150.272
150.273
150.273
150.274
150.274
150.275
150.275
150.276
150.276
150.277
150.277
150.278
150.278
150.279
150.279
150.28
150.28
150.28
150.281
150.281
150.281
150.28
150.279
150.278
150.277
150.904
150.869
150.824
150.768
150.706
150.645
150.587
150.534
150.489
150.449
150.416
150.388
150.365
150.347
150.331
150.319
150.308
150.3
150.294
150.288
150.284
150.28
150.277
150.275
150.273
150.272
150.271
150.27
150.269
150.269
150.268
150.268
150.268
150.268
150.268
150.268
150.268
150.268
150.269
150.269
150.269
150.27
150.27
150.271
150.271
150.272
150.272
150.273
150.273
150.274
150.274
150.275
150.275
150.276
150.277
150.277
150.277
150.278
150.278
150.279
150.279
150.28
150.28
150.28
150.28
150.28
150.28
150.279
150.277
150.277
150.722
150.7
150.673
150.638
150.598
150.557
150.516
150.479
150.446
150.416
150.39
150.369
150.35
150.335
150.322
150.312
150.303
150.296
150.29
150.286
150.282
150.279
150.276
150.274
150.272
150.271
150.27
150.269
150.269
150.268
150.268
150.268
150.267
150.267
150.267
150.268
150.268
150.268
150.268
150.269
150.269
150.269
150.27
150.27
150.271
150.271
150.272
150.272
150.273
150.273
150.274
150.275
150.275
150.276
150.276
150.277
150.277
150.278
150.278
150.278
150.279
150.279
150.28
150.28
150.28
150.28
150.279
150.278
150.277
150.276
150.602
150.588
150.57
150.547
150.521
150.492
150.464
150.437
150.412
150.389
150.37
150.352
150.338
150.325
150.315
150.306
150.298
150.292
150.287
150.283
150.28
150.277
150.275
150.273
150.271
150.27
150.269
150.269
150.268
150.268
150.267
150.267
150.267
150.267
150.267
150.267
150.267
150.268
150.268
150.268
150.269
150.269
150.269
150.27
150.27
150.271
150.271
150.272
150.273
150.273
150.274
150.274
150.275
150.275
150.276
150.276
150.277
150.277
150.278
150.278
150.278
150.279
150.279
150.279
150.279
150.279
150.279
150.278
150.276
150.276
150.52
150.51
150.499
150.483
150.465
150.445
150.424
150.404
150.385
150.368
150.353
150.339
150.327
150.317
150.308
150.3
150.294
150.289
150.285
150.281
150.278
150.276
150.274
150.272
150.271
150.269
150.269
150.268
150.267
150.267
150.267
150.267
150.267
150.267
150.267
150.267
150.267
150.267
150.267
150.268
150.268
150.269
150.269
150.27
150.27
150.271
150.271
150.272
150.272
150.273
150.273
150.274
150.274
150.275
150.275
150.276
150.276
150.277
150.277
150.278
150.278
150.278
150.279
150.279
150.279
150.279
150.278
150.277
150.276
150.275
150.463
150.455
150.447
150.436
150.423
150.409
150.394
150.379
150.364
150.351
150.339
150.328
150.318
150.309
150.302
150.296
150.29
150.286
150.282
150.279
150.276
150.274
150.272
150.271
150.27
150.269
150.268
150.267
150.267
150.266
150.266
150.266
150.266
150.266
150.266
150.266
150.266
150.267
150.267
150.267
150.268
150.268
150.269
150.269
150.27
150.27
150.271
150.271
150.272
150.272
150.273
150.273
150.274
150.274
150.275
150.275
150.276
150.276
150.277
150.277
150.277
150.278
150.278
150.278
150.278
150.278
150.278
150.277
150.275
150.275
150.421
150.416
150.41
150.402
150.392
150.382
150.37
150.359
150.348
150.337
150.327
150.318
150.31
150.303
150.297
150.292
150.287
150.283
150.28
150.277
150.275
150.273
150.271
150.27
150.269
150.268
150.267
150.267
150.266
150.266
150.266
150.266
150.266
150.266
150.266
150.266
150.266
150.266
150.267
150.267
150.267
150.268
150.268
150.269
150.269
150.27
150.27
150.271
150.271
150.272
150.272
150.273
150.273
150.274
150.274
150.275
150.275
150.276
150.276
150.277
150.277
150.277
150.278
150.278
150.278
150.278
150.277
150.276
150.275
150.274
150.39
150.386
150.382
150.376
150.369
150.361
150.352
150.343
150.334
150.326
150.318
150.311
150.304
150.298
150.293
150.288
150.284
150.281
150.278
150.275
150.273
150.272
150.27
150.269
150.268
150.267
150.266
150.266
150.266
150.265
150.265
150.265
150.265
150.265
150.265
150.265
150.266
150.266
150.266
150.267
150.267
150.267
150.268
150.268
150.269
150.269
150.27
150.27
150.271
150.271
150.272
150.272
150.273
150.273
150.274
150.274
150.275
150.275
150.276
150.276
150.277
150.277
150.277
150.277
150.278
150.277
150.277
150.276
150.274
150.274
150.367
150.364
150.361
150.356
150.351
150.345
150.338
150.331
150.324
150.317
150.31
150.304
150.299
150.294
150.289
150.285
150.282
150.279
150.276
150.274
150.272
150.271
150.269
150.268
150.267
150.266
150.266
150.265
150.265
150.265
150.265
150.265
150.265
150.265
150.265
150.265
150.265
150.265
150.266
150.266
150.267
150.267
150.267
150.268
150.268
150.269
150.269
150.27
150.27
150.271
150.272
150.272
150.273
150.273
150.274
150.274
150.274
150.275
150.275
150.276
150.276
150.276
150.277
150.277
150.277
150.277
150.276
150.275
150.274
150.273
150.35
150.347
150.344
150.341
150.337
150.332
150.326
150.321
150.315
150.309
150.304
150.299
150.294
150.29
150.286
150.283
150.279
150.277
150.275
150.273
150.271
150.269
150.268
150.267
150.266
150.266
150.265
150.265
150.264
150.264
150.264
150.264
150.264
150.264
150.264
150.264
150.265
150.265
150.265
150.266
150.266
150.267
150.267
150.267
150.268
150.268
150.269
150.269
150.27
150.271
150.271
150.272
150.272
150.273
150.273
150.274
150.274
150.274
150.275
150.275
150.276
150.276
150.276
150.277
150.277
150.277
150.276
150.275
150.274
150.273
150.336
150.334
150.332
150.329
150.326
150.322
150.317
150.313
150.308
150.303
150.299
150.294
150.29
150.287
150.283
150.28
150.278
150.275
150.273
150.271
150.27
150.269
150.267
150.266
150.266
150.265
150.265
150.264
150.264
150.264
150.264
150.264
150.264
150.264
150.264
150.264
150.264
150.265
150.265
150.265
150.266
150.266
150.267
150.267
150.268
150.268
150.269
150.269
150.27
150.27
150.271
150.271
150.272
150.272
150.273
150.273
150.274
150.274
150.274
150.275
150.275
150.276
150.276
150.276
150.276
150.276
150.276
150.275
150.273
150.273
150.325
150.323
150.322
150.32
150.317
150.314
150.31
150.306
150.302
150.298
150.294
150.291
150.287
150.284
150.281
150.278
150.276
150.274
150.272
150.27
150.269
150.268
150.267
150.266
150.265
150.264
150.264
150.264
150.263
150.263
150.263
150.263
150.263
150.263
150.263
150.264
150.264
150.264
150.264
150.265
150.265
150.266
150.266
150.267
150.267
150.268
150.268
150.269
150.269
150.27
150.27
150.271
150.271
150.272
150.272
150.273
150.273
150.274
150.274
150.274
150.275
150.275
150.275
150.276
150.276
150.276
150.275
150.274
150.273
150.272
150.317
150.315
150.314
150.312
150.31
150.307
150.304
150.301
150.298
150.294
150.291
150.287
150.284
150.282
150.279
150.277
150.274
150.272
150.271
150.269
150.268
150.267
150.266
150.265
150.264
150.264
150.263
150.263
150.263
150.263
150.263
150.263
150.263
150.263
150.263
150.263
150.263
150.264
150.264
150.264
150.265
150.265
150.266
150.266
150.267
150.267
150.268
150.268
150.269
150.269
150.27
150.27
150.271
150.271
150.272
150.272
150.273
150.273
150.274
150.274
150.274
150.275
150.275
150.275
150.275
150.275
150.275
150.274
150.272
150.272
150.31
150.309
150.308
150.306
150.305
150.302
150.3
150.297
150.294
150.291
150.288
150.285
150.282
150.28
150.277
150.275
150.273
150.271
150.27
150.268
150.267
150.266
150.265
150.264
150.264
150.263
150.263
150.263
150.262
150.262
150.262
150.262
150.262
150.262
150.262
150.263
150.263
150.263
150.264
150.264
150.264
150.265
150.265
150.266
150.266
150.267
150.267
150.268
150.268
150.269
150.269
150.27
150.27
150.271
150.271
150.272
150.272
150.273
150.273
150.274
150.274
150.274
150.275
150.275
150.275
150.275
150.275
150.273
150.272
150.272
150.305
150.303
150.303
150.302
150.3
150.298
150.296
150.293
150.291
150.288
150.285
150.283
150.28
150.278
150.276
150.274
150.272
150.27
150.269
150.268
150.266
150.265
150.265
150.264
150.263
150.263
150.262
150.262
150.262
150.262
150.262
150.262
150.262
150.262
150.262
150.262
150.263
150.263
150.263
150.264
150.264
150.264
150.265
150.265
150.266
150.266
150.267
150.267
150.268
150.268
150.269
150.269
150.27
150.27
150.271
150.271
150.272
150.272
150.273
150.273
150.274
150.274
150.274
150.275
150.275
150.275
150.274
150.273
150.272
150.271
150.3
150.299
150.299
150.298
150.297
150.295
150.293
150.291
150.288
150.286
150.283
150.281
150.279
150.277
150.275
150.273
150.271
150.27
150.268
150.267
150.266
150.265
150.264
150.263
150.263
150.262
150.262
150.262
150.261
150.261
150.261
150.261
150.261
150.261
150.262
150.262
150.262
150.262
150.263
150.263
150.264
150.264
150.265
150.265
150.265
150.266
150.266
150.267
150.267
150.268
150.268
150.269
150.269
150.27
150.27
150.271
150.271
150.272
150.272
150.273
150.273
150.274
150.274
150.274
150.274
150.274
150.274
150.273
150.272
150.271
150.297
150.296
150.296
150.295
150.294
150.292
150.29
150.288
150.286
150.284
150.282
150.28
150.278
150.276
150.274
150.272
150.27
150.269
150.267
150.266
150.265
150.264
150.263
150.263
150.262
150.262
150.261
150.261
150.261
150.261
150.261
150.261
150.261
150.261
150.261
150.261
150.262
150.262
150.262
150.263
150.263
150.264
150.264
150.265
150.265
150.266
150.266
150.267
150.267
150.268
150.268
150.269
150.269
150.27
150.27
150.271
150.271
150.272
150.272
150.272
150.273
150.273
150.274
150.274
150.274
150.274
150.274
150.273
150.271
150.271
150.295
150.294
150.293
150.293
150.292
150.29
150.289
150.287
150.285
150.283
150.281
150.279
150.277
150.275
150.273
150.271
150.27
150.268
150.267
150.266
150.265
150.264
150.263
150.262
150.262
150.261
150.261
150.261
150.261
150.26
150.26
150.26
150.261
150.261
150.261
150.261
150.261
150.262
150.262
150.262
150.263
150.263
150.264
150.264
150.265
150.265
150.266
150.266
150.267
150.267
150.268
150.268
150.269
150.269
150.27
150.27
150.271
150.271
150.272
150.272
150.273
150.273
150.273
150.274
150.274
150.274
150.273
150.272
150.271
150.271
150.293
150.292
150.292
150.291
150.29
150.289
150.287
150.286
150.284
150.282
150.28
150.278
150.276
150.274
150.272
150.27
150.269
150.268
150.266
150.265
150.264
150.263
150.263
150.262
150.261
150.261
150.261
150.26
150.26
150.26
150.26
150.26
150.26
150.26
150.26
150.261
150.261
150.261
150.262
150.262
150.263
150.263
150.263
150.264
150.264
150.265
150.265
150.266
150.266
150.267
150.267
150.268
150.268
150.269
150.269
150.27
150.27
150.271
150.271
150.272
150.272
150.273
150.273
150.273
150.274
150.274
150.273
150.272
150.271
150.27
150.291
150.291
150.29
150.29
150.289
150.288
150.286
150.285
150.283
150.281
150.279
150.277
150.275
150.273
150.272
150.27
150.268
150.267
150.266
150.265
150.264
150.263
150.262
150.261
150.261
150.26
150.26
150.26
150.26
150.26
150.26
150.26
150.26
150.26
150.26
150.26
150.261
150.261
150.261
150.262
150.262
150.263
150.263
150.264
150.264
150.265
150.265
150.265
150.266
150.267
150.267
150.267
150.268
150.268
150.269
150.269
150.27
150.27
150.271
150.271
150.272
150.272
150.273
150.273
150.273
150.273
150.273
150.272
150.271
150.27
150.29
150.289
150.289
150.289
150.288
150.287
150.285
150.284
150.282
150.28
150.278
150.276
150.274
150.273
150.271
150.269
150.268
150.266
150.265
150.264
150.263
150.262
150.261
150.261
150.26
150.26
150.259
150.259
150.259
150.259
150.259
150.259
150.259
150.259
150.26
150.26
150.26
150.26
150.261
150.261
150.262
150.262
150.263
150.263
150.263
150.264
150.264
150.265
150.265
150.266
150.266
150.267
150.267
150.268
150.268
150.269
150.269
150.27
150.27
150.271
150.271
150.272
150.272
150.273
150.273
150.273
150.272
150.271
150.27
150.27
150.289
150.289
150.288
150.288
150.287
150.286
150.284
150.283
150.281
150.279
150.277
150.275
150.273
150.272
150.27
150.268
150.267
150.265
150.264
150.263
150.262
150.261
150.26
150.26
150.259
150.259
150.258
150.258
150.258
150.258
150.258
150.258
150.258
150.258
150.259
150.259
150.259
150.26
150.26
150.26
150.261
150.261
150.262
150.262
150.263
150.263
150.264
150.264
150.265
150.265
150.266
150.266
150.267
150.267
150.268
150.268
150.269
150.269
150.27
150.27
150.271
150.271
150.272
150.272
150.272
150.272
150.272
150.271
150.269
150.269
150.288
150.288
150.287
150.287
150.286
150.285
150.283
150.281
150.279
150.278
150.276
150.274
150.272
150.27
150.268
150.267
150.265
150.264
150.263
150.262
150.261
150.26
150.259
150.258
150.258
150.257
150.257
150.257
150.257
150.257
150.257
150.257
150.257
150.257
150.257
150.257
150.258
150.258
150.259
150.259
150.259
150.26
150.26
150.261
150.261
150.262
150.262
150.263
150.263
150.264
150.264
150.265
150.265
150.266
150.266
150.267
150.267
150.268
150.268
150.269
150.269
150.27
150.27
150.271
150.271
150.271
150.27
150.269
150.268
150.268
150.288
150.287
150.286
150.286
150.285
150.283
150.282
150.28
150.278
150.276
150.274
150.272
150.271
150.269
150.267
150.265
150.264
150.262
150.261
150.26
150.259
150.258
150.257
150.257
150.256
150.256
150.255
150.255
150.255
150.255
150.255
150.255
150.255
150.255
150.256
150.256
150.256
150.257
150.257
150.257
150.258
150.258
150.259
150.259
150.26
150.26
150.261
150.261
150.262
150.262
150.263
150.263
150.264
150.264
150.265
150.265
150.266
150.266
150.267
150.267
150.268
150.268
150.269
150.269
150.269
150.269
150.269
150.268
150.267
150.266
150.289
150.288
150.287
150.286
150.285
150.284
150.282
150.28
150.278
150.276
150.274
150.272
150.27
150.269
150.267
150.265
150.263
150.262
150.261
150.259
150.258
150.257
150.257
150.256
150.255
150.255
150.255
150.254
150.254
150.254
150.254
150.254
150.254
150.255
150.255
150.255
150.255
150.256
150.256
150.257
150.257
150.257
150.258
150.258
150.259
150.259
150.26
150.26
150.261
150.261
150.262
150.262
150.263
150.263
150.264
150.264
150.265
150.266
150.266
150.267
150.267
150.268
150.268
150.268
150.269
150.269
150.268
150.267
150.266
150.266
)
;

boundaryField
{
    left
    {
        type            symmetryPlane;
    }
    right
    {
        type            symmetryPlane;
    }
    top
    {
        type            symmetryPlane;
    }
    bottom
    {
        type            symmetryPlane;
    }
    frontAndBack
    {
        type            empty;
    }
}


// ************************************************************************* //
