/*--------------------------------*- C++ -*----------------------------------*\
| =========                 |                                                 |
| \\      /  F ield         | OpenFOAM: The Open Source CFD Toolbox           |
|  \\    /   O peration     | Version:  v1606+                                |
|   \\  /    A nd           | Web:      www.OpenFOAM.com                      |
|    \\/     M anipulation  |                                                 |
\*---------------------------------------------------------------------------*/
FoamFile
{
    version     2.0;
    format      ascii;
    class       volScalarField;
    location    "0.0011";
    object      St;
}
// * * * * * * * * * * * * * * * * * * * * * * * * * * * * * * * * * * * * * //

dimensions      [0 1 -1 0 0 0 0];

internalField   nonuniform List<scalar> 
2450
(
0.643493
0.631323
0.53536
0.456287
0.428752
0.422099
0.42091
0.420781
0.420775
0.420774
0.420774
0.420774
0.420774
0.420774
0.420774
0.420774
0.420774
0.420774
0.420774
0.420774
0.420774
0.420774
0.420774
0.420773
0.420773
0.420773
0.420773
0.420773
0.420773
0.420773
0.420773
0.420773
0.420773
0.420773
0.420773
0.420773
0.420773
0.420773
0.420773
0.420772
0.420772
0.420772
0.420772
0.420772
0.420772
0.420772
0.420772
0.420772
0.420772
0.420772
0.420772
0.420772
0.420772
0.420772
0.420772
0.420772
0.420772
0.420772
0.420772
0.420772
0.420772
0.420772
0.420772
0.420772
0.420772
0.420772
0.420773
0.420773
0.420774
0.420775
0.631287
0.585039
0.489431
0.439872
0.424624
0.421317
0.420816
0.420776
0.420774
0.420774
0.420774
0.420773
0.420773
0.420773
0.420773
0.420773
0.420773
0.420773
0.420772
0.420772
0.420772
0.420772
0.420772
0.420772
0.420772
0.420772
0.420772
0.420772
0.420771
0.420771
0.420771
0.420771
0.420771
0.420771
0.420771
0.420771
0.420771
0.420771
0.420771
0.420771
0.420771
0.420771
0.420771
0.420771
0.420771
0.420771
0.420771
0.420771
0.420771
0.420771
0.420771
0.420771
0.420771
0.420771
0.420771
0.420771
0.420771
0.420771
0.420771
0.420771
0.420771
0.420771
0.420771
0.420771
0.420771
0.420771
0.420771
0.420772
0.420773
0.420775
0.535266
0.489389
0.442545
0.425789
0.421616
0.420863
0.420779
0.420773
0.420773
0.420773
0.420773
0.420772
0.420772
0.420772
0.420772
0.420772
0.420772
0.420771
0.420771
0.420771
0.420771
0.420771
0.420771
0.420771
0.420771
0.42077
0.42077
0.42077
0.42077
0.42077
0.42077
0.42077
0.42077
0.42077
0.42077
0.42077
0.42077
0.42077
0.42077
0.42077
0.420769
0.420769
0.420769
0.420769
0.420769
0.420769
0.420769
0.420769
0.420769
0.420769
0.420769
0.420769
0.420769
0.420769
0.420769
0.420769
0.420769
0.420769
0.420769
0.420769
0.420769
0.420769
0.420769
0.420769
0.42077
0.42077
0.42077
0.420771
0.420773
0.420775
0.456227
0.439837
0.42579
0.421738
0.420896
0.420782
0.420774
0.420773
0.420773
0.420772
0.420772
0.420772
0.420772
0.420772
0.420771
0.420771
0.420771
0.420771
0.420771
0.420771
0.420771
0.42077
0.42077
0.42077
0.42077
0.42077
0.42077
0.42077
0.42077
0.42077
0.42077
0.42077
0.420769
0.420769
0.420769
0.420769
0.420769
0.420769
0.420769
0.420769
0.420769
0.420769
0.420769
0.420769
0.420769
0.420769
0.420769
0.420769
0.420769
0.420769
0.420769
0.420769
0.420769
0.420769
0.420769
0.420769
0.420769
0.420769
0.420769
0.420769
0.420769
0.420769
0.420769
0.420769
0.420769
0.420769
0.42077
0.420771
0.420773
0.420775
0.428727
0.424618
0.421615
0.420896
0.420784
0.420774
0.420773
0.420772
0.420772
0.420772
0.420772
0.420772
0.420772
0.420771
0.420771
0.420771
0.420771
0.420771
0.420771
0.420771
0.42077
0.42077
0.42077
0.42077
0.42077
0.42077
0.42077
0.42077
0.42077
0.42077
0.42077
0.420769
0.420769
0.420769
0.420769
0.420769
0.420769
0.420769
0.420769
0.420769
0.420769
0.420769
0.420769
0.420769
0.420769
0.420769
0.420769
0.420769
0.420769
0.420769
0.420769
0.420769
0.420769
0.420769
0.420769
0.420769
0.420769
0.420769
0.420769
0.420769
0.420769
0.420769
0.420769
0.420769
0.420769
0.420769
0.42077
0.420771
0.420773
0.420775
0.422092
0.421313
0.420862
0.420782
0.420774
0.420773
0.420772
0.420772
0.420772
0.420772
0.420772
0.420772
0.420771
0.420771
0.420771
0.420771
0.420771
0.420771
0.420771
0.420771
0.42077
0.42077
0.42077
0.42077
0.42077
0.42077
0.42077
0.42077
0.42077
0.42077
0.420769
0.420769
0.420769
0.420769
0.420769
0.420769
0.420769
0.420769
0.420769
0.420769
0.420769
0.420769
0.420769
0.420769
0.420769
0.420769
0.420769
0.420769
0.420769
0.420769
0.420769
0.420769
0.420769
0.420769
0.420769
0.420769
0.420769
0.420769
0.420769
0.420769
0.420769
0.420769
0.420769
0.420769
0.420769
0.420769
0.42077
0.420771
0.420773
0.420775
0.420909
0.420816
0.420779
0.420773
0.420773
0.420772
0.420772
0.420772
0.420772
0.420772
0.420772
0.420772
0.420771
0.420771
0.420771
0.420771
0.420771
0.420771
0.420771
0.42077
0.42077
0.42077
0.42077
0.42077
0.42077
0.42077
0.42077
0.42077
0.42077
0.42077
0.420769
0.420769
0.420769
0.420769
0.420769
0.420769
0.420769
0.420769
0.420769
0.420769
0.420769
0.420769
0.420769
0.420769
0.420769
0.420769
0.420769
0.420769
0.420769
0.420769
0.420769
0.420769
0.420769
0.420769
0.420769
0.420769
0.420769
0.420769
0.420769
0.420769
0.420769
0.420769
0.420769
0.420769
0.420769
0.420769
0.42077
0.420771
0.420773
0.420775
0.420781
0.420776
0.420773
0.420773
0.420772
0.420772
0.420772
0.420772
0.420772
0.420772
0.420772
0.420771
0.420771
0.420771
0.420771
0.420771
0.420771
0.420771
0.420771
0.42077
0.42077
0.42077
0.42077
0.42077
0.42077
0.42077
0.42077
0.42077
0.42077
0.42077
0.420769
0.420769
0.420769
0.420769
0.420769
0.420769
0.420769
0.420769
0.420769
0.420769
0.420769
0.420769
0.420769
0.420769
0.420769
0.420769
0.420769
0.420769
0.420769
0.420769
0.420769
0.420769
0.420769
0.420769
0.420769
0.420769
0.420769
0.420769
0.420769
0.420769
0.420769
0.420769
0.420769
0.420769
0.420769
0.420769
0.42077
0.420771
0.420773
0.420775
0.420775
0.420774
0.420773
0.420773
0.420772
0.420772
0.420772
0.420772
0.420772
0.420772
0.420772
0.420771
0.420771
0.420771
0.420771
0.420771
0.420771
0.420771
0.420771
0.42077
0.42077
0.42077
0.42077
0.42077
0.42077
0.42077
0.42077
0.42077
0.42077
0.42077
0.420769
0.420769
0.420769
0.420769
0.420769
0.420769
0.420769
0.420769
0.420769
0.420769
0.420769
0.420769
0.420769
0.420769
0.420769
0.420769
0.420769
0.420769
0.420769
0.420769
0.420769
0.420769
0.420769
0.420769
0.420769
0.420769
0.420769
0.420769
0.420769
0.420769
0.420769
0.420769
0.420769
0.420769
0.420769
0.420769
0.42077
0.420771
0.420773
0.420775
0.420775
0.420774
0.420773
0.420772
0.420772
0.420772
0.420772
0.420772
0.420772
0.420772
0.420771
0.420771
0.420771
0.420771
0.420771
0.420771
0.420771
0.420771
0.42077
0.42077
0.42077
0.42077
0.42077
0.42077
0.42077
0.42077
0.42077
0.42077
0.42077
0.420769
0.420769
0.420769
0.420769
0.420769
0.420769
0.420769
0.420769
0.420769
0.420769
0.420769
0.420769
0.420769
0.420769
0.420769
0.420769
0.420769
0.420769
0.420769
0.420769
0.420769
0.420769
0.420769
0.420769
0.420769
0.420769
0.420769
0.420769
0.420769
0.420769
0.420769
0.420769
0.420769
0.420769
0.420769
0.420769
0.420769
0.42077
0.420771
0.420773
0.420775
0.420775
0.420774
0.420773
0.420772
0.420772
0.420772
0.420772
0.420772
0.420772
0.420771
0.420771
0.420771
0.420771
0.420771
0.420771
0.420771
0.420771
0.420771
0.42077
0.42077
0.42077
0.42077
0.42077
0.42077
0.42077
0.42077
0.42077
0.42077
0.42077
0.420769
0.420769
0.420769
0.420769
0.420769
0.420769
0.420769
0.420769
0.420769
0.420769
0.420769
0.420769
0.420769
0.420769
0.420769
0.420769
0.420769
0.420769
0.420769
0.420769
0.420769
0.420769
0.420769
0.420769
0.420769
0.420769
0.420769
0.420769
0.420769
0.420769
0.420769
0.420769
0.420769
0.420769
0.420769
0.420769
0.420769
0.42077
0.420771
0.420773
0.420775
0.420774
0.420773
0.420772
0.420772
0.420772
0.420772
0.420772
0.420771
0.420771
0.420771
0.420771
0.420771
0.420771
0.420771
0.420771
0.420771
0.420771
0.42077
0.42077
0.42077
0.42077
0.42077
0.42077
0.42077
0.42077
0.42077
0.42077
0.42077
0.420769
0.420769
0.420769
0.420769
0.420769
0.420769
0.420769
0.420769
0.420769
0.420769
0.420769
0.420769
0.420769
0.420769
0.420769
0.420769
0.420769
0.420769
0.420769
0.420769
0.420769
0.420769
0.420769
0.420769
0.420769
0.420769
0.420769
0.420769
0.420769
0.420769
0.420769
0.420769
0.420769
0.420769
0.420769
0.420769
0.420769
0.420769
0.42077
0.420771
0.420773
0.420775
0.420774
0.420773
0.420772
0.420772
0.420772
0.420772
0.420771
0.420771
0.420771
0.420771
0.420771
0.420771
0.420771
0.420771
0.420771
0.420771
0.42077
0.42077
0.42077
0.42077
0.42077
0.42077
0.42077
0.42077
0.42077
0.42077
0.42077
0.42077
0.420769
0.420769
0.420769
0.420769
0.420769
0.420769
0.420769
0.420769
0.420769
0.420769
0.420769
0.420769
0.420769
0.420769
0.420769
0.420769
0.420769
0.420769
0.420769
0.420769
0.420769
0.420769
0.420769
0.420769
0.420769
0.420769
0.420769
0.420769
0.420769
0.420769
0.420769
0.420769
0.420769
0.420769
0.420769
0.420769
0.420769
0.420769
0.42077
0.420771
0.420773
0.420775
0.420774
0.420773
0.420772
0.420772
0.420771
0.420771
0.420771
0.420771
0.420771
0.420771
0.420771
0.420771
0.420771
0.420771
0.420771
0.42077
0.42077
0.42077
0.42077
0.42077
0.42077
0.42077
0.42077
0.42077
0.42077
0.42077
0.42077
0.420769
0.420769
0.420769
0.420769
0.420769
0.420769
0.420769
0.420769
0.420769
0.420769
0.420769
0.420769
0.420769
0.420769
0.420769
0.420769
0.420769
0.420769
0.420769
0.420769
0.420769
0.420769
0.420769
0.420769
0.420769
0.420769
0.420769
0.420769
0.420769
0.420769
0.420769
0.420769
0.420769
0.420769
0.420769
0.420769
0.420769
0.420769
0.420769
0.42077
0.420771
0.420773
0.420775
0.420774
0.420773
0.420772
0.420771
0.420771
0.420771
0.420771
0.420771
0.420771
0.420771
0.420771
0.420771
0.420771
0.420771
0.42077
0.42077
0.42077
0.42077
0.42077
0.42077
0.42077
0.42077
0.42077
0.42077
0.42077
0.42077
0.42077
0.420769
0.420769
0.420769
0.420769
0.420769
0.420769
0.420769
0.420769
0.420769
0.420769
0.420769
0.420769
0.420769
0.420769
0.420769
0.420769
0.420769
0.420769
0.420769
0.420769
0.420769
0.420769
0.420769
0.420769
0.420769
0.420769
0.420769
0.420769
0.420769
0.420769
0.420769
0.420769
0.420769
0.420769
0.420769
0.420769
0.420769
0.420769
0.420769
0.42077
0.420771
0.420773
0.420775
0.420774
0.420773
0.420772
0.420771
0.420771
0.420771
0.420771
0.420771
0.420771
0.420771
0.420771
0.420771
0.420771
0.42077
0.42077
0.42077
0.42077
0.42077
0.42077
0.42077
0.42077
0.42077
0.42077
0.42077
0.42077
0.42077
0.420769
0.420769
0.420769
0.420769
0.420769
0.420769
0.420769
0.420769
0.420769
0.420769
0.420769
0.420769
0.420769
0.420769
0.420769
0.420769
0.420769
0.420769
0.420769
0.420769
0.420769
0.420769
0.420769
0.420769
0.420769
0.420769
0.420769
0.420769
0.420769
0.420769
0.420769
0.420769
0.420769
0.420769
0.420769
0.420769
0.420769
0.420769
0.420769
0.420769
0.42077
0.420771
0.420773
0.420775
0.420774
0.420773
0.420771
0.420771
0.420771
0.420771
0.420771
0.420771
0.420771
0.420771
0.420771
0.420771
0.42077
0.42077
0.42077
0.42077
0.42077
0.42077
0.42077
0.42077
0.42077
0.42077
0.42077
0.42077
0.42077
0.420769
0.420769
0.420769
0.420769
0.420769
0.420769
0.420769
0.420769
0.420769
0.420769
0.420769
0.420769
0.420769
0.420769
0.420769
0.420769
0.420769
0.420769
0.420769
0.420769
0.420769
0.420769
0.420769
0.420769
0.420769
0.420769
0.420769
0.420769
0.420769
0.420769
0.420769
0.420769
0.420769
0.420769
0.420769
0.420769
0.420769
0.420769
0.420769
0.420769
0.420769
0.42077
0.420771
0.420773
0.420775
0.420774
0.420773
0.420771
0.420771
0.420771
0.420771
0.420771
0.420771
0.420771
0.420771
0.42077
0.42077
0.42077
0.42077
0.42077
0.42077
0.42077
0.42077
0.42077
0.42077
0.42077
0.42077
0.42077
0.42077
0.420769
0.420769
0.420769
0.420769
0.420769
0.420769
0.420769
0.420769
0.420769
0.420769
0.420769
0.420769
0.420769
0.420769
0.420769
0.420769
0.420769
0.420769
0.420769
0.420769
0.420769
0.420769
0.420769
0.420769
0.420769
0.420769
0.420769
0.420769
0.420769
0.420769
0.420769
0.420769
0.420769
0.420769
0.420769
0.420769
0.420769
0.420769
0.420769
0.420769
0.420769
0.420769
0.42077
0.420771
0.420773
0.420775
0.420774
0.420772
0.420771
0.420771
0.420771
0.420771
0.420771
0.42077
0.42077
0.42077
0.42077
0.42077
0.42077
0.42077
0.42077
0.42077
0.42077
0.42077
0.42077
0.42077
0.42077
0.42077
0.42077
0.42077
0.420769
0.420769
0.420769
0.420769
0.420769
0.420769
0.420769
0.420769
0.420769
0.420769
0.420769
0.420769
0.420769
0.420769
0.420769
0.420769
0.420769
0.420769
0.420769
0.420769
0.420769
0.420769
0.420769
0.420769
0.420769
0.420769
0.420769
0.420769
0.420769
0.420769
0.420769
0.420769
0.420769
0.420769
0.420769
0.420769
0.420769
0.420769
0.420769
0.420769
0.420769
0.420769
0.42077
0.420771
0.420773
0.420775
0.420774
0.420772
0.420771
0.420771
0.420771
0.42077
0.42077
0.42077
0.42077
0.42077
0.42077
0.42077
0.42077
0.42077
0.42077
0.42077
0.42077
0.42077
0.42077
0.42077
0.42077
0.42077
0.42077
0.420769
0.420769
0.420769
0.420769
0.420769
0.420769
0.420769
0.420769
0.420769
0.420769
0.420769
0.420769
0.420769
0.420769
0.420769
0.420769
0.420769
0.420769
0.420769
0.420769
0.420769
0.420769
0.420769
0.420769
0.420769
0.420769
0.420769
0.420769
0.420769
0.420769
0.420769
0.420769
0.420769
0.420769
0.420769
0.420769
0.420769
0.420769
0.420769
0.420769
0.420769
0.420769
0.420769
0.42077
0.420771
0.420773
0.420775
0.420774
0.420772
0.420771
0.420771
0.42077
0.42077
0.42077
0.42077
0.42077
0.42077
0.42077
0.42077
0.42077
0.42077
0.42077
0.42077
0.42077
0.42077
0.42077
0.42077
0.42077
0.420769
0.420769
0.420769
0.420769
0.420769
0.420769
0.420769
0.420769
0.420769
0.420769
0.420769
0.420769
0.420769
0.420769
0.420769
0.420769
0.420769
0.420769
0.420769
0.420769
0.420769
0.420769
0.420769
0.420769
0.420769
0.420769
0.420769
0.420769
0.420769
0.420769
0.420769
0.420769
0.420769
0.420769
0.420769
0.420769
0.420769
0.420769
0.420769
0.420769
0.420769
0.420769
0.420769
0.420769
0.420769
0.42077
0.420771
0.420773
0.420775
0.420774
0.420772
0.420771
0.42077
0.42077
0.42077
0.42077
0.42077
0.42077
0.42077
0.42077
0.42077
0.42077
0.42077
0.42077
0.42077
0.42077
0.42077
0.42077
0.42077
0.420769
0.420769
0.420769
0.420769
0.420769
0.420769
0.420769
0.420769
0.420769
0.420769
0.420769
0.420769
0.420769
0.420769
0.420769
0.420769
0.420769
0.420769
0.420769
0.420769
0.420769
0.420769
0.420769
0.420769
0.420769
0.420769
0.420769
0.420769
0.420769
0.420769
0.420769
0.420769
0.420769
0.420769
0.420769
0.420769
0.420769
0.420769
0.420769
0.420769
0.420769
0.420769
0.420769
0.420769
0.420769
0.420769
0.42077
0.420771
0.420773
0.420775
0.420774
0.420772
0.420771
0.42077
0.42077
0.42077
0.42077
0.42077
0.42077
0.42077
0.42077
0.42077
0.42077
0.42077
0.42077
0.42077
0.42077
0.42077
0.42077
0.420769
0.420769
0.420769
0.420769
0.420769
0.420769
0.420769
0.420769
0.420769
0.420769
0.420769
0.420769
0.420769
0.420769
0.420769
0.420769
0.420769
0.420769
0.420769
0.420769
0.420769
0.420769
0.420769
0.420769
0.420769
0.420769
0.420769
0.420769
0.420769
0.420769
0.420769
0.420769
0.420769
0.420769
0.420769
0.420769
0.420769
0.420769
0.420769
0.420769
0.420769
0.420769
0.420769
0.420769
0.420769
0.420769
0.420769
0.42077
0.420771
0.420773
0.420775
0.420774
0.420772
0.420771
0.42077
0.42077
0.42077
0.42077
0.42077
0.42077
0.42077
0.42077
0.42077
0.42077
0.42077
0.42077
0.42077
0.42077
0.420769
0.420769
0.420769
0.420769
0.420769
0.420769
0.420769
0.420769
0.420769
0.420769
0.420769
0.420769
0.420769
0.420769
0.420769
0.420769
0.420769
0.420769
0.420769
0.420769
0.420769
0.420769
0.420769
0.420769
0.420769
0.420769
0.420769
0.420769
0.420769
0.420769
0.420769
0.420769
0.420769
0.420769
0.420769
0.420769
0.420769
0.420769
0.420769
0.420769
0.420769
0.420769
0.420769
0.420769
0.420769
0.420769
0.420769
0.420769
0.420769
0.42077
0.420771
0.420773
0.420775
0.420774
0.420772
0.42077
0.42077
0.42077
0.42077
0.42077
0.42077
0.42077
0.42077
0.42077
0.42077
0.42077
0.42077
0.42077
0.42077
0.420769
0.420769
0.420769
0.420769
0.420769
0.420769
0.420769
0.420769
0.420769
0.420769
0.420769
0.420769
0.420769
0.420769
0.420769
0.420769
0.420769
0.420769
0.420769
0.420769
0.420769
0.420769
0.420769
0.420769
0.420769
0.420769
0.420769
0.420769
0.420769
0.420769
0.420769
0.420769
0.420769
0.420769
0.420769
0.420769
0.420769
0.420769
0.420769
0.420769
0.420769
0.420769
0.420769
0.420769
0.420769
0.420769
0.420769
0.420769
0.420769
0.420769
0.42077
0.420771
0.420773
0.420775
0.420774
0.420772
0.42077
0.42077
0.42077
0.42077
0.42077
0.42077
0.42077
0.42077
0.42077
0.42077
0.42077
0.42077
0.420769
0.420769
0.420769
0.420769
0.420769
0.420769
0.420769
0.420769
0.420769
0.420769
0.420769
0.420769
0.420769
0.420769
0.420769
0.420769
0.420769
0.420769
0.420769
0.420769
0.420769
0.420769
0.420769
0.420769
0.420769
0.420769
0.420769
0.420769
0.420769
0.420769
0.420769
0.420769
0.420769
0.420769
0.420769
0.420769
0.420769
0.420769
0.420769
0.420769
0.420769
0.420769
0.420769
0.420769
0.420769
0.420769
0.420769
0.420769
0.420769
0.420769
0.420769
0.420769
0.42077
0.420771
0.420773
0.420775
0.420774
0.420772
0.42077
0.42077
0.42077
0.42077
0.42077
0.42077
0.42077
0.42077
0.42077
0.42077
0.42077
0.420769
0.420769
0.420769
0.420769
0.420769
0.420769
0.420769
0.420769
0.420769
0.420769
0.420769
0.420769
0.420769
0.420769
0.420769
0.420769
0.420769
0.420769
0.420769
0.420769
0.420769
0.420769
0.420769
0.420769
0.420769
0.420769
0.420769
0.420769
0.420769
0.420769
0.420769
0.420769
0.420769
0.420769
0.420769
0.420769
0.420769
0.420769
0.420769
0.420769
0.420769
0.420769
0.420769
0.420769
0.420769
0.420769
0.420769
0.420769
0.420769
0.420769
0.420769
0.420769
0.420769
0.42077
0.420771
0.420773
0.420775
0.420774
0.420772
0.42077
0.42077
0.42077
0.42077
0.42077
0.42077
0.42077
0.42077
0.42077
0.420769
0.420769
0.420769
0.420769
0.420769
0.420769
0.420769
0.420769
0.420769
0.420769
0.420769
0.420769
0.420769
0.420769
0.420769
0.420769
0.420769
0.420769
0.420769
0.420769
0.420769
0.420769
0.420769
0.420769
0.420769
0.420769
0.420769
0.420769
0.420769
0.420769
0.420769
0.420769
0.420769
0.420769
0.420769
0.420769
0.420769
0.420769
0.420769
0.420769
0.420769
0.420769
0.420769
0.420769
0.420769
0.420769
0.420769
0.420769
0.420769
0.420769
0.420769
0.420769
0.420769
0.420769
0.420769
0.42077
0.420771
0.420773
0.420775
0.420774
0.420772
0.42077
0.42077
0.42077
0.42077
0.42077
0.42077
0.42077
0.42077
0.420769
0.420769
0.420769
0.420769
0.420769
0.420769
0.420769
0.420769
0.420769
0.420769
0.420769
0.420769
0.420769
0.420769
0.420769
0.420769
0.420769
0.420769
0.420769
0.420769
0.420769
0.420769
0.420769
0.420769
0.420769
0.420769
0.420769
0.420769
0.420769
0.420769
0.420769
0.420769
0.420769
0.420769
0.420769
0.420769
0.420769
0.420769
0.420769
0.420769
0.420769
0.420769
0.420769
0.420769
0.420769
0.420769
0.420769
0.420769
0.420769
0.420769
0.420769
0.420769
0.420769
0.420769
0.420769
0.420769
0.42077
0.420771
0.420773
0.420775
0.420774
0.420772
0.42077
0.42077
0.42077
0.42077
0.42077
0.42077
0.42077
0.42077
0.420769
0.420769
0.420769
0.420769
0.420769
0.420769
0.420769
0.420769
0.420769
0.420769
0.420769
0.420769
0.420769
0.420769
0.420769
0.420769
0.420769
0.420769
0.420769
0.420769
0.420769
0.420769
0.420769
0.420769
0.420769
0.420769
0.420769
0.420769
0.420769
0.420769
0.420769
0.420769
0.420769
0.420769
0.420769
0.420769
0.420769
0.420769
0.420769
0.420769
0.420769
0.420769
0.420769
0.420769
0.420769
0.420769
0.420769
0.420769
0.420769
0.420769
0.420769
0.420769
0.420769
0.420769
0.420769
0.420769
0.42077
0.420771
0.420773
0.420775
0.420774
0.420772
0.42077
0.42077
0.42077
0.42077
0.42077
0.42077
0.42077
0.42077
0.42077
0.42077
0.42077
0.420769
0.420769
0.420769
0.420769
0.420769
0.420769
0.420769
0.420769
0.420769
0.420769
0.420769
0.420769
0.420769
0.420769
0.420769
0.420769
0.420769
0.420769
0.420769
0.420769
0.420769
0.420769
0.420769
0.420769
0.420769
0.420769
0.420769
0.420769
0.420769
0.420769
0.420769
0.420769
0.420769
0.420769
0.420769
0.420769
0.420769
0.420769
0.420769
0.420769
0.420769
0.420769
0.420769
0.420769
0.420769
0.420769
0.420769
0.420769
0.420769
0.420769
0.420769
0.420769
0.42077
0.42077
0.420771
0.420773
0.420775
0.420774
0.420772
0.420771
0.42077
0.42077
0.42077
0.42077
0.42077
0.42077
0.42077
0.42077
0.42077
0.42077
0.42077
0.42077
0.42077
0.42077
0.42077
0.42077
0.42077
0.42077
0.42077
0.42077
0.420769
0.420769
0.420769
0.420769
0.420769
0.420769
0.420769
0.420769
0.420769
0.420769
0.420769
0.420769
0.420769
0.420769
0.420769
0.420769
0.420769
0.420769
0.420769
0.420769
0.420769
0.420769
0.420769
0.420769
0.420769
0.420769
0.420769
0.42077
0.42077
0.42077
0.42077
0.42077
0.42077
0.42077
0.42077
0.42077
0.42077
0.42077
0.42077
0.42077
0.42077
0.42077
0.42077
0.420771
0.420772
0.420774
0.420775
0.420775
0.420773
0.420772
0.420772
0.420771
0.420771
0.420771
0.420771
0.420771
0.420771
0.420771
0.420771
0.420771
0.420771
0.420771
0.420771
0.420771
0.420771
0.420771
0.420771
0.420771
0.420771
0.420771
0.420771
0.420771
0.420771
0.420771
0.42077
0.42077
0.42077
0.42077
0.42077
0.42077
0.42077
0.42077
0.42077
0.42077
0.42077
0.42077
0.42077
0.42077
0.42077
0.42077
0.42077
0.42077
0.42077
0.420771
0.420771
0.420771
0.420771
0.420771
0.420771
0.420771
0.420771
0.420771
0.420771
0.420771
0.420771
0.420771
0.420771
0.420771
0.420771
0.420771
0.420771
0.420771
0.420771
0.420772
0.420773
0.420775
0.420776
0.420776
0.420775
0.420774
0.420774
0.420774
0.420774
0.420774
0.420774
0.420774
0.420774
0.420774
0.420774
0.420774
0.420774
0.420773
0.420773
0.420773
0.420773
0.420773
0.420773
0.420773
0.420773
0.420773
0.420773
0.420773
0.420773
0.420773
0.420773
0.420773
0.420773
0.420773
0.420773
0.420773
0.420773
0.420773
0.420772
0.420772
0.420772
0.420772
0.420772
0.420773
0.420773
0.420773
0.420773
0.420773
0.420773
0.420773
0.420773
0.420773
0.420773
0.420773
0.420773
0.420773
0.420773
0.420773
0.420773
0.420773
0.420773
0.420773
0.420773
0.420773
0.420773
0.420773
0.420773
0.420773
0.420773
0.420774
0.420775
0.420777
0.420778
0.420777
0.420777
0.420777
0.420777
0.420777
0.420777
0.420776
0.420776
0.420776
0.420776
0.420776
0.420776
0.420776
0.420776
0.420776
0.420776
0.420776
0.420776
0.420776
0.420776
0.420776
0.420776
0.420776
0.420775
0.420775
0.420775
0.420775
0.420775
0.420775
0.420775
0.420775
0.420775
0.420775
0.420775
0.420775
0.420775
0.420775
0.420775
0.420775
0.420775
0.420775
0.420775
0.420775
0.420775
0.420775
0.420775
0.420775
0.420775
0.420775
0.420775
0.420775
0.420775
0.420775
0.420775
0.420775
0.420775
0.420775
0.420775
0.420775
0.420775
0.420775
0.420775
0.420775
0.420775
0.420775
0.420775
0.420775
0.420776
0.420778
0.42078
)
;

boundaryField
{
    left
    {
        type            symmetryPlane;
    }
    right
    {
        type            symmetryPlane;
    }
    top
    {
        type            symmetryPlane;
    }
    bottom
    {
        type            symmetryPlane;
    }
    frontAndBack
    {
        type            empty;
    }
}


// ************************************************************************* //
