/*--------------------------------*- C++ -*----------------------------------*\
| =========                 |                                                 |
| \\      /  F ield         | OpenFOAM: The Open Source CFD Toolbox           |
|  \\    /   O peration     | Version:  v1606+                                |
|   \\  /    A nd           | Web:      www.OpenFOAM.com                      |
|    \\/     M anipulation  |                                                 |
\*---------------------------------------------------------------------------*/
FoamFile
{
    version     2.0;
    format      ascii;
    class       surfaceVectorField;
    location    "0.7";
    object      Uf;
}
// * * * * * * * * * * * * * * * * * * * * * * * * * * * * * * * * * * * * * //

dimensions      [0 1 -1 0 0 0 0];

internalField   nonuniform List<vector> 
1460
(
(0.118721 -0.0535593 6.41733e-20)
(0.134134 -0.0423646 1.34853e-20)
(0.107551 -0.0564711 0)
(0.126324 -0.0390734 2.11377e-19)
(0.0959855 -0.0593801 -2.5291e-19)
(0.115184 -0.0431503 -2.07481e-19)
(0.0860615 -0.0645526 -2.34122e-21)
(0.102861 -0.0513468 -2.57612e-19)
(0.0790523 -0.07238 -2.99638e-21)
(0.0925781 -0.0630991 3.6425e-19)
(0.0746877 -0.0810313 2.76311e-21)
(0.0865437 -0.0751695 6.16083e-20)
(0.0726762 -0.0902409 1.2981e-19)
(0.0835863 -0.0891475 4.44025e-20)
(0.0707755 -0.100022 -2.56742e-19)
(0.0839359 -0.103616 -1.46088e-21)
(0.0678276 -0.110324 -1.29468e-19)
(0.0843027 -0.118312 1.04683e-19)
(0.0650089 -0.122191 3.96603e-19)
(0.0814247 -0.135997 -5.05693e-19)
(0.0619114 -0.13888 2.06722e-19)
(0.0758276 -0.160924 5.64908e-19)
(0.068317 -0.193951 -1.12522e-19)
(0.0550558 -0.163795 -1.3525e-19)
(0.140188 -0.0325139 1.62518e-19)
(0.152109 -0.0381688 -1.03846e-19)
(0.130307 -0.0310743 8.3933e-21)
(0.142795 -0.0291055 2.14627e-19)
(0.117904 -0.0391426 -2.11412e-19)
(0.128576 -0.036256 -3.47307e-20)
(0.106907 -0.0525207 1.09055e-19)
(0.113933 -0.0524461 -9.31961e-20)
(0.0980218 -0.0691787 4.37037e-19)
(0.101959 -0.0728844 -1.73486e-19)
(0.0925263 -0.089248 1.01897e-19)
(0.0930246 -0.0961521 4.39274e-19)
(0.0905254 -0.10953 -1.06722e-19)
(0.088026 -0.118702 -2.25287e-19)
(0.0911715 -0.128352 3.38959e-19)
(0.0879148 -0.139453 1.1678e-19)
(0.089813 -0.149708 -2.87852e-19)
(0.0882918 -0.161008 4.8338e-19)
(0.0827298 -0.180993 -3.31734e-19)
(0.0813872 -0.192272 -6.11337e-19)
(0.0712615 -0.223333 2.70808e-19)
(0.0677887 -0.235813 1.89767e-19)
(0.0540627 -0.283249 2.20121e-19)
(0.0602407 -0.268934 2.02065e-19)
(0.153267 -0.0282108 -6.36388e-20)
(0.173128 -0.0294039 -4.77529e-20)
(0.141129 -0.0274052 1.70315e-19)
(0.161899 -0.0198263 1.54517e-19)
(0.125664 -0.0437335 8.85008e-20)
(0.146272 -0.0353954 -5.33215e-20)
(0.110765 -0.0689495 -3.90177e-19)
(0.129381 -0.0623463 -1.00746e-20)
(0.100683 -0.0967791 -1.94073e-19)
(0.112133 -0.0935769 -3.84763e-19)
(0.0948248 -0.122733 9.72174e-20)
(0.100448 -0.123635 2.68205e-19)
(0.0917024 -0.145703 0)
(0.0935168 -0.149449 -1.67386e-19)
(0.0893795 -0.168314 2.69297e-19)
(0.0899692 -0.172364 1.53813e-19)
(0.0829434 -0.200082 1.90667e-19)
(0.0838776 -0.201507 4.19251e-19)
(0.0692978 -0.245444 -8.59525e-20)
(0.0688667 -0.245257 -2.17544e-19)
(0.0530776 -0.295508 1.26537e-19)
(0.049125 -0.296813 -6.41194e-21)
(0.0349113 -0.340291 7.7177e-20)
(0.0423849 -0.33626 7.00015e-22)
(0.174436 -0.0178835 1.61469e-19)
(0.195069 -0.0238743 0)
(0.163965 -0.024878 -7.17172e-20)
(0.183816 -0.0198416 1.63717e-19)
(0.148633 -0.0518402 -1.5416e-19)
(0.169405 -0.0454429 -1.74661e-19)
(0.131315 -0.0861761 2.7329e-21)
(0.151868 -0.0802919 9.01595e-20)
(0.114949 -0.121174 8.59368e-20)
(0.130721 -0.11695 -1.039e-20)
(0.102771 -0.151201 -4.06082e-21)
(0.113892 -0.149897 1.74522e-19)
(0.0944784 -0.17588 -1.37822e-20)
(0.102643 -0.176664 -1.67437e-19)
(0.0856792 -0.203929 3.04299e-19)
(0.092932 -0.202827 2.19158e-20)
(0.0707589 -0.245448 1.1688e-20)
(0.0775195 -0.240163 1.47257e-19)
(0.0500029 -0.296697 -1.41167e-19)
(0.053869 -0.290142 -2.55484e-19)
(0.0322257 -0.341927 -6.32258e-20)
(0.0306942 -0.338242 4.66572e-20)
(0.0199353 -0.36767 -6.00125e-20)
(0.0267367 -0.367703 -1.13865e-19)
(0.19402 -0.0192664 0)
(0.214814 -0.0233653 -6.1121e-20)
(0.186146 -0.0364546 7.5899e-20)
(0.206041 -0.0295508 1.11738e-19)
(0.171056 -0.071106 7.5899e-20)
(0.194191 -0.0619031 7.6874e-20)
(0.152989 -0.110375 8.08669e-20)
(0.17534 -0.101428 0)
(0.133634 -0.146671 8.08669e-20)
(0.153002 -0.139674 2.02257e-19)
(0.116794 -0.176437 4.96662e-21)
(0.13278 -0.173346 2.36993e-19)
(0.102311 -0.20325 -1.36562e-19)
(0.116538 -0.201593 8.39794e-21)
(0.0851619 -0.238008 -1.43374e-19)
(0.0992286 -0.233004 -3.50755e-20)
(0.061324 -0.284908 -1.22326e-19)
(0.0743346 -0.275782 -2.05215e-19)
(0.0352292 -0.332633 -6.46419e-20)
(0.0436001 -0.323682 -1.22898e-19)
(0.0184715 -0.364391 5.11174e-20)
(0.018955 -0.359752 1.33674e-19)
(0.0125654 -0.370941 -8.33864e-20)
(0.0197537 -0.371429 3.17543e-21)
(0.21389 -0.0287325 2.11874e-20)
(0.230693 -0.0298135 -2.10199e-20)
(0.209229 -0.0538766 1.13192e-19)
(0.227163 -0.0463699 -5.97605e-20)
(0.195717 -0.0919171 0)
(0.217892 -0.0814015 9.02751e-20)
(0.17618 -0.132521 1.21918e-19)
(0.199106 -0.121524 0)
(0.154797 -0.169143 3.61995e-19)
(0.175809 -0.160264 8.11436e-21)
(0.13428 -0.199804 2.4226e-19)
(0.153398 -0.194286 1.34394e-19)
(0.11368 -0.230864 1.1527e-19)
(0.13267 -0.225247 9.69991e-20)
(0.0884692 -0.270415 -9.39257e-20)
(0.108385 -0.261022 2.3684e-20)
(0.0572947 -0.315582 -2.05423e-19)
(0.0759858 -0.303547 -2.80328e-19)
(0.0278576 -0.352016 7.95966e-20)
(0.040541 -0.342197 -3.40933e-21)
(0.0128461 -0.366145 -1.50582e-21)
(0.0155385 -0.361913 -7.20356e-20)
(0.0124098 -0.355307 7.52721e-20)
(0.0194371 -0.355352 5.79566e-20)
(0.231999 -0.0445352 -1.10599e-19)
(0.241844 -0.0420077 7.75652e-20)
(0.230513 -0.0737307 -8.50418e-20)
(0.244801 -0.0663059 -1.56521e-19)
(0.21885 -0.111976 9.13647e-20)
(0.2382 -0.100734 4.43563e-21)
(0.198872 -0.152012 -1.11428e-19)
(0.220689 -0.139135 0)
(0.175638 -0.188645 -2.17971e-19)
(0.196618 -0.177245 -3.71774e-20)
(0.151907 -0.22153 -1.33898e-20)
(0.171987 -0.211895 -1.08546e-19)
(0.126283 -0.256102 5.07583e-21)
(0.147308 -0.245139 8.42403e-20)
(0.0950257 -0.295414 -1.62983e-19)
(0.11786 -0.281506 -1.54878e-19)
(0.0590762 -0.33234 -7.39166e-20)
(0.0810151 -0.318123 1.24008e-19)
(0.0279323 -0.353578 -1.55848e-19)
(0.0435655 -0.343734 -1.21181e-19)
(0.0140939 -0.350518 3.08008e-21)
(0.0190786 -0.347257 -1.53693e-19)
(0.0176551 -0.32691 1.63284e-19)
(0.0229345 -0.326125 2.48265e-19)
(0.246691 -0.0630372 5.09868e-20)
(0.249243 -0.0566945 8.56973e-20)
(0.247865 -0.0934229 -6.87808e-20)
(0.257252 -0.0862373 -2.3633e-20)
(0.238016 -0.129373 -8.55872e-20)
(0.253272 -0.117418 -3.35979e-20)
(0.217966 -0.167542 7.63395e-20)
(0.237367 -0.152374 -5.38391e-20)
(0.192903 -0.20386 7.26852e-20)
(0.212546 -0.188727 1.7156e-19)
(0.166232 -0.237963 -1.17236e-20)
(0.185211 -0.223196 4.8543e-20)
(0.136964 -0.272506 -7.56114e-20)
(0.156869 -0.256392 -1.98183e-19)
(0.10235 -0.30657 1.31478e-19)
(0.124272 -0.289337 -1.99647e-20)
(0.0646628 -0.332034 7.02019e-20)
(0.0862291 -0.317062 1.52355e-19)
(0.0336581 -0.338675 -1.18181e-19)
(0.0496694 -0.330031 -1.23822e-19)
(0.0206849 -0.322819 3.93293e-21)
(0.0268645 -0.321568 6.33278e-20)
(0.0260898 -0.294475 0)
(0.0294751 -0.291594 0)
(0.25763 -0.0806792 4.56195e-21)
(0.255382 -0.07046 5.22072e-20)
(0.259628 -0.110438 5.21049e-21)
(0.26438 -0.103357 -1.70664e-20)
(0.250959 -0.142016 -9.67193e-22)
(0.261295 -0.12893 1.13583e-19)
(0.231066 -0.176778 4.26641e-20)
(0.246664 -0.159257 -8.83332e-20)
(0.204009 -0.211302 1.45319e-19)
(0.221366 -0.192291 8.0775e-20)
(0.174332 -0.244185 -1.35104e-19)
(0.191174 -0.224984 5.02239e-20)
(0.142483 -0.275303 -1.37384e-19)
(0.159497 -0.255795 -1.75367e-19)
(0.107039 -0.301762 -8.01437e-23)
(0.125417 -0.283329 4.72153e-20)
(0.070677 -0.316546 -4.55615e-20)
(0.0888435 -0.302606 -1.00787e-19)
(0.0420592 -0.313125 5.82143e-20)
(0.0556526 -0.306841 4.01262e-20)
(0.030544 -0.291913 5.82143e-20)
(0.0357136 -0.293288 -6.24815e-20)
(0.0348987 -0.268017 -5.32359e-20)
(0.0383239 -0.262743 0)
(0.266326 -0.0945492 2.79449e-20)
(0.264932 -0.0819272 2.70903e-20)
(0.264875 -0.122212 8.81552e-20)
(0.265728 -0.113232 -2.71504e-21)
(0.256139 -0.147964 2.49027e-20)
(0.261725 -0.133419 3.15912e-20)
(0.236125 -0.177578 -4.37726e-20)
(0.246565 -0.157601 -1.81454e-20)
(0.207442 -0.208585 -1.11596e-20)
(0.221412 -0.186349 -2.30948e-20)
(0.175089 -0.238465 2.67499e-21)
(0.189519 -0.216382 2.54598e-20)
(0.141505 -0.264958 3.18174e-21)
(0.155524 -0.244016 2.02532e-20)
(0.106931 -0.284706 -5.53214e-20)
(0.121145 -0.266573 1.46103e-20)
(0.07393 -0.292767 -1.47975e-20)
(0.0874632 -0.280208 -1.6221e-20)
(0.0492318 -0.286043 -8.01645e-20)
(0.0588301 -0.281036 9.79029e-20)
(0.0395044 -0.267798 -1.76233e-19)
(0.0420672 -0.269115 -1.87825e-19)
(0.0407357 -0.251043 -1.43367e-20)
(0.0449461 -0.247736 -3.22957e-21)
(0.270346 -0.105941 3.62065e-22)
(0.272775 -0.0853044 2.67574e-20)
(0.263463 -0.127442 -5.23787e-20)
(0.270388 -0.117452 -3.45428e-20)
(0.252001 -0.145536 -9.35749e-21)
(0.25855 -0.130363 -3.07949e-20)
(0.231376 -0.168796 2.96563e-21)
(0.238598 -0.147633 8.74366e-21)
(0.202243 -0.195853 1.236e-20)
(0.211367 -0.171045 -1.40563e-20)
(0.168875 -0.222852 4.01617e-20)
(0.1788 -0.198131 2.76145e-20)
(0.13459 -0.245779 2.74268e-20)
(0.144814 -0.22317 1.29698e-20)
(0.101547 -0.261581 5.62404e-20)
(0.111499 -0.242681 2.44565e-20)
(0.0724265 -0.267477 1.0075e-19)
(0.0809303 -0.253876 6.34704e-20)
(0.051703 -0.26274 -2.61824e-21)
(0.0564851 -0.254954 -2.38656e-20)
(0.0433715 -0.250891 -2.42284e-20)
(0.0423812 -0.246931 5.35533e-20)
(0.0407064 -0.23389 8.20274e-20)
(0.0471187 -0.237633 -1.24541e-20)
(0.28784 -0.0973047 -6.21301e-20)
(0.199363 -0.0570944 -2.35198e-22)
(0.269619 -0.118106 -1.26098e-20)
(0.203945 -0.080753 -2.02358e-20)
(0.247739 -0.130603 -1.99731e-20)
(0.205303 -0.0907214 -8.47802e-21)
(0.219513 -0.150266 -1.56277e-20)
(0.201986 -0.112827 -2.46706e-20)
(0.186448 -0.174464 1.40572e-21)
(0.186839 -0.141438 5.82335e-23)
(0.153442 -0.199087 1.55798e-21)
(0.15887 -0.171811 1.03326e-20)
(0.120866 -0.219919 8.99643e-21)
(0.126657 -0.195909 1.62184e-21)
(0.0903546 -0.234151 3.44235e-20)
(0.0950357 -0.213085 1.12659e-20)
(0.0646386 -0.240069 -6.16433e-20)
(0.0671672 -0.222635 1.93633e-20)
(0.0470148 -0.237543 3.59034e-20)
(0.0458926 -0.223734 -2.2865e-20)
(0.0400183 -0.228224 1.62145e-19)
(0.0340015 -0.21659 5.34356e-20)
(0.0437533 -0.213848 2.00629e-22)
(0.0331121 -0.202314 1.23295e-20)
(0.0432438 -0.195828 5.73094e-20)
(0.0592763 -0.230599 1.60041e-19)
(0.0308322 -0.22806 0)
(0.0515667 -0.263471 -1.50633e-19)
(0.0227453 -0.252334 0)
(0.0486195 -0.286287 0)
(0.0195252 -0.264099 2.50486e-20)
(0.049957 -0.296778 -7.0497e-20)
(0.0185777 -0.263549 7.23767e-20)
(0.0510053 -0.296232 1.3241e-19)
(0.0164493 -0.25086 -8.47577e-21)
(0.0526824 -0.286308 -2.07768e-20)
(0.0116318 -0.227668 -3.0459e-20)
(0.0524105 -0.269055 -2.51894e-20)
(0.00354383 -0.197336 -1.45551e-21)
(0.0476959 -0.245392 3.07117e-20)
(-0.00934775 -0.16446 1.11445e-19)
(0.0368428 -0.216645 -2.5806e-20)
(-0.0275949 -0.136315 -1.57119e-21)
(0.0156351 -0.184044 1.96874e-19)
(-0.0448519 -0.122395 -2.60823e-19)
(-0.0166569 -0.150336 -2.56352e-19)
(-0.0438453 -0.128193 -1.94952e-20)
(0.0543559 -0.306495 -3.798e-20)
(0.0460677 -0.321904 -9.18418e-21)
(0.0558284 -0.328717 -1.53487e-19)
(0.0465095 -0.344027 -3.2437e-20)
(0.0630103 -0.335857 -7.18327e-20)
(0.0540859 -0.34999 -9.58834e-20)
(0.0712325 -0.332738 3.83138e-20)
(0.0642992 -0.344911 -7.30339e-20)
(0.0765329 -0.3221 3.8433e-20)
(0.0742697 -0.333925 1.72246e-19)
(0.0792001 -0.308113 -3.93148e-20)
(0.0797136 -0.321449 -1.32228e-19)
(0.0788278 -0.28987 3.73025e-20)
(0.0845837 -0.307459 5.39444e-20)
(0.0724368 -0.265427 6.55598e-21)
(0.0867908 -0.29142 8.58758e-21)
(0.0549286 -0.232973 6.22483e-20)
(0.0824656 -0.270886 0)
(0.0218211 -0.19311 -4.72642e-20)
(0.0628398 -0.241564 1.28439e-19)
(-0.020231 -0.155712 -1.2873e-20)
(0.0179332 -0.199164 -1.54181e-19)
(-0.0390467 -0.150731 1.88399e-19)
(0.0416728 -0.358996 -4.45976e-21)
(0.0332166 -0.363947 -1.86002e-19)
(0.0494925 -0.363997 2.87241e-20)
(0.0435182 -0.366786 1.27629e-19)
(0.0612508 -0.357416 -9.75141e-20)
(0.0597629 -0.356029 -1.28751e-19)
(0.0732618 -0.345613 6.25493e-20)
(0.0755579 -0.340336 0)
(0.0839456 -0.333223 2.68482e-22)
(0.0876231 -0.325494 5.22466e-21)
(0.0924003 -0.320982 -3.83788e-20)
(0.0952218 -0.313508 -6.27326e-20)
(0.0987877 -0.309939 2.48222e-20)
(0.100336 -0.304368 3.38165e-20)
(0.101667 -0.297932 1.68832e-21)
(0.104663 -0.29767 4.97838e-21)
(0.0943644 -0.279288 6.62581e-20)
(0.107358 -0.290587 -1.29534e-20)
(0.0642175 -0.245086 3.58076e-20)
(0.100429 -0.276717 6.72648e-20)
(0.00338406 -0.192796 5.21611e-20)
(0.063488 -0.246358 -3.52832e-20)
(-0.019987 -0.188976 1.99967e-20)
(0.0358212 -0.371113 -5.46762e-20)
(0.0268849 -0.372061 -5.24157e-20)
(0.0542534 -0.358385 -3.03084e-20)
(0.0469703 -0.357186 0)
(0.0739871 -0.338915 -3.03084e-20)
(0.0702583 -0.334422 2.2427e-20)
(0.0889751 -0.320247 -5.79076e-20)
(0.0886582 -0.313365 0)
(0.0977617 -0.3063 -5.79076e-20)
(0.0992182 -0.298504 -5.69862e-20)
(0.102425 -0.297089 1.0376e-20)
(0.104071 -0.289097 -2.33594e-20)
(0.105977 -0.292088 1.36953e-20)
(0.105914 -0.283863 1.05205e-20)
(0.110455 -0.290492 -9.83546e-21)
(0.107393 -0.282305 1.79535e-20)
(0.11311 -0.288843 -1.31532e-20)
(0.110728 -0.283311 -4.76024e-20)
(0.0987592 -0.275942 0)
(0.113687 -0.282801 4.73188e-20)
(0.0405797 -0.233451 -6.92928e-20)
(0.0960732 -0.273335 2.56441e-20)
(0.011051 -0.235103 4.81146e-20)
(0.0379018 -0.357203 3.17543e-21)
(0.027117 -0.357325 1.43497e-19)
(0.0634108 -0.332686 5.39077e-20)
(0.0540429 -0.329966 -1.69383e-21)
(0.0857599 -0.308883 5.39077e-20)
(0.0803899 -0.302449 -3.68196e-21)
(0.0997585 -0.291774 2.16247e-21)
(0.0978497 -0.283369 -9.71303e-20)
(0.106096 -0.281473 -2.15267e-20)
(0.106009 -0.273693 2.64779e-20)
(0.107695 -0.276004 -2.36892e-20)
(0.108399 -0.269467 -2.12828e-20)
(0.107282 -0.273845 1.47872e-20)
(0.107912 -0.26832 0)
(0.107796 -0.274659 -1.9819e-20)
(0.106703 -0.269278 1.72763e-20)
(0.111546 -0.27891 1.41847e-20)
(0.106936 -0.272168 -3.51962e-20)
(0.110974 -0.282 6.99908e-20)
(0.110795 -0.275852 6.86004e-20)
(0.0705094 -0.260258 1.6451e-19)
(0.1094 -0.279441 4.27832e-20)
(0.0418456 -0.270769 7.18886e-20)
(0.0432102 -0.328563 1.43492e-19)
(0.0313189 -0.328163 2.2987e-19)
(0.0715338 -0.29921 -6.15034e-20)
(0.0608721 -0.294742 -9.48335e-20)
(0.09301 -0.277563 -1.59479e-19)
(0.0864044 -0.26905 -6.51824e-20)
(0.104127 -0.266208 -7.40907e-20)
(0.100977 -0.256981 -9.64151e-20)
(0.10791 -0.262252 2.66726e-20)
(0.106228 -0.254201 2.45934e-20)
(0.108059 -0.262142 2.36902e-21)
(0.106923 -0.255097 2.27334e-20)
(0.106735 -0.263741 2.32907e-21)
(0.105716 -0.257455 -8.06449e-21)
(0.105408 -0.266254 2.32907e-21)
(0.104051 -0.260668 1.03228e-22)
(0.106236 -0.270481 2.07993e-20)
(0.102932 -0.264743 0)
(0.109704 -0.277871 3.63137e-20)
(0.104035 -0.2696 2.10474e-20)
(0.0863374 -0.27315 -3.49113e-20)
(0.108781 -0.276264 -1.75276e-20)
(0.0629357 -0.291757 -5.10269e-20)
(0.047755 -0.292874 -4.05825e-21)
(0.0375372 -0.292687 8.77443e-20)
(0.0746616 -0.264556 -9.76815e-20)
(0.0659563 -0.260334 -1.19128e-20)
(0.0932649 -0.250088 -4.25174e-21)
(0.0870024 -0.243237 -8.94155e-20)
(0.101704 -0.246506 1.00189e-21)
(0.0981192 -0.239603 1.01304e-21)
(0.104136 -0.247948 2.00497e-20)
(0.101851 -0.241162 0)
(0.103862 -0.25096 1.18879e-20)
(0.102464 -0.243724 2.02728e-20)
(0.102526 -0.254655 -1.0414e-20)
(0.101374 -0.2468 6.33719e-21)
(0.101129 -0.25913 -2.25223e-21)
(0.0995044 -0.250925 -8.72853e-21)
(0.100427 -0.26466 0)
(0.097794 -0.25637 -4.42491e-21)
(0.10286 -0.272949 -3.52224e-20)
(0.0966611 -0.263943 0)
(0.0901374 -0.278594 -3.52224e-20)
(0.100456 -0.271288 -3.56143e-20)
(0.0717682 -0.300929 4.97493e-20)
(0.0524392 -0.259294 8.42944e-20)
(0.0442233 -0.261587 0)
(0.0758143 -0.239664 -2.93014e-21)
(0.0676045 -0.238596 8.51736e-20)
(0.0902964 -0.234406 -8.68831e-20)
(0.0837998 -0.231572 -8.77893e-20)
(0.0969473 -0.235894 0)
(0.0927988 -0.231023 0)
(0.0994518 -0.237983 0)
(0.0974446 -0.231058 -1.37642e-20)
(0.0994582 -0.240236 1.46277e-20)
(0.0987767 -0.231372 1.3412e-20)
(0.0978613 -0.243494 8.10385e-21)
(0.0975449 -0.233006 8.57476e-21)
(0.0956391 -0.248631 -1.07917e-20)
(0.0946533 -0.237051 -6.59187e-21)
(0.0933975 -0.256142 -4.4747e-21)
(0.0912935 -0.243734 -1.15161e-21)
(0.0930077 -0.266604 0)
(0.0878138 -0.254474 -1.19471e-20)
(0.0850346 -0.278775 5.03092e-20)
(0.0878182 -0.265153 1.0829e-20)
(0.0677322 -0.300554 2.76733e-20)
(0.0569094 -0.240004 0)
(0.0490957 -0.244085 5.2633e-20)
(0.0743458 -0.231005 0)
(0.0667629 -0.231569 1.2162e-19)
(0.0860351 -0.229233 0)
(0.0802874 -0.226592 -5.98776e-20)
(0.0932567 -0.227462 -1.39093e-20)
(0.0902336 -0.221279 0)
(0.0966017 -0.225367 1.39294e-22)
(0.095996 -0.215966 -2.54579e-20)
(0.0964444 -0.224703 7.42283e-21)
(0.0972118 -0.212695 3.02681e-21)
(0.0936412 -0.226876 -6.13053e-21)
(0.0946536 -0.212794 -6.1907e-21)
(0.0894057 -0.232651 2.97825e-21)
(0.0895894 -0.217092 0)
(0.0846794 -0.242391 -9.09477e-21)
(0.0834518 -0.225525 1.41065e-20)
(0.0810278 -0.256592 -1.12991e-21)
(0.0764986 -0.239458 7.11865e-22)
(0.072315 -0.274665 -1.07866e-20)
(0.0713606 -0.255369 2.23859e-21)
(0.0508046 -0.292859 -1.86469e-20)
(0.0584475 -0.234714 1.74572e-19)
(0.0510373 -0.235654 2.95852e-21)
(0.0727777 -0.227409 6.23548e-20)
(0.0654575 -0.224692 6.9071e-20)
(0.0848674 -0.219471 -6.04711e-20)
(0.0794077 -0.212964 -6.0418e-20)
(0.0931776 -0.210749 -1.15252e-20)
(0.0907496 -0.200387 0)
(0.0964534 -0.203945 -2.26771e-20)
(0.096737 -0.190455 8.51931e-21)
(0.0948899 -0.201053 -1.07652e-20)
(0.0967169 -0.185181 -1.0865e-20)
(0.0896517 -0.203019 0)
(0.0918191 -0.185206 0)
(0.0821711 -0.210174 1.04314e-20)
(0.0836961 -0.190693 0)
(0.0733813 -0.222716 2.16919e-20)
(0.0738843 -0.201261 7.73154e-21)
(0.0647334 -0.2411 3.19815e-21)
(0.0624943 -0.21846 9.43593e-21)
(0.0512284 -0.265254 -4.73361e-21)
(0.0510395 -0.239609 -1.53416e-20)
(0.0206607 -0.278209 -2.69706e-20)
(0.0586685 -0.224993 -1.09422e-19)
(0.0492518 -0.21903 -9.57054e-20)
(0.0730399 -0.210438 -5.44825e-20)
(0.0636885 -0.20141 -8.69139e-21)
(0.0862425 -0.194572 2.1866e-21)
(0.0791065 -0.181897 4.50454e-20)
(0.0947909 -0.180829 2.03832e-20)
(0.0914938 -0.16493 0)
(0.0969989 -0.172036 2.03832e-20)
(0.0970542 -0.153936 2.84079e-20)
(0.0932671 -0.169259 0)
(0.0953256 -0.149736 6.73074e-21)
(0.0850947 -0.172504 0)
(0.0878762 -0.151802 0)
(0.0739302 -0.181521 -1.97588e-21)
(0.0766517 -0.159376 0)
(0.0600466 -0.196644 -3.9113e-21)
(0.0628799 -0.17169 -2.30241e-21)
(0.0433582 -0.219259 -4.11102e-21)
(0.045914 -0.190203 -3.6528e-21)
(0.0166637 -0.248925 -2.7602e-20)
(0.0268905 -0.214188 -1.58219e-20)
(-0.0212143 -0.249974 -5.18028e-20)
(0.0556188 -0.19493 6.03889e-21)
(0.0423782 -0.18185 3.77593e-20)
(0.0712963 -0.173046 9.19875e-20)
(0.0587489 -0.157223 4.93125e-20)
(0.0857279 -0.15291 4.56345e-20)
(0.0761034 -0.134213 -3.12766e-20)
(0.0944082 -0.13859 7.91527e-21)
(0.0893138 -0.117795 0)
(0.0955159 -0.131734 1.49179e-20)
(0.0943692 -0.110076 -5.27502e-21)
(0.0898044 -0.131959 6.79035e-21)
(0.0911886 -0.110186 1.05565e-20)
(0.0792026 -0.138041 0)
(0.0818407 -0.116215 -3.45859e-21)
(0.0652618 -0.148826 -3.11923e-22)
(0.0686168 -0.126437 -2.74639e-22)
(0.0474763 -0.164003 -9.94118e-22)
(0.052478 -0.139595 7.69693e-22)
(0.0224719 -0.185967 -1.36119e-20)
(0.030887 -0.155224 -3.69262e-21)
(-0.0315727 -0.219972 4.28445e-21)
(-6.53136e-05 -0.16969 1.62863e-20)
(-0.0699444 -0.175006 1.81946e-20)
(-0.0537875 -0.118518 -1.2848e-19)
(-0.0419742 -0.133574 2.78286e-19)
(-0.0564917 -0.10752 1.2043e-19)
(-0.0392488 -0.126365 -6.15644e-19)
(-0.0590682 -0.0959541 4.36429e-19)
(-0.0427409 -0.114986 3.63529e-19)
(-0.0642789 -0.0859438 1.23024e-19)
(-0.0512474 -0.10292 8.19007e-21)
(-0.0721892 -0.0789079 -2.54906e-19)
(-0.0631253 -0.0925625 0)
(-0.0808849 -0.074596 2.96236e-21)
(-0.0752423 -0.086458 -2.59646e-19)
(-0.0901222 -0.0726312 2.56508e-19)
(-0.0892292 -0.0835506 2.61278e-19)
(-0.099919 -0.0707288 2.68209e-19)
(-0.10369 -0.0839895 -1.07157e-19)
(-0.11022 -0.0678034 -1.97609e-19)
(-0.118354 -0.0843134 2.73197e-19)
(-0.122103 -0.0650618 -6.69011e-19)
(-0.136118 -0.0814006 -1.50497e-19)
(-0.138889 -0.0620009 -8.29705e-21)
(-0.16123 -0.0758292 -4.8951e-19)
(-0.194451 -0.0683326 5.12935e-19)
(-0.163999 -0.05507 -4.23914e-20)
(-0.0322573 -0.140244 -2.06097e-19)
(-0.0379231 -0.152092 4.02272e-20)
(-0.0308005 -0.130247 -3.80512e-19)
(-0.0290576 -0.142854 -4.38778e-19)
(-0.0389669 -0.117923 -5.8377e-20)
(-0.0361962 -0.128654 4.04344e-19)
(-0.0525935 -0.106927 -1.09772e-19)
(-0.0526502 -0.114101 -3.01445e-19)
(-0.0694496 -0.0980525 0)
(-0.0733141 -0.102179 1.9256e-19)
(-0.0895815 -0.0925627 0)
(-0.0965827 -0.0932633 0)
(-0.109795 -0.0906234 -1.09187e-19)
(-0.119052 -0.0882722 1.89507e-19)
(-0.128508 -0.0912801 -1.09187e-19)
(-0.139684 -0.088261 -2.97316e-20)
(-0.149955 -0.0898398 3.13753e-19)
(-0.161313 -0.0884839 -1.76305e-19)
(-0.181532 -0.0826739 2.53988e-20)
(-0.192919 -0.0813763 4.7941e-19)
(-0.224163 -0.0712022 1.73365e-20)
(-0.236767 -0.0677364 -3.67982e-19)
(-0.284258 -0.054111 -2.0101e-20)
(-0.269866 -0.0602608 1.13656e-19)
(-0.0281767 -0.153359 -1.99996e-19)
(-0.0293261 -0.173216 5.13336e-20)
(-0.0275495 -0.14126 3.5512e-19)
(-0.0199796 -0.162032 -7.36027e-20)
(-0.0441248 -0.125918 1.75124e-19)
(-0.0357832 -0.146493 5.33149e-20)
(-0.0695268 -0.111148 1.31599e-21)
(-0.0629682 -0.129657 -1.12008e-19)
(-0.0973743 -0.101159 1.95834e-19)
(-0.0942654 -0.112513 1.9881e-19)
(-0.12323 -0.0953017 1.9273e-19)
(-0.124184 -0.100979 0)
(-0.146027 -0.0921371 2.82372e-19)
(-0.149784 -0.0940636 1.95659e-19)
(-0.168676 -0.0897148 -8.41113e-20)
(-0.172692 -0.0904819 2.51452e-19)
(-0.200836 -0.0830729 -1.61649e-20)
(-0.202232 -0.0841042 -3.29925e-19)
(-0.246571 -0.069286 8.32572e-20)
(-0.246436 -0.0688615 3.40191e-20)
(-0.296672 -0.0531203 -4.24388e-19)
(-0.298058 -0.0491543 1.60429e-19)
(-0.341188 -0.0351717 -4.62342e-19)
(-0.337132 -0.0426098 -1.46656e-19)
(-0.0180284 -0.174517 1.92298e-19)
(-0.0239574 -0.195096 4.40407e-19)
(-0.0253325 -0.164117 -3.87542e-19)
(-0.020254 -0.183907 -1.3554e-19)
(-0.0525501 -0.148862 -2.42035e-19)
(-0.0460878 -0.169577 -2.60004e-19)
(-0.0870191 -0.131607 8.52881e-20)
(-0.0810524 -0.152047 7.90576e-21)
(-0.121899 -0.115373 0)
(-0.117628 -0.130983 1.53885e-19)
(-0.151624 -0.103339 0)
(-0.150339 -0.114436 -4.38141e-19)
(-0.176188 -0.095034 1.58762e-19)
(-0.176918 -0.103265 1.42303e-19)
(-0.204598 -0.0860387 1.05078e-20)
(-0.203366 -0.0934089 3.36847e-20)
(-0.246644 -0.0708624 -2.83807e-19)
(-0.241279 -0.0776663 -3.52902e-20)
(-0.298029 -0.0500502 1.12885e-19)
(-0.291515 -0.0538863 -2.44704e-19)
(-0.3429 -0.0324742 1.28822e-19)
(-0.33929 -0.0309065 3.51469e-19)
(-0.368047 -0.0205001 -1.17107e-19)
(-0.36807 -0.0272716 -1.15499e-19)
(-0.0196455 -0.194032 1.67652e-19)
(-0.0235969 -0.214743 3.13911e-19)
(-0.0371138 -0.186202 1.35306e-20)
(-0.0301233 -0.206027 -2.81859e-19)
(-0.0719042 -0.171182 -5.38621e-21)
(-0.0626243 -0.19417 7.68304e-20)
(-0.111115 -0.153164 7.48158e-20)
(-0.102108 -0.175353 -8.22858e-20)
(-0.147157 -0.133966 -2.96079e-19)
(-0.140215 -0.153109 1.58063e-19)
(-0.176695 -0.117297 -2.95361e-19)
(-0.173661 -0.133178 -3.2858e-19)
(-0.203698 -0.10279 1.52275e-20)
(-0.201926 -0.117036 2.63574e-19)
(-0.239017 -0.0854155 -1.04538e-20)
(-0.233819 -0.0995437 -1.75144e-20)
(-0.286258 -0.061389 7.87361e-21)
(-0.27704 -0.0743835 1.5201e-20)
(-0.333737 -0.0353947 -4.04622e-21)
(-0.324834 -0.0436735 -1.97844e-19)
(-0.364825 -0.0189798 1.04404e-19)
(-0.360261 -0.0193745 1.92548e-19)
(-0.370657 -0.0134072 -8.73069e-20)
(-0.371153 -0.0205938 -4.92001e-20)
(-0.0292043 -0.213822 -7.92235e-20)
(-0.0301228 -0.230529 3.47241e-20)
(-0.0545254 -0.209137 -2.21579e-19)
(-0.046939 -0.227007 -2.13932e-19)
(-0.0926018 -0.195634 0)
(-0.0820407 -0.217656 9.66841e-20)
(-0.133082 -0.176176 0)
(-0.122075 -0.1989 1.99456e-19)
(-0.169477 -0.154955 1.22773e-19)
(-0.160673 -0.175733 -1.00726e-19)
(-0.200119 -0.134593 2.44209e-19)
(-0.194583 -0.15357 1.03505e-19)
(-0.231558 -0.113967 2.35352e-19)
(-0.225737 -0.132931 1.20354e-19)
(-0.271548 -0.0885756 9.31889e-21)
(-0.261928 -0.108483 1.25348e-19)
(-0.316693 -0.0573391 -1.93876e-19)
(-0.304576 -0.0759323 -1.82967e-19)
(-0.352562 -0.0281484 1.15402e-21)
(-0.342802 -0.0406535 -7.9985e-20)
(-0.365905 -0.013568 6.30642e-22)
(-0.36174 -0.0161012 1.63765e-19)
(-0.354426 -0.0134148 -1.66536e-19)
(-0.354497 -0.0204771 -3.98133e-20)
(-0.0449735 -0.231841 -7.48911e-20)
(-0.0422892 -0.241626 4.08629e-20)
(-0.0742753 -0.230261 9.24918e-20)
(-0.0667633 -0.24451 8.8333e-21)
(-0.11251 -0.218555 2.99714e-19)
(-0.101234 -0.237801 2.53942e-20)
(-0.152438 -0.198636 9.72974e-20)
(-0.139558 -0.220284 1.1054e-19)
(-0.188972 -0.175549 -1.19637e-19)
(-0.177575 -0.196312 -1.78043e-19)
(-0.221964 -0.151958 -1.7695e-20)
(-0.212205 -0.171867 -3.22077e-20)
(-0.256839 -0.126324 7.63434e-21)
(-0.245632 -0.147253 -6.80564e-20)
(-0.296283 -0.0949654 -6.88685e-20)
(-0.282179 -0.117698 1.52258e-19)
(-0.332877 -0.059076 -7.38755e-20)
(-0.318622 -0.0808209 5.91949e-20)
(-0.353421 -0.0282809 8.05945e-20)
(-0.343656 -0.0436462 -1.08685e-19)
(-0.349663 -0.0149106 3.74077e-22)
(-0.346469 -0.0196675 7.65284e-20)
(-0.325653 -0.0186772 -1.37837e-20)
(-0.324899 -0.0240269 -7.37179e-20)
(-0.063364 -0.246471 1.33276e-19)
(-0.0568695 -0.249026 1.29181e-19)
(-0.0938015 -0.247472 -6.26246e-20)
(-0.0865188 -0.2569 -4.1983e-20)
(-0.129763 -0.237582 -1.6268e-19)
(-0.117812 -0.252747 2.20252e-20)
(-0.16787 -0.217514 -1.64117e-19)
(-0.152649 -0.236807 -8.92276e-20)
(-0.204148 -0.19254 -8.19255e-20)
(-0.188956 -0.212008 -2.53624e-20)
(-0.238323 -0.165971 -7.77198e-20)
(-0.223411 -0.184769 -5.86355e-20)
(-0.272959 -0.13671 7.14083e-20)
(-0.25666 -0.156465 -6.95401e-20)
(-0.306887 -0.102079 2.71601e-19)
(-0.289553 -0.123827 1.4155e-19)
(-0.331879 -0.0645537 1.40031e-20)
(-0.316945 -0.0858584 1.32885e-19)
(-0.337893 -0.0339627 -1.14927e-19)
(-0.329368 -0.0496455 -1.14461e-20)
(-0.321584 -0.0214688 6.5784e-20)
(-0.320413 -0.027363 -5.03954e-20)
(-0.293185 -0.0269888 -8.7543e-22)
(-0.290326 -0.0305069 7.01061e-20)
(-0.0808602 -0.25738 -3.6794e-20)
(-0.0704966 -0.255262 6.4756e-21)
(-0.110692 -0.259226 4.82758e-20)
(-0.103524 -0.264022 -3.64919e-21)
(-0.142234 -0.250377 9.81984e-20)
(-0.129134 -0.260767 5.42378e-20)
(-0.176964 -0.230436 5.17792e-20)
(-0.159411 -0.246007 0)
(-0.211436 -0.203393 -2.96866e-22)
(-0.192382 -0.220659 5.22874e-20)
(-0.244286 -0.173759 -5.01684e-20)
(-0.225008 -0.190472 -2.11977e-20)
(-0.275313 -0.141928 0)
(-0.255739 -0.158804 -2.86612e-20)
(-0.301503 -0.106538 0)
(-0.283087 -0.124741 4.67485e-20)
(-0.315846 -0.0704096 1.0353e-19)
(-0.30202 -0.0883141 0)
(-0.312007 -0.0422274 5.37333e-20)
(-0.305859 -0.0554904 1.04546e-19)
(-0.290672 -0.0311671 -1.16425e-19)
(-0.292103 -0.0360368 -4.91626e-21)
(-0.26703 -0.0355492 -1.62303e-19)
(-0.261836 -0.0391455 -6.54982e-20)
(-0.0945951 -0.266156 4.29178e-20)
(-0.0818869 -0.264964 6.99003e-21)
(-0.122332 -0.264471 -2.04991e-22)
(-0.113273 -0.265486 5.8802e-20)
(-0.148073 -0.255566 -4.31228e-20)
(-0.133508 -0.261274 -2.53371e-20)
(-0.177616 -0.235435 0)
(-0.157645 -0.24596 1.55903e-20)
(-0.208529 -0.206682 2.97552e-20)
(-0.186301 -0.220676 -1.27527e-20)
(-0.238291 -0.174308 4.57122e-22)
(-0.216221 -0.188715 5.52715e-20)
(-0.264604 -0.140739 1.82666e-20)
(-0.243706 -0.154699 -4.17164e-20)
(-0.284079 -0.106258 4.72119e-20)
(-0.266044 -0.120359 3.18719e-21)
(-0.291833 -0.0735078 0)
(-0.279409 -0.0868447 -3.44114e-20)
(-0.284945 -0.0492106 4.69712e-20)
(-0.28003 -0.0585373 8.09094e-20)
(-0.266863 -0.039856 -4.76126e-20)
(-0.268139 -0.0421682 1.59588e-20)
(-0.250413 -0.0410838 -5.36714e-20)
(-0.247286 -0.0454387 -4.06037e-20)
(-0.105901 -0.270333 3.88272e-20)
(-0.0852676 -0.272873 2.96811e-21)
(-0.127467 -0.263209 4.31409e-20)
(-0.117386 -0.270303 1.17229e-20)
(-0.145562 -0.251545 3.40917e-20)
(-0.130394 -0.258313 1.3094e-20)
(-0.168736 -0.230759 2.86415e-21)
(-0.147626 -0.238201 8.77796e-21)
(-0.195669 -0.201503 1.22135e-20)
(-0.170935 -0.210792 -1.29851e-20)
(-0.222518 -0.168067 1.36128e-20)
(-0.197882 -0.178083 1.62575e-20)
(-0.245257 -0.133777 -5.70585e-20)
(-0.22275 -0.144032 -2.02098e-20)
(-0.260846 -0.100822 -7.9172e-20)
(-0.242069 -0.110743 -2.47468e-20)
(-0.266576 -0.0719178 4.6933e-20)
(-0.253087 -0.0803086 -1.3488e-20)
(-0.261841 -0.051506 5.21812e-20)
(-0.254094 -0.056105 3.80872e-20)
(-0.250231 -0.0434557 1.4321e-20)
(-0.246184 -0.0422768 1.60209e-21)
(-0.23341 -0.0407907 1.22664e-20)
(-0.23731 -0.0473437 -6.59873e-21)
(-0.0972618 -0.287853 -2.5326e-20)
(-0.0570424 -0.199418 1.40386e-21)
(-0.118078 -0.269572 -1.63206e-20)
(-0.0806666 -0.203906 -1.99495e-20)
(-0.130587 -0.24757 -1.99456e-20)
(-0.0907133 -0.205172 -2.25241e-20)
(-0.150193 -0.219183 -1.44748e-20)
(-0.112755 -0.201739 -2.34787e-20)
(-0.174273 -0.185927 -9.52644e-21)
(-0.14128 -0.186505 8.98752e-21)
(-0.19874 -0.152775 -1.70719e-20)
(-0.171558 -0.158414 -1.82656e-20)
(-0.219403 -0.12015 1.14774e-20)
(-0.195527 -0.126093 2.03253e-21)
(-0.233481 -0.0896933 4.49345e-20)
(-0.212557 -0.0944401 1.81165e-20)
(-0.239315 -0.0641263 -2.37491e-20)
(-0.22199 -0.0666327 7.43665e-21)
(-0.236829 -0.0467091 -1.25931e-20)
(-0.22306 -0.0454978 -1.75641e-20)
(-0.227662 -0.0399073 2.05753e-21)
(-0.215997 -0.0337757 1.12019e-19)
(-0.213446 -0.043772 -1.25594e-19)
(-0.201857 -0.0330249 -1.68462e-19)
(-0.196232 -0.0431594 4.37952e-20)
(-0.231206 -0.0592809 -4.19637e-19)
(-0.228561 -0.0307448 2.80992e-19)
(-0.264062 -0.0516064 3.82832e-19)
(-0.252819 -0.0227337 1.0129e-19)
(-0.286771 -0.0487358 0)
(-0.264516 -0.0195859 4.93914e-20)
(-0.297136 -0.0501214 2.08372e-19)
(-0.263901 -0.0186717 -5.66639e-21)
(-0.2965 -0.0511545 -2.01252e-19)
(-0.251141 -0.0165381 3.24441e-21)
(-0.286517 -0.0528312 4.88892e-20)
(-0.227903 -0.0117088 -4.86978e-20)
(-0.269228 -0.052507 -4.75575e-21)
(-0.197527 -0.00361875 -6.07067e-21)
(-0.245547 -0.0477755 -1.05028e-20)
(-0.164597 0.00927576 -1.09992e-19)
(-0.21679 -0.0369315 8.84969e-21)
(-0.13638 0.0275463 -3.55771e-22)
(-0.184174 -0.0157386 -1.12037e-19)
(-0.122394 0.0448451 -5.81558e-20)
(-0.150422 0.0165753 1.62407e-19)
(-0.128182 0.0438455 -7.29956e-20)
(-0.307301 -0.0544993 -8.06449e-20)
(-0.322701 -0.0462614 -9.63912e-21)
(-0.329276 -0.056088 1.12296e-19)
(-0.344497 -0.046822 1.14174e-19)
(-0.336189 -0.0633242 1.07191e-19)
(-0.350171 -0.0544442 0)
(-0.332921 -0.0715192 -3.9865e-20)
(-0.344906 -0.0646268 1.44885e-19)
(-0.322216 -0.0767541 -1.44828e-19)
(-0.333838 -0.074489 -2.28321e-19)
(-0.30821 -0.0793618 4.0329e-20)
(-0.321343 -0.0798718 -2.9118e-20)
(-0.289967 -0.0789509 3.47551e-20)
(-0.307363 -0.084675 6.97014e-20)
(-0.265547 -0.0725528 4.61625e-21)
(-0.291361 -0.0868439 -1.91038e-20)
(-0.233122 -0.0550644 9.01737e-21)
(-0.270883 -0.0825299 2.74578e-21)
(-0.193255 -0.0219667 4.56814e-20)
(-0.241632 -0.0629639 0)
(-0.155781 0.0201471 1.47067e-19)
(-0.199291 -0.0181039 1.30319e-20)
(-0.150797 0.0389941 1.46387e-19)
(-0.359434 -0.0420642 1.96407e-19)
(-0.36431 -0.0337167 1.99391e-19)
(-0.364055 -0.0499421 0)
(-0.366692 -0.0441229 -1.11174e-19)
(-0.357236 -0.0616528 3.10263e-20)
(-0.355672 -0.0603156 1.17019e-19)
(-0.345323 -0.0735653 -4.81818e-20)
(-0.339888 -0.0759696 3.14977e-20)
(-0.332895 -0.0841315 -1.09707e-19)
(-0.325057 -0.0878674 -4.96753e-20)
(-0.320676 -0.0924805 1.55878e-22)
(-0.313109 -0.0953342 -3.09202e-20)
(-0.309682 -0.0987998 1.54561e-20)
(-0.304017 -0.100349 3.07948e-20)
(-0.297749 -0.101663 -2.20053e-20)
(-0.297371 -0.104612 -1.51039e-20)
(-0.279213 -0.0944069 -7.26866e-21)
(-0.290357 -0.107293 6.0487e-21)
(-0.245133 -0.0643417 -3.80019e-20)
(-0.276586 -0.100426 2.50758e-20)
(-0.192902 -0.0035258 4.70112e-21)
(-0.246373 -0.0636037 -6.60543e-20)
(-0.189114 0.0198643 4.09507e-20)
(-0.370929 -0.0365313 -1.1289e-19)
(-0.371791 -0.0277052 -4.85152e-20)
(-0.357871 -0.0549483 5.68224e-21)
(-0.356538 -0.0478031 -1.65329e-19)
(-0.338296 -0.0745249 1.18824e-19)
(-0.333684 -0.0708982 1.20478e-19)
(-0.31966 -0.0893064 2.99772e-20)
(-0.312705 -0.0890473 -5.21571e-20)
(-0.305786 -0.0979168 2.99772e-20)
(-0.297972 -0.0993934 3.03945e-20)
(-0.296642 -0.102452 0)
(-0.288658 -0.10411 -2.41369e-20)
(-0.291692 -0.105909 0)
(-0.28349 -0.105864 2.39299e-20)
(-0.29014 -0.11033 1.36492e-20)
(-0.28197 -0.107281 -2.71858e-21)
(-0.288563 -0.112991 3.91119e-20)
(-0.283004 -0.110573 3.66578e-20)
(-0.275801 -0.0987404 -2.43622e-21)
(-0.282536 -0.11354 -6.60495e-20)
(-0.233472 -0.0406886 -3.03371e-20)
(-0.273185 -0.0960466 4.34119e-20)
(-0.235192 -0.0111659 -1.75658e-19)
(-0.356468 -0.0388417 -1.00786e-19)
(-0.356484 -0.028167 -2.13073e-21)
(-0.33182 -0.0641835 -5.15863e-20)
(-0.328956 -0.0549711 1.43963e-19)
(-0.308115 -0.0862403 -5.28934e-20)
(-0.301578 -0.0809826 -5.46247e-20)
(-0.291174 -0.09998 -5.28934e-20)
(-0.282745 -0.0981234 -5.24935e-20)
(-0.281012 -0.106149 -2.44776e-20)
(-0.273258 -0.10607 0)
(-0.27564 -0.107652 2.67319e-23)
(-0.269142 -0.108347 -2.47921e-20)
(-0.273535 -0.107181 2.15107e-20)
(-0.268053 -0.107805 2.71018e-20)
(-0.274365 -0.107649 2.03838e-20)
(-0.269034 -0.106568 -2.61525e-21)
(-0.278617 -0.111361 -7.13727e-20)
(-0.271926 -0.10677 2.3438e-20)
(-0.281754 -0.110824 -1.70585e-20)
(-0.275602 -0.110595 -9.47709e-20)
(-0.260162 -0.0705011 -1.02864e-19)
(-0.279211 -0.109247 3.15942e-20)
(-0.270753 -0.0418687 -8.39588e-20)
(-0.32747 -0.0442455 2.47934e-19)
(-0.326955 -0.0324616 5.3409e-20)
(-0.298213 -0.0722692 1.43671e-19)
(-0.293635 -0.0617838 1.50267e-19)
(-0.276853 -0.09337 -5.59899e-20)
(-0.268322 -0.0868557 -1.06352e-19)
(-0.265747 -0.104207 9.19332e-22)
(-0.256605 -0.101111 -4.38887e-20)
(-0.261948 -0.107849 0)
(-0.253988 -0.106181 0)
(-0.261915 -0.107939 2.55516e-21)
(-0.254941 -0.10681 1.80824e-20)
(-0.263544 -0.106595 2.67326e-21)
(-0.257308 -0.105581 -1.5223e-20)
(-0.266063 -0.105255 1.34012e-22)
(-0.260515 -0.103907 1.3561e-22)
(-0.270277 -0.106054 0)
(-0.264581 -0.102771 -1.583e-20)
(-0.27765 -0.109499 -4.2367e-20)
(-0.269425 -0.103839 1.55706e-20)
(-0.273003 -0.0862153 3.40414e-20)
(-0.27606 -0.108561 -1.47103e-20)
(-0.291664 -0.0628518 9.63752e-20)
(-0.291709 -0.0487501 -4.32179e-20)
(-0.291428 -0.0386341 1.34689e-20)
(-0.263766 -0.0752816 -1.01553e-19)
(-0.259497 -0.0667302 3.3025e-20)
(-0.249683 -0.0934816 -9.80694e-20)
(-0.242959 -0.0873308 -5.15316e-20)
(-0.246359 -0.101697 -4.53599e-20)
(-0.2396 -0.0981347 -4.58646e-20)
(-0.247876 -0.104046 1.83006e-20)
(-0.241182 -0.101784 -3.30508e-20)
(-0.250884 -0.103744 -9.84931e-23)
(-0.243707 -0.102374 1.85043e-20)
(-0.254555 -0.102394 -1.80236e-20)
(-0.246743 -0.101268 -1.82241e-20)
(-0.25901 -0.100981 -1.60211e-20)
(-0.250838 -0.0993789 0)
(-0.264525 -0.100252 9.9185e-23)
(-0.256265 -0.0976418 -4.00727e-21)
(-0.272793 -0.102642 4.42604e-20)
(-0.263824 -0.0964721 -1.6192e-20)
(-0.278454 -0.0899474 2.85019e-20)
(-0.271147 -0.100215 -1.83777e-20)
(-0.300799 -0.0716073 -4.95461e-20)
(-0.258427 -0.0533437 8.5775e-20)
(-0.260664 -0.0451388 4.36715e-21)
(-0.23939 -0.076303 8.52804e-20)
(-0.238319 -0.0681756 8.61699e-20)
(-0.234507 -0.0904323 0)
(-0.231729 -0.0840104 0)
(-0.236022 -0.0969493 -3.34227e-20)
(-0.231201 -0.0928664 0)
(-0.238045 -0.0994106 -3.34227e-20)
(-0.231151 -0.097463 -2.84277e-21)
(-0.240233 -0.0993901 0)
(-0.231392 -0.0987571 0)
(-0.243448 -0.0977645 0)
(-0.232982 -0.0974848 0)
(-0.248559 -0.0955086 1.23293e-20)
(-0.237003 -0.094552 0)
(-0.256053 -0.0932281 -2.04794e-20)
(-0.243672 -0.0911509 5.52433e-21)
(-0.266498 -0.0927874 -8.00629e-20)
(-0.254396 -0.0876275 -1.31591e-20)
(-0.278655 -0.0848076 -9.76792e-20)
(-0.265061 -0.0875795 -5.53978e-20)
(-0.30041 -0.0675279 -1.16028e-20)
(-0.239731 -0.0575592 0)
(-0.243672 -0.049732 5.59573e-20)
(-0.231172 -0.0746836 0)
(-0.231659 -0.0671823 0)
(-0.229458 -0.0861939 0)
(-0.226782 -0.0805093 -5.96779e-20)
(-0.227588 -0.0933472 3.10144e-20)
(-0.221385 -0.0903912 0)
(-0.225407 -0.096641 3.10144e-20)
(-0.216003 -0.0960922 -1.81982e-21)
(-0.224696 -0.0964295 0)
(-0.212698 -0.0972394 1.95802e-20)
(-0.226847 -0.0935734 0)
(-0.212784 -0.0946168 -5.2502e-21)
(-0.232611 -0.0892895 -7.00662e-21)
(-0.217078 -0.0894975 1.35851e-21)
(-0.242339 -0.0845175 1.19241e-20)
(-0.225504 -0.0833135 1.01079e-22)
(-0.256522 -0.0808193 1.0871e-20)
(-0.239419 -0.0763163 1.91165e-20)
(-0.274568 -0.0720798 1.85918e-20)
(-0.255308 -0.0711351 5.04611e-21)
(-0.292722 -0.0505793 3.49179e-20)
(-0.234736 -0.0588578 5.65119e-20)
(-0.235479 -0.0514028 6.42765e-21)
(-0.227544 -0.0730625 -6.02695e-20)
(-0.224695 -0.0657851 0)
(-0.219542 -0.0850911 -6.02695e-20)
(-0.212963 -0.0796435 -8.19762e-21)
(-0.210759 -0.0933376 -3.34671e-20)
(-0.200362 -0.0909422 4.46161e-20)
(-0.203935 -0.0965345 -1.33108e-20)
(-0.190437 -0.0968542 -2.3163e-20)
(-0.201045 -0.0948936 1.4305e-20)
(-0.185183 -0.096751 2.54444e-20)
(-0.203019 -0.0895904 -3.93026e-21)
(-0.185228 -0.0917803 -8.73108e-21)
(-0.210175 -0.0820586 7.84306e-21)
(-0.190726 -0.0836015 -2.42797e-21)
(-0.222706 -0.0732263 6.47108e-21)
(-0.201289 -0.0737489 9.77875e-21)
(-0.241063 -0.0645396 1.24821e-20)
(-0.218466 -0.0623235 -1.63752e-21)
(-0.265181 -0.0510032 9.25865e-21)
(-0.23957 -0.0508343 1.74315e-20)
(-0.278098 -0.0204288 -1.23674e-20)
(-0.224862 -0.0589112 -5.26616e-20)
(-0.218765 -0.049409 -1.43415e-19)
(-0.210343 -0.073271 5.46921e-20)
(-0.201197 -0.0639035 0)
(-0.194481 -0.0864488 9.97256e-20)
(-0.181747 -0.0792989 5.51723e-20)
(-0.180771 -0.0949392 5.57906e-20)
(-0.164845 -0.0916563 -3.09858e-20)
(-0.172023 -0.0970681 1.60109e-20)
(-0.153921 -0.0971467 2.69695e-20)
(-0.169286 -0.0932588 2.24355e-21)
(-0.149779 -0.0953391 -7.10553e-21)
(-0.172556 -0.085024 -7.03703e-21)
(-0.151883 -0.087822 -3.32351e-21)
(-0.18158 -0.0738154 -5.16112e-22)
(-0.159471 -0.0765499 -3.47569e-21)
(-0.196689 -0.0599016 1.63615e-21)
(-0.171777 -0.0627486 3.18699e-21)
(-0.219264 -0.0431917 8.31488e-21)
(-0.190263 -0.0457657 -1.54487e-21)
(-0.248867 -0.0164831 -3.14436e-21)
(-0.214189 -0.0267267 1.95699e-20)
(-0.249939 0.0214639 -4.03533e-20)
(-0.194604 -0.0557047 -9.10905e-20)
(-0.18148 -0.0424007 1.04418e-19)
(-0.172827 -0.0714407 0)
(-0.156941 -0.0588339 -4.28095e-20)
(-0.15277 -0.0858725 -7.82651e-20)
(-0.134041 -0.0762268 4.08179e-20)
(-0.138546 -0.0945112 -6.18253e-20)
(-0.117738 -0.0894163 -4.57273e-20)
(-0.131771 -0.0955519 3.67337e-21)
(-0.110117 -0.0944172 1.65769e-20)
(-0.132052 -0.0897731 -1.27664e-20)
(-0.110297 -0.0911719 -1.28729e-20)
(-0.138162 -0.0791194 2.81633e-22)
(-0.116362 -0.08177 0)
(-0.148949 -0.0651459 1.60708e-22)
(-0.126589 -0.0685117 4.17657e-22)
(-0.164108 -0.0473422 8.30299e-22)
(-0.139733 -0.0523553 6.43906e-22)
(-0.186037 -0.0223274 -8.81433e-21)
(-0.155329 -0.0307579 -6.57201e-22)
(-0.219964 0.0317427 9.14134e-21)
(-0.169755 0.000187164 -9.01244e-21)
(-0.175032 0.0701716 1.823e-20)
(0.128868 -0.051983 -3.1678e-21)
(0.106114 -0.0385639 -2.82599e-21)
(0.13889 -0.0586608 1.69953e-20)
(0.104185 -0.0467802 4.40115e-21)
(0.156815 -0.0770259 8.88416e-21)
(0.111128 -0.0622391 -4.52482e-21)
(0.166777 -0.106601 -5.75625e-21)
(0.121808 -0.0848023 -9.95605e-21)
(0.15788 -0.140612 7.81893e-21)
(0.127585 -0.110874 2.14726e-20)
(0.131726 -0.168563 1.11757e-20)
(0.119967 -0.137663 8.93079e-21)
(0.100337 -0.188451 3.06533e-21)
(0.099085 -0.160754 7.33998e-21)
(0.071135 -0.200579 -2.71504e-22)
(0.0720708 -0.176713 -8.75837e-21)
(0.047775 -0.204825 6.09087e-20)
(0.0464142 -0.184173 4.77656e-21)
(0.0326204 -0.200806 -7.58617e-21)
(0.0271593 -0.182684 2.42867e-20)
(0.0274753 -0.188499 -9.91381e-20)
(0.0173357 -0.172081 -3.11549e-20)
(0.0185375 -0.152695 2.87284e-20)
(0.032834 -0.168624 5.16534e-20)
(0.0886661 -0.033473 7.76055e-21)
(0.0863338 -0.0276964 -1.45153e-21)
(0.0822521 -0.0461597 6.53944e-21)
(0.0774828 -0.034556 5.79518e-23)
(0.0802646 -0.0632002 3.08287e-22)
(0.0709806 -0.0465567 -5.75255e-22)
(0.0850315 -0.0833178 2.06805e-20)
(0.0665654 -0.0637387 0)
(0.0908924 -0.106191 2.06805e-20)
(0.0649876 -0.0829062 -5.21071e-21)
(0.0871463 -0.12939 5.04638e-21)
(0.0628864 -0.102545 -7.67145e-21)
(0.0704539 -0.148202 -6.43408e-21)
(0.0543574 -0.120118 2.47665e-20)
(0.0469722 -0.158978 -1.79682e-21)
(0.0381623 -0.132505 -1.37508e-21)
(0.0253207 -0.160299 -3.19871e-20)
(0.0189527 -0.137086 9.07923e-21)
(0.0114005 -0.151891 4.42434e-21)
(0.00328288 -0.132015 -2.35833e-20)
(0.00818334 -0.134198 1.00701e-19)
(-0.00381122 -0.116841 -2.88026e-20)
(0.00029563 -0.0929517 5.98999e-20)
(0.0162518 -0.109271 -1.04777e-20)
(0.0737786 -0.0273011 -6.26796e-21)
(0.0707449 -0.0203063 0)
(0.0677529 -0.0368313 -1.57833e-20)
(0.0651482 -0.027947 -1.28228e-20)
(0.0585131 -0.0488651 -6.23461e-21)
(0.0582179 -0.0379657 1.86119e-22)
(0.0474504 -0.0625343 -1.88326e-20)
(0.0479179 -0.0506207 7.39395e-21)
(0.0385307 -0.0768158 -2.65627e-20)
(0.035269 -0.0629717 -1.25012e-20)
(0.0316281 -0.0906973 1.15986e-20)
(0.0229353 -0.0735552 -1.37292e-20)
(0.0228657 -0.102286 2.43549e-20)
(0.0111441 -0.0819445 1.07567e-20)
(0.0102861 -0.108726 3.20492e-21)
(-0.00161144 -0.0870359 4.5555e-21)
(-0.00326193 -0.106855 2.31546e-20)
(-0.0145983 -0.0863307 -3.38222e-22)
(-0.0123425 -0.0948934 -5.29954e-20)
(-0.0242427 -0.0771345 3.36592e-21)
(-0.0122543 -0.0738164 -7.5722e-20)
(-0.0264334 -0.0588608 -6.03492e-20)
(-0.0182958 -0.0339879 -2.32828e-20)
(-0.00136033 -0.0475386 0)
(0.0602239 -0.0208838 -6.55692e-21)
(0.0564044 -0.0296591 -1.18262e-21)
(0.0491936 -0.0398613 1.39611e-20)
(0.0367209 -0.050223 1.48938e-20)
(0.0205532 -0.0586474 5.28714e-22)
(0.00335081 -0.0637609 -1.21224e-20)
(-0.0128635 -0.0652768 -5.4086e-21)
(-0.0264087 -0.0629507 -7.75019e-22)
(-0.0357543 -0.0549723 -1.88505e-20)
(-0.0388356 -0.0395083 -4.88804e-21)
(-0.0331618 -0.0177206 -6.76815e-21)
(-0.0180009 0.00547563 -2.53885e-20)
(0.0467485 -0.143647 8.16636e-20)
(0.0303217 -0.126565 1.35645e-20)
(0.064774 -0.118976 -7.94857e-20)
(0.0492024 -0.0992294 -3.69944e-20)
(0.0806751 -0.0998339 -7.94857e-20)
(0.0686938 -0.0779611 -7.71834e-20)
(0.0896858 -0.0897397 -1.3472e-20)
(0.0825216 -0.066833 2.55067e-20)
(0.0901351 -0.0884947 -9.7313e-21)
(0.0872879 -0.0658715 9.90468e-21)
(0.0832442 -0.0940407 3.03866e-22)
(0.0833753 -0.0723639 -5.87347e-22)
(0.0713924 -0.104008 -3.74835e-21)
(0.0732933 -0.0831681 -3.51538e-21)
(0.0563902 -0.116585 1.19181e-21)
(0.0596138 -0.0959307 -2.79148e-22)
(0.0379483 -0.130401 -2.01418e-21)
(0.0435573 -0.109227 -4.73048e-22)
(0.0147196 -0.142747 8.79053e-21)
(0.0241499 -0.12123 -4.30873e-21)
(-0.0252557 -0.143418 1.26645e-20)
(0.00158533 -0.128474 1.2765e-20)
(-0.0342162 -0.120025 -5.95566e-21)
(-0.0447912 -0.11189 3.66151e-21)
(0.0332515 -0.0820205 -1.09961e-19)
(0.0151021 -0.0647089 -7.17781e-20)
(0.0536483 -0.0591312 -3.42282e-20)
(0.0364625 -0.0396067 -3.75732e-20)
(0.0708498 -0.0457866 2.87733e-20)
(0.0572931 -0.0246219 8.38787e-20)
(0.080227 -0.0433637 4.93826e-20)
(0.0714152 -0.0218461 1.61817e-21)
(0.0805689 -0.0496676 1.91699e-20)
(0.076128 -0.0289986 2.13063e-20)
(0.0735418 -0.0611352 -4.39262e-21)
(0.0723486 -0.0418517 3.28694e-21)
(0.061831 -0.0746869 0)
(0.0628166 -0.0566012 -2.3339e-21)
(0.0474724 -0.0883648 -1.1857e-21)
(0.0501755 -0.0708847 0)
(0.0309816 -0.100782 -3.4062e-21)
(0.0358901 -0.0836259 -9.99363e-22)
(0.0119099 -0.109665 -1.77208e-21)
(0.0199345 -0.0935833 3.67276e-21)
(-0.0109478 -0.112241 -6.00334e-21)
(0.00241635 -0.0996419 0)
(-0.0188027 -0.0959114 6.57088e-21)
(-0.0245635 -0.0969294 -2.03107e-20)
(0.0179206 -0.0226899 0)
(-0.000446444 -0.00851916 -1.58573e-21)
(0.0397527 -0.00617516 8.03961e-20)
(0.022528 0.00976321 2.47343e-20)
(0.0575518 -0.00155032 5.64662e-20)
(0.0436897 0.0157622 2.08487e-20)
(0.0671435 -0.00784168 -2.64358e-20)
(0.0576517 0.00973873 -3.06721e-20)
(0.0679166 -0.0211346 5.26583e-21)
(0.0625392 -0.00431238 -3.34241e-20)
(0.0618114 -0.0370759 5.42711e-21)
(0.0596722 -0.0214471 5.61007e-21)
(0.0515176 -0.0525825 -2.35173e-21)
(0.051734 -0.0379642 -2.36878e-21)
(0.0390914 -0.066129 1.96816e-22)
(0.0411654 -0.0520715 0)
(0.0253742 -0.0770254 4.96618e-21)
(0.029404 -0.0633367 5.00855e-22)
(0.0106015 -0.0843141 4.47314e-21)
(0.0167841 -0.0715133 8.56091e-21)
(-0.0054291 -0.0866813 1.01904e-20)
(0.00352139 -0.0762134 0)
(-0.010489 -0.0754792 1.02643e-20)
(-0.0180477 -0.0796301 1.01904e-20)
(0.00360009 0.0233601 2.46915e-20)
(0.0258421 0.0306681 -3.30837e-20)
(0.0431397 0.0262578 -6.39202e-20)
(0.052539 0.0129114 -3.72963e-20)
(0.0540786 -0.00465482 -3.289e-20)
(0.0496796 -0.0222285 -2.26448e-21)
(0.0416898 -0.0373717 0)
(0.0318921 -0.0493449 -4.62464e-23)
(0.0211476 -0.0582011 3.83901e-21)
(0.00978328 -0.0638622 4.08495e-21)
(-0.00203533 -0.0660153 0)
(-0.0123766 -0.0636696 -6.71782e-21)
(-0.0518956 -0.128831 5.8255e-21)
(-0.0384641 -0.106155 -1.18648e-21)
(-0.0586051 -0.138776 -2.70169e-21)
(-0.0466841 -0.104226 -2.2126e-20)
(-0.0769457 -0.156596 -5.48325e-21)
(-0.0621879 -0.111083 4.15363e-20)
(-0.106458 -0.166516 1.05269e-22)
(-0.0847247 -0.12165 -9.02899e-21)
(-0.140414 -0.157601 4.28419e-21)
(-0.110754 -0.127368 9.13509e-21)
(-0.168289 -0.131371 2.15373e-21)
(-0.137475 -0.119721 -6.81612e-21)
(-0.188067 -0.0998917 7.21429e-21)
(-0.16048 -0.0987962 9.58711e-21)
(-0.200084 -0.0706582 -1.60402e-20)
(-0.176348 -0.0717376 -2.31552e-21)
(-0.204267 -0.0473453 1.3936e-20)
(-0.183735 -0.0460705 -1.46622e-20)
(-0.200257 -0.0322933 1.08054e-19)
(-0.182221 -0.026855 4.69078e-21)
(-0.188013 -0.0272668 -5.32421e-20)
(-0.171649 -0.0171075 7.87057e-20)
(-0.152322 -0.0183984 -7.69321e-20)
(-0.168211 -0.0327296 6.71815e-20)
(-0.0333825 -0.0887393 -1.37019e-20)
(-0.0276214 -0.086355 -4.95339e-21)
(-0.0460934 -0.0823462 4.33833e-21)
(-0.0344956 -0.0775552 3.72984e-21)
(-0.0631445 -0.08027 1.31241e-20)
(-0.0465104 -0.0710627 -4.05789e-22)
(-0.0832461 -0.0849214 0)
(-0.0636842 -0.0665934 8.82858e-21)
(-0.106076 -0.0907127 0)
(-0.0828292 -0.0649349 2.39955e-22)
(-0.129216 -0.0869573 0)
(-0.102433 -0.0627848 -3.2461e-20)
(-0.147967 -0.0702635 0)
(-0.119964 -0.0542445 7.61527e-21)
(-0.158686 -0.0467608 2.90826e-21)
(-0.132306 -0.0380437 4.78441e-21)
(-0.15997 -0.0250916 -2.43725e-20)
(-0.136854 -0.0188196 6.76105e-21)
(-0.151556 -0.0111824 -2.99662e-20)
(-0.131774 -0.00313914 -2.74876e-20)
(-0.133887 -0.0080081 5.92206e-20)
(-0.116614 0.00394585 -1.75434e-20)
(-0.0927593 -0.000192113 3.97991e-20)
(-0.109012 -0.0161444 -1.2813e-20)
(-0.0272607 -0.0737932 1.26783e-20)
(-0.0202497 -0.0707449 -6.66911e-21)
(-0.0367966 -0.0678089 -1.05517e-21)
(-0.0278982 -0.0651765 2.21269e-20)
(-0.0488315 -0.0585952 -4.83745e-21)
(-0.0379265 -0.058278 -3.92285e-22)
(-0.0624954 -0.0475178 1.02287e-20)
(-0.0505847 -0.0479968 8.96053e-21)
(-0.0767603 -0.0385448 -3.20554e-20)
(-0.0629354 -0.0353386 2.43541e-22)
(-0.0906157 -0.0315958 -2.55376e-20)
(-0.0735115 -0.0229764 -2.02014e-20)
(-0.102177 -0.0228205 1.24944e-20)
(-0.0818874 -0.0111656 1.69341e-20)
(-0.108596 -0.0102412 1.35925e-20)
(-0.0869637 0.00159443 -4.93697e-22)
(-0.106719 0.00331474 7.02914e-21)
(-0.0862556 0.0145913 6.11696e-21)
(-0.0947676 0.0124085 -1.66401e-20)
(-0.0770707 0.0242552 0)
(-0.0737115 0.012323 -3.6807e-20)
(-0.0588167 0.0264642 2.01444e-21)
(-0.0339693 0.0183323 -6.51578e-20)
(-0.0474678 0.00141399 3.58783e-20)
(-0.0208318 -0.0602424 4.08044e-21)
(-0.0296076 -0.0564335 2.08306e-20)
(-0.0398186 -0.0492418 1.30262e-20)
(-0.050192 -0.0367954 0)
(-0.0586281 -0.0206429 9.02566e-21)
(-0.0637496 -0.003439 1.75736e-20)
(-0.0652675 0.012784 6.94631e-21)
(-0.0629402 0.0263452 -1.20171e-21)
(-0.0549739 0.0357094 -9.70184e-22)
(-0.0395289 0.038814 1.89124e-20)
(-0.0177637 0.0331599 -2.18052e-20)
(0.00541056 0.0180088 -7.3609e-20)
(-0.143335 -0.0467451 1.60186e-19)
(-0.126262 -0.0302636 1.32744e-19)
(-0.118768 -0.0648334 1.38551e-21)
(-0.09902 -0.0492194 -7.322e-21)
(-0.0997483 -0.0807491 7.52697e-20)
(-0.0778672 -0.0687467 3.82549e-20)
(-0.0897654 -0.0897317 3.41085e-20)
(-0.0668547 -0.0825652 8.97513e-21)
(-0.0886054 -0.0901308 0)
(-0.065985 -0.087292 -1.47282e-20)
(-0.0942014 -0.0831896 0)
(-0.0725333 -0.0833322 2.25675e-21)
(-0.104185 -0.0713014 1.65991e-22)
(-0.0833574 -0.0732136 -1.98291e-21)
(-0.116754 -0.0562797 9.38271e-22)
(-0.0961121 -0.0595145 3.955e-22)
(-0.130544 -0.0378292 3.77501e-22)
(-0.109385 -0.0434515 1.45596e-21)
(-0.142861 -0.0145976 -7.88376e-22)
(-0.121349 -0.0240397 -7.94637e-22)
(-0.143503 0.0254167 0)
(-0.128558 -0.00147326 5.34303e-21)
(-0.120059 0.0343405 -5.45793e-21)
(-0.0818347 -0.0332135 -3.82389e-20)
(-0.0645687 -0.0150449 -1.71029e-20)
(-0.059043 -0.0536578 3.01606e-20)
(-0.0395374 -0.036451 6.48565e-20)
(-0.0458036 -0.070871 -2.88668e-20)
(-0.0246404 -0.0573036 -4.56843e-21)
(-0.043472 -0.0802282 -4.04538e-20)
(-0.021949 -0.071417 -1.61034e-21)
(-0.0498367 -0.0805348 -1.2679e-20)
(-0.0291603 -0.0761017 -1.24296e-20)
(-0.0613305 -0.073475 2.76028e-22)
(-0.0420393 -0.0722915 -3.78986e-21)
(-0.0748792 -0.0617442 -1.71855e-21)
(-0.0567865 -0.0627395 -1.7372e-21)
(-0.0885354 -0.0473786 9.63205e-22)
(-0.0710489 -0.0500919 1.3297e-22)
(-0.100921 -0.0308866 6.82966e-22)
(-0.0837606 -0.0358085 -2.35148e-22)
(-0.109765 -0.0118174 5.3858e-21)
(-0.0936843 -0.0198553 -7.92758e-22)
(-0.112287 0.0110497 5.08938e-21)
(-0.0997083 -0.00234456 5.42663e-21)
(-0.0959474 0.018874 -5.54334e-21)
(-0.0226685 -0.0178923 8.69415e-20)
(-0.00853248 0.000473575 2.68462e-20)
(-0.00621736 -0.0397446 3.05335e-20)
(0.00970925 -0.0225156 -2.77025e-20)
(-0.00165711 -0.0575449 2.3554e-20)
(0.0156611 -0.0436817 -1.01919e-20)
(-0.00799683 -0.0671194 2.63288e-20)
(0.00959874 -0.0576324 5.02896e-20)
(-0.0213125 -0.0678685 -3.78387e-21)
(-0.00447009 -0.0624995 3.03703e-20)
(-0.0372515 -0.0617451 -5.86287e-21)
(-0.0216009 -0.0596142 -1.78618e-21)
(-0.0527387 -0.0514445 2.63144e-22)
(-0.038099 -0.0516681 1.85631e-21)
(-0.0662576 -0.0390204 -6.13671e-22)
(-0.0521802 -0.0411018 -1.51626e-22)
(-0.0771253 -0.0253079 -9.64423e-22)
(-0.0634193 -0.0293467 4.52572e-22)
(-0.0843848 -0.0105394 -7.98814e-22)
(-0.0715724 -0.0167316 2.68204e-21)
(-0.0867282 0.00548978 0)
(-0.0762539 -0.00347168 0)
(-0.0755073 0.0105452 -3.55046e-21)
(0.023271 -0.00359255 -8.46792e-20)
(0.0305536 -0.0258347 -6.39425e-20)
(0.0261235 -0.0431246 1.71884e-20)
(0.0127706 -0.0525088 5.40955e-20)
(-0.00478664 -0.054032 3.21919e-20)
(-0.02234 -0.0496235 6.1264e-21)
(-0.0374582 -0.041634 1.55732e-21)
(-0.0494074 -0.0318425 5.74702e-22)
(-0.058244 -0.0211038 4.08682e-21)
(-0.0638896 -0.00974134 3.51212e-21)
(-0.0660339 0.00208105 -3.57639e-21)
)
;

boundaryField
{
    rotor
    {
        type            calculated;
        value           nonuniform List<vector> 
96
(
(0.118107 -0.0426945 2.53903e-16)
(0.115062 -0.0503277 2.539e-16)
(0.111524 -0.0577453 0)
(0.107508 -0.0649157 0)
(0.103033 -0.0718081 -2.539e-16)
(0.0981155 -0.078393 2.539e-16)
(0.0927783 -0.0846422 5.07801e-16)
(0.0870437 -0.090529 2.539e-16)
(0.0809365 -0.0960281 0)
(0.0744827 -0.101116 0)
(0.0677099 -0.105771 0)
(0.0606472 -0.109973 7.61704e-16)
(0.0533248 -0.113704 0)
(0.045774 -0.116948 2.539e-16)
(0.0380272 -0.119691 5.07801e-16)
(0.0301176 -0.121922 0)
(0.022079 -0.123631 1.36304e-21)
(0.0139459 -0.12481 2.539e-16)
(0.00575304 -0.125455 2.539e-16)
(-0.00246445 -0.125563 2.539e-16)
(-0.0106714 -0.125133 2.539e-16)
(-0.0188326 -0.124167 0)
(-0.0269132 -0.122669 2.539e-16)
(-0.0348785 -0.120647 0)
(-0.0426945 -0.118107 -2.53898e-16)
(-0.0503277 -0.115062 2.53903e-16)
(-0.0577453 -0.111524 2.539e-16)
(-0.0649157 -0.107508 2.539e-16)
(-0.0718081 -0.103033 2.539e-16)
(-0.078393 -0.0981155 0)
(-0.0846422 -0.0927783 2.539e-16)
(-0.090529 -0.0870437 2.539e-16)
(-0.0960281 -0.0809365 0)
(-0.101116 -0.0744827 5.07798e-16)
(-0.105771 -0.0677099 5.07804e-16)
(-0.109973 -0.0606472 0)
(-0.113704 -0.0533248 2.53903e-16)
(-0.116948 -0.045774 -2.539e-16)
(-0.119691 -0.0380272 0)
(-0.121922 -0.0301176 0)
(-0.123631 -0.022079 2.53902e-16)
(-0.12481 -0.0139459 0)
(-0.125455 -0.00575304 2.539e-16)
(-0.125563 0.00246445 5.07801e-16)
(-0.125133 0.0106714 2.539e-16)
(-0.124167 0.0188326 0)
(-0.122669 0.0269132 0)
(-0.120647 0.0348785 0)
(0.126531 -0.0426176 2.539e-16)
(0.141417 -0.0476315 5.07801e-16)
(0.156303 -0.0526453 5.07801e-16)
(0.171189 -0.0576591 5.07801e-16)
(0.186075 -0.062673 2.539e-16)
(0.200961 -0.0676868 2.539e-16)
(0.215847 -0.0727006 5.07801e-16)
(0.230733 -0.0777145 -5.28972e-34)
(0.245619 -0.0827283 2.539e-16)
(0.260505 -0.0877421 2.539e-16)
(0.275391 -0.092756 -7.05297e-34)
(0.290277 -0.0977698 2.539e-16)
(-0.0426176 -0.126531 2.539e-16)
(-0.0476315 -0.141417 5.07801e-16)
(-0.0526453 -0.156303 1.23427e-33)
(-0.0576591 -0.171189 2.539e-16)
(-0.062673 -0.186075 2.539e-16)
(-0.0676868 -0.200961 5.07801e-16)
(-0.0727006 -0.215847 5.07801e-16)
(-0.0777145 -0.230733 -1.23427e-33)
(-0.0827283 -0.245619 0)
(-0.0877421 -0.260505 5.07801e-16)
(-0.092756 -0.275391 5.07801e-16)
(-0.0977698 -0.290277 -2.35099e-34)
(-0.0426176 -0.126531 1.29304e-33)
(-0.0476315 -0.141417 -2.539e-16)
(-0.0526453 -0.156303 -5.87747e-34)
(-0.0576591 -0.171189 0)
(-0.062673 -0.186075 7.64071e-34)
(-0.0676868 -0.200961 2.539e-16)
(-0.0727006 -0.215847 2.539e-16)
(-0.0777145 -0.230733 2.40976e-33)
(-0.0827283 -0.245619 2.539e-16)
(-0.0877421 -0.260505 2.539e-16)
(-0.092756 -0.275391 2.539e-16)
(-0.0977698 -0.290277 0)
(-0.126531 0.0426176 1.17549e-34)
(-0.141417 0.0476315 2.539e-16)
(-0.156303 0.0526453 2.539e-16)
(-0.171189 0.0576591 6.46522e-34)
(-0.186075 0.062673 2.539e-16)
(-0.200961 0.0676868 0)
(-0.215847 0.0727006 0)
(-0.230733 0.0777145 -2.46854e-33)
(-0.245619 0.0827283 0)
(-0.260505 0.0877421 -2.539e-16)
(-0.275391 0.092756 2.539e-16)
(-0.290277 0.0977698 -2.539e-16)
)
;
    }
    stator
    {
        type            calculated;
        value           nonuniform 0();
    }
    AMI1
    {
        type            cyclicAMI;
        value           nonuniform List<vector> 
48
(
(0.0551914 -0.0144198 1.75085e-20)
(0.052522 -0.0224494 2.12548e-20)
(0.0492526 -0.0320799 6.347e-21)
(0.0425919 -0.0433412 2.47361e-20)
(0.0300521 -0.0526202 1.61655e-20)
(0.0126876 -0.056871 -2.93615e-20)
(-0.00668535 -0.0561184 -1.16336e-20)
(-0.0252332 -0.0521347 0)
(-0.0392306 -0.0448081 2.66875e-20)
(-0.0461524 -0.0315621 -1.27516e-20)
(-0.0445141 -0.01193 6.61994e-20)
(-0.0332017 0.0107718 1.24759e-20)
(-0.0136238 0.0304565 -8.06495e-21)
(0.00954355 0.0405524 -3.78909e-21)
(0.0300201 0.0382681 -5.55936e-20)
(0.043418 0.0257498 -1.75915e-20)
(0.0486733 0.00795092 -1.15415e-20)
(0.0472616 -0.0102406 7.58224e-21)
(0.0415388 -0.0258658 1.04345e-21)
(0.0335083 -0.0380975 8.21014e-22)
(0.0244106 -0.0471554 -4.61777e-22)
(0.0147147 -0.0533727 7.46925e-21)
(0.00466402 -0.0568358 6.41648e-21)
(-0.00559949 -0.0571787 -8.3193e-21)
(-0.0143784 -0.0552095 -5.02241e-22)
(-0.0224043 -0.0525434 9.98224e-21)
(-0.0320362 -0.0492747 2.52743e-20)
(-0.0433033 -0.0426316 3.04368e-21)
(-0.0525976 -0.0301199 2.78199e-20)
(-0.0568658 -0.0127736 6.21369e-21)
(-0.0561243 0.00658954 -4.22106e-21)
(-0.0521389 0.0251325 -5.67204e-21)
(-0.0448236 0.0391457 6.57465e-21)
(-0.0316 0.0460914 -5.43205e-21)
(-0.011993 0.0444829 9.24402e-20)
(0.0106893 0.0331933 -8.15211e-20)
(0.0303602 0.0136278 3.75803e-20)
(0.0404453 -0.0095352 6.72749e-22)
(0.038151 -0.0300057 7.75293e-21)
(0.0256298 -0.0433918 2.85526e-20)
(0.00784319 -0.0486325 2.77898e-20)
(-0.0103279 -0.0472102 8.81009e-21)
(-0.0259311 -0.0414862 2.6855e-21)
(-0.0381396 -0.0334617 -1.20325e-21)
(-0.0471796 -0.0243714 2.72337e-22)
(-0.0533836 -0.0146799 6.39769e-21)
(-0.0568374 -0.00462796 -4.74551e-21)
(-0.057174 0.00564246 -4.98006e-21)
)
;
    }
    AMI2
    {
        type            cyclicAMI;
        value           nonuniform 0();
    }
    front
    {
        type            empty;
        value           nonuniform 0();
    }
    back
    {
        type            empty;
        value           nonuniform 0();
    }
    procBoundary3to2
    {
        type            processor;
        value           nonuniform List<vector> 8((0.111858 -0.044914 1.80601e-20) (0.0969001 -0.0246592 -1.44061e-21) (0.079649 -0.0180967 0) (0.0636668 -0.0124219 0) (-0.111847 0.0449159 -3.14537e-21) (-0.0968989 0.0246663 -1.17502e-20) (-0.0796594 0.0181053 8.02386e-21) (-0.0636795 0.0124324 -3.59261e-20));
    }
}


// ************************************************************************* //
