/*--------------------------------*- C++ -*----------------------------------*\
| =========                 |                                                 |
| \\      /  F ield         | OpenFOAM: The Open Source CFD Toolbox           |
|  \\    /   O peration     | Version:  v1606+                                |
|   \\  /    A nd           | Web:      www.OpenFOAM.com                      |
|    \\/     M anipulation  |                                                 |
\*---------------------------------------------------------------------------*/
FoamFile
{
    version     2.0;
    format      ascii;
    class       volScalarField;
    location    "0.0009";
    object      nut;
}
// * * * * * * * * * * * * * * * * * * * * * * * * * * * * * * * * * * * * * //

dimensions      [0 2 -1 0 0 0 0];

internalField   nonuniform List<scalar> 
2450
(
0.000407495
0.000470251
0.000501257
0.000510996
0.000513295
0.000513725
0.00051371
0.000513685
0.000513672
0.000513665
0.00051366
0.000513658
0.000513656
0.000513655
0.000513654
0.000513653
0.000513652
0.000513652
0.000513651
0.000513651
0.00051365
0.00051365
0.000513649
0.000513649
0.000513648
0.000513648
0.000513648
0.000513647
0.000513647
0.000513646
0.000513646
0.000513646
0.000513645
0.000513645
0.000513645
0.000513644
0.000513644
0.000513644
0.000513644
0.000513643
0.000513643
0.000513643
0.000513643
0.000513643
0.000513643
0.000513642
0.000513642
0.000513642
0.000513642
0.000513642
0.000513642
0.000513642
0.000513642
0.000513642
0.000513642
0.000513641
0.000513641
0.000513641
0.000513641
0.000513641
0.000513641
0.000513641
0.000513641
0.000513641
0.000513641
0.000513641
0.000513641
0.00051364
0.00051364
0.000513639
0.000470264
0.000492115
0.000507334
0.000512445
0.000513676
0.000513737
0.000513705
0.000513683
0.000513672
0.000513665
0.000513661
0.000513659
0.000513657
0.000513656
0.000513655
0.000513654
0.000513653
0.000513653
0.000513652
0.000513652
0.000513651
0.000513651
0.000513651
0.00051365
0.00051365
0.000513649
0.000513649
0.000513648
0.000513648
0.000513647
0.000513647
0.000513647
0.000513646
0.000513646
0.000513646
0.000513646
0.000513645
0.000513645
0.000513645
0.000513645
0.000513645
0.000513644
0.000513644
0.000513644
0.000513644
0.000513644
0.000513644
0.000513644
0.000513643
0.000513643
0.000513643
0.000513643
0.000513643
0.000513643
0.000513643
0.000513643
0.000513643
0.000513643
0.000513643
0.000513642
0.000513642
0.000513642
0.000513642
0.000513642
0.000513642
0.000513642
0.000513642
0.000513641
0.000513641
0.000513639
0.000501271
0.00050734
0.000511965
0.000513407
0.000513746
0.000513723
0.000513695
0.000513679
0.00051367
0.000513665
0.000513661
0.000513659
0.000513657
0.000513656
0.000513655
0.000513655
0.000513654
0.000513654
0.000513653
0.000513653
0.000513652
0.000513652
0.000513651
0.000513651
0.00051365
0.00051365
0.000513649
0.000513649
0.000513649
0.000513648
0.000513648
0.000513647
0.000513647
0.000513647
0.000513647
0.000513646
0.000513646
0.000513646
0.000513646
0.000513645
0.000513645
0.000513645
0.000513645
0.000513645
0.000513645
0.000513644
0.000513644
0.000513644
0.000513644
0.000513644
0.000513644
0.000513644
0.000513644
0.000513644
0.000513643
0.000513643
0.000513643
0.000513643
0.000513643
0.000513643
0.000513643
0.000513643
0.000513643
0.000513643
0.000513643
0.000513643
0.000513642
0.000513642
0.000513641
0.000513639
0.000511006
0.000512451
0.000513409
0.000513745
0.000513735
0.000513705
0.000513686
0.000513675
0.000513668
0.000513663
0.000513661
0.000513659
0.000513657
0.000513656
0.000513655
0.000513655
0.000513654
0.000513654
0.000513653
0.000513653
0.000513652
0.000513652
0.000513651
0.000513651
0.00051365
0.00051365
0.00051365
0.000513649
0.000513649
0.000513648
0.000513648
0.000513648
0.000513647
0.000513647
0.000513647
0.000513647
0.000513646
0.000513646
0.000513646
0.000513646
0.000513645
0.000513645
0.000513645
0.000513645
0.000513645
0.000513645
0.000513644
0.000513644
0.000513644
0.000513644
0.000513644
0.000513644
0.000513644
0.000513644
0.000513644
0.000513644
0.000513643
0.000513643
0.000513643
0.000513643
0.000513643
0.000513643
0.000513643
0.000513643
0.000513643
0.000513643
0.000513643
0.000513642
0.000513641
0.00051364
0.000513302
0.00051368
0.000513748
0.000513736
0.000513709
0.00051369
0.000513678
0.00051367
0.000513665
0.000513662
0.00051366
0.000513658
0.000513657
0.000513656
0.000513655
0.000513655
0.000513654
0.000513654
0.000513653
0.000513653
0.000513652
0.000513652
0.000513651
0.000513651
0.00051365
0.00051365
0.00051365
0.000513649
0.000513649
0.000513648
0.000513648
0.000513648
0.000513647
0.000513647
0.000513647
0.000513647
0.000513646
0.000513646
0.000513646
0.000513646
0.000513645
0.000513645
0.000513645
0.000513645
0.000513645
0.000513645
0.000513645
0.000513644
0.000513644
0.000513644
0.000513644
0.000513644
0.000513644
0.000513644
0.000513644
0.000513644
0.000513643
0.000513643
0.000513643
0.000513643
0.000513643
0.000513643
0.000513643
0.000513643
0.000513643
0.000513643
0.000513643
0.000513642
0.000513641
0.00051364
0.000513729
0.00051374
0.000513725
0.000513706
0.00051369
0.00051368
0.000513672
0.000513667
0.000513663
0.000513661
0.000513659
0.000513658
0.000513657
0.000513656
0.000513655
0.000513655
0.000513654
0.000513654
0.000513653
0.000513653
0.000513652
0.000513652
0.000513651
0.000513651
0.00051365
0.00051365
0.00051365
0.000513649
0.000513649
0.000513648
0.000513648
0.000513648
0.000513647
0.000513647
0.000513647
0.000513647
0.000513646
0.000513646
0.000513646
0.000513646
0.000513645
0.000513645
0.000513645
0.000513645
0.000513645
0.000513645
0.000513645
0.000513644
0.000513644
0.000513644
0.000513644
0.000513644
0.000513644
0.000513644
0.000513644
0.000513644
0.000513643
0.000513643
0.000513643
0.000513643
0.000513643
0.000513643
0.000513643
0.000513643
0.000513643
0.000513643
0.000513643
0.000513642
0.000513641
0.00051364
0.000513713
0.000513707
0.000513697
0.000513687
0.000513679
0.000513672
0.000513668
0.000513664
0.000513662
0.00051366
0.000513658
0.000513657
0.000513656
0.000513656
0.000513655
0.000513654
0.000513654
0.000513654
0.000513653
0.000513653
0.000513652
0.000513652
0.000513651
0.000513651
0.00051365
0.00051365
0.00051365
0.000513649
0.000513649
0.000513648
0.000513648
0.000513648
0.000513647
0.000513647
0.000513647
0.000513647
0.000513646
0.000513646
0.000513646
0.000513646
0.000513645
0.000513645
0.000513645
0.000513645
0.000513645
0.000513645
0.000513644
0.000513644
0.000513644
0.000513644
0.000513644
0.000513644
0.000513644
0.000513644
0.000513644
0.000513644
0.000513643
0.000513643
0.000513643
0.000513643
0.000513643
0.000513643
0.000513643
0.000513643
0.000513643
0.000513643
0.000513643
0.000513642
0.000513641
0.000513639
0.000513687
0.000513686
0.000513681
0.000513676
0.000513671
0.000513668
0.000513664
0.000513662
0.00051366
0.000513659
0.000513658
0.000513657
0.000513656
0.000513655
0.000513655
0.000513654
0.000513654
0.000513653
0.000513653
0.000513653
0.000513652
0.000513652
0.000513651
0.000513651
0.00051365
0.00051365
0.000513649
0.000513649
0.000513649
0.000513648
0.000513648
0.000513648
0.000513647
0.000513647
0.000513647
0.000513647
0.000513646
0.000513646
0.000513646
0.000513646
0.000513645
0.000513645
0.000513645
0.000513645
0.000513645
0.000513645
0.000513644
0.000513644
0.000513644
0.000513644
0.000513644
0.000513644
0.000513644
0.000513644
0.000513644
0.000513644
0.000513643
0.000513643
0.000513643
0.000513643
0.000513643
0.000513643
0.000513643
0.000513643
0.000513643
0.000513643
0.000513643
0.000513642
0.000513641
0.000513639
0.000513674
0.000513674
0.000513672
0.000513669
0.000513666
0.000513664
0.000513662
0.00051366
0.000513659
0.000513658
0.000513657
0.000513656
0.000513656
0.000513655
0.000513655
0.000513654
0.000513654
0.000513653
0.000513653
0.000513652
0.000513652
0.000513652
0.000513651
0.000513651
0.00051365
0.00051365
0.000513649
0.000513649
0.000513649
0.000513648
0.000513648
0.000513648
0.000513647
0.000513647
0.000513647
0.000513647
0.000513646
0.000513646
0.000513646
0.000513646
0.000513645
0.000513645
0.000513645
0.000513645
0.000513645
0.000513645
0.000513644
0.000513644
0.000513644
0.000513644
0.000513644
0.000513644
0.000513644
0.000513644
0.000513644
0.000513644
0.000513643
0.000513643
0.000513643
0.000513643
0.000513643
0.000513643
0.000513643
0.000513643
0.000513643
0.000513643
0.000513642
0.000513642
0.000513641
0.000513639
0.000513666
0.000513667
0.000513666
0.000513665
0.000513663
0.000513662
0.00051366
0.000513659
0.000513658
0.000513657
0.000513657
0.000513656
0.000513655
0.000513655
0.000513654
0.000513654
0.000513654
0.000513653
0.000513653
0.000513652
0.000513652
0.000513651
0.000513651
0.000513651
0.00051365
0.00051365
0.000513649
0.000513649
0.000513649
0.000513648
0.000513648
0.000513648
0.000513647
0.000513647
0.000513647
0.000513647
0.000513646
0.000513646
0.000513646
0.000513646
0.000513645
0.000513645
0.000513645
0.000513645
0.000513645
0.000513645
0.000513644
0.000513644
0.000513644
0.000513644
0.000513644
0.000513644
0.000513644
0.000513644
0.000513644
0.000513643
0.000513643
0.000513643
0.000513643
0.000513643
0.000513643
0.000513643
0.000513643
0.000513643
0.000513643
0.000513643
0.000513642
0.000513642
0.000513641
0.000513639
0.000513662
0.000513663
0.000513663
0.000513662
0.000513661
0.00051366
0.000513659
0.000513658
0.000513657
0.000513657
0.000513656
0.000513656
0.000513655
0.000513655
0.000513654
0.000513654
0.000513653
0.000513653
0.000513653
0.000513652
0.000513652
0.000513651
0.000513651
0.000513651
0.00051365
0.00051365
0.000513649
0.000513649
0.000513649
0.000513648
0.000513648
0.000513648
0.000513647
0.000513647
0.000513647
0.000513647
0.000513646
0.000513646
0.000513646
0.000513646
0.000513645
0.000513645
0.000513645
0.000513645
0.000513645
0.000513645
0.000513644
0.000513644
0.000513644
0.000513644
0.000513644
0.000513644
0.000513644
0.000513644
0.000513644
0.000513643
0.000513643
0.000513643
0.000513643
0.000513643
0.000513643
0.000513643
0.000513643
0.000513643
0.000513643
0.000513643
0.000513642
0.000513642
0.000513641
0.000513639
0.000513659
0.00051366
0.00051366
0.00051366
0.000513659
0.000513659
0.000513658
0.000513657
0.000513657
0.000513656
0.000513656
0.000513655
0.000513655
0.000513655
0.000513654
0.000513654
0.000513653
0.000513653
0.000513653
0.000513652
0.000513652
0.000513651
0.000513651
0.00051365
0.00051365
0.00051365
0.000513649
0.000513649
0.000513649
0.000513648
0.000513648
0.000513648
0.000513647
0.000513647
0.000513647
0.000513647
0.000513646
0.000513646
0.000513646
0.000513646
0.000513645
0.000513645
0.000513645
0.000513645
0.000513645
0.000513645
0.000513644
0.000513644
0.000513644
0.000513644
0.000513644
0.000513644
0.000513644
0.000513644
0.000513644
0.000513643
0.000513643
0.000513643
0.000513643
0.000513643
0.000513643
0.000513643
0.000513643
0.000513643
0.000513643
0.000513643
0.000513642
0.000513642
0.000513641
0.000513639
0.000513658
0.000513659
0.000513659
0.000513659
0.000513658
0.000513658
0.000513657
0.000513657
0.000513656
0.000513656
0.000513655
0.000513655
0.000513655
0.000513654
0.000513654
0.000513654
0.000513653
0.000513653
0.000513652
0.000513652
0.000513652
0.000513651
0.000513651
0.00051365
0.00051365
0.00051365
0.000513649
0.000513649
0.000513649
0.000513648
0.000513648
0.000513648
0.000513647
0.000513647
0.000513647
0.000513647
0.000513646
0.000513646
0.000513646
0.000513646
0.000513645
0.000513645
0.000513645
0.000513645
0.000513645
0.000513645
0.000513644
0.000513644
0.000513644
0.000513644
0.000513644
0.000513644
0.000513644
0.000513644
0.000513643
0.000513643
0.000513643
0.000513643
0.000513643
0.000513643
0.000513643
0.000513643
0.000513643
0.000513643
0.000513643
0.000513643
0.000513642
0.000513642
0.000513641
0.000513639
0.000513656
0.000513657
0.000513658
0.000513658
0.000513657
0.000513657
0.000513657
0.000513656
0.000513656
0.000513656
0.000513655
0.000513655
0.000513654
0.000513654
0.000513654
0.000513653
0.000513653
0.000513653
0.000513652
0.000513652
0.000513651
0.000513651
0.000513651
0.00051365
0.00051365
0.00051365
0.000513649
0.000513649
0.000513648
0.000513648
0.000513648
0.000513648
0.000513647
0.000513647
0.000513647
0.000513647
0.000513646
0.000513646
0.000513646
0.000513646
0.000513645
0.000513645
0.000513645
0.000513645
0.000513645
0.000513645
0.000513644
0.000513644
0.000513644
0.000513644
0.000513644
0.000513644
0.000513644
0.000513644
0.000513643
0.000513643
0.000513643
0.000513643
0.000513643
0.000513643
0.000513643
0.000513643
0.000513643
0.000513643
0.000513643
0.000513642
0.000513642
0.000513642
0.000513641
0.000513639
0.000513655
0.000513656
0.000513657
0.000513657
0.000513657
0.000513656
0.000513656
0.000513656
0.000513656
0.000513655
0.000513655
0.000513655
0.000513654
0.000513654
0.000513654
0.000513653
0.000513653
0.000513652
0.000513652
0.000513652
0.000513651
0.000513651
0.000513651
0.00051365
0.00051365
0.000513649
0.000513649
0.000513649
0.000513648
0.000513648
0.000513648
0.000513648
0.000513647
0.000513647
0.000513647
0.000513647
0.000513646
0.000513646
0.000513646
0.000513646
0.000513645
0.000513645
0.000513645
0.000513645
0.000513645
0.000513645
0.000513644
0.000513644
0.000513644
0.000513644
0.000513644
0.000513644
0.000513644
0.000513644
0.000513643
0.000513643
0.000513643
0.000513643
0.000513643
0.000513643
0.000513643
0.000513643
0.000513643
0.000513643
0.000513643
0.000513642
0.000513642
0.000513642
0.000513641
0.000513639
0.000513655
0.000513656
0.000513656
0.000513656
0.000513656
0.000513656
0.000513656
0.000513656
0.000513655
0.000513655
0.000513655
0.000513654
0.000513654
0.000513654
0.000513653
0.000513653
0.000513653
0.000513652
0.000513652
0.000513652
0.000513651
0.000513651
0.00051365
0.00051365
0.00051365
0.000513649
0.000513649
0.000513649
0.000513648
0.000513648
0.000513648
0.000513648
0.000513647
0.000513647
0.000513647
0.000513647
0.000513646
0.000513646
0.000513646
0.000513646
0.000513645
0.000513645
0.000513645
0.000513645
0.000513645
0.000513645
0.000513644
0.000513644
0.000513644
0.000513644
0.000513644
0.000513644
0.000513644
0.000513644
0.000513643
0.000513643
0.000513643
0.000513643
0.000513643
0.000513643
0.000513643
0.000513643
0.000513643
0.000513643
0.000513643
0.000513642
0.000513642
0.000513642
0.000513641
0.000513639
0.000513654
0.000513655
0.000513656
0.000513656
0.000513656
0.000513656
0.000513655
0.000513655
0.000513655
0.000513655
0.000513654
0.000513654
0.000513654
0.000513654
0.000513653
0.000513653
0.000513652
0.000513652
0.000513652
0.000513651
0.000513651
0.000513651
0.00051365
0.00051365
0.00051365
0.000513649
0.000513649
0.000513649
0.000513648
0.000513648
0.000513648
0.000513648
0.000513647
0.000513647
0.000513647
0.000513647
0.000513646
0.000513646
0.000513646
0.000513646
0.000513645
0.000513645
0.000513645
0.000513645
0.000513645
0.000513645
0.000513644
0.000513644
0.000513644
0.000513644
0.000513644
0.000513644
0.000513644
0.000513643
0.000513643
0.000513643
0.000513643
0.000513643
0.000513643
0.000513643
0.000513643
0.000513643
0.000513643
0.000513643
0.000513642
0.000513642
0.000513642
0.000513642
0.000513641
0.000513639
0.000513654
0.000513655
0.000513655
0.000513656
0.000513655
0.000513655
0.000513655
0.000513655
0.000513655
0.000513654
0.000513654
0.000513654
0.000513654
0.000513653
0.000513653
0.000513653
0.000513652
0.000513652
0.000513652
0.000513651
0.000513651
0.000513651
0.00051365
0.00051365
0.00051365
0.000513649
0.000513649
0.000513649
0.000513648
0.000513648
0.000513648
0.000513648
0.000513647
0.000513647
0.000513647
0.000513647
0.000513646
0.000513646
0.000513646
0.000513646
0.000513645
0.000513645
0.000513645
0.000513645
0.000513645
0.000513645
0.000513644
0.000513644
0.000513644
0.000513644
0.000513644
0.000513644
0.000513644
0.000513643
0.000513643
0.000513643
0.000513643
0.000513643
0.000513643
0.000513643
0.000513643
0.000513643
0.000513643
0.000513642
0.000513642
0.000513642
0.000513642
0.000513642
0.000513641
0.000513639
0.000513653
0.000513654
0.000513655
0.000513655
0.000513655
0.000513655
0.000513655
0.000513655
0.000513654
0.000513654
0.000513654
0.000513654
0.000513653
0.000513653
0.000513653
0.000513652
0.000513652
0.000513652
0.000513651
0.000513651
0.000513651
0.00051365
0.00051365
0.00051365
0.000513649
0.000513649
0.000513649
0.000513649
0.000513648
0.000513648
0.000513648
0.000513648
0.000513647
0.000513647
0.000513647
0.000513647
0.000513646
0.000513646
0.000513646
0.000513646
0.000513645
0.000513645
0.000513645
0.000513645
0.000513645
0.000513645
0.000513644
0.000513644
0.000513644
0.000513644
0.000513644
0.000513644
0.000513644
0.000513643
0.000513643
0.000513643
0.000513643
0.000513643
0.000513643
0.000513643
0.000513643
0.000513643
0.000513643
0.000513642
0.000513642
0.000513642
0.000513642
0.000513642
0.00051364
0.000513639
0.000513653
0.000513654
0.000513655
0.000513655
0.000513655
0.000513655
0.000513655
0.000513654
0.000513654
0.000513654
0.000513654
0.000513653
0.000513653
0.000513653
0.000513653
0.000513652
0.000513652
0.000513652
0.000513651
0.000513651
0.000513651
0.00051365
0.00051365
0.00051365
0.000513649
0.000513649
0.000513649
0.000513649
0.000513648
0.000513648
0.000513648
0.000513648
0.000513647
0.000513647
0.000513647
0.000513647
0.000513646
0.000513646
0.000513646
0.000513646
0.000513646
0.000513645
0.000513645
0.000513645
0.000513645
0.000513645
0.000513644
0.000513644
0.000513644
0.000513644
0.000513644
0.000513644
0.000513644
0.000513643
0.000513643
0.000513643
0.000513643
0.000513643
0.000513643
0.000513643
0.000513643
0.000513643
0.000513642
0.000513642
0.000513642
0.000513642
0.000513642
0.000513641
0.00051364
0.000513639
0.000513653
0.000513654
0.000513654
0.000513655
0.000513655
0.000513654
0.000513654
0.000513654
0.000513654
0.000513654
0.000513653
0.000513653
0.000513653
0.000513653
0.000513652
0.000513652
0.000513652
0.000513651
0.000513651
0.000513651
0.000513651
0.00051365
0.00051365
0.00051365
0.000513649
0.000513649
0.000513649
0.000513649
0.000513648
0.000513648
0.000513648
0.000513648
0.000513647
0.000513647
0.000513647
0.000513647
0.000513646
0.000513646
0.000513646
0.000513646
0.000513646
0.000513645
0.000513645
0.000513645
0.000513645
0.000513645
0.000513644
0.000513644
0.000513644
0.000513644
0.000513644
0.000513644
0.000513644
0.000513643
0.000513643
0.000513643
0.000513643
0.000513643
0.000513643
0.000513643
0.000513643
0.000513642
0.000513642
0.000513642
0.000513642
0.000513642
0.000513642
0.000513641
0.00051364
0.000513639
0.000513652
0.000513653
0.000513654
0.000513654
0.000513654
0.000513654
0.000513654
0.000513654
0.000513654
0.000513653
0.000513653
0.000513653
0.000513653
0.000513652
0.000513652
0.000513652
0.000513652
0.000513651
0.000513651
0.000513651
0.00051365
0.00051365
0.00051365
0.00051365
0.000513649
0.000513649
0.000513649
0.000513649
0.000513648
0.000513648
0.000513648
0.000513648
0.000513647
0.000513647
0.000513647
0.000513647
0.000513646
0.000513646
0.000513646
0.000513646
0.000513646
0.000513645
0.000513645
0.000513645
0.000513645
0.000513645
0.000513644
0.000513644
0.000513644
0.000513644
0.000513644
0.000513644
0.000513643
0.000513643
0.000513643
0.000513643
0.000513643
0.000513643
0.000513643
0.000513643
0.000513643
0.000513642
0.000513642
0.000513642
0.000513642
0.000513642
0.000513642
0.000513641
0.00051364
0.000513639
0.000513652
0.000513653
0.000513654
0.000513654
0.000513654
0.000513654
0.000513654
0.000513653
0.000513653
0.000513653
0.000513653
0.000513653
0.000513652
0.000513652
0.000513652
0.000513652
0.000513651
0.000513651
0.000513651
0.000513651
0.00051365
0.00051365
0.00051365
0.000513649
0.000513649
0.000513649
0.000513649
0.000513648
0.000513648
0.000513648
0.000513648
0.000513648
0.000513647
0.000513647
0.000513647
0.000513647
0.000513646
0.000513646
0.000513646
0.000513646
0.000513646
0.000513645
0.000513645
0.000513645
0.000513645
0.000513645
0.000513644
0.000513644
0.000513644
0.000513644
0.000513644
0.000513644
0.000513643
0.000513643
0.000513643
0.000513643
0.000513643
0.000513643
0.000513643
0.000513643
0.000513642
0.000513642
0.000513642
0.000513642
0.000513642
0.000513642
0.000513642
0.000513641
0.00051364
0.000513639
0.000513652
0.000513653
0.000513654
0.000513654
0.000513654
0.000513654
0.000513653
0.000513653
0.000513653
0.000513653
0.000513653
0.000513652
0.000513652
0.000513652
0.000513652
0.000513651
0.000513651
0.000513651
0.000513651
0.00051365
0.00051365
0.00051365
0.00051365
0.000513649
0.000513649
0.000513649
0.000513649
0.000513648
0.000513648
0.000513648
0.000513648
0.000513647
0.000513647
0.000513647
0.000513647
0.000513647
0.000513646
0.000513646
0.000513646
0.000513646
0.000513646
0.000513645
0.000513645
0.000513645
0.000513645
0.000513645
0.000513644
0.000513644
0.000513644
0.000513644
0.000513644
0.000513644
0.000513643
0.000513643
0.000513643
0.000513643
0.000513643
0.000513643
0.000513643
0.000513643
0.000513642
0.000513642
0.000513642
0.000513642
0.000513642
0.000513642
0.000513642
0.000513641
0.00051364
0.000513639
0.000513651
0.000513652
0.000513653
0.000513653
0.000513653
0.000513653
0.000513653
0.000513653
0.000513653
0.000513653
0.000513652
0.000513652
0.000513652
0.000513652
0.000513652
0.000513651
0.000513651
0.000513651
0.000513651
0.00051365
0.00051365
0.00051365
0.00051365
0.000513649
0.000513649
0.000513649
0.000513649
0.000513648
0.000513648
0.000513648
0.000513648
0.000513647
0.000513647
0.000513647
0.000513647
0.000513647
0.000513646
0.000513646
0.000513646
0.000513646
0.000513646
0.000513645
0.000513645
0.000513645
0.000513645
0.000513645
0.000513644
0.000513644
0.000513644
0.000513644
0.000513644
0.000513644
0.000513643
0.000513643
0.000513643
0.000513643
0.000513643
0.000513643
0.000513643
0.000513642
0.000513642
0.000513642
0.000513642
0.000513642
0.000513642
0.000513642
0.000513642
0.000513641
0.00051364
0.000513639
0.000513651
0.000513652
0.000513653
0.000513653
0.000513653
0.000513653
0.000513653
0.000513653
0.000513653
0.000513652
0.000513652
0.000513652
0.000513652
0.000513652
0.000513651
0.000513651
0.000513651
0.000513651
0.00051365
0.00051365
0.00051365
0.00051365
0.00051365
0.000513649
0.000513649
0.000513649
0.000513649
0.000513648
0.000513648
0.000513648
0.000513648
0.000513647
0.000513647
0.000513647
0.000513647
0.000513647
0.000513646
0.000513646
0.000513646
0.000513646
0.000513646
0.000513645
0.000513645
0.000513645
0.000513645
0.000513645
0.000513644
0.000513644
0.000513644
0.000513644
0.000513644
0.000513644
0.000513643
0.000513643
0.000513643
0.000513643
0.000513643
0.000513643
0.000513643
0.000513642
0.000513642
0.000513642
0.000513642
0.000513642
0.000513642
0.000513642
0.000513642
0.000513641
0.00051364
0.000513639
0.000513651
0.000513652
0.000513653
0.000513653
0.000513653
0.000513653
0.000513653
0.000513652
0.000513652
0.000513652
0.000513652
0.000513652
0.000513652
0.000513651
0.000513651
0.000513651
0.000513651
0.000513651
0.00051365
0.00051365
0.00051365
0.00051365
0.000513649
0.000513649
0.000513649
0.000513649
0.000513649
0.000513648
0.000513648
0.000513648
0.000513648
0.000513647
0.000513647
0.000513647
0.000513647
0.000513647
0.000513646
0.000513646
0.000513646
0.000513646
0.000513646
0.000513645
0.000513645
0.000513645
0.000513645
0.000513645
0.000513644
0.000513644
0.000513644
0.000513644
0.000513644
0.000513644
0.000513643
0.000513643
0.000513643
0.000513643
0.000513643
0.000513643
0.000513643
0.000513642
0.000513642
0.000513642
0.000513642
0.000513642
0.000513642
0.000513642
0.000513642
0.000513641
0.00051364
0.000513639
0.00051365
0.000513652
0.000513652
0.000513653
0.000513653
0.000513653
0.000513652
0.000513652
0.000513652
0.000513652
0.000513652
0.000513652
0.000513651
0.000513651
0.000513651
0.000513651
0.000513651
0.00051365
0.00051365
0.00051365
0.00051365
0.00051365
0.000513649
0.000513649
0.000513649
0.000513649
0.000513649
0.000513648
0.000513648
0.000513648
0.000513648
0.000513647
0.000513647
0.000513647
0.000513647
0.000513647
0.000513646
0.000513646
0.000513646
0.000513646
0.000513646
0.000513645
0.000513645
0.000513645
0.000513645
0.000513645
0.000513644
0.000513644
0.000513644
0.000513644
0.000513644
0.000513644
0.000513643
0.000513643
0.000513643
0.000513643
0.000513643
0.000513643
0.000513642
0.000513642
0.000513642
0.000513642
0.000513642
0.000513642
0.000513642
0.000513642
0.000513642
0.000513641
0.00051364
0.000513639
0.00051365
0.000513651
0.000513652
0.000513652
0.000513652
0.000513652
0.000513652
0.000513652
0.000513652
0.000513652
0.000513652
0.000513652
0.000513651
0.000513651
0.000513651
0.000513651
0.000513651
0.00051365
0.00051365
0.00051365
0.00051365
0.00051365
0.000513649
0.000513649
0.000513649
0.000513649
0.000513648
0.000513648
0.000513648
0.000513648
0.000513648
0.000513647
0.000513647
0.000513647
0.000513647
0.000513647
0.000513646
0.000513646
0.000513646
0.000513646
0.000513646
0.000513645
0.000513645
0.000513645
0.000513645
0.000513645
0.000513644
0.000513644
0.000513644
0.000513644
0.000513644
0.000513644
0.000513643
0.000513643
0.000513643
0.000513643
0.000513643
0.000513643
0.000513642
0.000513642
0.000513642
0.000513642
0.000513642
0.000513642
0.000513642
0.000513642
0.000513641
0.000513641
0.00051364
0.000513639
0.00051365
0.000513651
0.000513652
0.000513652
0.000513652
0.000513652
0.000513652
0.000513652
0.000513652
0.000513652
0.000513652
0.000513651
0.000513651
0.000513651
0.000513651
0.000513651
0.00051365
0.00051365
0.00051365
0.00051365
0.00051365
0.000513649
0.000513649
0.000513649
0.000513649
0.000513649
0.000513648
0.000513648
0.000513648
0.000513648
0.000513648
0.000513647
0.000513647
0.000513647
0.000513647
0.000513647
0.000513646
0.000513646
0.000513646
0.000513646
0.000513646
0.000513645
0.000513645
0.000513645
0.000513645
0.000513645
0.000513644
0.000513644
0.000513644
0.000513644
0.000513644
0.000513643
0.000513643
0.000513643
0.000513643
0.000513643
0.000513643
0.000513643
0.000513642
0.000513642
0.000513642
0.000513642
0.000513642
0.000513642
0.000513642
0.000513642
0.000513641
0.000513641
0.00051364
0.000513639
0.00051365
0.000513651
0.000513652
0.000513652
0.000513652
0.000513652
0.000513652
0.000513652
0.000513652
0.000513651
0.000513651
0.000513651
0.000513651
0.000513651
0.000513651
0.00051365
0.00051365
0.00051365
0.00051365
0.00051365
0.00051365
0.000513649
0.000513649
0.000513649
0.000513649
0.000513649
0.000513648
0.000513648
0.000513648
0.000513648
0.000513648
0.000513647
0.000513647
0.000513647
0.000513647
0.000513647
0.000513646
0.000513646
0.000513646
0.000513646
0.000513646
0.000513645
0.000513645
0.000513645
0.000513645
0.000513645
0.000513644
0.000513644
0.000513644
0.000513644
0.000513644
0.000513643
0.000513643
0.000513643
0.000513643
0.000513643
0.000513643
0.000513642
0.000513642
0.000513642
0.000513642
0.000513642
0.000513642
0.000513642
0.000513642
0.000513642
0.000513641
0.000513641
0.00051364
0.000513638
0.00051365
0.000513651
0.000513652
0.000513652
0.000513652
0.000513652
0.000513652
0.000513651
0.000513651
0.000513651
0.000513651
0.000513651
0.000513651
0.000513651
0.00051365
0.00051365
0.00051365
0.00051365
0.00051365
0.000513649
0.000513649
0.000513649
0.000513649
0.000513649
0.000513648
0.000513648
0.000513648
0.000513648
0.000513648
0.000513648
0.000513647
0.000513647
0.000513647
0.000513647
0.000513647
0.000513646
0.000513646
0.000513646
0.000513646
0.000513646
0.000513645
0.000513645
0.000513645
0.000513645
0.000513645
0.000513644
0.000513644
0.000513644
0.000513644
0.000513644
0.000513643
0.000513643
0.000513643
0.000513643
0.000513643
0.000513643
0.000513642
0.000513642
0.000513642
0.000513642
0.000513642
0.000513642
0.000513642
0.000513642
0.000513641
0.000513641
0.000513641
0.000513641
0.00051364
0.000513638
0.000513649
0.00051365
0.000513651
0.000513651
0.000513651
0.000513651
0.000513651
0.000513651
0.000513651
0.00051365
0.00051365
0.00051365
0.00051365
0.00051365
0.00051365
0.00051365
0.000513649
0.000513649
0.000513649
0.000513649
0.000513649
0.000513648
0.000513648
0.000513648
0.000513648
0.000513648
0.000513648
0.000513647
0.000513647
0.000513647
0.000513647
0.000513647
0.000513646
0.000513646
0.000513646
0.000513646
0.000513646
0.000513645
0.000513645
0.000513645
0.000513645
0.000513645
0.000513645
0.000513644
0.000513644
0.000513644
0.000513644
0.000513643
0.000513643
0.000513643
0.000513643
0.000513643
0.000513643
0.000513642
0.000513642
0.000513642
0.000513642
0.000513642
0.000513642
0.000513641
0.000513641
0.000513641
0.000513641
0.000513641
0.000513641
0.000513641
0.000513641
0.00051364
0.000513639
0.000513638
0.000513648
0.000513649
0.00051365
0.00051365
0.00051365
0.00051365
0.000513649
0.000513649
0.000513649
0.000513649
0.000513649
0.000513649
0.000513649
0.000513649
0.000513648
0.000513648
0.000513648
0.000513648
0.000513648
0.000513647
0.000513647
0.000513647
0.000513647
0.000513647
0.000513647
0.000513646
0.000513646
0.000513646
0.000513646
0.000513646
0.000513646
0.000513645
0.000513645
0.000513645
0.000513645
0.000513645
0.000513645
0.000513644
0.000513644
0.000513644
0.000513644
0.000513644
0.000513643
0.000513643
0.000513643
0.000513643
0.000513643
0.000513642
0.000513642
0.000513642
0.000513642
0.000513642
0.000513641
0.000513641
0.000513641
0.000513641
0.000513641
0.000513641
0.000513641
0.00051364
0.00051364
0.00051364
0.00051364
0.00051364
0.00051364
0.00051364
0.00051364
0.000513639
0.000513638
0.000513637
0.000513647
0.000513648
0.000513648
0.000513648
0.000513648
0.000513648
0.000513648
0.000513648
0.000513648
0.000513647
0.000513647
0.000513647
0.000513647
0.000513647
0.000513647
0.000513647
0.000513646
0.000513646
0.000513646
0.000513646
0.000513646
0.000513646
0.000513645
0.000513645
0.000513645
0.000513645
0.000513645
0.000513645
0.000513644
0.000513644
0.000513644
0.000513644
0.000513644
0.000513644
0.000513643
0.000513643
0.000513643
0.000513643
0.000513643
0.000513642
0.000513642
0.000513642
0.000513642
0.000513642
0.000513641
0.000513641
0.000513641
0.000513641
0.000513641
0.00051364
0.00051364
0.00051364
0.00051364
0.00051364
0.00051364
0.000513639
0.000513639
0.000513639
0.000513639
0.000513639
0.000513639
0.000513639
0.000513639
0.000513639
0.000513639
0.000513638
0.000513638
0.000513638
0.000513637
0.000513635
)
;

boundaryField
{
    left
    {
        type            symmetryPlane;
    }
    right
    {
        type            symmetryPlane;
    }
    top
    {
        type            symmetryPlane;
    }
    bottom
    {
        type            symmetryPlane;
    }
    frontAndBack
    {
        type            empty;
    }
}


// ************************************************************************* //
