/*--------------------------------*- C++ -*----------------------------------*\
| =========                 |                                                 |
| \\      /  F ield         | OpenFOAM: The Open Source CFD Toolbox           |
|  \\    /   O peration     | Version:  2.4.0                                 |
|   \\  /    A nd           | Web:      www.OpenFOAM.org                      |
|    \\/     M anipulation  |                                                 |
\*---------------------------------------------------------------------------*/
FoamFile
{
    version     2.0;
    format      ascii;
    class       surfaceScalarField;
    location    "1";
    object      phiAlpha;
}
// * * * * * * * * * * * * * * * * * * * * * * * * * * * * * * * * * * * * * //

dimensions      [0 3 -1 0 0 0 0];

internalField   nonuniform List<scalar> 
5952
(
-4.32828e-22
2.03266e-23
-4.85325e-21
1.46497e-21
-3.95079e-20
5.52302e-21
-6.3482e-19
2.59293e-20
-7.58867e-18
2.83849e-19
-2.25137e-17
2.48452e-18
-7.64288e-11
2.65741e-11
-4.68157e-09
9.78448e-10
-6.09685e-09
2.86956e-09
-4.9313e-09
1.41764e-10
-2.46444e-08
1.4816e-09
3.52006e-10
-2.49964e-08
-9.45493e-21
1.05659e-21
-9.26132e-20
2.7486e-20
-4.52418e-19
1.25877e-19
-2.15448e-18
3.81949e-19
-1.26622e-17
1.25107e-18
-2.71353e-17
5.33858e-18
-1.68817e-08
1.05984e-09
-1.15474e-07
3.42e-08
-1.76268e-07
6.48906e-08
-1.64995e-09
1.95733e-08
-1.68343e-10
5.46941e-18
-8.76155e-13
-5.81491e-12
-1.42306e-19
1.15983e-20
-2.50843e-18
6.20394e-19
-6.70461e-19
4.65697e-18
-5.29158e-18
3.61397e-18
-2.48285e-17
4.29388e-18
-6.05772e-17
1.55264e-17
-1.41634e-07
2.09536e-08
-3.07938e-07
6.85341e-08
-2.75076e-07
8.11058e-08
-1.07062e-09
6.90663e-09
-1.0706e-09
-2.64729e-14
-1.55059e-12
-6.64795e-10
-2.80354e-19
4.00766e-20
-6.23423e-18
1.56506e-18
-9.59394e-15
1.52542e-17
-1.76488e-12
8.84584e-13
1.18906e-12
1.93734e-12
1.189e-12
3.30049e-17
-1.36067e-07
1.90879e-08
-2.64919e-07
8.62285e-08
-6.92749e-09
5.72839e-08
-2.08551e-11
1.62978e-17
-2.60045e-10
5.61699e-12
2.40031e-11
-3.90095e-10
-7.33101e-19
2.18779e-19
-7.77474e-18
4.71361e-18
-4.12623e-17
2.42733e-17
-1.19823e-12
3.636e-13
1.13499e-12
8.64262e-13
1.13488e-12
8.22999e-17
-1.07959e-07
1.5288e-08
-2.36355e-07
4.68654e-08
-4.62653e-17
1.64371e-08
-4.85166e-17
1.72204e-17
-5.43125e-17
5.61699e-12
2.40031e-11
-7.87483e-17
-2.46751e-18
1.73811e-18
-1.23501e-17
1.60733e-17
-7.72651e-14
2.99617e-14
-1.08109e-13
1.96231e-15
1.34399e-14
2.77899e-14
-2.45381e-09
2.45382e-09
-2.2413e-08
3.09993e-08
-4.78742e-08
3.21813e-08
-2.05474e-08
9.9997e-09
-6.88425e-09
2.36062e-09
-4.29312e-09
1.78441e-09
1.12028e-09
-5.99483e-10
-2.7072e-16
4.5715e-17
-4.52513e-15
2.61755e-15
-1.87105e-15
2.46506e-16
-8.82039e-17
1.53696e-16
2.7515e-14
1.63775e-16
-1.14776e-08
3.32973e-08
-3.1726e-08
8.7057e-08
-6.67858e-09
8.58064e-08
-3.37506e-09
2.69967e-09
-6.95653e-09
5.17168e-10
-6.68064e-09
4.28461e-09
8.68705e-10
-9.20516e-09
-1.37738e-16
1.83125e-16
-1.76418e-16
6.61237e-16
-9.00349e-17
1.40746e-16
-8.92268e-17
1.26348e-16
-5.5844e-17
1.03782e-16
1.08261e-08
2.1004e-08
1.30305e-08
8.49609e-08
-4.21312e-09
1.02942e-07
-5.34612e-10
7.58792e-09
-1.10712e-10
4.30454e-12
-1.86646e-11
-1.9599e-10
4.75012e-13
4.23305e-10
-1.34716e-12
7.61845e-13
-5.93945e-17
3.77039e-12
-6.48296e-17
1.66051e-16
-3.33618e-15
3.37766e-15
4.61977e-14
2.0631e-15
9.5127e-09
-2.23164e-10
6.81221e-09
1.48093e-08
-1.47439e-08
5.23628e-08
2.49943e-10
8.77835e-09
-1.23507e-12
2.19868e-11
2.74259e-11
-2.95624e-11
-4.71691e-10
1.4727e-10
7.64922e-14
6.40684e-13
3.84986e-12
3.95502e-15
-9.98033e-12
8.84103e-11
4.10837e-11
1.83313e-10
1.67972e-10
1.10089e-12
3.64413e-10
6.19351e-12
3.1747e-09
7.98748e-10
1.04682e-08
7.23509e-09
3.5597e-09
1.4035e-09
-2.19372e-10
9.56362e-11
7.45044e-11
1.8379e-10
-4.0003e-10
5.77131e-10
-3.77562e-19
6.40684e-13
8.45464e-18
3.94616e-15
1.81064e-17
8.84103e-11
5.42315e-17
1.83313e-10
4.75069e-14
1.05345e-12
5.65122e-11
-1.83978e-09
1.51023e-16
8.5526e-10
1.69691e-16
7.23509e-09
1.81433e-16
1.4035e-09
-3.35226e-12
9.89889e-11
2.87665e-10
2.0709e-09
3.81483e-11
1.12777e-09
7.21865e-08
-1.68681e-07
1.74829e-07
-1.72276e-07
3.84041e-07
-2.09639e-07
7.06014e-07
-2.83991e-07
9.88671e-07
-2.78951e-07
1.12222e-06
-2.68115e-07
1.1442e-06
1.41573e-07
1.18888e-06
2.69251e-07
9.79993e-07
-4.04801e-09
3.25167e-07
-1.25774e-07
9.8227e-09
-5.60325e-08
3.43897e-09
-1.23545e-08
-1.73151e-08
-7.55978e-11
-5.7586e-10
-1.96811e-11
-5.7586e-10
-4.44864e-18
-1.13043e-09
-2.76454e-09
-6.43728e-10
-6.54208e-09
-1.33206e-08
4.19876e-09
-3.62038e-09
-1.77431e-09
-2.78976e-09
3.03045e-09
-2.80705e-10
-7.71643e-10
-2.80206e-11
-5.70485e-10
-1.02314e-13
-5.26128e-11
-1.03219e-13
-6.36938e-17
-8.14127e-11
-4.55626e-17
-1.96811e-11
-4.66596e-17
-4.60355e-18
-4.75926e-09
-4.47393e-17
-7.45197e-09
-5.81024e-17
1.08218e-08
-4.0307e-10
2.68511e-08
-4.56218e-09
3.17422e-08
-2.17241e-09
1.40644e-08
1.65005e-08
2.71158e-09
1.08917e-08
-3.76947e-09
4.09943e-09
-1.07267e-08
-2.93344e-10
-3.16707e-11
-6.31764e-17
-1.36565e-17
-1.82729e-17
-4.95067e-17
-1.49146e-17
-4.80982e-17
-1.27353e-17
-6.02811e-17
-4.0307e-10
-2.64743e-17
3.73271e-09
-9.81055e-10
7.51291e-08
-1.29595e-08
7.80795e-08
-6.64631e-10
7.28799e-08
9.34003e-09
5.78345e-08
2.58961e-08
5.76802e-08
-6.82767e-17
-3.54644e-12
-1.53664e-16
-6.52846e-17
-1.03729e-16
-5.51911e-16
-1.0254e-16
-5.98625e-16
-3.73178e-17
-2.18099e-16
5.16095e-16
-5.68423e-16
-1.63098e-10
-4.21977e-17
2.74229e-09
-2.55107e-17
1.54516e-08
-1.49875e-08
1.12572e-08
2.64824e-08
1.82667e-10
5.63486e-08
5.46339e-08
-2.43176e-16
-3.54635e-12
-1.17988e-15
-4.23113e-17
-8.49763e-16
-5.58662e-15
-2.18405e-16
-1.23947e-14
-3.76993e-16
-3.05515e-16
-9.82873e-18
-1.40388e-15
1.60812e-17
-6.81076e-17
7.3741e-17
-5.97266e-17
1.79755e-07
-1.49681e-08
1.15518e-07
2.52273e-07
2.91125e-08
3.5382e-07
1.93112e-07
-1.27677e-14
-1.30676e-09
-1.28622e-14
-4.97871e-17
-3.20173e-14
-1.39225e-14
-6.26876e-15
-8.29156e-14
-5.00004e-16
-6.32926e-15
-5.86048e-18
-1.6664e-15
1.84335e-17
-1.06852e-16
6.73594e-16
-6.58058e-17
3.78914e-07
-5.16651e-08
3.9292e-07
4.701e-07
1.56183e-07
5.97134e-07
3.49295e-07
-1.03804e-09
-2.39526e-09
-7.07054e-15
-1.03803e-09
-2.36237e-14
-1.75466e-14
-1.20952e-15
3.90104e-14
-6.51457e-16
1.54238e-15
-2.08872e-18
-3.59847e-16
1.69689e-17
-4.36766e-16
3.47246e-17
-9.8037e-17
5.16188e-07
-1.27288e-07
4.05712e-07
5.84839e-07
1.7167e-07
8.31176e-07
5.20965e-07
2.68119e-10
-8.7926e-10
-7.45642e-12
-2.17898e-10
7.16617e-16
-7.05534e-12
2.38957e-15
7.83393e-14
1.03626e-15
2.74901e-13
3.25592e-17
-3.36243e-16
3.98918e-17
-1.94817e-16
4.04491e-16
-1.48306e-16
4.50406e-07
-1.79098e-07
3.71041e-07
6.64203e-07
1.5571e-07
1.04651e-06
6.76675e-07
2.21537e-10
-1.16812e-09
1.52131e-11
-2.83961e-10
2.00188e-12
-3.65602e-12
1.18397e-12
-7.66531e-11
1.37753e-13
-1.71186e-11
1.1637e-16
1.4062e-13
1.53209e-17
-1.69825e-16
3.76864e-16
-8.14484e-17
7.43197e-08
-5.71865e-08
2.3358e-07
5.14954e-07
1.08425e-07
1.17166e-06
7.851e-07
9.40548e-10
3.25586e-10
4.06282e-11
1.04572e-10
3.69726e-11
-6.56455e-16
4.03472e-10
-2.27773e-10
2.92494e-10
-1.4075e-10
-2.53303e-12
1.14744e-10
3.93867e-13
-1.67178e-11
3.93816e-13
-4.65847e-17
-6.44698e-09
-2.88138e-10
1.88557e-07
1.57502e-07
9.80248e-08
1.26219e-06
8.75116e-07
2.28456e-10
8.51827e-10
1.55567e-15
3.33026e-10
4.09619e-12
-4.09634e-12
1.28285e-09
1.19616e-10
1.08493e-09
-2.18067e-12
8.52338e-10
-1.51316e-09
9.39772e-17
4.91248e-13
2.90603e-17
1.28238e-17
-2.88138e-10
-4.33592e-18
4.04672e-08
2.62708e-09
1.17216e-07
1.09371e-06
9.92755e-07
2.74722e-08
-8.59964e-09
7.06813e-08
-9.63151e-08
7.75626e-09
-1.06142e-07
1.17861e-15
7.86948e-09
4.15111e-13
-1.18447e-10
6.8096e-09
8.43214e-10
2.15464e-10
3.28895e-09
7.05956e-17
2.15464e-10
3.45019e-17
3.17572e-17
1.95163e-09
6.75443e-10
2.96007e-07
4.16608e-07
1.28876e-06
1.24196e-29
-1.8814e-28
7.1996e-27
-3.46619e-26
1.25835e-25
-3.5001e-25
3.8749e-25
-4.98915e-25
2.30371e-25
3.41216e-26
3.17519e-26
3.58512e-26
-4.54829e-23
4.25278e-25
-4.43208e-21
1.42582e-22
-6.73345e-20
4.65346e-21
-5.34255e-19
4.44269e-20
-2.53414e-18
2.56057e-19
9.2231e-19
-7.68603e-18
-5.8138e-27
-1.50917e-27
5.04896e-27
-2.68013e-25
9.53334e-26
-2.37597e-24
-2.381e-24
5.55746e-25
-8.73876e-22
1.29157e-23
-5.19664e-20
1.71646e-21
-9.1078e-19
6.5724e-20
-7.23874e-18
8.46897e-19
-3.658e-17
5.29088e-18
-1.9729e-16
2.16827e-17
-1.20394e-15
9.56293e-17
4.71667e-16
-4.64902e-15
-2.72301e-26
-3.43526e-26
-3.47831e-24
-4.33233e-25
-1.29515e-22
3.56193e-24
-6.07704e-21
1.4761e-22
-1.37343e-19
6.9886e-21
-1.52003e-18
1.52988e-19
-9.39115e-18
1.55672e-18
-3.74121e-17
8.58859e-18
-1.20554e-16
3.00757e-17
-3.7571e-16
8.39893e-17
-1.03418e-15
2.22782e-16
5.07769e-16
-1.64314e-15
-4.25857e-24
5.14003e-26
-2.5456e-22
8.86428e-24
-6.59309e-21
3.03514e-22
-9.9633e-20
6.50563e-21
-9.46588e-19
9.65124e-20
-5.81149e-18
9.45533e-19
-2.32271e-17
5.84616e-18
-6.38915e-17
2.27234e-17
-1.3856e-16
5.89211e-17
-2.79388e-16
1.16566e-16
-5.12325e-16
2.07341e-16
3.22881e-16
-6.61463e-16
-1.0964e-22
5.04366e-24
-3.32958e-21
3.11156e-22
-4.19693e-20
4.43572e-21
-3.56542e-19
4.0083e-20
-2.2283e-18
3.13587e-19
-1.01298e-17
2.06215e-18
-3.27294e-17
1.00304e-17
-7.52452e-17
3.39198e-17
-1.30879e-16
7.94989e-17
-1.94715e-16
1.34866e-16
-2.70824e-16
1.86306e-16
2.28907e-16
-3.3681e-16
-7.14906e-22
8.27147e-23
-1.24073e-20
2.32275e-21
-1.01179e-19
1.78232e-20
-6.05606e-19
9.50978e-20
-2.89899e-18
4.90037e-19
-1.09826e-17
2.47894e-18
-3.17163e-17
1.04843e-17
-6.73586e-17
3.36827e-17
-1.06924e-16
8.04716e-17
-1.35263e-16
1.3817e-16
-1.52487e-16
1.77224e-16
1.90106e-16
-1.68653e-16
-1.93633e-21
4.32687e-22
-2.22436e-20
6.8572e-21
-1.28689e-19
3.40676e-20
-5.80429e-19
1.21175e-19
-2.2681e-18
4.42671e-19
-7.62184e-18
1.84392e-18
-2.08984e-17
7.10095e-18
-4.3084e-17
2.20356e-17
-6.58736e-17
5.72484e-17
-7.66089e-17
1.12905e-16
-7.16365e-17
1.59672e-16
1.72694e-16
-6.63471e-17
-4.80658e-21
3.49741e-21
-2.52307e-20
1.82038e-20
-9.03938e-20
4.14543e-20
-2.969e-19
8.89817e-20
-9.36806e-19
2.31594e-19
-2.84982e-18
8.44498e-19
-7.77525e-18
3.05882e-18
-1.58193e-17
8.66395e-18
-2.11098e-17
2.44142e-17
-1.49617e-17
6.14143e-17
5.31858e-18
1.08851e-16
1.40153e-16
2.59965e-17
-6.92585e-19
7.35968e-19
-1.9116e-18
2.78762e-18
-2.42716e-18
3.46766e-18
-3.10999e-18
2.82251e-18
-1.69731e-19
3.38822e-18
-2.60533e-19
3.6393e-19
-7.69311e-19
8.3693e-19
-1.2844e-18
1.90588e-18
1.34814e-18
5.4957e-18
1.13091e-17
2.10991e-17
4.17583e-17
4.36746e-17
7.06795e-17
8.70192e-17
-7.02945e-19
3.73671e-18
-1.12933e-19
3.06307e-18
1.57326e-20
3.2731e-18
1.87667e-19
2.71647e-18
3.63631e-19
3.14636e-18
4.37282e-19
8.85138e-19
3.89016e-19
4.48374e-19
3.76916e-19
1.50959e-18
7.60501e-18
2.28486e-18
1.25431e-17
6.14606e-18
3.2153e-17
8.82792e-18
1.44867e-17
7.63184e-17
-5.79709e-24
3.73672e-18
3.39141e-20
3.02915e-18
8.27939e-09
1.6545e-09
4.78594e-08
-2.9878e-08
2.87744e-08
-1.18097e-07
4.46497e-10
1.36259e-08
5.32782e-14
4.46444e-10
2.99902e-09
2.1363e-09
4.7353e-17
2.99902e-09
2.42658e-17
3.30463e-17
2.59044e-17
3.37628e-18
-5.85406e-17
8.17624e-17
4.40288e-08
1.00216e-08
1.46336e-07
-2.19098e-08
4.84329e-07
-1.87046e-07
1.30267e-06
-4.51453e-07
1.5576e-06
-5.5242e-07
1.26e-06
-1.05298e-07
1.19507e-06
2.55838e-07
1.52031e-06
1.21983e-07
8.76908e-07
-1.76657e-08
6.44479e-07
4.90252e-07
8.29954e-07
1.99385e-07
4.48812e-07
-3.61761e-07
-2.77677e-17
2.11448e-18
-7.04524e-17
5.50091e-18
-8.21791e-17
8.92178e-18
-1.26011e-16
1.02536e-16
-1.75879e-16
2.28929e-16
-2.04327e-16
-2.56251e-14
-5.35332e-15
5.5561e-15
-1.3929e-14
-4.57547e-13
-9.69896e-15
-2.62813e-16
-4.38104e-18
-1.52629e-14
-1.45075e-21
-3.7505e-19
-3.83719e-20
-4.51172e-15
1.42128e-15
-2.22534e-16
1.00145e-15
-3.17909e-14
3.15833e-14
-4.2985e-12
1.62709e-12
-3.02286e-11
-3.89931e-12
-4.87218e-11
-1.2902e-11
-2.45576e-11
-1.69651e-11
-9.64378e-14
-3.34549e-12
-9.67358e-14
-2.33794e-17
-1.32675e-18
2.52559e-14
-2.44266e-19
-8.47728e-18
-5.36111e-19
7.05303e-16
6.38527e-16
1.3638e-15
1.32297e-16
-4.04738e-11
1.27189e-12
-1.2875e-10
7.65959e-12
-1.25431e-10
-7.2175e-12
-1.1813e-10
-2.02037e-11
-7.5791e-11
-6.15411e-13
-5.90212e-13
-2.85757e-13
-5.65084e-17
-5.90295e-13
-1.40925e-17
2.51652e-14
-8.76333e-19
-3.20978e-17
-6.20989e-18
-5.0967e-16
3.36159e-16
-8.22843e-16
1.92595e-16
-5.21323e-11
1.81822e-12
-1.29899e-10
6.83301e-12
-1.36224e-10
-8.93784e-13
-2.73258e-12
-6.38335e-17
-4.85126e-14
-1.46628e-15
-3.34518e-13
-1.26096e-16
-4.02961e-12
-3.75096e-13
-5.69825e-13
-1.61154e-11
-6.96512e-15
-8.13511e-12
-6.98591e-15
-4.33756e-16
2.36667e-16
-1.34033e-13
2.32805e-16
-7.28442e-12
-5.88168e-14
-5.95814e-12
4.0078e-14
-1.49469e-16
-5.30173e-18
-1.40591e-16
-5.30306e-17
-2.1698e-16
-1.44956e-15
-2.37604e-16
-6.18253e-17
-3.75096e-13
-2.64062e-16
-1.89364e-11
-1.1634e-11
-3.92984e-12
-7.25906e-11
-5.80883e-11
-2.76294e-16
1.84943e-16
-8.10774e-14
8.64919e-15
-4.00971e-14
1.68601e-16
-1.15864e-16
4.29063e-17
-1.74029e-16
1.86878e-18
-1.92017e-16
-4.91628e-17
-1.36873e-14
-6.94025e-16
6.61894e-15
-7.54951e-14
2.23152e-13
-2.16575e-13
-5.22208e-12
-9.83734e-13
-3.13568e-11
-3.54604e-11
-8.94451e-11
-2.85405e-16
1.65152e-16
-6.53421e-17
6.14268e-16
-6.00827e-17
9.89354e-17
-7.98497e-17
4.89747e-17
-1.02565e-16
1.45211e-17
-6.66822e-17
-3.09146e-17
-7.07084e-16
-3.28855e-17
-2.71127e-13
-2.28752e-14
-1.26567e-13
-1.97789e-12
1.14353e-12
-3.71718e-12
-2.12149e-11
-3.06062e-12
-3.42394e-16
3.34908e-17
1.43105e-16
3.03859e-17
1.37959e-16
1.47568e-17
8.65948e-17
3.23462e-18
4.62673e-17
-7.91117e-18
1.54253e-17
-8.70881e-18
-5.60449e-18
-1.44756e-17
-1.15318e-17
-2.28774e-14
-2.00629e-17
-3.31289e-12
-1.03379e-12
-3.98261e-12
-3.33591e-11
-8.10333e-17
-1.05399e-10
-4.23428e-16
1.17387e-16
9.86703e-17
1.17643e-16
1.0795e-16
9.66243e-17
8.89899e-17
6.85056e-17
5.46872e-17
4.04198e-17
2.03067e-17
1.90111e-17
-1.05258e-18
7.4e-18
-1.14729e-17
3.76545e-18
-2.76913e-17
4.15773e-15
-3.07224e-17
-1.86664e-11
-1.48041e-11
-6.56844e-12
-4.45515e-10
-6.56887e-12
1.26525e-16
3.92784e-17
1.52634e-16
6.87666e-17
1.47616e-16
7.40733e-17
1.21191e-16
5.48993e-17
8.50551e-17
2.63606e-17
5.05318e-17
4.02897e-18
2.89926e-17
-1.30499e-17
2.84797e-17
-3.55844e-17
1.44232e-17
-5.05289e-17
6.3894e-13
-2.65789e-17
1.55733e-11
-2.89619e-10
-2.44049e-10
9.24516e-17
7.81991e-18
1.32616e-16
3.53726e-17
1.42488e-16
4.98936e-17
1.29349e-16
4.34584e-17
1.00539e-16
2.48632e-17
6.79109e-17
7.1465e-18
8.60518e-17
-5.79038e-17
8.78795e-17
-5.22945e-17
6.4228e-17
-4.10302e-17
1.75197e-17
-4.21429e-17
8.69605e-11
-1.3407e-12
-1.57089e-10
9.21605e-09
2.00827e-09
1.15471e-16
9.21605e-09
5.27764e-17
1.63969e-17
9.19697e-18
8.57569e-17
8.96726e-18
2.47462e-17
9.43909e-18
6.53697e-18
3.00997e-14
-2.37796e-14
1.58404e-13
-8.25449e-13
1.11601e-16
1.57924e-13
7.31334e-17
-5.34091e-17
1.45903e-12
-2.79998e-12
6.40821e-11
2.82278e-31
-6.04403e-30
3.9283e-28
-3.01089e-27
1.02568e-26
-4.66857e-26
3.98278e-26
-1.36473e-25
2.78198e-26
-8.13429e-26
5.18588e-27
4.35195e-28
7.55458e-28
3.49726e-28
8.6806e-26
4.38078e-25
-8.07092e-22
1.66868e-22
-4.92953e-21
1.26566e-21
-1.50459e-20
3.76275e-21
7.49313e-21
-3.3112e-20
1.71817e-30
-1.27556e-28
3.40475e-27
-4.26155e-26
9.1631e-26
-5.86787e-25
4.47544e-25
-2.08135e-24
5.08077e-25
-1.57776e-24
6.81552e-25
2.09093e-24
-1.80259e-21
4.70115e-22
-1.25232e-20
4.75872e-21
-4.17873e-20
1.59028e-20
-9.93813e-20
3.57526e-20
-1.9232e-19
6.31185e-20
9.31422e-20
-3.22078e-19
3.62956e-29
-3.15757e-27
1.07706e-26
-3.65877e-25
1.38642e-25
-4.22753e-24
-1.1328e-24
-1.37024e-23
-3.34642e-22
1.33562e-23
-3.60331e-21
9.01652e-22
-1.74196e-20
6.85193e-21
-5.43999e-20
2.53074e-20
-1.29436e-19
6.247e-20
-2.55324e-19
1.19499e-19
-4.38135e-19
1.89935e-19
2.59099e-19
-6.73006e-19
-1.14484e-25
-2.18871e-26
-3.93483e-24
-1.35077e-24
-6.02515e-23
-7.05376e-24
-6.63918e-22
1.93698e-23
-3.67297e-21
5.44603e-22
-1.39681e-20
4.37456e-21
-4.08571e-20
1.92066e-20
-9.78089e-20
5.63291e-20
-1.99664e-19
1.24157e-19
-3.57419e-19
2.21642e-19
-5.72583e-19
3.34631e-19
4.36756e-19
-8.3352e-19
-3.17308e-24
8.86665e-26
-7.96579e-23
4.04917e-24
-6.77014e-22
4.42584e-23
-3.1006e-21
3.11231e-22
-9.97535e-21
1.84493e-21
-2.56476e-20
8.61414e-21
-5.68305e-20
3.02563e-20
-1.13297e-19
8.0738e-20
-2.06281e-19
1.7039e-19
-3.43216e-19
2.95962e-19
-5.2162e-19
4.35524e-19
5.52208e-19
-7.26568e-19
-2.74037e-23
2.52162e-24
-3.91962e-22
5.94649e-23
-2.08542e-21
3.30355e-22
-6.7226e-21
1.02882e-21
-1.62423e-20
3.09677e-21
-3.23937e-20
1.02812e-20
-5.71044e-20
3.22529e-20
-9.43818e-20
8.43763e-20
-1.51144e-19
1.79568e-19
-2.33262e-19
3.14684e-19
-3.38688e-19
4.62284e-19
5.7665e-19
-4.53855e-19
-9.23074e-23
1.81458e-23
-8.85139e-22
2.46513e-22
-3.55936e-21
8.94664e-22
-9.23115e-21
1.77078e-21
-1.84259e-20
3.17224e-21
-3.03385e-20
7.68243e-21
-4.26351e-20
2.34097e-20
-5.35478e-20
6.5364e-20
-6.58558e-20
1.4968e-19
-8.67658e-20
2.77746e-19
-1.21303e-19
4.22241e-19
5.31423e-19
-1.64945e-19
-1.50699e-22
5.07519e-23
-1.0664e-21
4.55075e-22
-3.44724e-21
1.22312e-21
-7.55371e-21
1.70586e-21
-1.30659e-20
1.73189e-21
-1.82145e-20
2.54447e-21
-1.86657e-20
9.49879e-21
-8.1602e-21
3.46129e-20
1.16566e-20
9.80404e-20
3.66739e-20
2.05123e-19
5.87958e-20
3.35965e-19
4.44062e-19
6.59086e-20
-3.2336e-21
2.96628e-22
-9.36774e-20
1.0795e-20
-9.62333e-19
1.25495e-19
-1.07085e-18
4.90092e-19
-4.3573e-18
3.95271e-17
-2.11123e-21
-5.48822e-18
2.87755e-21
1.95305e-22
1.75669e-20
1.10996e-20
5.04378e-20
4.78312e-20
1.02495e-19
1.22831e-19
1.63649e-19
2.28297e-19
3.28791e-19
2.14667e-19
-1.39857e-19
5.02904e-20
-2.01553e-20
5.64642e-19
1.42324e-20
6.27129e-20
1.92998e-14
1.1767e-16
6.87932e-14
1.05941e-14
6.43879e-14
3.13059e-13
6.04314e-16
1.44558e-15
1.41946e-19
5.74654e-16
2.36365e-19
6.56675e-20
2.17454e-19
1.08842e-19
2.27207e-19
1.53271e-19
2.18948e-19
2.77975e-19
5.09219e-24
5.02843e-20
4.5395e-21
5.601e-19
8.57729e-12
-1.68177e-10
1.60279e-16
8.57554e-12
-6.77103e-14
7.86046e-14
6.80634e-12
1.01196e-11
7.51126e-12
4.89139e-13
1.39835e-12
1.08265e-15
3.37864e-17
1.39829e-12
3.5199e-19
3.35473e-17
1.22964e-18
4.90582e-19
4.26357e-19
8.65265e-19
9.28253e-10
-4.80422e-11
4.63022e-09
-1.05151e-16
6.53508e-09
-1.1259e-17
6.20149e-09
-3.18038e-09
2.09096e-09
-5.99198e-09
2.3089e-11
-3.79032e-10
2.92663e-11
7.04416e-11
5.41854e-12
3.74513e-12
2.40139e-11
1.0975e-11
3.5947e-12
1.91655e-12
3.10352e-17
3.59458e-12
3.01698e-19
3.12329e-17
-5.98058e-20
1.15481e-20
-9.4134e-20
1.44296e-20
-1.33274e-19
1.43425e-20
-1.73023e-19
9.81724e-21
-2.08583e-19
2.91526e-23
-2.08883e-19
-4.16787e-20
-1.74287e-19
-8.04283e-20
-1.14958e-19
-1.06292e-19
-5.17953e-20
-1.07923e-19
-1.00627e-20
-7.90715e-20
-2.0537e-23
-3.11103e-20
-5.09073e-22
-4.82023e-19
1.17369e-19
-6.5592e-19
1.25055e-19
-8.18805e-19
1.05952e-19
-9.40935e-19
5.40394e-20
-9.86271e-19
-3.76584e-20
-9.44884e-19
-1.69576e-19
-8.10107e-19
-3.04014e-19
-5.93818e-19
-4.12939e-19
-3.35903e-19
-4.56564e-19
-1.11097e-19
-3.9113e-19
-3.52119e-21
-2.09746e-19
-1.86239e-20
-9.41683e-19
3.0589e-19
-1.21346e-18
3.07582e-19
-1.45007e-18
2.46624e-19
-1.61311e-18
1.16939e-19
-1.67959e-18
-7.30937e-20
-1.64903e-18
-3.01953e-19
-1.50144e-18
-5.54233e-19
-1.21657e-18
-8.03528e-19
-8.02092e-19
-9.82868e-19
-3.43981e-19
-9.68897e-19
-3.12478e-20
-6.42635e-19
-1.14982e-19
-1.11609e-18
4.95394e-19
-1.38934e-18
4.81491e-19
-1.62362e-18
3.78818e-19
-1.79605e-18
1.8757e-19
-1.90231e-18
-6.61728e-20
-1.96067e-18
-3.38532e-19
-1.93388e-18
-6.74362e-19
-1.75071e-18
-1.08352e-18
-1.33358e-18
-1.50771e-18
-7.00152e-19
-1.7297e-18
-1.14774e-19
-1.37882e-18
-3.68038e-19
-9.34965e-19
6.06567e-19
-1.12582e-18
5.72254e-19
-1.2904e-18
4.45024e-19
-1.43378e-18
2.37802e-19
-1.56231e-18
-2.3801e-20
-1.72358e-18
-2.54014e-19
-1.88738e-18
-5.822e-19
-1.95516e-18
-1.08942e-18
-1.7462e-18
-1.80356e-18
-1.11109e-18
-2.4809e-18
-2.70227e-19
-2.3794e-18
-8.35873e-19
-5.58402e-19
6.13655e-19
-6.38148e-19
5.54287e-19
-6.98807e-19
4.14255e-19
-7.68911e-19
2.28547e-19
-8.73638e-19
1.73372e-20
-1.06588e-18
-1.16411e-19
-1.35668e-18
-3.37229e-19
-1.68733e-18
-8.03557e-19
-1.83309e-18
-1.71545e-18
-1.43048e-18
-2.97812e-18
-4.66579e-19
-3.49751e-18
-1.5277e-18
-2.02851e-19
5.54372e-19
-2.19015e-19
4.73723e-19
-2.11421e-19
3.20947e-19
-2.06264e-19
1.58688e-19
-2.6223e-19
3.16557e-20
-3.85934e-19
-2.37359e-20
-6.3554e-19
-1.08902e-19
-1.05249e-18
-4.02947e-19
-1.49886e-18
-1.29461e-18
-1.49025e-18
-3.0572e-18
-6.27568e-19
-4.50503e-18
-2.38301e-18
5.27874e-20
4.74956e-19
2.52427e-20
4.02909e-19
-1.47271e-21
2.52566e-19
-5.88193e-21
9.80735e-20
-1.40842e-20
1.29988e-20
-3.9736e-20
-8.00842e-21
-1.24716e-19
-2.83468e-20
-3.72023e-19
-1.50096e-19
-8.36192e-19
-8.24507e-19
-1.17376e-18
-2.76862e-18
-6.51964e-19
-5.16833e-18
-3.2548e-18
2.35564e-19
3.73688e-19
2.15531e-19
3.316e-19
1.59701e-19
2.17977e-19
9.09657e-20
9.47325e-20
3.85245e-20
2.05103e-20
1.63751e-20
-7.80986e-21
1.31852e-20
-3.39031e-20
1.91961e-20
-1.45284e-19
-5.06923e-20
-7.23851e-19
-4.41096e-19
-2.41252e-18
-4.33682e-19
-5.32766e-18
-3.90375e-18
3.2083e-19
2.65698e-19
3.21193e-19
2.55264e-19
2.72158e-19
1.87297e-19
1.95396e-19
1.0021e-19
1.26286e-19
3.48811e-20
8.06796e-20
-1.84319e-21
6.5448e-20
-4.04915e-20
1.27434e-19
-2.01539e-19
3.02951e-19
-8.79555e-19
3.79331e-19
-2.52427e-18
1.36755e-19
-5.26624e-18
-3.99376e-18
5.34227e-19
2.84937e-19
4.08955e-19
2.12427e-19
3.42271e-19
1.55212e-19
2.75057e-19
9.39299e-20
2.10371e-19
4.09529e-20
1.58756e-19
3.41689e-21
1.75417e-19
-1.21411e-19
4.11776e-19
-4.89763e-19
1.00421e-18
-1.48745e-18
1.54535e-18
-3.15987e-18
1.27976e-18
-5.27133e-18
-2.99141e-18
3.05364e-19
2.06772e-19
3.54689e-19
5.44593e-19
3.52688e-19
1.16392e-19
3.20888e-19
7.98912e-20
2.74672e-19
3.95907e-20
2.41266e-19
5.2296e-21
9.85081e-19
-2.01947e-18
1.87128e-18
-3.76653e-18
3.51859e-18
-4.29609e-18
5.03663e-18
-5.18822e-18
4.71098e-18
-5.52107e-18
1.27408e-18
-1.51955e-08
1.51955e-08
-6.0635e-08
4.54395e-08
-1.22417e-07
6.17818e-08
-1.85151e-07
6.27346e-08
-2.36228e-07
5.10761e-08
-2.69085e-07
3.2857e-08
-2.83728e-07
1.46436e-08
-2.79324e-07
-4.40371e-09
-2.61296e-07
-1.80279e-08
-2.3524e-07
-2.60561e-08
-2.04377e-07
-3.0863e-08
-2.22106e-08
-1.82166e-07
-6.11742e-08
7.63697e-08
-1.88043e-07
1.72309e-07
-3.41567e-07
2.15305e-07
-4.88681e-07
2.09849e-07
-6.02012e-07
1.64408e-07
-6.68306e-07
9.91511e-08
-6.85732e-07
3.20688e-08
-6.62952e-07
-2.69828e-08
-6.15135e-07
-6.51854e-08
-5.57829e-07
-8.29128e-08
-4.91898e-07
-9.67925e-08
-7.26026e-08
-4.40982e-07
-9.39316e-08
1.70301e-07
-2.90309e-07
3.68686e-07
-5.23228e-07
4.48225e-07
-7.40632e-07
4.27253e-07
-8.96063e-07
3.19838e-07
-9.75739e-07
1.78828e-07
-9.93059e-07
4.93887e-08
-9.51015e-07
-6.57928e-08
-8.66694e-07
-1.48246e-07
-7.55246e-07
-1.96118e-07
-6.71615e-07
-1.8618e-07
-1.22746e-07
-6.11941e-07
-1.19572e-07
2.89874e-07
-3.63582e-07
6.12695e-07
-6.56241e-07
7.40883e-07
-9.32085e-07
7.03097e-07
-1.1055e-06
4.93254e-07
-1.16968e-06
2.43008e-07
-1.17199e-06
5.17023e-08
-1.10453e-06
-1.33256e-07
-9.96272e-07
-2.56505e-07
-8.61326e-07
-3.32924e-07
-7.34873e-07
-3.12632e-07
-2.55505e-07
-5.11401e-07
-1.14882e-07
4.04756e-07
-3.54878e-07
8.52691e-07
-6.51295e-07
1.0373e-06
-9.33967e-07
9.8577e-07
-9.56704e-07
4.83025e-07
-8.68528e-07
1.13327e-07
-8.55298e-07
1.7175e-08
-9.04175e-07
-3.67218e-08
-9.42335e-07
-1.79966e-07
-8.4153e-07
-4.09121e-07
-7.45418e-07
-4.08745e-07
-3.63551e-07
-6.37373e-07
-7.00515e-08
4.74807e-07
-2.26521e-07
1.00916e-06
-4.16365e-07
1.22714e-06
-4.4181e-07
9.57319e-07
-1.23281e-07
2.70517e-08
-1.57714e-08
3.98553e-12
7.38732e-11
1.94822e-18
-3.6648e-08
-2.2367e-17
-1.38868e-07
-5.13545e-17
-3.70457e-07
-9.12906e-09
-5.50389e-07
-1.03384e-07
-2.69472e-07
-5.82826e-07
-8.66997e-09
4.83477e-07
-3.8945e-08
1.03944e-06
-6.23911e-08
1.24466e-06
5.39789e-09
7.13011e-07
-3.98549e-12
3.0263e-09
-7.84204e-18
5.67394e-17
-1.65818e-17
1.80616e-17
-2.29152e-17
-8.35594e-18
-3.37427e-17
-2.2271e-17
-9.12906e-09
-2.29852e-17
-6.5216e-08
-2.23271e-17
-3.94092e-17
-1.39827e-07
4.56642e-08
4.37813e-07
1.51309e-07
9.33791e-07
3.13649e-07
1.08232e-06
1.62912e-07
6.81181e-07
1.03131e-16
9.55412e-08
6.44139e-17
8.28308e-17
3.07998e-17
4.07434e-17
1.19589e-17
6.3218e-18
-5.30617e-18
-5.00488e-18
-1.78508e-17
-6.33882e-18
-2.66337e-17
-1.82337e-17
-2.70249e-17
-3.43283e-17
5.75919e-08
3.80221e-07
2.40588e-07
7.50795e-07
4.84456e-07
8.38448e-07
4.92583e-07
5.88561e-07
2.78513e-08
3.52766e-07
1.09167e-16
2.78513e-08
7.80224e-17
5.52261e-17
6.15197e-17
1.03913e-17
4.22959e-17
7.71594e-18
1.39278e-17
1.92473e-17
-5.35945e-18
5.77511e-19
-1.77338e-17
-1.39441e-17
6.08844e-08
3.19337e-07
2.89416e-07
5.22264e-07
5.68361e-07
5.59503e-07
8.73402e-07
2.8352e-07
5.49891e-07
5.01604e-07
4.62632e-08
2.89203e-07
9.83039e-17
4.62632e-08
1.13332e-16
5.66761e-19
8.4279e-17
1.73404e-17
6.37349e-17
4.39915e-17
3.98873e-17
2.36132e-17
-7.12575e-18
2.82969e-17
1.72899e-07
1.46437e-07
5.04797e-07
1.90366e-07
7.90021e-07
2.74279e-07
1.0723e-06
1.24094e-09
1.08238e-06
4.91521e-07
9.54369e-07
2.08642e-07
1.63838e-07
4.2074e-07
3.88861e-08
-1.73105e-07
1.1155e-08
-3.51845e-08
-3.32959e-12
1.11583e-08
3.182e-09
1.63986e-09
3.182e-09
1.12847e-16
2.19345e-07
-1.51847e-17
5.02639e-07
-2.3975e-18
9.85166e-07
-1.34719e-19
1.52838e-06
-1.29811e-19
1.43726e-06
5.82642e-07
1.60706e-06
3.88451e-08
1.49886e-06
4.35288e-07
1.42574e-06
-1.88165e-07
1.37501e-06
-3.02359e-07
1.34247e-06
1.57542e-08
1.81623e-06
3.27223e-08
1.33261e-06
2.76842e-07
-1.70137e-07
-1.20994e-08
-1.42657e-07
-2.74792e-08
-1.33413e-07
-9.24471e-09
-1.37104e-07
3.69159e-09
-1.32114e-07
-4.85326e-09
-1.17425e-07
-1.46565e-08
-9.31778e-08
-2.42474e-08
-6.90354e-08
-2.41865e-08
-5.04313e-08
-1.86132e-08
-3.55332e-08
-1.48985e-08
-1.49179e-08
-2.06153e-08
-1.49177e-08
-4.09663e-07
-2.8759e-08
-3.82669e-07
-3.33834e-08
-3.98721e-07
3.44452e-09
-4.2045e-07
2.45977e-08
-3.92468e-07
-4.34314e-08
-3.41349e-07
-7.26132e-08
-2.73705e-07
-9.18891e-08
-2.09251e-07
-8.79298e-08
-1.54836e-07
-7.30287e-08
-1.0759e-07
-6.21445e-08
-4.55816e-08
-8.26237e-08
-6.05002e-08
-3.88348e-07
-3.45678e-08
-3.67658e-07
-5.38539e-08
-3.57299e-07
-7.0577e-09
-5.28457e-07
6.35229e-09
-5.03144e-07
-6.87451e-08
-4.44528e-07
-1.31228e-07
-3.59848e-07
-1.7657e-07
-2.52628e-07
-1.87309e-07
-1.97453e-07
-1.18001e-07
-1.83786e-07
-6.57967e-08
-9.55956e-08
-1.70124e-07
-1.56096e-07
-3.82848e-07
-6.75672e-08
-3.19011e-07
-1.17848e-07
-3.36875e-07
1.10807e-08
-5.46019e-07
1.21657e-08
-5.3416e-07
-8.06041e-08
-4.97759e-07
-1.6763e-07
-4.36035e-07
-2.38294e-07
-3.29927e-07
-2.83928e-07
-1.56195e-07
-2.5135e-07
-9.44698e-08
-1.35837e-07
-6.44071e-08
-1.76128e-07
-2.0171e-07
-4.32838e-07
-2.55357e-07
-3.73199e-07
-7.7492e-08
-5.57368e-07
1.27862e-07
-5.76761e-07
-7.31053e-08
-5.06733e-07
-1.50632e-07
-4.76144e-07
-1.98219e-07
-4.54039e-07
-2.60399e-07
-4.03333e-07
-3.34633e-07
-2.93203e-07
-3.71881e-07
-1.30712e-07
-3.11972e-07
-1.67414e-08
-2.68797e-07
-1.97436e-07
-4.05234e-07
-4.09834e-07
-2.69911e-07
-2.09975e-07
-1.34026e-07
9.16523e-09
-1.48452e-07
-6.9397e-08
-2.0308e-07
-9.60039e-08
-2.73711e-07
-1.27588e-07
-3.47732e-07
-1.86377e-07
-3.93663e-07
-2.88701e-07
-3.76921e-07
-3.88622e-07
-2.41229e-07
-4.47666e-07
-8.18272e-08
-4.64346e-07
-2.79263e-07
-2.99596e-07
-1.18872e-08
-2.83221e-07
-9.21202e-08
-6.30298e-08
-1.53829e-07
2.2106e-08
-1.38257e-07
1.20339e-08
-8.59318e-08
-5.06398e-08
-6.49142e-08
-1.47507e-07
-8.95091e-08
-2.29624e-07
-2.06587e-07
-2.5544e-07
-3.62807e-07
-1.74512e-07
-5.26514e-07
-1.99578e-08
-6.24071e-07
-3.66428e-07
-1.18872e-08
-2.98559e-17
-5.54202e-08
-3.10832e-17
-4.8953e-08
-3.01488e-17
2.32292e-09
-1.72975e-09
1.00911e-07
-4.44163e-08
1.21136e-07
-5.70345e-08
5.68777e-08
-2.52499e-08
-3.03984e-08
-1.19312e-07
-1.17913e-07
-2.75291e-07
-1.46202e-07
-4.96765e-07
-8.02241e-08
-6.96175e-07
-4.46652e-07
-1.75258e-17
-2.97952e-17
-1.81171e-17
-3.05133e-17
-1.48235e-17
-3.3421e-17
-1.72975e-09
-2.78069e-17
-7.90039e-10
-1.7195e-17
9.04914e-08
-1.10551e-17
1.65736e-07
-2.27363e-08
1.30141e-07
-8.37153e-08
2.75355e-08
-1.72687e-07
-9.5502e-08
-3.74315e-07
-6.78103e-08
-7.31209e-07
-5.00959e-07
1.897e-17
-3.01011e-17
1.17011e-17
-3.47884e-17
9.66053e-18
-4.62706e-17
9.83713e-18
-3.08626e-17
5.30505e-18
-1.26629e-17
6.0214e-18
-1.17715e-17
2.42066e-08
-7.50041e-10
1.62092e-07
-7.0713e-08
1.65583e-07
-1.47761e-07
9.54994e-09
-2.18891e-07
-1.2867e-08
-7.18652e-07
-5.13826e-07
1.12691e-16
-4.90371e-17
9.16132e-17
-2.94243e-17
7.7719e-17
-7.03704e-17
4.84286e-17
-3.09153e-17
1.96667e-17
-1.11073e-18
4.15419e-18
8.11502e-18
-7.50041e-10
1.31065e-17
3.72084e-08
-2.79838e-08
2.45704e-07
-8.47347e-08
2.75005e-07
-1.01713e-07
2.52574e-07
-6.757e-07
-2.74667e-07
7.2269e-07
3.25033e-07
6.34317e-07
1.06827e-08
4.82198e-07
-2.45486e-07
5.61415e-08
-2.82105e-07
6.88901e-17
5.61415e-08
2.65496e-17
4.4361e-17
1.7361e-17
2.83896e-17
4.49389e-08
-4.07354e-08
2.51115e-07
-1.05943e-07
1.02229e-06
-2.18566e-07
1.22113e-06
-4.84611e-07
9.46464e-07
3.84812e-06
-1.74695e-07
-4.05589e-06
3.79094e-06
-2.30315e-07
3.7778e-06
-3.41835e-07
3.5175e-06
-5.41133e-07
3.18265e-06
-5.42388e-07
3.58164e-06
-2.63181e-07
4.54042e-06
-1.33902e-07
5.08515e-06
-1.7572e-09
4.94861e-06
1.46267e-07
4.74233e-06
8.10751e-08
4.46554e-06
2.20181e-07
3.03542e-07
3.4832e-06
5.3108e-06
-3.09486e-07
-5.16732e-06
5.38847e-06
-3.09064e-07
5.39302e-06
-3.45309e-07
5.38229e-06
-5.34235e-07
3.88027e-06
-7.4794e-07
3.33197e-06
-6.531e-07
3.5287e-06
-4.23034e-07
3.71663e-06
-9.72784e-08
5.78486e-06
2.82677e-07
5.50904e-06
3.56291e-07
4.8864e-06
4.9237e-07
6.58777e-07
4.53469e-06
6.22244e-06
-6.13356e-07
-3.57302e-06
6.3576e-06
-4.43101e-07
6.36087e-06
-3.72778e-07
6.51634e-06
-6.19502e-07
6.60829e-06
-7.81954e-07
6.26065e-06
-6.17843e-07
3.95809e-06
-5.35376e-07
4.70681e-06
4.89562e-08
6.24212e-06
2.87769e-07
6.10947e-06
4.89572e-07
5.79701e-06
7.52499e-07
9.63799e-07
5.49586e-06
6.67051e-06
-6.88219e-06
-5.92144e-07
5.95932e-06
-5.60236e-07
6.04201e-06
-6.04219e-07
6.94316e-06
-7.32179e-07
7.06355e-06
-6.89913e-07
6.98512e-06
-5.39407e-07
6.88395e-06
-4.34205e-07
6.59557e-06
2.00951e-07
6.4349e-06
4.51485e-07
6.34673e-06
6.82396e-07
6.09356e-06
1.00567e-06
5.78895e-06
1.26841e-06
3.23227e-06
2.51597e-07
2.87232e-06
-4.4022e-08
1.2443e-06
-3.21217e-07
4.57315e-09
-2.21896e-07
1.51924e-10
-1.90729e-08
1.55625e-08
-2.08844e-08
3.46396e-07
4.88939e-09
7.14071e-07
7.10852e-07
5.21061e-07
9.43114e-07
1.22863e-07
3.56275e-07
8.20973e-08
8.10285e-08
4.25228e-09
8.3701e-07
4.46201e-06
5.35881e-07
4.39221e-06
1.54597e-07
4.16905e-06
-9.80628e-08
3.57952e-06
1.16616e-07
7.33259e-07
4.18806e-07
5.57e-07
-1.80301e-07
9.27557e-07
-3.17413e-07
2.5128e-06
1.09562e-06
2.61391e-06
1.18015e-06
1.12082e-06
1.24813e-06
3.74494e-09
5.2289e-07
-2.13035e-07
6.7996e-08
5.21545e-06
8.21901e-07
4.83224e-06
5.54339e-07
4.28727e-06
4.46899e-07
3.70162e-06
5.90123e-07
3.59575e-06
3.94091e-07
3.7073e-06
-3.95554e-07
3.49827e-06
-3.38109e-07
3.52916e-06
9.01489e-07
3.29595e-06
1.19869e-06
3.05083e-06
1.2362e-06
2.84884e-06
6.87236e-07
-8.3055e-07
2.36368e-06
5.5495e-06
1.06136e-06
5.21198e-06
8.91856e-07
4.82202e-06
8.36867e-07
4.68827e-06
7.23871e-07
4.73809e-06
1.28993e-07
4.19256e-06
-3.90286e-07
4.21546e-06
-3.60813e-07
4.29931e-06
8.23766e-07
4.12083e-06
1.10869e-06
3.99576e-06
1.10355e-06
4.40491e-06
3.07712e-08
3.40249e-06
-4.91491e-08
1.09672e-06
3.3922e-08
1.90495e-06
-3.79142e-08
2.44679e-06
-3.57626e-07
2.60355e-06
-6.14279e-07
2.75423e-06
-6.97033e-07
2.0231e-06
-3.93284e-07
1.51989e-06
6.31312e-08
2.35347e-06
1.87251e-08
4.1731e-06
-3.56841e-08
4.12058e-06
6.49318e-07
3.99569e-06
3.66195e-07
-1.33577e-07
3.7675e-06
1.74855e-07
-2.03195e-07
1.82418e-06
-3.6558e-07
4.08951e-06
-6.75057e-07
4.06361e-06
-5.8201e-07
3.96174e-06
-6.01531e-07
4.04997e-06
-4.75149e-07
2.24273e-06
-2.54071e-07
1.50584e-07
1.40772e-08
5.02238e-07
5.25028e-10
4.1135e-06
1.43474e-07
4.2505e-06
4.87105e-07
3.09246e-07
3.80768e-06
2.12034e-06
-7.24561e-07
4.32592e-06
-8.26622e-07
5.12244e-06
-4.72769e-07
4.93655e-06
-2.97221e-07
4.57682e-06
-2.3271e-07
4.05376e-06
-1.50651e-07
2.31891e-06
-7.55098e-08
5.28684e-08
2.90853e-08
3.98511e-08
3.69933e-09
4.54865e-07
-1.18142e-08
2.04914e-06
4.23882e-08
3.60332e-07
3.92598e-06
2.06042e-06
-3.76745e-08
7.62636e-07
-1.94882e-08
6.7578e-07
-1.80905e-09
6.97219e-07
-3.66626e-17
5.4791e-07
-4.13676e-09
1.95882e-07
-7.26952e-09
2.56333e-08
-1.08265e-10
4.86837e-08
-1.66875e-09
3.3999e-08
3.5462e-09
4.63972e-09
1.36575e-10
4.70279e-08
1.21027e-16
8.69773e-07
-1.4026e-13
1.3582e-06
6.50995e-08
1.28418e-10
1.66252e-07
-3.997e-13
1.28817e-10
1.84967e-12
1.98596e-13
1.68431e-12
6.78117e-13
1.29206e-12
7.36701e-14
8.05568e-12
-3.58841e-15
1.53149e-11
-2.67623e-18
1.92136e-11
-1.41527e-10
1.59878e-11
-2.12937e-10
1.24854e-11
-9.98841e-11
2.35264e-12
4.80421e-11
3.60224e-06
2.70546e-07
4.42268e-07
3.74086e-07
-1.28577e-12
7.44182e-09
-1.08726e-12
3.51662e-17
1.23776e-12
1.15621e-13
-2.21203e-14
3.29704e-14
2.84621e-15
-3.87089e-15
2.73046e-17
-1.04273e-16
6.5427e-09
-7.00154e-10
7.35405e-09
-1.52181e-09
4.10418e-09
-2.83514e-09
-6.28653e-10
-2.75728e-11
3.42026e-06
4.38768e-07
1.0402e-06
1.61718e-07
-4.51766e-13
3.97778e-08
-4.51818e-13
1.4103e-17
9.71235e-13
-7.56226e-15
6.16123e-13
-6.99064e-15
6.04669e-14
-1.37503e-15
6.70832e-14
-2.89916e-16
1.53787e-08
-8.89156e-16
1.57272e-08
-2.03502e-09
1.49882e-08
-1.89112e-09
-1.86065e-09
3.24808e-09
1.33569e-06
-2.27355e-08
1.02687e-06
-6.44304e-09
1.26137e-08
3.77854e-08
-2.22934e-15
7.9858e-18
4.92378e-15
-1.47914e-20
6.09422e-15
-5.17142e-19
6.60835e-15
-2.05824e-18
2.04638e-15
-4.72806e-18
1.13548e-15
-5.92496e-18
4.153e-09
-7.05303e-17
8.3507e-09
-1.14871e-16
3.65206e-09
-1.42281e-16
1.71069e-16
-4.07933e-17
6.72325e-17
-3.26208e-17
1.05419e-16
-1.81392e-17
3.88107e-08
-1.11939e-17
5.80072e-08
-5.82974e-10
3.1977e-08
-1.45691e-09
1.5827e-09
1.13951e-10
8.02902e-13
1.58184e-09
1.20596e-12
2.06639e-13
3.12243e-12
7.05867e-17
1.69048e-10
1.97546e-11
8.2708e-11
1.16997e-10
3.57955e-16
-2.75734e-11
2.50582e-16
-4.38629e-17
1.36982e-16
-3.24505e-17
9.89705e-17
-2.38325e-17
4.29804e-08
-5.77794e-14
1.14412e-07
-3.00182e-10
1.13394e-07
5.83549e-09
1.37691e-08
9.54191e-09
-1.49748e-11
9.4467e-11
-1.49755e-11
1.12616e-16
1.88893e-10
4.67972e-12
4.0218e-11
2.40683e-10
5.96816e-16
-6.49749e-11
3.30503e-16
-5.06757e-17
2.61128e-16
-3.15759e-17
2.39472e-16
-2.36849e-17
3.27419e-13
-3.84989e-13
1.55705e-08
1.82023e-11
1.10104e-07
4.03277e-09
2.69271e-08
6.13733e-09
1.98279e-13
3.63428e-10
-8.43612e-13
1.04134e-12
1.61203e-11
3.24908e-13
1.19977e-11
7.89684e-11
4.80436e-16
-3.04681e-16
3.63381e-16
-7.5855e-17
2.60157e-16
-4.42106e-17
5.93417e-12
-8.22542e-12
1.40619e-11
-8.59602e-12
3.18445e-11
-4.96874e-12
9.68427e-09
-1.98524e-10
1.16275e-08
-6.99243e-10
1.86305e-09
1.14829e-09
1.69764e-11
7.67227e-11
7.94314e-16
1.72997e-11
7.73197e-16
1.19973e-11
1.06675e-11
2.7155e-11
2.82779e-16
7.36822e-12
5.24443e-17
1.34834e-17
2.96707e-17
5.59273e-18
1.5642e-17
1.61009e-18
8.3056e-18
1.63485e-20
2.44361e-17
-8.7598e-18
2.21097e-17
-3.21911e-17
1.73598e-17
-2.36413e-17
1.91302e-17
-1.40037e-17
2.32239e-17
-1.24168e-17
4.50403e-19
2.24286e-17
1.97356e-10
6.11816e-11
1.25099e-11
1.80009e-11
9.0789e-17
1.25097e-11
3.75621e-18
9.24834e-17
3.86248e-18
1.63713e-18
7.91589e-17
-8.29283e-17
1.10496e-16
-2.45528e-17
2.21788e-16
-4.88682e-17
1.20839e-16
-4.0712e-17
7.243e-17
-3.0193e-17
6.77817e-17
-2.62526e-17
-7.38588e-18
6.8255e-17
7.56866e-11
2.23293e-12
1.20985e-10
1.26048e-11
1.88368e-10
5.6978e-11
1.78318e-10
4.90483e-11
6.04995e-11
2.21786e-12
1.24982e-11
-5.12205e-11
1.46317e-15
-2.59072e-11
3.18657e-16
-6.26931e-17
2.11729e-16
-6.1502e-17
1.65678e-16
-4.74754e-17
1.4788e-16
-3.72979e-17
-1.61431e-17
1.39787e-16
5.28183e-15
2.22757e-12
1.25842e-11
1.1312e-13
7.43461e-10
2.52865e-11
8.14991e-10
2.17645e-11
7.74375e-10
-5.60757e-18
7.6256e-10
-2.37875e-17
4.45539e-16
-6.02155e-17
3.58507e-16
-5.25751e-17
3.00709e-16
-5.26974e-17
2.48996e-16
-3.87155e-17
2.10414e-16
-2.69108e-17
1.88472e-16
-1.27996e-17
1.18157e-17
-4.57177e-18
1.14341e-17
-2.01588e-18
1.09442e-17
3.55228e-19
9.99073e-18
8.23626e-19
6.24484e-07
1.25244e-16
1.28407e-06
4.82224e-08
2.09179e-06
3.1077e-07
1.95692e-06
-9.71713e-08
1.65747e-06
-2.28827e-07
1.67196e-06
-1.00971e-07
2.15237e-06
-6.17654e-09
2.3472e-07
3.06358e-06
6.66712e-17
-8.39359e-18
6.21041e-17
-2.26198e-18
5.51118e-17
3.16599e-18
5.54101e-17
6.62297e-18
1.54158e-16
3.90732e-17
4.82224e-08
4.24962e-17
6.96849e-07
1.38182e-16
6.30793e-07
1.82263e-17
2.4249e-07
-6.74284e-18
3.76785e-08
-8.71834e-17
3.15019e-08
-9.98605e-18
2.27479e-08
2.25182e-06
1.31244e-16
-1.1625e-17
1.22278e-16
-2.24072e-18
1.10386e-16
7.72959e-18
9.90623e-17
1.41338e-17
1.13885e-16
2.74329e-17
1.40813e-16
3.67529e-17
2.26562e-16
5.68433e-17
1.99919e-16
4.46824e-17
1.65113e-16
2.92269e-17
6.82521e-17
9.67788e-18
5.32676e-17
4.99844e-18
2.30223e-08
4.34117e-07
1.72877e-16
-8.71676e-18
1.60826e-16
5.24028e-19
1.47608e-16
1.34831e-17
1.3269e-16
2.29896e-17
1.24186e-16
3.23245e-17
1.28182e-16
3.68511e-17
1.44877e-16
3.98894e-17
1.20013e-16
6.9546e-17
1.09592e-16
3.9648e-17
9.93278e-17
1.99422e-17
9.31994e-17
1.11268e-17
3.4838e-07
-4.7605e-08
2.86497e-06
5.16307e-07
2.61729e-06
2.5372e-07
2.48293e-06
-1.1778e-07
2.39548e-06
-1.87998e-07
5.04877e-07
6.58411e-07
3.8698e-07
4.80794e-07
4.27824e-07
2.02332e-08
2.18123e-07
-5.48455e-08
6.65262e-07
-3.16628e-08
1.99915e-06
-1.4515e-07
3.63353e-06
-2.72572e-07
4.91676e-07
2.96747e-06
2.82741e-07
3.05012e-06
1.81605e-07
2.75822e-06
9.42566e-08
2.54731e-06
-3.38797e-09
2.48454e-06
6.89938e-07
1.92987e-06
2.04583e-07
1.13463e-07
-5.12662e-08
1.87539e-07
-1.37768e-08
5.28024e-07
-1.41422e-08
6.20754e-07
-1.22736e-07
1.72262e-06
-9.25672e-08
-3.1859e-08
1.38906e-06
-6.91485e-08
1.63904e-06
-4.71509e-08
1.73298e-06
-1.1665e-08
2.14683e-06
-5.74278e-08
2.10368e-06
9.8144e-08
6.78579e-07
-1.10008e-07
8.82868e-07
-4.38929e-07
1.04613e-06
-4.20054e-07
1.26921e-06
-3.91675e-07
1.86346e-06
-3.5087e-07
2.16407e-06
-7.19958e-07
-4.48673e-07
1.72108e-06
-8.8659e-07
2.29404e-06
-4.46206e-07
2.44169e-06
-1.91362e-07
2.78402e-06
-4.40006e-07
3.55211e-06
-2.94321e-07
5.12681e-06
-1.01379e-06
5.78655e-06
-1.21682e-06
6.00446e-06
-1.12399e-06
6.18868e-06
-9.52847e-07
6.7144e-06
-6.84312e-07
7.07502e-06
-6.63024e-07
-2.55839e-07
-2.36647e-06
-7.4885e-07
2.52317e-06
-2.19971e-06
-7.26991e-07
-2.24516e-06
-5.53079e-07
-2.4803e-06
-4.97042e-07
-2.70426e-06
-4.65951e-07
-2.85347e-06
-3.8916e-07
-2.91389e-06
-3.73778e-07
-3.19244e-06
4.79499e-07
-3.40925e-06
6.68291e-07
-3.50601e-06
7.79155e-07
-3.31186e-06
6.71755e-07
3.53905e-07
-2.65905e-06
-2.46416e-06
-8.59618e-07
2.57492e-06
-2.32276e-06
-8.54639e-07
-2.30866e-06
-3.11459e-07
-2.06853e-06
-7.00905e-08
-1.84704e-06
-5.36055e-08
-1.99833e-06
-5.42125e-08
-2.20119e-06
-1.86211e-08
-2.02076e-06
8.01112e-08
-1.54251e-06
3.04327e-08
-9.17498e-07
1.76437e-10
-3.55213e-07
8.513e-17
9.81716e-17
-6.57125e-08
-1.96309e-06
-3.22236e-07
2.30069e-06
-1.14446e-06
-2.00682e-07
-3.15392e-07
-8.48145e-10
-6.61376e-08
-1.9646e-16
-6.55627e-08
-9.3408e-18
-8.58954e-08
-3.46549e-17
-7.98299e-08
1.15509e-17
-2.78363e-08
2.93921e-17
-1.76437e-10
4.52079e-17
-1.23311e-16
5.46103e-17
-1.10355e-16
5.34593e-17
3.40613e-17
-7.55349e-17
-8.51437e-08
4.63843e-07
-4.15594e-10
-1.90602e-10
-2.6967e-09
-5.92499e-17
-1.03875e-09
-5.33449e-17
3.65529e-18
-5.63293e-17
3.32469e-18
-8.42121e-17
2.50348e-18
-7.87138e-17
8.7323e-18
-7.22901e-17
1.8363e-17
-6.05548e-17
2.68904e-17
-4.97654e-17
2.95813e-17
-4.20914e-17
2.62059e-17
-5.89429e-17
1.96376e-17
-1.969e-06
6.57125e-08
-1.39363e-06
2.68862e-09
-9.41058e-07
1.03324e-16
-5.62575e-07
6.34594e-17
-6.12e-07
-1.25142e-13
-1.14094e-06
-1.06716e-09
-1.51529e-06
1.21254e-09
-1.3311e-06
2.87256e-08
-7.34512e-07
-2.22121e-09
-5.21256e-08
-2.81773e-08
-7.14559e-17
-2.13544e-08
-4.91491e-08
-7.14609e-17
-1.74554e-16
1.02012e-18
-1.06818e-16
1.71368e-17
-4.6592e-17
1.10589e-17
-2.38624e-18
3.10879e-18
-3.435e-18
-1.25163e-13
-1.06577e-09
-1.38712e-12
-1.91332e-09
-4.42429e-11
-1.40776e-09
-3.28643e-11
-5.11604e-09
-1.06375e-11
-2.1121e-08
-8.98387e-10
-2.03216e-08
-1.8807e-08
-3.05185e-08
-3.10808e-08
-7.99688e-17
-2.09782e-17
-6.84122e-17
-1.59313e-17
-6.01152e-17
1.37756e-19
-1.09172e-16
1.27546e-18
-1.38593e-11
-1.03208e-14
-8.10057e-12
-2.45643e-17
-7.65821e-12
-2.69344e-13
7.73735e-12
-2.96577e-12
-1.86691e-09
2.88869e-11
-1.9922e-08
7.36913e-12
-2.92832e-08
-9.7887e-09
-1.43154e-08
-4.51433e-08
-1.2531e-16
-1.52374e-17
-3.45819e-16
-2.81448e-17
-1.64469e-15
-3.78621e-17
-2.67648e-15
-2.40746e-17
-2.69739e-15
6.43519e-18
-4.0061e-16
1.02007e-16
5.21844e-13
4.05098e-13
2.36902e-11
6.26846e-12
-2.605e-10
1.35341e-11
-4.77324e-09
-7.09796e-12
-7.08913e-09
-6.13038e-18
-1.44468e-17
-3.61234e-17
-8.43624e-17
-3.76745e-08
-8.43688e-17
-1.94882e-08
-8.86042e-17
-1.80905e-09
-1.03427e-16
-3.90778e-17
-3.67721e-09
-4.5955e-10
-2.75807e-09
-4.3756e-10
-2.85457e-09
3.58733e-10
-1.91754e-09
3.49474e-10
-1.36733e-10
-5.4532e-13
-2.49947e-16
-1.57645e-13
-2.44858e-16
1.1337e-16
-1.40285e-13
-2.35472e-16
-3.57698e-08
-2.31801e-08
-1.34198e-08
-1.88667e-08
-8.80704e-10
-4.78647e-12
-8.805e-10
-2.03741e-13
-7.09591e-09
-3.60491e-10
-6.06674e-09
2.98285e-10
-2.32427e-10
1.695e-09
-3.51026e-16
1.17051e-10
-5.46274e-13
1.44493e-16
-8.67238e-13
2.37269e-13
-6.3991e-13
4.0158e-13
1.96536e-13
-9.63603e-17
-6.78905e-08
-1.11793e-17
-1.04543e-09
-3.18276e-09
-2.82412e-11
-1.06309e-09
9.08359e-11
-6.4618e-10
-1.35425e-08
-1.83943e-10
-1.40111e-08
1.03576e-09
-1.23692e-08
1.09163e-09
-2.40064e-13
2.26793e-09
-2.3978e-13
1.18935e-16
-4.67372e-13
1.06834e-13
-5.26074e-13
1.11391e-13
4.70348e-14
-3.49027e-13
-2.94863e-17
-1.72434e-17
-3.18153e-09
-1.23126e-12
-4.18107e-09
-3.47683e-10
-2.06951e-09
-5.38111e-11
-2.75506e-09
-9.305e-12
-8.43139e-09
-2.57005e-11
-1.10549e-08
5.93526e-10
-2.1108e-16
1.09649e-09
-2.40298e-16
9.61848e-17
-9.87646e-15
2.60003e-14
-7.11814e-15
5.0681e-15
-1.34257e-22
5.52328e-17
-2.27355e-08
3.29745e-17
-1.61675e-08
-3.23109e-15
-7.81525e-18
3.942e-17
-9.42166e-19
-3.29487e-20
-1.84191e-18
-5.38683e-19
-3.11097e-18
-2.41655e-18
-4.4664e-18
-7.51212e-18
-4.92845e-18
-1.81219e-17
-1.81631e-20
-3.84309e-17
-1.98158e-20
-7.05444e-17
-2.12965e-20
-1.14854e-16
-1.41989e-16
-3.27755e-19
-6.95264e-17
4.98845e-18
-4.88747e-17
-3.23171e-15
-5.19761e-19
-1.8002e-20
-1.68319e-18
-6.88869e-20
-3.51156e-18
-3.86165e-19
-7.30154e-18
-1.42589e-18
-1.54637e-17
-4.02286e-18
-3.37198e-17
-9.30038e-18
-7.32678e-17
-1.94092e-17
-1.43562e-16
-3.63951e-17
-2.39834e-16
-6.02214e-17
-8.13291e-17
-3.1314e-16
-2.74263e-13
-3.2497e-23
-4.20203e-18
-1.08087e-20
-1.95942e-19
-4.79989e-21
-6.05399e-19
-2.22744e-20
-1.56904e-18
-9.4883e-20
-3.80364e-18
-3.4427e-19
-8.8133e-18
-1.08212e-18
-2.02672e-17
-3.15308e-18
-4.56321e-17
-8.78823e-18
-9.31664e-17
-2.15601e-17
-1.64438e-16
-4.3205e-17
-6.57255e-17
-2.41002e-16
-1.18143e-22
-7.66494e-23
-1.03421e-20
-3.61449e-22
-3.48982e-20
-1.60287e-21
-1.16063e-19
-6.9448e-21
-3.68809e-19
-2.65022e-20
-1.12431e-18
-8.80616e-20
-3.45916e-18
-2.69855e-19
-1.08759e-17
-8.65007e-19
-3.21887e-17
-3.16085e-18
-8.04716e-17
-1.14572e-17
-1.5907e-16
-3.45481e-17
-2.44141e-16
-7.98665e-17
-1.19448e-16
-1.77375e-16
-9.13692e-17
-1.28219e-16
-2.06322e-16
-4.68193e-17
-5.78319e-11
-1.75527e-12
-1.97719e-10
6.23075e-13
-2.05117e-10
3.54253e-11
-3.58827e-10
-1.52982e-11
-4.28149e-10
-5.97528e-11
-1.50881e-10
-8.00914e-11
-2.26107e-10
3.06337e-11
-1.71838e-10
3.30735e-11
3.10736e-11
-1.26695e-10
-3.25423e-16
-1.04461e-16
-1.45751e-16
-8.81216e-17
-2.69192e-16
-4.1737e-17
-2.46975e-11
-1.01115e-12
-1.02314e-10
-5.01227e-13
-1.32908e-10
-4.47112e-13
-1.08454e-10
-1.22747e-12
-9.01547e-11
-1.10106e-11
-9.91513e-11
-6.28184e-12
-9.77989e-11
1.82471e-11
-4.8e-11
1.86663e-12
7.96381e-17
-1.14547e-11
-2.69587e-16
-8.33076e-17
-1.9579e-16
-7.3031e-17
6.66286e-14
-6.70067e-14
-2.40198e-11
-1.19351e-13
-3.57503e-11
-1.23562e-13
-3.75403e-11
6.03687e-13
-8.54939e-12
5.12406e-17
-4.4693e-14
5.6018e-17
-6.3266e-12
8.06703e-17
-1.8666e-12
8.65732e-17
-6.75253e-17
7.37456e-17
3.5835e-17
-3.76404e-17
-2.99421e-16
-1.84412e-16
1.01026e-15
-1.55529e-15
-1.22123e-12
-1.46321e-14
-1.39745e-12
-5.74172e-15
-6.03757e-13
1.12469e-14
-9.55738e-17
2.37704e-17
-8.23986e-17
3.39877e-17
-7.11279e-17
3.95126e-17
-6.13001e-17
4.29778e-17
-3.96452e-17
4.36938e-17
-1.60305e-17
3.03032e-17
-4.6247e-19
1.13845e-17
-9.99906e-11
1.00304e-11
-5.37662e-11
5.77692e-12
-1.91696e-11
8.11782e-13
-2.7839e-17
-6.35744e-18
-2.17459e-17
-1.1486e-17
-1.71092e-17
-2.86391e-17
-2.84599e-17
-4.86403e-17
-2.2695e-17
-6.07942e-17
-1.8863e-17
-5.85358e-17
-1.66513e-17
-4.38808e-17
-1.86119e-17
-2.90907e-17
-1.39668e-17
-2.17042e-17
-5.35941e-12
1.86797e-17
-8.11771e-13
3.3954e-17
-1.11954e-17
-4.46841e-19
-1.81775e-17
-4.04746e-18
-2.25484e-17
-1.34408e-17
-2.65951e-17
-3.02141e-17
-2.94545e-17
-5.00751e-17
-2.99192e-17
-6.32748e-17
-2.90795e-17
-6.19548e-17
-2.92846e-17
-4.73689e-17
-3.36404e-17
-2.97496e-17
-1.09816e-17
-4.16947e-17
-2.5644e-17
-5.68103e-20
-4.53539e-18
-1.95358e-19
-7.52719e-18
-9.53882e-19
-1.24362e-17
-3.99553e-18
-1.95271e-17
-1.20997e-17
-2.83116e-17
-2.71316e-17
-3.65494e-17
-4.64852e-17
-4.15322e-17
-6.15012e-17
-4.37691e-17
-6.23358e-17
-4.74114e-17
-4.7371e-17
-5.68181e-17
-2.55297e-17
-1.50722e-18
-7.26146e-17
-8.94942e-19
-5.62924e-20
-1.97044e-18
-1.93467e-19
-4.40296e-18
-7.5811e-19
-9.31203e-18
-2.92687e-18
-1.77443e-17
-8.97455e-18
-2.95068e-17
-2.12017e-17
-4.21205e-17
-3.8912e-17
-5.18331e-17
-5.51804e-17
-5.76253e-17
-5.86222e-17
-6.38582e-17
-4.30238e-17
-7.36761e-17
-1.64157e-17
-8.27981e-17
1.01235e-17
-2.89878e-17
-5.19874e-18
-3.75924e-17
6.93861e-18
-4.54318e-17
2.03848e-17
-5.27972e-17
3.28276e-17
-5.62799e-17
4.11745e-17
-1.20405e-16
1.05924e-16
-3.34796e-07
3.34796e-07
-1.0857e-06
1.0195e-06
-1.86759e-06
1.07449e-06
-2.31311e-06
7.4785e-07
-2.39528e-06
2.61323e-07
-2.83383e-07
-2.1595e-06
-5.35468e-17
2.60506e-18
-6.79031e-17
1.77288e-17
-8.48149e-17
3.66996e-17
-1.04673e-16
5.7053e-17
-1.81851e-07
1.81851e-07
-1.19992e-06
1.05055e-06
-2.19831e-06
1.48065e-06
-2.26948e-06
1.18077e-06
-1.98231e-06
7.8732e-07
-1.71364e-06
4.79178e-07
-1.59741e-06
1.45099e-07
-3.01843e-07
-1.57895e-06
-9.04652e-17
1.38855e-17
-7.50495e-17
3.33347e-17
-1.40618e-16
1.01336e-16
-2.46998e-07
2.46998e-07
-1.73976e-06
1.44857e-06
-2.32222e-06
1.59815e-06
-2.00477e-06
1.1632e-06
-1.6128e-06
7.88801e-07
-1.28495e-06
4.59467e-07
-1.08863e-06
2.82861e-07
-1.0488e-06
1.05265e-07
-2.12787e-07
-1.13785e-06
-9.14317e-17
2.2939e-17
-1.28031e-09
1.28031e-09
-3.02723e-07
2.7137e-07
-1.90298e-06
1.48263e-06
-2.21781e-06
1.6308e-06
-1.85128e-06
1.23163e-06
-1.43112e-06
7.43035e-07
-1.05517e-06
4.12852e-07
-7.80936e-07
1.85229e-07
-6.18763e-07
1.20689e-07
-5.74377e-07
6.08793e-08
-7.40969e-07
-4.61955e-08
-2.26869e-06
-7.77404e-07
-2.1441e-06
-5.70796e-07
-1.85343e-06
-4.82028e-07
-1.68863e-06
-6.04806e-07
-1.32043e-06
-6.62518e-07
-1.30728e-06
-1.02694e-06
-1.46078e-06
-1.06333e-06
-1.61513e-06
-9.69635e-07
-1.81211e-06
-7.5587e-07
-2.03306e-06
-4.63363e-07
-2.42843e-06
-2.6765e-07
-1.61099e-07
-1.55287e-06
-8.03485e-07
-1.40589e-06
-7.1778e-07
-1.23136e-06
-6.56554e-07
-1.14328e-06
-6.92882e-07
-1.06461e-06
-7.41193e-07
-1.1824e-06
-9.09149e-07
-1.36807e-06
-8.77653e-07
-1.57638e-06
-7.61327e-07
-1.81095e-06
-5.21298e-07
-2.06913e-06
-2.05183e-07
-2.39391e-06
5.71177e-08
1.99174e-08
-1.08858e-06
-8.52756e-07
-9.87426e-07
-8.18936e-07
-9.26134e-07
-7.17846e-07
-9.34594e-07
-6.84421e-07
-9.83381e-07
-6.92406e-07
-1.13389e-06
-7.5864e-07
-1.30596e-06
-7.05588e-07
-1.48244e-06
-5.84845e-07
-1.65109e-06
-3.52647e-07
-1.82462e-06
-3.1657e-08
-2.09509e-06
3.27593e-07
2.70452e-07
-7.19546e-07
-8.74179e-07
-7.18891e-07
-8.19591e-07
-7.48443e-07
-6.88294e-07
-8.16643e-07
-6.16221e-07
-9.14843e-07
-5.94207e-07
-1.06152e-06
-6.11966e-07
-1.20068e-06
-5.66429e-07
-1.30895e-06
-4.76571e-07
-1.35413e-06
-3.07463e-07
-1.32035e-06
-6.54439e-08
-1.24322e-06
2.9163e-07
1.68979e-07
-4.00158e-12
-6.8343e-10
1.83664e-10
-3.73451e-09
-6.99879e-16
-4.96798e-17
1.64397e-10
-5.86507e-17
7.86503e-18
-4.67438e-17
6.88249e-18
-3.79608e-17
3.31978e-18
-3.16462e-17
4.5351e-18
-2.60565e-17
8.0488e-18
-2.04041e-17
1.11662e-17
-1.33093e-17
1.1942e-17
-6.09034e-18
7.56587e-18
8.52778e-19
-1.54176e-11
2.23602e-08
-2.14068e-09
-1.54183e-11
3.08797e-18
2.04325e-13
-1.64287e-17
-9.03444e-17
2.50911e-16
-2.63569e-17
3.80279e-18
-1.8364e-17
1.94789e-18
-1.26463e-17
1.86903e-18
-8.66397e-18
3.12146e-18
-5.46587e-18
4.00819e-18
-2.30912e-18
3.64895e-18
-2.43301e-19
1.40057e-18
-3.045e-20
-1.57259e-18
3.32413e-11
2.2327e-08
-1.17876e-17
5.18922e-18
-2.59542e-17
1.43391e-17
-1.44744e-17
1.51958e-17
-1.67826e-17
3.62215e-18
-1.17706e-17
8.74508e-19
-7.09458e-18
5.06872e-19
-3.775e-18
1.40333e-18
-1.62562e-18
1.75068e-18
-3.83903e-19
1.21021e-18
-1.21233e-20
2.45655e-19
-2.42626e-20
-5.51017e-18
1.37861e-08
5.77528e-08
-2.1118e-18
5.64884e-18
-9.11125e-18
1.79846e-17
-3.49462e-14
3.54191e-14
-9.50816e-18
9.30867e-13
-8.28443e-18
2.64382e-20
-4.79663e-18
-6.05046e-19
-2.18006e-18
4.2801e-19
-6.6975e-19
9.11923e-19
-8.13703e-20
5.50772e-19
1.13954e-20
5.83824e-20
-1.41428e-20
-5.93502e-13
1.00105e-07
1.55831e-07
-5.93506e-13
5.28976e-18
-2.30896e-12
2.60122e-12
-4.18715e-12
6.59899e-12
-6.15437e-18
3.02124e-12
-5.03844e-18
-4.54942e-19
-2.79766e-18
-1.40717e-18
-1.11468e-18
-2.99487e-19
-2.49419e-19
3.36738e-19
-5.69561e-21
2.30651e-19
2.51065e-20
8.14679e-21
-5.44557e-21
-3.17554e-13
1.067e-07
3.94224e-07
-3.17118e-13
1.09117e-17
-1.8138e-12
1.22936e-12
-1.98697e-12
7.14175e-12
-3.31443e-18
1.07665e-12
-2.40883e-18
-7.20513e-19
-1.23105e-18
-1.74411e-18
-4.16103e-19
-5.68231e-19
-5.7073e-20
1.66971e-20
3.73149e-20
6.91512e-20
1.54286e-20
-1.21522e-21
-1.42111e-21
-1.2579e-14
-6.26373e-08
6.07652e-07
-1.76137e-14
4.59168e-15
-2.89456e-13
1.56491e-13
-1.79393e-13
2.54203e-17
-1.49095e-18
8.68612e-18
-5.78041e-19
-9.94573e-19
-2.91843e-19
-1.40138e-18
-8.1236e-20
-4.62122e-19
4.46019e-21
-4.20447e-20
2.97701e-20
1.14548e-20
6.22568e-21
-7.42479e-22
-2.49558e-22
-1.65519e-07
-2.36333e-07
6.59888e-07
-1.56487e-13
1.24939e-07
-1.088e-18
4.48459e-18
3.63619e-19
1.33772e-17
1.45085e-18
5.85311e-18
6.69741e-19
-7.40437e-19
2.18704e-19
-8.8635e-19
5.42387e-20
-2.43429e-19
2.94546e-20
-2.25184e-20
1.23523e-20
-1.17491e-22
1.67645e-21
-1.54324e-22
-2.98244e-23
-4.5476e-07
-2.84009e-07
6.26625e-07
-1.53479e-18
5.61682e-08
-4.90254e-19
3.54226e-18
5.47888e-19
4.7314e-18
1.81456e-18
2.70403e-18
1.18108e-18
-4.38642e-19
3.99032e-19
-3.7328e-19
8.06717e-20
-7.02973e-20
1.55693e-20
-4.54196e-21
3.05627e-21
-9.25778e-23
2.75119e-22
-1.49288e-23
-2.19446e-24
-5.52831e-07
-2.36591e-07
5.33852e-07
-5.23389e-08
-1.11065e-07
-2.58313e-18
1.1873e-08
3.29161e-19
1.81911e-18
2.25955e-18
1.84005e-18
1.11849e-18
-1.28694e-19
2.79067e-19
-6.81179e-20
3.86e-20
-6.40113e-21
4.01268e-21
-2.00578e-22
3.92289e-22
-3.76408e-24
2.57246e-23
-5.34318e-25
-6.64032e-26
-4.93473e-07
-1.22868e-07
3.7975e-07
-1.71157e-07
-1.52848e-07
-8.05957e-19
4.99765e-08
2.33132e-19
7.80018e-19
1.47834e-18
5.10544e-19
5.1815e-19
-5.78055e-21
8.46139e-20
-6.91549e-22
6.38668e-21
-1.16668e-23
3.16534e-22
-7.08604e-26
1.59625e-23
-9.30869e-27
1.08208e-24
-3.03845e-27
-3.47225e-28
-2.78483e-07
1.55615e-07
-2.56087e-07
-6.69274e-19
1.10744e-19
3.08567e-19
3.6989e-20
1.5956e-21
2.62787e-23
2.74737e-25
5.47678e-26
8.25884e-27
-3.91569e-17
-1.03952e-18
-1.89836e-16
-3.56488e-18
-6.53687e-16
-4.91658e-18
-1.34795e-15
-1.70631e-18
8.95721e-18
4.83746e-17
1.3489e-15
9.80362e-17
-5.75519e-11
1.40807e-12
-5.52379e-11
1.75109e-11
-3.78762e-11
6.17046e-12
-6.76506e-18
1.29447e-13
-8.14026e-18
-4.52545e-18
-1.57756e-17
-2.87178e-17
-2.81162e-18
-2.42433e-19
-1.29201e-17
-1.60802e-18
-2.27165e-17
-4.07366e-18
-2.60588e-17
-2.2441e-18
1.23076e-14
2.70504e-16
-7.039e-14
7.62299e-15
-1.85536e-12
7.67944e-16
-1.87203e-12
1.34223e-17
-1.29446e-13
1.61799e-17
-1.481e-17
2.70755e-18
-3.26765e-17
-7.25823e-18
-4.27736e-17
-6.08819e-17
-1.03016e-18
-1.28012e-21
-8.38994e-18
-1.20559e-20
-3.64622e-17
-3.84924e-20
-1.67492e-16
4.33196e-19
-1.07406e-15
3.61566e-17
-7.66136e-16
-1.2496e-16
-1.65422e-17
1.05945e-17
-1.98339e-17
8.49459e-18
-1.80436e-17
9.03089e-18
-4.48701e-17
4.58688e-18
-1.17009e-16
-2.34001e-19
-5.57388e-18
-3.11332e-16
-7.24167e-21
-5.63858e-23
-7.74062e-20
-8.93174e-22
-4.87592e-19
-3.75293e-21
-4.1018e-18
5.8257e-20
-1.52347e-17
1.51796e-18
-2.34645e-17
8.29027e-18
-6.87048e-18
1.57372e-17
-9.11915e-18
4.90224e-18
-1.05659e-17
5.86779e-18
-1.2578e-17
4.43814e-18
-1.9452e-17
1.40042e-18
-1.12793e-18
-3.97097e-17
-5.55116e-22
-1.15676e-24
-9.04419e-21
-2.74772e-23
-6.85704e-20
-1.08151e-22
-3.604e-19
1.93507e-20
-1.48867e-18
2.09307e-19
-3.20871e-18
1.20278e-18
-3.63668e-18
3.14681e-18
-4.78808e-18
3.86682e-18
-5.15188e-18
4.808e-18
-4.96944e-18
3.78624e-18
-4.68228e-18
1.52054e-18
-2.94131e-19
-4.7054e-18
-1.99856e-23
-9.68274e-27
-4.7406e-22
-3.13542e-25
-5.36079e-21
3.1527e-23
-3.86445e-20
2.78011e-21
-1.67348e-19
3.44464e-20
-4.46162e-19
2.07629e-19
-7.69381e-19
7.08282e-19
-1.02456e-18
1.46651e-18
-1.07695e-18
2.15359e-18
-1.04261e-18
2.05666e-18
-1.02829e-18
1.09879e-18
-2.23827e-20
-9.36375e-19
-3.48352e-25
-1.40055e-29
-1.24471e-23
9.15833e-27
-2.31706e-22
5.00413e-24
-2.33232e-21
2.07736e-22
-1.1553e-20
3.41027e-21
-2.93638e-20
2.62787e-20
-3.00985e-20
1.12727e-19
1.9678e-20
2.98544e-19
1.26997e-19
5.30228e-19
2.89392e-19
6.21428e-19
4.03667e-19
4.22476e-19
2.39044e-20
3.68171e-19
-2.2672e-27
1.82214e-29
-1.47248e-25
2.26983e-27
-4.59962e-24
1.51593e-25
-5.37622e-23
8.02767e-24
-1.14903e-22
1.84358e-22
3.57367e-22
1.89594e-21
4.46074e-21
1.04338e-20
2.33334e-20
3.39143e-20
7.3732e-20
7.13005e-20
1.61362e-19
9.85577e-20
2.58824e-19
7.93672e-20
7.47667e-21
2.93036e-19
-3.70863e-30
9.98803e-32
-4.30992e-28
1.70764e-29
-1.14102e-26
1.69751e-27
3.62799e-26
1.47417e-25
2.98775e-24
5.25089e-24
6.57005e-23
7.49217e-23
6.28332e-22
5.19847e-22
3.29409e-21
2.02496e-21
1.10806e-20
4.92113e-21
2.6335e-20
7.64823e-21
4.60378e-20
6.72115e-21
5.37042e-22
5.41641e-20
1.00501e-34
3.15477e-34
2.77705e-32
4.7837e-32
7.26829e-30
7.46842e-30
1.65963e-27
1.25915e-27
1.18153e-25
6.86047e-26
2.90566e-24
1.32845e-24
3.15708e-23
1.15225e-23
1.8558e-22
5.30606e-23
6.8386e-22
1.45333e-22
1.72351e-21
2.41502e-22
3.0667e-21
2.11329e-22
3.80913e-24
3.34591e-21
5.98525e-37
3.97848e-37
1.06371e-34
4.17875e-35
3.63984e-32
9.68559e-33
1.37377e-29
3.05373e-30
1.34966e-27
2.48012e-28
4.18262e-26
6.36409e-27
5.4233e-25
6.834e-26
3.63951e-24
3.68353e-25
1.45695e-23
1.11002e-24
3.74697e-23
1.86852e-24
6.22081e-23
1.43635e-24
-4.86024e-28
5.37911e-23
5.29968e-40
5.61856e-38
2.58381e-35
1.67337e-32
2.31672e-30
9.15022e-29
1.42599e-27
1.09246e-26
4.6733e-26
1.17247e-25
1.63742e-25
9.42413e-26
-1.80623e-17
-2.97029e-17
-6.72694e-12
-3.424e-16
-4.05225e-10
-7.94778e-16
-4.42011e-10
-1.18638e-11
-7.10505e-11
-2.3062e-13
-2.86364e-10
-6.21669e-13
-6.13475e-10
5.28008e-12
-4.32423e-10
-1.0976e-11
-4.37994e-11
8.36398e-11
-4.86615e-15
7.12556e-13
-8.04534e-18
1.17665e-16
6.20266e-20
-4.74635e-17
-1.31812e-16
-5.25172e-17
-3.47975e-16
-7.14862e-17
-7.73521e-16
-1.18633e-11
-5.33986e-16
-1.92518e-11
-7.35076e-14
-5.48768e-12
3.05603e-13
-3.6338e-15
-2.82509e-14
-1.11516e-11
5.56769e-17
-7.6931e-12
-4.81739e-14
-2.60838e-12
1.79404e-12
-1.01626e-18
7.26803e-14
-9.71071e-19
-9.34782e-16
-1.62413e-17
-2.9475e-15
-3.62225e-17
-2.66167e-15
-6.04748e-17
-9.16357e-15
-1.63352e-16
-1.68603e-13
-3.85809e-17
-2.08549e-13
-3.47384e-15
-3.02399e-15
3.19567e-14
-1.77253e-15
8.5028e-16
-4.99772e-14
6.0118e-17
-1.56776e-14
1.16369e-17
-2.81791e-19
-8.22599e-20
-1.93511e-21
-8.96558e-17
-2.28002e-18
-1.89668e-16
-3.15107e-18
-3.59467e-16
-4.25013e-18
-4.9965e-16
-5.00186e-18
-1.54244e-16
-3.97736e-18
-2.56622e-15
-1.0158e-18
-6.79015e-16
1.9064e-16
-7.37612e-17
1.51015e-16
-2.99944e-18
2.62844e-17
-2.67149e-19
8.93708e-19
2.08722e-20
-2.26507e-22
-1.16726e-23
-5.80059e-18
-9.40115e-19
-8.85574e-18
-8.43541e-19
-1.3889e-17
-5.07989e-19
-1.76873e-17
-3.29465e-19
-1.47552e-17
-2.30425e-19
-9.70924e-18
-9.90137e-20
-1.98085e-17
-3.66203e-21
-4.51714e-18
1.53883e-18
-5.25446e-21
8.80545e-19
5.49535e-22
-1.2558e-23
7.92438e-23
-1.89943e-24
-7.17954e-26
-7.15178e-19
-3.63697e-19
-4.72741e-19
-3.43863e-19
-3.76036e-19
-1.26305e-19
-3.42199e-19
-3.70829e-20
-2.15866e-19
-9.03644e-21
-1.90241e-20
-3.04496e-21
-4.66571e-20
-9.92647e-23
-2.17679e-20
-3.11833e-24
4.6861e-21
-7.3359e-25
3.80541e-23
-9.25379e-26
6.35893e-25
-1.64341e-26
-7.12385e-28
2.09141e-19
-7.88879e-20
6.1274e-20
-8.5755e-20
3.14325e-21
-2.48486e-20
-5.99301e-22
-4.54946e-21
-3.74531e-22
-5.25232e-22
-1.06606e-23
-4.74313e-23
1.10903e-23
-2.42591e-24
2.88553e-24
-1.01512e-25
1.84681e-24
-7.89866e-27
1.08877e-25
-1.24753e-27
5.53435e-27
-2.78185e-28
-1.3447e-29
2.31693e-19
-7.90334e-21
1.22571e-19
-9.20174e-21
2.39811e-20
-2.78007e-21
3.49188e-21
-4.20811e-22
3.59306e-22
-3.85643e-23
3.31209e-23
-2.22217e-24
2.07613e-24
-8.4105e-26
1.31441e-25
-2.44051e-27
1.30252e-26
-1.05603e-28
1.29863e-27
-1.64055e-29
1.00162e-28
-4.74656e-30
-2.29115e-31
4.49487e-20
-3.02842e-22
2.56508e-20
-3.44238e-22
5.32455e-21
-1.07319e-22
6.45623e-22
-1.53027e-23
5.17744e-23
-1.20228e-24
2.84754e-24
-5.4572e-26
1.14287e-25
-1.47577e-27
3.94858e-27
-2.64304e-29
1.80345e-28
-6.51606e-31
1.82999e-29
-1.10483e-31
1.98081e-30
-4.56612e-32
-2.20901e-33
2.70943e-21
-3.06882e-24
1.53035e-21
-3.12077e-24
3.293e-22
-8.65525e-25
3.75255e-23
-1.05482e-25
2.55043e-24
-6.77074e-27
1.07705e-25
-2.42239e-28
2.93636e-27
-5.00435e-30
5.73646e-29
-6.46176e-32
1.37841e-30
-1.1082e-33
1.52244e-31
-2.57127e-34
2.45091e-32
-1.58575e-34
-7.87184e-36
4.04466e-23
-3.04691e-27
2.1162e-23
-2.37723e-27
4.10527e-24
-3.87912e-28
4.02534e-25
-2.64775e-29
2.2373e-26
-9.37515e-31
7.42062e-28
-1.83946e-32
1.52623e-29
-2.10481e-34
2.08881e-31
-1.82952e-36
3.36223e-33
-1.22748e-37
4.98928e-34
-8.51312e-38
1.23105e-34
-7.37986e-38
-3.8092e-39
5.34359e-26
2.28553e-26
2.68595e-27
1.50451e-28
4.66757e-30
8.58545e-32
9.87763e-34
9.13952e-36
5.64335e-37
2.39838e-37
8.60435e-38
-2.80848e-22
-3.70693e-24
-1.80215e-21
-5.60661e-23
-8.12605e-21
-3.83246e-22
-3.06051e-20
-1.86159e-21
-1.0139e-19
-7.12897e-21
-3.18968e-19
-2.25214e-20
-1.10069e-18
-6.04178e-20
-4.57104e-18
-1.41533e-19
-2.00117e-17
-3.07911e-19
-7.57562e-17
-6.77184e-19
-2.28022e-16
-1.56384e-18
-3.41888e-18
-6.65395e-16
-2.46492e-23
-1.62216e-25
-3.04897e-22
-5.44334e-24
-1.94365e-21
-5.71525e-23
-8.60993e-21
-3.39008e-22
-2.9327e-20
-1.4504e-21
-8.28593e-20
-4.96435e-21
-2.09524e-19
-1.38982e-20
-5.16917e-19
-3.16715e-20
-1.3683e-18
-5.98505e-20
-3.96877e-18
-9.77658e-20
-1.12872e-17
-1.49391e-19
-2.30777e-19
-2.60838e-17
-1.93222e-24
-4.55139e-27
-3.9824e-23
-3.02845e-25
-3.56574e-22
-4.73384e-24
-1.97005e-21
-3.52761e-23
-7.65586e-21
-1.7707e-22
-2.27218e-20
-7.11835e-22
-5.52515e-20
-2.35235e-21
-1.16857e-19
-6.09823e-21
-2.27073e-19
-1.22375e-20
-4.317e-19
-1.9472e-20
-8.56837e-19
-2.60109e-20
-3.12069e-20
-1.77248e-18
-1.05229e-25
-5.15436e-29
-3.32608e-24
-8.26703e-27
-4.10674e-23
-1.95864e-25
-2.91942e-22
-1.82987e-24
-1.38995e-21
-1.0637e-23
-4.81499e-21
-5.13968e-23
-1.29043e-20
-2.20109e-22
-2.81094e-20
-7.40268e-22
-5.18142e-20
-1.83049e-21
-8.388e-20
-3.36311e-21
-1.24989e-19
-4.84399e-21
-5.78596e-21
-1.82685e-19
-3.25756e-27
1.24582e-29
-1.53932e-25
-8.3273e-29
-2.59856e-24
-3.52975e-27
-2.40951e-23
-3.97548e-26
-1.45719e-22
-2.2451e-25
-6.26381e-22
-1.16373e-24
-2.0193e-21
-7.82688e-24
-5.07297e-21
-4.27404e-23
-1.02214e-20
-1.5461e-22
-1.68916e-20
-3.81234e-22
-2.34495e-20
-6.91717e-22
-9.74124e-22
-2.82375e-20
-4.8503e-29
8.88894e-31
-3.51802e-27
9.14848e-30
-8.222e-26
-1.66305e-29
-1.00373e-24
-1.35324e-28
-7.83122e-24
7.20363e-26
-4.31246e-23
7.8629e-25
-1.75777e-22
2.0501e-24
-5.45424e-22
-4.5329e-25
-1.31064e-21
-5.57502e-24
-2.45997e-21
-2.39934e-23
-3.61755e-21
-6.41522e-23
-1.1887e-22
-4.17138e-21
-2.37426e-31
2.09453e-32
-3.19494e-29
7.55685e-31
-1.11005e-27
1.26927e-29
-1.88105e-26
3.73085e-28
-1.95754e-25
7.94547e-27
-1.36228e-24
8.19407e-26
-7.22912e-24
4.24136e-25
-2.93139e-23
1.11358e-24
-8.95689e-23
1.72121e-25
-2.0479e-22
-7.00179e-25
-3.43349e-22
-3.5958e-24
-9.29834e-24
-4.08665e-22
1.54233e-35
3.40802e-34
-5.34522e-32
1.29052e-32
-5.09314e-30
2.48631e-31
-1.4948e-28
9.001e-30
-1.99843e-27
2.34418e-28
-1.58549e-26
2.9817e-27
-9.56863e-26
1.94937e-26
-5.11503e-25
7.42983e-26
-2.25448e-24
1.56141e-25
-7.03865e-24
-4.5453e-27
-1.45859e-23
-1.13064e-25
-4.21244e-25
-1.89435e-23
1.22077e-36
3.99667e-36
6.20964e-35
1.37207e-34
1.28122e-33
2.26733e-33
5.25625e-32
9.6953e-32
1.86e-30
3.33079e-30
3.51279e-29
5.37378e-29
3.43737e-28
4.22779e-28
2.03657e-27
1.91751e-27
8.64624e-27
5.47758e-27
2.91867e-26
5.25891e-27
4.45019e-26
-1.65256e-27
-9.03195e-27
-5.87912e-26
1.84181e-38
2.5229e-38
9.84905e-37
7.67876e-37
2.03145e-35
1.02955e-35
1.12987e-33
5.12993e-34
5.21532e-32
2.28626e-32
1.16864e-30
4.57966e-31
1.31039e-29
4.20603e-30
8.87632e-29
2.12555e-29
4.52344e-28
6.8749e-29
2.29224e-27
1.26029e-28
1.01974e-26
-7.58096e-30
-5.83056e-29
1.87619e-26
9.87924e-41
4.81077e-41
4.83711e-39
1.29199e-39
8.11567e-38
1.3746e-38
5.3106e-36
7.86143e-37
3.19269e-34
4.51891e-35
8.75099e-33
1.11119e-33
1.11201e-31
1.1672e-32
7.9392e-31
6.30651e-32
3.98465e-30
2.0799e-31
2.18948e-29
5.01369e-31
1.39313e-28
-3.15823e-33
-3.83069e-32
3.08367e-28
8.3961e-44
3.66018e-42
4.91701e-41
3.68355e-39
2.87474e-37
9.63705e-36
1.37803e-34
1.01284e-33
4.59991e-33
2.01801e-32
1.58433e-31
3.98728e-31
-3.13763e-15
-6.09987e-18
-1.84208e-14
-6.20849e-17
-2.37026e-14
-8.36688e-19
-1.12889e-14
1.34239e-17
-4.99093e-17
6.76069e-18
-4.36554e-17
1.1868e-17
-3.67425e-17
1.56155e-17
-2.8697e-17
1.80588e-17
-2.04369e-17
1.83537e-17
-1.02951e-17
1.60944e-17
-2.72533e-18
8.75554e-18
1.52376e-18
-3.29278e-17
-3.68873e-19
-1.24969e-17
-4.68612e-19
-3.27573e-17
-3.00772e-19
-1.84649e-17
1.05972e-18
-1.63335e-17
2.28461e-18
-1.33635e-17
3.7475e-18
-1.06182e-17
4.71136e-18
-7.44209e-18
5.29877e-18
-4.3974e-18
5.01438e-18
-1.56097e-18
3.80362e-18
-1.3631e-19
1.49881e-18
5.25032e-20
-3.42802e-18
-3.65486e-20
-5.21038e-18
-3.87872e-20
-5.4441e-18
-2.93185e-20
-3.98717e-18
9.64216e-20
-3.3709e-18
4.14326e-19
-2.61358e-18
7.03823e-19
-1.91056e-18
8.81843e-19
-1.18043e-18
9.54224e-19
-5.58311e-19
8.33442e-19
-1.2429e-19
5.33229e-19
-1.85683e-21
1.39887e-19
4.43194e-23
-2.77751e-19
-6.03155e-21
-4.24055e-19
-5.18336e-21
-5.69949e-19
-3.51314e-21
-5.05065e-19
-7.58004e-22
-4.14409e-19
3.39597e-20
-3.04807e-19
7.16715e-20
-2.01617e-19
9.43095e-20
-1.0834e-19
9.88756e-20
-3.97571e-20
7.97433e-20
-5.03237e-21
4.24197e-20
-5.35418e-24
7.05749e-21
-2.95694e-26
-3.09654e-20
-1.08397e-21
-3.28743e-20
-8.86164e-22
-3.58664e-20
-5.1884e-22
-3.52181e-20
-1.90929e-22
-2.81393e-20
3.28052e-22
-1.94893e-20
3.33067e-21
-1.17147e-20
5.17222e-21
-5.51429e-21
5.49256e-21
-1.56901e-21
4.19353e-21
-1.08348e-22
1.88518e-21
-2.82328e-27
2.04629e-22
-8.56219e-28
-3.81339e-21
-1.52338e-22
-2.8183e-21
-1.23034e-22
-1.85239e-21
-5.66567e-23
-1.22106e-21
-1.60456e-23
-9.09877e-22
-1.95227e-24
-6.11533e-22
3.766e-23
-3.53555e-22
1.23818e-22
-1.53112e-22
1.52101e-22
-3.54416e-23
1.17571e-22
-1.40479e-24
4.70674e-23
2.60275e-25
3.62578e-24
-9.09358e-30
-3.33838e-22
-1.35201e-23
-1.71509e-22
-1.04393e-23
-6.52515e-23
-2.98676e-24
-1.65975e-23
-4.31233e-25
-8.8395e-24
-1.64882e-26
-7.93837e-24
-1.83844e-28
-5.27705e-24
9.5932e-25
-2.34862e-24
1.94935e-24
-4.91363e-25
1.72469e-24
-1.35981e-26
6.67536e-25
4.43209e-27
4.11985e-26
-3.11554e-32
-1.46777e-23
-6.25007e-25
-4.6535e-24
-4.18002e-25
-8.52604e-25
-5.67234e-26
-5.08229e-26
-3.03609e-27
-1.94018e-27
-4.69109e-29
-3.05307e-26
-8.66195e-31
-3.72837e-26
9.19851e-28
-2.03604e-26
1.06847e-26
-4.44451e-27
1.29414e-26
-1.15006e-28
5.32835e-27
2.95446e-29
2.97584e-28
-5.59647e-35
-1.35569e-25
-1.17057e-26
-3.21387e-26
-5.89571e-27
-2.75627e-27
-3.31411e-28
-7.12613e-29
-8.87276e-30
-2.95806e-30
-1.60684e-31
-9.59928e-30
-2.03028e-33
-1.16987e-28
-6.85689e-35
-9.78712e-29
2.27221e-29
-2.53114e-29
4.68713e-29
-7.30748e-31
2.24192e-29
8.78823e-32
1.24642e-30
-1.19797e-37
1.04108e-26
-5.77359e-29
1.60129e-27
-2.01962e-29
-1.65366e-30
-9.49274e-31
-1.21945e-31
-1.06111e-32
-4.00973e-33
-6.88098e-35
-9.54195e-34
-3.78441e-37
-1.42357e-31
-2.11774e-38
-2.29573e-31
1.58986e-32
-7.53631e-32
6.97668e-32
-2.43291e-33
4.11639e-32
2.21971e-34
2.40074e-33
-3.42308e-40
1.46601e-28
-2.411e-32
2.6106e-29
-5.35921e-33
4.72914e-31
-1.80334e-34
-1.21953e-35
-1.23725e-36
-5.08582e-37
-1.02727e-39
-1.46314e-37
-1.84427e-43
-4.95209e-35
-2.70252e-43
-1.88658e-34
2.33563e-36
-7.85523e-35
2.6167e-35
-2.40694e-36
1.91233e-35
9.39046e-37
1.14683e-36
-1.91243e-43
1.20397e-31
1.49771e-32
2.70433e-34
7.00348e-37
-9.00288e-44
-1.17951e-42
-1.78209e-39
-1.82676e-38
-7.79189e-39
6.54914e-40
6.19835e-40
-1.6034e-19
-6.59066e-21
-7.52139e-19
-6.97681e-20
-2.4644e-18
-3.88762e-19
-6.63511e-18
-1.64768e-18
-1.48275e-17
-5.46461e-18
-2.76079e-17
-1.41623e-17
-4.32244e-17
-2.86519e-17
-5.73908e-17
-4.47538e-17
-6.6061e-17
-5.20341e-17
-7.23188e-17
-3.92726e-17
-8.86671e-17
-6.48762e-18
2.60793e-17
-1.12518e-16
-2.97751e-20
-8.66339e-22
-2.62428e-19
-1.79194e-20
-1.23276e-18
-1.40291e-19
-4.13515e-18
-6.98777e-19
-1.07111e-17
-2.63024e-18
-2.23375e-17
-7.74154e-18
-3.87468e-17
-1.77041e-17
-5.71674e-17
-3.10481e-17
-7.2859e-17
-4.04499e-17
-8.39134e-17
-3.30222e-17
-1.02213e-16
2.38973e-18
8.77949e-09
-8.77949e-09
-5.85427e-21
-9.27644e-23
-8.01489e-20
-3.25646e-21
-5.09576e-19
-3.48902e-20
-2.10102e-18
-2.12018e-19
-6.33332e-18
-9.43326e-19
-1.4898e-17
-3.2754e-18
-2.87073e-17
-8.76081e-18
-4.7044e-17
-1.76692e-17
-6.69965e-17
-2.61088e-17
-8.29789e-17
-2.44023e-17
-9.40155e-17
1.37892e-18
1.02031e-07
-2.73022e-07
-9.71493e-22
-6.11554e-24
-1.91194e-20
-3.7132e-22
-1.59327e-19
-5.60117e-21
-8.09302e-19
-4.34713e-20
-2.89044e-18
-2.40536e-19
-7.81886e-18
-1.0417e-18
-1.68446e-17
-3.45778e-18
-2.99749e-17
-8.51174e-18
-4.49296e-17
-1.52547e-17
-5.58563e-17
-1.8619e-17
-5.44219e-17
-7.7044e-18
1.07899e-07
-2.16031e-07
-1.10928e-22
-1.88965e-25
-3.14243e-21
-2.3169e-23
-3.47363e-20
-5.32172e-22
-2.238e-19
-5.59743e-21
-9.86792e-19
-4.07951e-20
-3.21605e-18
-2.34812e-19
-8.0992e-18
-1.03988e-18
-1.6255e-17
-3.3878e-18
-2.64886e-17
-8.02841e-18
-3.46211e-17
-1.377e-17
-3.29328e-17
-1.46291e-17
2.75686e-08
-7.42706e-08
-7.4275e-24
-1.18086e-27
-3.15877e-22
-6.15544e-25
-4.83027e-21
-2.53908e-23
-4.12868e-20
-3.98227e-22
-2.36587e-19
-4.18767e-21
-9.88569e-19
-3.52157e-20
-3.13196e-18
-2.27486e-19
-7.69062e-18
-1.06501e-18
-1.49193e-17
-3.59521e-18
-2.29628e-17
-8.95901e-18
-2.69209e-17
-1.542e-17
-6.57927e-10
-1.05407e-07
-2.26388e-25
1.69318e-27
-1.60454e-23
-3.67454e-27
-3.71163e-22
-4.13869e-25
-4.57562e-21
-1.07889e-23
-3.70057e-20
-1.79412e-22
-2.15301e-19
-2.46138e-21
-9.3438e-19
-2.62065e-20
-3.0768e-18
-2.01847e-19
-7.83885e-18
-1.12191e-18
-1.55693e-17
-4.57997e-18
-2.31743e-17
-1.25042e-17
-2.19322e-08
-1.07892e-07
-1.72505e-27
5.43245e-29
-2.64628e-25
1.04161e-27
-1.05208e-23
-1.31905e-27
-2.04855e-22
-7.41093e-26
-2.57736e-21
-2.24165e-24
-2.36052e-20
-5.71913e-23
-1.63407e-19
-1.1406e-21
-8.61542e-19
-1.70605e-20
-3.46456e-18
-1.9582e-19
-1.01722e-17
-1.68466e-18
-1.92165e-17
-8.56036e-18
-1.36249e-08
-1.22554e-07
6.21259e-32
8.26537e-31
-5.16931e-28
1.41587e-29
-6.3168e-26
5.65125e-29
-2.35649e-24
-4.75219e-29
-5.26748e-23
-4.73564e-27
-8.88846e-22
-3.12697e-25
-1.21652e-20
-1.46346e-23
-1.35958e-19
-5.65216e-22
-1.17527e-18
-1.81147e-20
-6.41311e-18
-4.23338e-19
-1.45691e-17
-5.37039e-18
-3.43682e-09
-7.39167e-08
3.96048e-33
6.93022e-33
8.00209e-32
8.78186e-32
5.51421e-31
5.61299e-31
-1.09087e-27
2.92335e-29
-1.40675e-25
-9.1605e-32
-7.40117e-24
-1.4536e-28
-3.19423e-22
-3.01991e-26
-1.13971e-20
-7.37873e-24
-2.90643e-19
-9.81446e-22
-4.09657e-18
-5.20909e-20
-1.23112e-17
-1.05591e-18
-4.79774e-10
-2.43056e-08
3.30067e-35
1.72705e-35
6.10995e-34
1.69013e-34
3.44995e-33
5.86556e-34
1.19285e-31
1.86209e-32
3.578e-30
4.9909e-31
5.35756e-29
-3.42775e-34
-2.21689e-24
-3.20264e-31
-5.42632e-22
-7.43127e-27
-3.74684e-20
-8.99901e-24
-8.89866e-19
-2.09058e-21
-7.45477e-18
-1.43805e-19
-2.45125e-18
-4.79774e-10
3.82312e-38
5.57963e-37
1.54367e-36
5.40172e-35
2.15256e-33
5.15697e-33
2.76566e-31
-2.93617e-24
-1.46106e-21
-1.28208e-19
-2.74047e-18
-1.04496e-17
-3.91604e-08
3.91604e-08
-6.44382e-07
3.55787e-07
-1.92593e-06
1.19401e-06
-2.08209e-06
1.5316e-06
-1.74724e-06
1.29595e-06
-1.33112e-06
8.15513e-07
-9.49844e-07
3.61756e-07
-6.43994e-07
1.07002e-07
-4.30589e-07
-2.8176e-08
-2.77011e-07
-3.28895e-08
-1.45825e-07
-7.03067e-08
-1.9202e-07
-8.85761e-07
4.18923e-07
-1.87356e-06
8.64052e-07
-1.85826e-06
1.17871e-06
-1.60977e-06
1.28311e-06
-1.24967e-06
9.35844e-07
-8.7829e-07
4.44137e-07
-5.76206e-07
5.96718e-08
-3.53962e-07
-1.15242e-07
-2.05016e-07
-1.77122e-07
-9.20204e-08
-1.45885e-07
-1.53377e-08
-1.46989e-07
-2.07358e-07
-1.35064e-06
9.67474e-07
-1.46935e-06
9.82767e-07
-1.38729e-06
1.09665e-06
-1.12884e-06
1.02466e-06
-8.02512e-07
6.09513e-07
-5.08488e-07
1.50113e-07
-2.94662e-07
-1.54154e-07
-1.51461e-07
-2.58443e-07
-6.30051e-08
-2.65578e-07
6.35828e-10
-2.09526e-07
3.08669e-08
-1.7722e-07
-1.76491e-07
-6.92807e-07
1.18601e-06
-9.56123e-07
1.24608e-06
-9.12166e-07
1.05269e-06
-6.87585e-07
8.00082e-07
-4.25647e-07
3.47576e-07
-2.17165e-07
-5.83689e-08
-8.5247e-08
-2.86072e-07
-1.13503e-08
-3.32339e-07
2.45316e-08
-3.0146e-07
4.48423e-08
-2.29837e-07
4.13325e-08
-1.73711e-07
-1.35158e-07
-2.94722e-07
1.25997e-06
-5.00721e-07
1.45208e-06
-4.88251e-07
1.04022e-06
-3.12238e-07
6.24069e-07
-1.2328e-07
1.58618e-07
4.41773e-09
-1.86067e-07
6.33853e-08
-3.4504e-07
8.14561e-08
-3.5041e-07
7.61022e-08
-2.96106e-07
6.39614e-08
-2.17696e-07
4.02098e-08
-1.49959e-07
-9.49486e-08
-1.14167e-07
1.09211e-06
-1.9412e-07
1.53203e-06
-1.57421e-07
1.00352e-06
-1.87241e-08
4.85372e-07
1.02453e-07
3.7441e-08
1.59601e-07
-2.43215e-07
1.61715e-07
-3.47154e-07
1.3678e-07
-3.25475e-07
1.01612e-07
-2.60938e-07
6.83768e-08
-1.84461e-07
3.4779e-08
-1.16361e-07
-6.01697e-08
-7.63311e-08
8.02348e-07
-2.18882e-08
1.47759e-06
6.84288e-08
9.13205e-07
1.8555e-07
3.68251e-07
2.53206e-07
-3.02152e-08
2.55779e-07
-2.45788e-07
2.1521e-07
-3.06585e-07
1.6075e-07
-2.71014e-07
1.0732e-07
-2.07509e-07
6.33061e-08
-1.40447e-07
2.75258e-08
-8.05808e-08
-3.26439e-08
-1.27416e-07
4.48061e-07
5.03423e-08
1.29983e-06
1.98318e-07
7.65229e-07
3.04545e-07
2.62023e-07
3.3297e-07
-5.86405e-08
2.96873e-07
-2.09691e-07
2.29167e-07
-2.38879e-07
1.58719e-07
-2.00566e-07
9.79422e-08
-1.46732e-07
5.19103e-08
-9.44148e-08
1.95636e-08
-4.8234e-08
-1.30803e-08
-2.02773e-07
1.74807e-07
5.45437e-08
1.04251e-06
2.49556e-07
5.70217e-07
3.4714e-07
1.6444e-07
3.47985e-07
-5.94858e-08
2.89152e-07
-1.50858e-07
2.09665e-07
-1.59392e-07
1.36147e-07
-1.27049e-07
7.77968e-08
-8.83814e-08
3.6762e-08
-5.338e-08
1.1633e-08
-2.3105e-08
-1.44729e-09
-2.40044e-07
4.77952e-08
1.41069e-08
6.92621e-07
2.39415e-07
3.44909e-07
3.23162e-07
8.06933e-08
3.06191e-07
-4.25145e-08
2.40069e-07
-8.47358e-08
1.6376e-07
-8.30832e-08
9.90644e-08
-6.23531e-08
5.13987e-08
-4.07157e-08
2.04826e-08
-2.24639e-08
4.53091e-09
-7.15329e-09
3.08362e-09
-2.9533e-07
6.27172e-09
-4.05422e-08
2.85399e-07
1.80989e-07
1.23377e-07
2.40109e-07
2.15731e-08
2.15195e-07
-1.75996e-08
1.58204e-07
-2.77456e-08
9.9923e-08
-2.4802e-08
5.46366e-08
-1.70667e-08
2.39755e-08
-1.00546e-08
6.14068e-09
-4.62911e-09
-7.18938e-10
-2.93653e-10
2.36468e-09
-2.06531e-07
-4.51238e-08
7.82534e-08
9.98265e-08
8.22269e-08
5.44814e-08
2.96794e-08
1.26127e-08
2.55809e-09
-2.07103e-09
-2.36468e-09
-3.61925e-07
-5.12254e-07
-5.15916e-07
-6.656e-07
-6.13692e-07
-5.90518e-07
-7.13489e-07
-5.16424e-07
-8.26287e-07
-4.81409e-07
-9.57118e-07
-4.81135e-07
-1.06376e-06
-4.59789e-07
-1.11208e-06
-4.28252e-07
-1.04833e-06
-3.71209e-07
-8.19971e-07
-2.93802e-07
-2.25045e-07
-2.03964e-07
9.86459e-08
-2.01882e-07
-3.10372e-07
-3.77811e-07
-4.8967e-07
-5.01056e-07
-4.67273e-07
-6.10486e-07
-4.06994e-07
-7.21417e-07
-3.70478e-07
-8.34949e-07
-3.67603e-07
-9.20248e-07
-3.7449e-07
-9.4472e-07
-4.0378e-07
-8.61476e-07
-4.54453e-07
-6.2257e-07
-5.32709e-07
-1.93597e-07
-6.13886e-07
3.77591e-08
-1.31905e-07
-1.78468e-07
-2.82842e-07
-3.38733e-07
-4.03633e-07
-3.46482e-07
-5.08483e-07
-3.02145e-07
-6.09174e-07
-2.69786e-07
-7.06544e-07
-2.70233e-07
-7.80867e-07
-3.00167e-07
-8.09884e-07
-3.74764e-07
-7.66426e-07
-4.97911e-07
-6.42004e-07
-6.57131e-07
-5.29721e-07
-7.09242e-07
-7.69266e-08
-9.06736e-08
-8.7794e-08
-2.11754e-07
-2.17652e-07
-3.17984e-07
-2.40252e-07
-4.10463e-07
-2.09666e-07
-4.967e-07
-1.8355e-07
-5.7858e-07
-1.88353e-07
-6.45924e-07
-2.32822e-07
-6.86854e-07
-3.33834e-07
-6.88432e-07
-4.96333e-07
-6.51202e-07
-6.9436e-07
-5.65661e-07
-7.94784e-07
-2.84965e-07
-6.13728e-08
-2.64212e-08
-1.54442e-07
-1.24583e-07
-2.41893e-07
-1.52801e-07
-3.18511e-07
-1.33048e-07
-3.88566e-07
-1.13495e-07
-4.55233e-07
-1.21686e-07
-5.15893e-07
-1.72162e-07
-5.67789e-07
-2.81938e-07
-6.08049e-07
-4.56074e-07
-6.34289e-07
-6.68119e-07
-6.14629e-07
-8.14444e-07
-4.95976e-07
-3.87844e-08
1.23632e-08
-1.06315e-07
-5.70526e-08
-1.7399e-07
-8.51254e-08
-2.33672e-07
-7.33664e-08
-2.87337e-07
-5.98296e-08
-3.39137e-07
-6.98859e-08
-3.91871e-07
-1.19429e-07
-4.49812e-07
-2.23997e-07
-5.17516e-07
-3.8837e-07
-5.94716e-07
-5.90919e-07
-6.59458e-07
-7.49702e-07
-6.03519e-07
-2.07361e-08
3.30993e-08
-6.52603e-08
-1.25284e-08
-1.13599e-07
-3.67869e-08
-1.56525e-07
-3.04405e-08
-1.9446e-07
-2.18938e-08
-2.32073e-07
-3.22735e-08
-2.7557e-07
-7.5931e-08
-3.33841e-07
-1.65726e-07
-4.16422e-07
-3.05789e-07
-5.26776e-07
-4.80565e-07
-6.44272e-07
-6.32206e-07
-5.94689e-07
-6.14018e-09
3.92394e-08
-3.05772e-08
1.19086e-08
-6.08862e-08
-6.47791e-09
-8.79704e-08
-3.35627e-09
-1.11334e-07
1.47017e-09
-1.35793e-07
-7.81521e-09
-1.69322e-07
-4.24013e-08
-2.23257e-07
-1.11792e-07
-3.09952e-07
-2.19094e-07
-4.35911e-07
-3.54605e-07
-5.8358e-07
-4.84537e-07
-5.18381e-07
5.09448e-09
3.4145e-08
-2.76632e-09
1.97694e-08
-1.72471e-08
8.00282e-09
-3.01007e-08
9.49734e-09
-4.05464e-08
1.19159e-08
-5.32332e-08
4.87154e-09
-7.66869e-08
-1.89476e-08
-1.22837e-07
-6.56417e-08
-2.04906e-07
-1.37025e-07
-3.31382e-07
-2.28129e-07
-4.91801e-07
-3.24118e-07
-3.83557e-07
1.22688e-08
2.18762e-08
1.62799e-08
1.57583e-08
1.42394e-08
1.00433e-08
1.28804e-08
1.08564e-08
1.28524e-08
1.19438e-08
9.82054e-09
7.90343e-09
-3.97504e-09
-5.15206e-09
-3.94556e-08
-3.01611e-08
-1.08962e-07
-6.75188e-08
-2.21226e-07
-1.15865e-07
-3.73764e-07
-1.71581e-07
-2.23469e-07
1.39257e-08
7.95056e-09
2.33609e-08
6.32306e-09
2.85301e-08
4.87415e-09
3.41273e-08
5.25915e-09
4.04407e-08
5.63044e-09
4.39992e-08
4.34498e-09
3.85907e-08
2.56457e-10
1.58259e-08
-7.39633e-09
-3.26214e-08
-1.90715e-08
-1.14841e-07
-3.36457e-08
-2.33832e-07
-5.25895e-08
-7.75504e-08
7.95056e-09
1.42736e-08
1.91478e-08
2.44069e-08
3.00374e-08
3.43824e-08
3.46388e-08
2.72425e-08
8.17093e-09
-2.54747e-08
-7.80643e-08
)
;

boundaryField
{
    rotor
    {
        type            calculated;
        value           uniform 0;
    }
    stator
    {
        type            calculated;
        value           uniform 0;
    }
    front
    {
        type            empty;
        value           nonuniform 0();
    }
    back
    {
        type            empty;
        value           nonuniform 0();
    }
}


// ************************************************************************* //
