/*--------------------------------*- C++ -*----------------------------------*\
| =========                 |                                                 |
| \\      /  F ield         | OpenFOAM: The Open Source CFD Toolbox           |
|  \\    /   O peration     | Version:  v1606+                                |
|   \\  /    A nd           | Web:      www.OpenFOAM.com                      |
|    \\/     M anipulation  |                                                 |
\*---------------------------------------------------------------------------*/
FoamFile
{
    version     2.0;
    format      ascii;
    class       volScalarField;
    location    "1.5";
    object      dgdt;
}
// * * * * * * * * * * * * * * * * * * * * * * * * * * * * * * * * * * * * * //

dimensions      [0 0 -1 0 0 0 0];

internalField   nonuniform List<scalar> 
6000
(
-19.0773
-19.3104
-19.3382
-19.2898
-19.195
-19.1086
-19.0166
-18.0827
-16.8826
-16.1494
-15.614
-15.6913
-15.9196
-15.9921
-15.9411
-15.4855
-15.704
-16.3374
-17.3087
-18.3871
-19.366
-19.587
-19.6485
-19.7473
-19.8383
-19.8461
-19.8175
-19.7991
-19.729
-19.7248
-2.59009
-2.51757
-2.38955
-2.30427
-2.21918
-2.17045
-2.19577
-2.18563
-2.07091
-2.04481
-2.10112
-2.17636
-2.2269
-2.25057
-2.27334
-2.33335
-2.17691
-2.02593
-1.98884
-2.00865
-1.95299
-1.92928
-1.99719
-2.09595
-2.16564
-2.17646
-2.16118
-2.1883
-2.2594
-2.50104
-0.149274
-0.182418
-0.176165
-0.18046
-0.18653
-0.20042
-0.244486
-0.364155
-0.498691
-0.426262
-0.39665
-0.442699
-0.474408
-0.49316
-0.488907
-0.463634
-0.416142
-0.410196
-0.407433
-0.300104
-0.205987
-0.158433
-0.150735
-0.153904
-0.149085
-0.139223
-0.130276
-0.124748
-0.116313
-0.129498
-0.0234304
-0.0280968
-0.0281436
-0.0321036
-0.0379611
-0.0445638
-0.0577583
-0.136119
-0.322483
-0.243644
-0.151761
-0.131326
-0.182061
-0.202111
-0.183978
-0.169128
-0.190298
-0.21385
-0.175626
-0.0859806
-0.0432969
-0.0307111
-0.0340106
-0.0347512
-0.0307306
-0.0256052
-0.0218009
-0.0198901
-0.0190766
-0.0202268
-0.012668
-0.0150687
-0.0161899
-0.0172891
-0.0209797
-0.0260697
-0.0312976
-0.0537859
-0.190744
-0.237443
-0.0987911
-0.0116023
-0.0558196
-0.0894671
-0.0926979
-0.109134
-0.164667
-0.17532
-0.117271
-0.0504834
-0.0277635
-0.0221306
-0.0273115
-0.0248661
-0.0207488
-0.0166263
-0.0138009
-0.0128521
-0.0133665
-0.0130785
-0.0103756
-0.0117774
-0.0133899
-0.0147399
-0.0169362
-0.0203623
-0.0243884
-0.0295844
-0.0717462
-0.192553
-0.10194
-0.00357539
0.0175151
-0.023275
-0.0496004
-0.0805925
-0.147084
-0.16365
-0.140782
-0.0470058
-0.0310982
-0.0271924
-0.037872
-0.0304445
-0.022065
-0.0167613
-0.0134246
-0.0121409
-0.0129608
-0.0119541
-0.00982405
-0.0109373
-0.0124272
-0.0141455
-0.0173633
-0.0227654
-0.0271785
-0.0295236
-0.039099
-0.0994176
-0.109669
-0.0433204
-0.0014631
-0.0202836
-0.0404893
-0.0584447
-0.098611
-0.127871
-0.129083
-0.0528578
-0.0384664
-0.0392395
-0.0528763
-0.0409104
-0.0267692
-0.0189484
-0.0147932
-0.0128703
-0.0134223
-0.0113498
-0.0105108
-0.0117757
-0.0132437
-0.0156643
-0.020387
-0.0287968
-0.038904
-0.0404601
-0.0307846
-0.049318
-0.0865543
-0.0822029
-0.07925
-0.0682118
-0.0606104
-0.05852
-0.0670127
-0.0816036
-0.0846832
-0.0631443
-0.0292493
-0.0275497
-0.0397559
-0.0384616
-0.0266685
-0.0181962
-0.0140163
-0.0126769
-0.0122703
-0.00952049
-0.0115992
-0.0128917
-0.0140063
-0.017183
-0.0236501
-0.0346055
-0.0437474
-0.0337084
-0.00665118
-0.0223883
-0.0770482
-0.10158
-0.0988944
-0.0753886
-0.0551728
-0.046237
-0.0447266
-0.0493898
-0.0517122
-0.0452823
-0.0173077
-0.00308172
-0.0101379
-0.0174518
-0.0179795
-0.013925
-0.011562
-0.0109253
-0.00926935
-0.00704399
-0.0118543
-0.0132853
-0.0127766
-0.0165049
-0.0241552
-0.0306269
-0.0243195
0.00371022
0.00611245
-0.0353645
-0.0643934
-0.0682479
-0.0518958
-0.0306417
-0.017743
-0.0146643
-0.0142993
-0.0164557
-0.0207114
-0.0222683
-0.00797961
0.00079619
-0.000464286
-0.00331148
-0.00662056
-0.00770138
-0.00794483
-0.00825409
-0.00598272
-0.0050621
-0.00985167
-0.0114581
-0.0099131
-0.0129626
-0.0178835
-0.0141539
-0.00243803
0.00715885
-0.0130645
-0.0281606
-0.0238903
-0.0198255
-0.0150127
-0.00881434
-0.00641155
-0.00554389
-0.00526102
-0.0059219
-0.0080473
-0.0107691
-0.009429
-0.00455828
-0.001421
-0.00117816
-0.00178394
-0.00268456
-0.00429545
-0.00510451
-0.00402064
-0.00347023
-0.00612713
-0.00699351
-0.00554193
-0.0063832
-0.00610797
-0.00143425
-0.000303801
-0.0120399
-0.0239518
-0.0167843
-0.0104182
-0.00989285
-0.00873467
-0.00658691
-0.00516471
-0.00442395
-0.00417596
-0.00446309
-0.00542644
-0.00677537
-0.00754797
-0.00664197
-0.0039753
-0.00189148
-0.00138853
-0.00115252
-0.00244494
-0.00357053
-0.00339487
-0.00201185
-0.00312828
-0.0032984
-0.00131538
-0.000293543
0.000564348
0.00187607
-0.00508927
-0.0165328
-0.0208946
-0.00987365
-0.00954332
-0.0096837
-0.0087325
-0.00705829
-0.00549308
-0.00445416
-0.00406498
-0.00414529
-0.00458542
-0.0052869
-0.00590882
-0.00618268
-0.00525468
-0.00332011
-0.00264659
-0.00217202
-0.00265517
-0.00327242
-0.00338102
-0.001979
-0.00148536
-0.00109068
0.000351636
0.00141366
0.00302745
-4.26435e-05
-0.00841934
-0.0165531
-0.0155551
-0.0106776
-0.011099
-0.0105575
-0.00921142
-0.00756972
-0.00603035
-0.00476255
-0.00406754
-0.0038304
-0.00390325
-0.00436356
-0.00485859
-0.00518503
-0.00504751
-0.00457079
-0.0041396
-0.00317314
-0.00319344
-0.00345393
-0.00360994
-0.00243836
-0.000761465
-0.000550282
-0.000913831
-0.000912214
0.00177848
-0.00403693
-0.0113479
-0.0152729
-0.0121314
-0.0110389
-0.0113101
-0.0103172
-0.00923565
-0.00837915
-0.00744732
-0.00608154
-0.00460837
-0.00371498
-0.0035008
-0.0040572
-0.00483821
-0.0051653
-0.00507141
-0.00571576
-0.00626258
-0.00513863
-0.00434778
-0.00419117
-0.00409426
-0.00275067
-0.000704479
-0.000882331
-0.00186383
-0.00426907
-0.00487075
-0.00744059
-0.0117851
-0.0131756
-0.0108598
-0.010675
-0.00976021
-0.00876912
-0.00853736
-0.00904602
-0.00945572
-0.00858582
-0.0065885
-0.00496481
-0.00447662
-0.00524021
-0.00654355
-0.0069421
-0.00669949
-0.00821911
-0.00991714
-0.00818277
-0.0064539
-0.00545127
-0.0046656
-0.00348621
-0.00125738
-0.00150582
-0.00284402
-0.00731776
-0.0123008
-0.0114028
-0.0142209
-0.0128674
-0.0119008
-0.0115328
-0.00853458
-0.00728558
-0.00754661
-0.00902745
-0.0105519
-0.0113263
-0.0107299
-0.00901926
-0.00823984
-0.00921559
-0.011077
-0.0114486
-0.011648
-0.014679
-0.014865
-0.0119873
-0.00927144
-0.00694693
-0.00522724
-0.00371444
-0.00282902
-0.00289675
-0.0044303
-0.00845916
-0.016854
-0.0208099
-0.0225975
-0.020218
-0.0184482
-0.0175324
-0.0104006
-0.00771514
-0.00734667
-0.0089902
-0.0109579
-0.0132307
-0.0147593
-0.0154205
-0.0148769
-0.0152228
-0.0182394
-0.0194568
-0.0210594
-0.0236956
-0.0200193
-0.0162368
-0.0131379
-0.00848002
-0.00543292
-0.00368716
-0.00591812
-0.00572298
-0.0076347
-0.0116398
-0.0276141
-0.04354
-0.0427952
-0.0401371
-0.0387294
-0.0342219
-0.0182346
-0.0115194
-0.00884216
-0.00979402
-0.0110513
-0.0133049
-0.0151455
-0.0164394
-0.0166109
-0.0182664
-0.0246028
-0.0296132
-0.0345404
-0.0338059
-0.0241611
-0.0167579
-0.0108125
-0.00572671
-0.00485233
-0.00504666
-0.00980664
-0.00947655
-0.0110631
-0.0187258
-0.0407591
-0.0711258
-0.0698371
-0.0685778
-0.0687586
-0.0496011
-0.0262267
-0.014612
-0.0107818
-0.0100469
-0.0100394
-0.0118928
-0.0133395
-0.0136513
-0.0133228
-0.0156962
-0.0250212
-0.0380747
-0.0417422
-0.0325621
-0.0250087
-0.0150192
-0.0121102
-0.00880776
-0.00491256
-0.00689702
-0.0112769
-0.0109994
-0.00955658
-0.0152397
-0.0306454
-0.0549233
-0.0647391
-0.0656565
-0.0624583
-0.0391038
-0.0220041
-0.0171189
-0.0151613
-0.00940956
-0.00786305
-0.00909765
-0.0115078
-0.0110671
-0.0104861
-0.0145334
-0.0235671
-0.0313393
-0.0255539
-0.0177565
-0.0124103
-0.010051
-0.00938723
-0.00995191
-0.00881517
-0.00772596
-0.0056623
-0.00558403
-0.00665026
-0.00764332
-0.0102251
-0.0193959
-0.0290473
-0.0310704
-0.0264733
-0.0151322
-0.00935264
-0.00909203
-0.0118416
-0.0130727
-0.0116607
-0.0109155
-0.0132785
-0.00776492
-0.0109763
-0.0162638
-0.0181786
-0.0147939
-0.0111269
-0.00900479
-0.00717041
-0.00651714
-0.00694331
-0.00616178
-0.00649431
-0.00559272
-0.00437981
-0.00471256
-0.00569243
-0.00614782
-0.00605924
-0.00712826
-0.00939936
-0.00987228
-0.00862641
-0.00689668
-0.00683089
-0.00781154
-0.01042
-0.0135854
-0.014332
-0.0156767
-0.0172212
-0.0134336
-0.0142457
-0.0142425
-0.00862723
-0.00820858
-0.00785301
-0.00737823
-0.00682072
-0.00567005
-0.00596287
-0.00560222
-0.00521442
-0.00489619
-0.00507091
-0.00530726
-0.00554044
-0.00589409
-0.00602743
-0.00593329
-0.00597957
-0.00582412
-0.00589789
-0.00618076
-0.00728774
-0.00951687
-0.0125949
-0.0137474
-0.0126468
-0.0119527
-0.0127007
-0.0159075
-0.0130593
-0.00814736
-0.00744011
-0.00816466
-0.00794941
-0.0075313
-0.00706906
-0.0063659
-0.00588399
-0.00535039
-0.00509621
-0.00498732
-0.00504039
-0.00540425
-0.00544833
-0.00762747
-0.00628444
-0.00616837
-0.00613271
-0.00622417
-0.00653573
-0.00727636
-0.00899866
-0.0121995
-0.0148829
-0.0149032
-0.0122483
-0.00967856
-0.00901532
-0.0128326
-0.0122547
-0.0105171
-0.00977324
-0.00901504
-0.00863066
-0.00817803
-0.00763891
-0.00751191
-0.00641642
-0.0057067
-0.00532129
-0.00517287
-0.00503424
-0.00549837
-0.00526905
-0.00370277
-0.00622544
-0.00642191
-0.00684315
-0.00732402
-0.00788795
-0.00888701
-0.0111991
-0.0146792
-0.0169
-0.0156627
-0.011968
-0.00896418
-0.007923
-0.0128172
-0.0131619
-0.0121632
-0.0104797
-0.00959047
-0.00924329
-0.00888755
-0.00845306
-0.00812865
-0.00733831
-0.0066121
-0.00615462
-0.00593182
-0.00503515
-0.00556966
-0.00528926
-0.00549733
-0.00600644
-0.00639843
-0.00700122
-0.0077285
-0.00861921
-0.0100389
-0.0129973
-0.0170776
-0.0186905
-0.0151536
-0.0105907
-0.0083278
-0.00767772
-0.0120358
-0.0133598
-0.0125898
-0.0110762
-0.0101505
-0.00992414
-0.00980691
-0.00968276
-0.00950337
-0.00893484
-0.00810569
-0.00740084
-0.00710296
-0.00512141
-0.00562166
-0.00550255
-0.00557097
-0.00602127
-0.00649648
-0.0070183
-0.00774219
-0.00880796
-0.0106813
-0.014462
-0.0189559
-0.0187389
-0.0128265
-0.00862856
-0.00768912
-0.00757644
-0.0097313
-0.0137337
-0.0129261
-0.0117434
-0.0107038
-0.0105408
-0.0106556
-0.0107826
-0.0108208
-0.0105419
-0.00978741
-0.00888458
-0.0083682
-0.00524315
-0.00588856
-0.00601684
-0.00609863
-0.00636571
-0.00676569
-0.00734766
-0.00815584
-0.00927762
-0.0114207
-0.0157934
-0.0193371
-0.0163758
-0.00985985
-0.00732796
-0.00736688
-0.0076129
-0.00804298
-0.0126811
-0.0127875
-0.0121071
-0.0111364
-0.0109504
-0.0111885
-0.0114862
-0.0116764
-0.0116154
-0.0110042
-0.00999635
-0.00921875
-0.00546069
-0.00629335
-0.00660346
-0.00667873
-0.00679355
-0.00707296
-0.00767162
-0.00852215
-0.00974198
-0.0121106
-0.0163243
-0.0177884
-0.0127963
-0.00774436
-0.00691605
-0.00729216
-0.00762627
-0.00746197
-0.0101384
-0.0127839
-0.012007
-0.0113866
-0.0111314
-0.0113543
-0.011714
-0.011932
-0.0119093
-0.0113221
-0.0102238
-0.00904224
-0.00566634
-0.0066891
-0.00708183
-0.00711537
-0.00710034
-0.00725464
-0.00777741
-0.00862985
-0.0099801
-0.0125438
-0.0157634
-0.0151566
-0.0094561
-0.00685766
-0.0069983
-0.00746263
-0.00775267
-0.00776288
-0.00903669
-0.0130533
-0.0118888
-0.0115975
-0.0112067
-0.0112646
-0.0115446
-0.0116751
-0.0115879
-0.0110058
-0.00997953
-0.00816177
-0.00579082
-0.00698675
-0.00737508
-0.00735556
-0.00722997
-0.00729549
-0.00775252
-0.00863583
-0.0101147
-0.0124676
-0.0139291
-0.0121117
-0.00736343
-0.00663751
-0.0074413
-0.00819666
-0.00855731
-0.00868197
-0.00926485
-0.0124024
-0.0118657
-0.0114946
-0.0112027
-0.01107
-0.0111299
-0.011099
-0.0109257
-0.0104075
-0.00966298
-0.00730586
-0.00578684
-0.0070718
-0.00736235
-0.00727104
-0.00711996
-0.0072399
-0.00777513
-0.00878033
-0.0102374
-0.0117444
-0.0119559
-0.00989822
-0.00663461
-0.00687927
-0.00826751
-0.00952859
-0.0101574
-0.0101739
-0.0103612
-0.0124798
-0.0132453
-0.0112372
-0.0109958
-0.0107245
-0.0105386
-0.0103475
-0.0101022
-0.00957577
-0.00901659
-0.0066213
-0.00560808
-0.0068365
-0.00694169
-0.00676519
-0.00668618
-0.00705053
-0.00781806
-0.00893682
-0.0101682
-0.0108281
-0.0113005
-0.00951062
-0.00718293
-0.00801514
-0.00956857
-0.0111036
-0.0118776
-0.0116797
-0.0112286
-0.0125855
-0.0140511
-0.0112724
-0.0105414
-0.0101113
-0.00977026
-0.00949679
-0.0092079
-0.00872211
-0.00845816
-0.006223
-0.00528576
-0.00621395
-0.00604879
-0.00583449
-0.00592614
-0.00642952
-0.00729545
-0.00834237
-0.00929995
-0.00992684
-0.0110981
-0.0108192
-0.00947425
-0.00992398
-0.011236
-0.0125552
-0.0128771
-0.011554
-0.0109384
-0.0118593
-0.0134539
-0.0121053
-0.0103211
-0.00940331
-0.00881757
-0.00849204
-0.00818647
-0.00783958
-0.00766401
-0.00601981
-0.00490392
-0.00518173
-0.00485673
-0.004842
-0.00526473
-0.00580976
-0.0065202
-0.00743434
-0.00840159
-0.00941043
-0.0109567
-0.0128747
-0.0118682
-0.0118791
-0.0128688
-0.0136854
-0.0126716
-0.0110472
-0.0106058
-0.0105747
-0.0122653
-0.0122428
-0.0100656
-0.00859737
-0.00772435
-0.00733375
-0.00703116
-0.00677958
-0.00595909
-0.00591743
-0.00451607
-0.00410959
-0.00409145
-0.00464312
-0.00537343
-0.00568857
-0.00603227
-0.00692822
-0.00788395
-0.00893354
-0.0113044
-0.013704
-0.0134488
-0.0133001
-0.0140705
-0.0141992
-0.0120532
-0.0101691
-0.00951559
-0.00894592
-0.00944655
-0.00978557
-0.00912758
-0.00775646
-0.00668705
-0.00612676
-0.00581586
-0.0057042
-0.00511897
-0.00616306
-0.00426008
-0.0035868
-0.00414093
-0.00516201
-0.00615507
-0.00617405
-0.00616457
-0.00745208
-0.0075777
-0.00816974
-0.0103429
-0.0132851
-0.0151613
-0.0139826
-0.0144585
-0.0142994
-0.0110852
-0.00866526
-0.00814688
-0.00730034
-0.00677837
-0.0070034
-0.00763992
-0.00710727
-0.00590456
-0.00514182
-0.0046644
-0.00491728
-0.00591777
-0.00621956
-0.0040986
-0.00348665
-0.00440206
-0.00564237
-0.00769768
-0.00696461
-0.00636188
-0.00800557
-0.0065236
-0.00690103
-0.00857247
-0.0117568
-0.0153656
-0.0154222
-0.0148256
-0.0150872
-0.0104547
-0.00735624
-0.00656851
-0.0058555
-0.00537237
-0.00573955
-0.00677595
-0.00680119
-0.00485783
-0.00340488
-0.00290931
-0.00411645
-0.00521417
-0.00618617
-0.00390917
-0.00329901
-0.00434206
-0.00589736
-0.00769952
-0.00868838
-0.00894017
-0.00758239
-0.00673331
-0.0050412
-0.00682385
-0.00981904
-0.0138625
-0.0172943
-0.0177676
-0.0213695
-0.0144752
-0.0092645
-0.00785938
-0.00675234
-0.00659182
-0.00689895
-0.00813386
-0.00837465
-0.00564228
-0.00182537
-0.000697765
-0.00399045
-0.00458274
-0.00559434
-0.00342267
-0.003123
-0.00389586
-0.00496812
-0.00509345
-0.00404429
-0.00507206
-0.00580871
-0.00749958
-0.00431062
-0.00587131
-0.0079905
-0.0126704
-0.0162436
-0.0256738
-0.0394112
-0.0333937
-0.0244913
-0.0207348
-0.0182016
-0.0161885
-0.0158522
-0.0161232
-0.0155381
-0.00964072
-0.000755728
0.00474216
0.000233286
-0.00329635
-0.00449698
-0.0032468
-0.00283937
-0.00296808
-0.00412494
-0.00258382
-0.00216338
-0.00223123
-0.00303351
-0.00310872
-0.00571739
-0.00702377
-0.00728659
-0.00693369
-0.00985106
-0.0209661
-0.0449747
-0.0572171
-0.0508345
-0.0467155
-0.0444815
-0.0431929
-0.0405248
-0.0350548
-0.0238882
-0.0135114
-0.00631177
-0.00125021
0.00499318
-0.00115572
-0.00254877
-0.00258656
-0.0019688
-0.00401276
-0.00303207
-0.00201063
-0.00214413
-0.00230118
-0.00284259
-0.00298708
-0.00424245
-0.00406701
-0.00320513
-0.00235434
-0.00269432
-0.00520907
-0.0165036
-0.0356857
-0.041925
-0.0424489
-0.0436808
-0.0427004
-0.0364482
-0.026959
-0.0160232
-0.00804366
-0.00545399
-0.00452893
-0.00141108
0.00101764
0.00237309
-0.00214403
-0.00310543
-0.00347295
-0.00237603
-0.00236013
-0.00254749
-0.00288526
-0.00325335
-0.00327687
-0.00272705
-0.00207567
-0.00179806
-0.00170303
-0.00176036
-0.00192047
-0.00337034
-0.00843732
-0.013692
-0.0159568
-0.0171414
-0.0142826
-0.0115402
-0.00689599
-0.00377319
-0.00260138
-0.00233499
-0.00230982
-0.00315741
0.00166655
0.00250384
-0.00198202
-0.00215595
-0.00308054
-0.00247059
-0.00257712
-0.00288034
-0.00326879
-0.00334861
-0.00278908
-0.00214569
-0.00186911
-0.00178987
-0.00178953
-0.00181045
-0.00183889
-0.00186964
-0.00231855
-0.00303352
-0.00349179
-0.00341328
-0.00309272
-0.00239353
-0.00188005
-0.00169256
-0.00172308
-0.00186959
-0.00197297
-0.00243863
0.00037253
0.00101305
-0.00239748
-0.00204641
-0.00291599
-0.00249039
-0.00293128
-0.00284228
-0.00319896
-0.00285543
-0.00231846
-0.00195551
-0.00182744
-0.00182067
-0.0018826
-0.00189812
-0.00188255
-0.0018557
-0.00182595
-0.00180923
-0.00180964
-0.00175681
-0.0016775
-0.00159449
-0.00158138
-0.00169191
-0.00181717
-0.00193245
-0.001991
-0.00240338
-0.00187546
-0.00150609
-0.00282007
-0.00264002
-0.00273582
-0.00253522
-0.00378306
-0.000383072
-0.00277803
-0.00239097
-0.00216093
-0.00191009
-0.00177719
-0.00180946
-0.00192415
-0.00199972
-0.0019694
-0.0019126
-0.00188633
-0.00186571
-0.00184773
-0.00180493
-0.00175054
-0.00171092
-0.00173904
-0.00181619
-0.00193197
-0.00199729
-0.00201504
-0.00234811
-0.00288791
-0.00303545
-0.0034152
-0.00286043
-0.00265199
-0.00236656
0.00293405
-0.00537401
-0.00230541
-0.00226106
-0.00216111
-0.00200739
-0.00183312
-0.00181594
-0.00194591
-0.00206986
-0.00207414
-0.0020079
-0.00196412
-0.00191685
-0.00188144
-0.00184465
-0.00181308
-0.00182004
-0.00185224
-0.00190868
-0.00198026
-0.0020209
-0.00202122
-0.00229684
-0.00328726
-0.00431225
-0.00399392
-0.00284422
-0.00224281
-0.00156401
-0.00743763
0.0033202
-0.00223679
-0.00221174
-0.00224703
-0.00227362
-0.0020935
-0.00191346
-0.00196684
-0.00209833
-0.00214519
-0.00209665
-0.00205161
-0.00199896
-0.00194536
-0.00190404
-0.00188621
-0.00189815
-0.00191948
-0.00195913
-0.00201865
-0.0020514
-0.00205851
-0.00229885
-0.00307752
-0.00489899
-0.00368006
-0.00254447
-0.00243595
-0.00228892
0.000245034
-0.00560395
-0.00205007
-0.00223165
-0.0024175
-0.00256612
-0.00247306
-0.00215124
-0.00203634
-0.0021131
-0.00217999
-0.00216271
-0.00211485
-0.00207555
-0.00202867
-0.0019881
-0.00196832
-0.00196594
-0.00198223
-0.00202479
-0.0020902
-0.0021298
-0.00214863
-0.00237473
-0.00281722
-0.0043255
-0.00321722
-0.00231068
-0.00253078
-0.00221496
-0.00450894
-0.00252481
-0.00215964
-0.00236629
-0.00262352
-0.00281992
-0.00283522
-0.00248183
-0.00219604
-0.00213758
-0.00219167
-0.00220888
-0.00216312
-0.00212649
-0.00209313
-0.00206438
-0.00205016
-0.00204989
-0.00207707
-0.00213853
-0.00221691
-0.00227343
-0.00230734
-0.0024706
-0.00230921
-0.0020055
-0.00134823
-0.00163293
-0.00235982
-0.00251887
0.00020537
-0.00485608
-0.00214646
-0.0025466
-0.00284618
-0.00304422
-0.00312206
-0.00281645
-0.00246428
-0.00223508
-0.00221451
-0.00224465
-0.00223
-0.00218768
-0.00216339
-0.00215214
-0.00215189
-0.00216845
-0.00221688
-0.00230044
-0.00239889
-0.00247951
-0.00253462
-0.00265229
-0.00208812
-0.00101088
-0.00120829
-0.00171315
-0.00181538
-0.00172091
-0.00183635
-0.00235248
-0.00252943
-0.00280516
-0.00308957
-0.00328421
-0.00336302
-0.00310124
-0.00279365
-0.00248735
-0.00232298
-0.00230892
-0.00233158
-0.00230559
-0.00227627
-0.00226975
-0.00227641
-0.00231035
-0.00238067
-0.0024811
-0.00259824
-0.00270666
-0.00278962
-0.00281095
-0.00219508
-0.00184397
-0.00261929
-0.00333777
-0.00471787
-0.00382529
-0.0027969
-0.00270983
-0.00291754
-0.00310618
-0.0033637
-0.00356702
-0.00367132
-0.00337376
-0.00315259
-0.00286098
-0.00261673
-0.00251909
-0.0025107
-0.00248827
-0.00244083
-0.00240602
-0.00239539
-0.00244418
-0.00254088
-0.0026713
-0.00280964
-0.00294121
-0.00306712
-0.00292518
-0.00210254
-0.00172347
-0.00282989
-0.00412941
-0.00586078
-0.0062136
-0.00404544
-0.00348843
-0.00338568
-0.00345986
-0.00366917
-0.00385764
-0.0040089
-0.00368536
-0.00352708
-0.00326922
-0.00302598
-0.00287949
-0.00279749
-0.00273035
-0.00265177
-0.00255478
-0.00248542
-0.00257732
-0.00273742
-0.00290757
-0.00307392
-0.00325889
-0.00337596
-0.00300287
-0.00189302
-0.000936691
-0.00234345
-0.00393947
-0.00563329
-0.00574972
-0.00460793
-0.00407851
-0.00385578
-0.00389011
-0.00400451
-0.00413424
-0.00428123
-0.00392971
-0.00389503
-0.00366978
-0.00344815
-0.00328141
-0.00314175
-0.00303113
-0.00292882
-0.00273724
-0.00244464
-0.00276288
-0.00307252
-0.0033167
-0.0035777
-0.00380602
-0.00382042
-0.00325394
-0.00199126
-0.000698441
-0.00210361
-0.00380436
-0.00552844
-0.00599161
-0.00528897
-0.00476923
-0.00450111
-0.00442959
-0.00441119
-0.00448451
-0.00462927
-0.00453753
-0.00434479
-0.00413086
-0.00391686
-0.0037322
-0.00353141
-0.00337854
-0.00334655
-0.00308573
-0.00172021
-0.00315152
-0.00377725
-0.00419451
-0.00454657
-0.00469794
-0.00439724
-0.00351335
-0.00235941
-0.0019512
-0.00161344
-0.00341341
-0.0050292
-0.00597088
-0.00596355
-0.00565517
-0.00532665
-0.00503955
-0.00483124
-0.00484125
-0.00500203
-0.00520008
-0.00489655
-0.00470997
-0.00451783
-0.00432951
-0.00402332
-0.00371093
-0.00416427
-0.0046938
-0.00517487
-0.00524617
-0.0055189
-0.00586312
-0.00604698
-0.00578644
-0.00484592
-0.00356587
-0.00248024
-0.00182208
-0.00106438
-0.00236927
-0.00401999
-0.0054694
-0.00638991
-0.00667277
-0.00639549
-0.00583072
-0.00532479
-0.00520784
-0.00539223
-0.00559928
-0.00548836
-0.00545424
-0.0053928
-0.00527456
-0.00482316
-0.00325717
-0.00534751
-0.00706298
-0.0105794
-0.00870939
-0.00828324
-0.00815142
-0.00770172
-0.00664895
-0.00516428
-0.00371611
-0.00258844
-0.00209198
-0.000612296
-0.00130553
-0.00247276
-0.00439673
-0.00627416
-0.00721291
-0.00722473
-0.00687426
-0.00629486
-0.00593535
-0.00607164
-0.00628611
-0.00613026
-0.00621756
-0.00644834
-0.00670223
-0.00707649
-0.00769976
-0.00803591
-0.0091765
-0.0110362
-0.0111397
-0.0109002
-0.0101534
-0.00880892
-0.00715075
-0.00546118
-0.00398178
-0.00283655
-0.00219506
0.00045247
-0.0002052
-0.00115872
-0.00320558
-0.00564238
-0.00740348
-0.00822556
-0.00807859
-0.00721232
-0.00701058
-0.00720177
-0.00731184
-0.00710784
-0.00709113
-0.00753948
-0.00828169
-0.00989222
-0.0139818
-0.0120604
-0.0122867
-0.0132927
-0.0135394
-0.0128189
-0.0112221
-0.00928093
-0.00738239
-0.00567881
-0.00427908
-0.00315459
-0.00233994
0.0018218
0.00122973
0.000619447
-0.00242961
-0.00574474
-0.00839311
-0.00986237
-0.00988976
-0.00805049
-0.00733558
-0.00824327
-0.00872347
-0.00871311
-0.00872685
-0.00925824
-0.0102737
-0.0119555
-0.0144741
-0.0150154
-0.0155389
-0.0159048
-0.0152615
-0.0136523
-0.0115448
-0.00940416
-0.00748131
-0.00586039
-0.00455321
-0.00346962
-0.0025408
0.00338614
0.00277571
0.000650148
-0.00362427
-0.00630579
-0.00903859
-0.0109474
-0.0118403
-0.00968337
-0.0065997
-0.00781687
-0.00986416
-0.0105248
-0.0109155
-0.0117589
-0.0131773
-0.0150465
-0.0171467
-0.0181973
-0.0183981
-0.0176
-0.0159356
-0.0137916
-0.0115327
-0.00941837
-0.00757977
-0.00605058
-0.00482449
-0.00378783
-0.00284305
0.00473038
0.00200756
-0.00128579
-0.00443856
-0.00669479
-0.00856249
-0.0102818
-0.0118793
-0.0121003
-0.00857383
-0.00722933
-0.0100266
-0.0120311
-0.0132322
-0.0146913
-0.016731
-0.0188463
-0.0205132
-0.0209332
-0.0200578
-0.0182735
-0.0160272
-0.0136788
-0.0114616
-0.00946242
-0.00772216
-0.00627031
-0.00510906
-0.00411541
-0.00320813
0.00421641
-0.00125521
-0.00459953
-0.00658901
-0.00608079
-0.00717151
-0.00933106
-0.0118034
-0.0151211
-0.0158057
-0.01274
-0.0121815
-0.0142089
-0.0161675
-0.018158
-0.0205182
-0.022307
-0.0230182
-0.0223406
-0.0206118
-0.0183402
-0.0158764
-0.0135413
-0.0114288
-0.0095428
-0.00789318
-0.00650828
-0.00540045
-0.00445048
-0.00361148
0.000967501
-0.00435757
-0.00568305
-0.00646422
-0.00819042
-0.00942805
-0.0115296
-0.0148995
-0.0188715
-0.0226773
-0.0227144
-0.0202801
-0.0198144
-0.0206945
-0.0220145
-0.023654
-0.0244396
-0.0239845
-0.0224882
-0.0203847
-0.0179876
-0.0156014
-0.0133786
-0.0113798
-0.00960127
-0.0080414
-0.00672435
-0.00566804
-0.00476936
-0.00401626
-0.000755649
-0.00419108
-0.00892615
-0.0140922
-0.0158894
-0.0170083
-0.0184392
-0.0206529
-0.0236453
-0.0266472
-0.0280969
-0.0275286
-0.0265383
-0.0259817
-0.0256808
-0.0255415
-0.0249339
-0.0236085
-0.0217365
-0.0195968
-0.0173683
-0.0151692
-0.0131048
-0.0112334
-0.00956979
-0.00810808
-0.00686817
-0.0058693
-0.00503237
-0.00437412
-0.004195
-0.00861896
-0.0193062
-0.030879
-0.0277448
-0.0250172
-0.0247899
-0.0259491
-0.0276863
-0.0292243
-0.0301076
-0.0299044
-0.0290746
-0.0281266
-0.0270514
-0.0258387
-0.0243355
-0.022555
-0.020623
-0.0186125
-0.0165753
-0.0145705
-0.0126753
-0.0109496
-0.00941009
-0.0080556
-0.00690225
-0.00596885
-0.00520253
-0.00463675
-0.0138633
-0.0217293
-0.0320788
-0.0401587
-0.033473
-0.0293148
-0.0286378
-0.0293317
-0.0303566
-0.0310521
-0.0312494
-0.0308195
-0.0298336
-0.028538
-0.0270006
-0.0252831
-0.0234259
-0.0214908
-0.0195417
-0.0176059
-0.0157012
-0.0138585
-0.0121246
-0.0105391
-0.00912392
-0.00787859
-0.0068146
-0.00595014
-0.00525759
-0.00477066
-0.0241686
-0.0276164
-0.0363141
-0.0339833
-0.0298207
-0.028851
-0.0298533
-0.0312935
-0.0322777
-0.0326011
-0.0323084
-0.0315326
-0.0302792
-0.0286722
-0.026799
-0.0247625
-0.0226622
-0.0205815
-0.018573
-0.016655
-0.0148306
-0.0131062
-0.0115017
-0.0100435
-0.00874123
-0.00759743
-0.00661753
-0.00581832
-0.00519405
-0.00476421
-0.0208708
-0.0259895
-0.0286638
-0.026498
-0.0229111
-0.027128
-0.0312105
-0.0336309
-0.0345302
-0.0343799
-0.0335438
-0.032275
-0.0306255
-0.0286817
-0.0265267
-0.0242602
-0.0219852
-0.0197874
-0.0177188
-0.0157966
-0.0140171
-0.0123742
-0.0108701
-0.00951099
-0.00830372
-0.00724621
-0.00633874
-0.0055947
-0.0050255
-0.0046293
-0.0144263
-0.0220572
-0.0216847
-0.0210019
-0.0244686
-0.0308133
-0.0355775
-0.0374457
-0.0374584
-0.0364257
-0.0348329
-0.0329262
-0.0307949
-0.0285051
-0.0261151
-0.0236939
-0.0213182
-0.0190583
-0.0169599
-0.0150396
-0.013292
-0.0117069
-0.0102732
-0.00898921
-0.00785393
-0.00686298
-0.00601197
-0.00530908
-0.00477711
-0.00438967
-0.0115367
-0.0186413
-0.0203031
-0.0259844
-0.0336555
-0.0393307
-0.0424473
-0.0422161
-0.0405599
-0.0382502
-0.0357308
-0.0331613
-0.0305851
-0.0280154
-0.0254755
-0.022993
-0.020604
-0.0183531
-0.0162743
-0.0143818
-0.0126722
-0.0111321
-0.00974993
-0.00851751
-0.00743055
-0.00648389
-0.00567048
-0.00499259
-0.00447862
-0.00408057
-0.0139265
-0.0156395
-0.0267285
-0.0378245
-0.0447747
-0.0501136
-0.0505927
-0.0470957
-0.0431091
-0.0392143
-0.0357074
-0.032575
-0.0297225
-0.0270549
-0.0245142
-0.0220957
-0.0197997
-0.0176424
-0.0156451
-0.0138194
-0.0121644
-0.0106714
-0.00932904
-0.00812929
-0.00706821
-0.006142
-0.00534475
-0.00467383
-0.00415864
-0.00373397
-0.0191165
-0.0242404
-0.0365797
-0.0481236
-0.0557459
-0.0595718
-0.0576611
-0.0501407
-0.0437828
-0.0384673
-0.0342389
-0.030825
-0.0279686
-0.0254677
-0.0231518
-0.0209586
-0.0188798
-0.0169112
-0.015065
-0.013353
-0.0117796
-0.0103416
-0.00903432
-0.00785329
-0.00679885
-0.00586861
-0.00506414
-0.00438002
-0.0038444
-0.00338299
-0.027418
-0.0324587
-0.0433126
-0.053657
-0.0622388
-0.0585804
-0.0545124
-0.0466349
-0.039992
-0.0346184
-0.0306302
-0.0276263
-0.025229
-0.0231913
-0.0213471
-0.0195731
-0.0178465
-0.0161636
-0.0145396
-0.0129902
-0.0115276
-0.0101587
-0.00888657
-0.00771364
-0.00664401
-0.00569338
-0.00485905
-0.00414046
-0.00356519
-0.00305807
-0.0272627
-0.0320123
-0.0433301
-0.0522243
-0.0469699
-0.0395742
-0.0364382
-0.0330976
-0.0298949
-0.0268952
-0.024597
-0.0229107
-0.0215607
-0.0203626
-0.0192095
-0.018015
-0.0167386
-0.0154285
-0.0140901
-0.012748
-0.011425
-0.0101393
-0.0089058
-0.00773549
-0.0066409
-0.00564835
-0.0047609
-0.00398717
-0.00335515
-0.00279855
-0.0154986
-0.0241416
-0.0330425
-0.0325679
-0.0203655
-0.0190118
-0.0181327
-0.0163449
-0.0158545
-0.0165586
-0.0169663
-0.0172225
-0.0173156
-0.0172099
-0.0168878
-0.0161904
-0.015645
-0.0147644
-0.013756
-0.012654
-0.0114924
-0.0103015
-0.00910874
-0.00793864
-0.00681759
-0.00575819
-0.0047971
-0.00394991
-0.00324813
-0.0026411
-0.00252892
-0.0107324
-0.0100034
-0.00171706
-0.00844998
-0.00886701
-0.00774749
-0.00581254
-0.00477894
-0.00717483
-0.00965284
-0.0116644
-0.0131448
-0.0141317
-0.0146787
-0.0149875
-0.0146888
-0.0142555
-0.0135926
-0.0127456
-0.0117568
-0.0106663
-0.00951273
-0.00833392
-0.00716569
-0.00603516
-0.00498693
-0.00405076
-0.00326801
-0.00261113
0.00672562
0.00441502
0.00415253
-0.000117764
-0.00332912
-0.00340426
-0.00108835
6.49596e-05
0.00138184
-0.00103872
-0.0042632
-0.00727952
-0.00973604
-0.0115855
-0.0128693
-0.0136515
-0.0140127
-0.0139969
-0.0136644
-0.0130664
-0.0122493
-0.0112579
-0.010139
-0.00894078
-0.0077091
-0.00649625
-0.00534508
-0.00430328
-0.00342581
-0.00271339
0.018314
0.0122125
0.00763284
0.00280495
0.000407408
0.000666434
0.00358966
0.00385967
0.00433114
0.0019549
-0.00127596
-0.00458793
-0.00751735
-0.00990011
-0.0117184
-0.0129618
-0.0137357
-0.0140786
-0.0140371
-0.0136623
-0.0130004
-0.0120983
-0.0110062
-0.00977931
-0.00847598
-0.00715692
-0.00588218
-0.00471339
-0.00371997
-0.00293449
0.0218592
0.014759
0.00955933
0.00625044
0.0034505
0.00512049
0.00666854
0.00482953
0.0044494
0.00245969
-0.000421845
-0.0035997
-0.00659985
-0.00919628
-0.0113182
-0.0128606
-0.0139408
-0.0145708
-0.0147699
-0.0145786
-0.0140404
-0.0132032
-0.0121199
-0.0108503
-0.00946114
-0.00802053
-0.00660214
-0.00528164
-0.00414216
-0.00325137
0.0223198
0.0161952
0.0115099
0.00842039
0.00762187
0.00967279
0.00952155
0.00478233
0.00315067
0.00126748
-0.0011827
-0.00398085
-0.0067839
-0.00937747
-0.0116391
-0.0133735
-0.0146687
-0.0155208
-0.0159153
-0.015869
-0.015416
-0.014604
-0.0134923
-0.01215
-0.0106524
-0.00907598
-0.00749983
-0.00600697
-0.00469161
-0.00365673
0.0197961
0.0154956
0.013603
0.0107311
0.0118039
0.0138423
0.0114026
0.00469445
0.00140603
-0.000769748
-0.00290876
-0.00528212
-0.00778119
-0.0102675
-0.0125817
-0.0144658
-0.0159376
-0.0169728
-0.0175339
-0.0176092
-0.0172129
-0.0163874
-0.0151974
-0.0137244
-0.012065
-0.0103189
-0.00856641
-0.00688848
-0.00538124
-0.0041751
0.0146176
0.0139339
0.014586
0.0132535
0.0151754
0.0161695
0.0101156
0.001562
-0.00105982
-0.00323658
-0.00503099
-0.00700879
-0.00922893
-0.0116207
-0.0139856
-0.0160448
-0.0177184
-0.0189476
-0.0196778
-0.0198743
-0.0195272
-0.0186657
-0.0173555
-0.0156915
-0.0138012
-0.0118063
-0.00982049
-0.007934
-0.00623073
-0.00484795
0.00887529
0.0108768
0.0119532
0.0116546
0.0137387
0.0125251
0.00125408
-0.0141284
-0.0021904
-0.00523378
-0.00686993
-0.00863703
-0.010746
-0.0131679
-0.0156646
-0.0179633
-0.0199089
-0.0213917
-0.0223332
-0.0226769
-0.0223934
-0.0214973
-0.0200583
-0.0181781
-0.0159876
-0.0136457
-0.0113265
-0.00915828
-0.00725123
-0.00572264
0.00362238
0.00692957
0.00585911
0.00407008
0.00595563
0.00543063
0.000828156
0.0531345
-0.00349807
-0.00613511
-0.00789543
-0.00977955
-0.0120543
-0.0147038
-0.0174665
-0.0200876
-0.0223812
-0.0241939
-0.0254048
-0.0259283
-0.0257211
-0.0247965
-0.0232307
-0.0211298
-0.0186221
-0.0159005
-0.0131804
-0.0106537
-0.00848998
-0.00679801
-0.00392088
0.00286044
0.00113118
-0.0020598
0.000811645
0.00310499
0.00598805
-0.0122467
0.0179344
-0.00649407
-0.00827763
-0.0104801
-0.013146
-0.0161947
-0.0193481
-0.0223641
-0.0250542
-0.0272372
-0.0287414
-0.0294483
-0.0292924
-0.0283174
-0.0266052
-0.0242783
-0.021484
-0.0184344
-0.0153389
-0.0124255
-0.009934
-0.00802101
-0.0104572
-0.00156834
-0.00185287
-0.00280955
0.0014045
0.00494206
0.0120819
-0.0137498
-0.0157022
-0.00712897
-0.00906227
-0.011332
-0.0143585
-0.0178222
-0.0213955
-0.0248168
-0.0279015
-0.0304443
-0.0322387
-0.0331413
-0.0330482
-0.0319709
-0.0300259
-0.0273885
-0.0242704
-0.020912
-0.0175016
-0.014241
-0.0114105
-0.00925793
-0.0113945
-0.00386074
-0.0036268
-0.00176847
0.00352124
-0.000506455
0.0133761
-0.0148985
-0.0240055
-0.0103921
-0.0105462
-0.0129988
-0.0161231
-0.0198222
-0.0237123
-0.0274837
-0.0309524
-0.0338734
-0.0360268
-0.0372329
-0.0372844
-0.0360437
-0.0337004
-0.030522
-0.0268889
-0.0230999
-0.0193577
-0.0157902
-0.0126494
-0.0102592
-0.00703371
-0.00435207
-0.00309744
0.000112974
0.00658418
0.0099546
0.00542232
-0.0111335
-0.00957393
-0.0113888
-0.0132021
-0.0155792
-0.0185019
-0.0222368
-0.0263209
-0.0304438
-0.0344267
-0.0378454
-0.0404651
-0.042084
-0.0423198
-0.0408216
-0.0378647
-0.0338077
-0.0294282
-0.0249973
-0.0207671
-0.0168114
-0.0133389
-0.0106953
-0.00226159
-0.00601407
-0.00312182
0.00396202
0.0117334
0.0176543
0.0101561
0.0014834
-0.0103848
-0.012635
-0.01613
-0.0179222
-0.0211462
-0.0249711
-0.0293373
-0.0339401
-0.0385004
-0.0423688
-0.0452587
-0.0469293
-0.0469648
-0.0450283
-0.0415847
-0.0367607
-0.0317483
-0.0265421
-0.0216217
-0.017085
-0.013162
-0.0101719
0.00142857
-0.00798726
-0.00296896
0.0111173
0.0198992
0.0349015
0.0225585
0.0125769
-0.0022535
-0.0124527
-0.0161226
-0.0195198
-0.0233694
-0.0280396
-0.0329351
-0.0379324
-0.042697
-0.0460725
-0.0479019
-0.0464374
-0.0450121
-0.0427175
-0.040397
-0.0366905
-0.0323267
-0.0269265
-0.0215429
-0.0163297
-0.0118259
-0.00826242
0.010489
-0.00825329
0.00108491
0.0219005
0.0313312
0.0494501
0.0418649
0.0291005
0.0109522
-0.00369706
-0.0119125
-0.0188474
-0.0259516
-0.0322547
-0.0375586
-0.0418632
-0.0452266
-0.0452201
-0.0420132
-0.0380824
-0.0343322
-0.0343911
-0.0342928
-0.0318744
-0.028788
-0.0247129
-0.0198866
-0.0140871
-0.0092041
-0.00469979
0.0140726
-0.0025734
0.00837602
0.0104137
0.0498161
0.0586813
0.0621265
0.0510404
0.0314364
0.012096
-0.00339457
-0.0179446
-0.0305603
-0.0387041
-0.0433914
-0.0445609
-0.0436462
-0.0386628
-0.0363138
-0.0313664
-0.0329364
-0.0303044
-0.0266815
-0.0239287
-0.0218889
-0.0204411
-0.0169191
-0.00979207
-0.00518057
0.000553158
0.00960841
-9.86762e-05
0.00920707
0.0116374
0.00966579
0.0598891
0.0562549
0.0314683
0.036557
0.0251473
0.00563649
-0.0183664
-0.0383044
-0.047371
-0.0499668
-0.0459762
-0.0408409
-0.0357645
-0.0317661
-0.0300878
-0.0272945
-0.0238153
-0.024274
-0.0234863
-0.022764
-0.0204004
-0.014464
-0.00273713
0.00100596
0.00846704
0.00560801
-0.00255504
0.00631669
0.0140365
0.0231436
0.00870587
0.0176215
0.0394174
0.0105909
0.0159822
0.00339223
-0.0248561
-0.052066
-0.0572678
-0.054557
-0.0460327
-0.0389372
-0.0349172
-0.029528
-0.0278423
-0.0234627
-0.0262202
-0.0297222
-0.0390223
-0.0264868
-0.0199526
-0.00946952
0.00642834
0.00929472
0.0155697
-0.001671
-0.0107443
-0.00235529
0.00138754
0.0104713
0.0394489
0.0501942
0.0299069
-0.0457867
-0.0513233
-0.0290116
-0.0490471
-0.0682131
-0.0686424
-0.055594
-0.0441094
-0.0383585
-0.0362847
-0.02334
-0.02749
-0.0290174
-0.0332674
-0.0319189
-0.0265637
-0.0152444
-0.0155663
-0.00282654
0.0102457
0.00478407
0.0110163
-0.021218
-0.0354884
-0.0232289
-0.0236781
-0.012616
0.00469808
0.0148148
-0.00164429
0.0859879
-0.0226247
-0.0954415
-0.0900699
-0.0853851
-0.0723258
-0.0471954
-0.0436267
-0.0411058
-0.0366238
-0.0327906
-0.0319881
-0.0340221
-0.0304907
-0.0284003
-0.0174548
-0.0246642
-0.00874134
-0.00433709
-0.00070576
-0.00918527
-0.00191619
-0.0458149
-0.0619859
-0.0534663
-0.0585588
-0.0391816
-0.00540372
0.0154186
0.0126918
0.00343049
-0.0223248
-0.108819
-0.119321
-0.0881145
-0.0442918
-0.047004
-0.0523391
-0.0484904
-0.040476
-0.0357657
-0.0332961
-0.0294778
-0.024761
-0.0182239
-0.0150101
-0.00956035
-0.00427822
-0.00491704
-0.00827645
-0.0133938
-0.00714972
-0.0486681
-0.0605408
-0.0627045
-0.0572764
-0.0396097
-0.016567
0.0145288
0.0212179
0.00112268
-0.0586114
-0.0852977
-0.0865996
-0.0725002
-0.0636678
-0.0620061
-0.0624717
-0.0534405
-0.0413378
-0.0340486
-0.028999
-0.0234944
-0.0172848
-0.012199
-0.00956174
-0.00728844
-0.00557172
-0.00894464
-0.00906333
-0.00124833
-0.000451811
-0.0204335
-0.0248721
-0.0175791
-0.00983254
-0.00412165
0.00266125
0.0147197
0.0273035
0.00222451
-0.0479828
-0.0869464
-0.0850163
-0.0883048
-0.0895263
-0.0832476
-0.0650408
-0.0458671
-0.03389
-0.0265385
-0.0207665
-0.0160628
-0.0109896
-0.00922444
-0.00935353
-0.00540567
-0.00895438
-0.00748882
-0.000109666
0.000489982
-0.000419467
0.01513
0.0122363
0.0111907
0.00886966
0.00793651
0.0106678
0.0226691
0.027226
0.0011046
-0.0399974
-0.0469966
-0.0486864
-0.0582869
-0.0637402
-0.0548857
-0.0425095
-0.027897
-0.0223778
-0.0185823
-0.0185934
-0.0109232
-0.0146143
-0.0072935
-0.00824207
-0.00816954
-0.00507507
0.000521603
0.000479649
-0.000294896
-0.000548898
0.02556
0.019741
0.0170574
0.0124955
0.00798367
0.00192928
-0.0053624
-0.0226937
-0.0277203
-0.0162032
-0.0111504
-0.00941557
-0.0099268
-0.0121189
-0.0119209
-0.0131841
-0.0119684
-0.0127412
-0.0133945
-0.00926295
-0.0109347
-0.00610209
-0.00688372
-0.00419776
-0.000374954
0.00047855
0.000158377
-0.000138927
-0.000408115
-0.000511869
0.0296028
0.0238647
0.0195944
0.0134274
0.00757377
-0.00403445
-0.0206373
-0.0324566
-0.0222312
-0.00776792
-0.00481232
-0.0045166
-0.00402538
-0.00346546
-0.00298153
-0.00284919
-0.00324492
-0.00363607
-0.00417336
-0.00407872
-0.00329437
-0.00140766
6.1565e-05
0.000324934
0.000111751
-1.78441e-05
-0.000118054
-0.000245977
-0.000397358
-0.000381271
0.0233825
0.0264974
0.0250781
0.0201553
0.0126321
0.00122967
-0.0101021
-0.0158082
-0.0101087
-0.00431482
-0.00377187
-0.00379628
-0.00338152
-0.00277356
-0.00226793
-0.00189486
-0.00154651
-0.00108935
-0.000771544
-0.000445978
-0.00018246
-2.91606e-05
-3.76033e-05
-7.99148e-05
-0.000122682
-0.000157699
-0.00019456
-0.000246064
-0.000321015
-0.000314384
0.00607402
0.0148748
0.0247427
0.0276534
0.0211441
0.0112
0.00419895
-0.000764866
-0.00364063
-0.00306235
-0.00306061
-0.00312719
-0.0027882
-0.00232747
-0.0019518
-0.00164808
-0.00130583
-0.000956928
-0.000625575
-0.000408026
-0.000289518
-0.000231385
-0.000218067
-0.000222208
-0.000212557
-0.000191083
-0.000182645
-0.000199946
-0.000252947
-0.000273717
-0.0110115
0.0046604
0.0200747
0.0275158
0.0259889
0.0203676
0.013751
0.00505653
-0.00130565
-0.00195894
-0.00231399
-0.00236492
-0.0021
-0.00180813
-0.00159712
-0.00142069
-0.00119153
-0.00091746
-0.00065509
-0.00046493
-0.000353254
-0.00029664
-0.000272179
-0.000252808
-0.000218628
-0.000177164
-0.000155445
-0.000160953
-0.000204486
-0.000234427
-0.0083629
-0.00353927
0.0159699
0.0264939
0.0249601
0.0205222
0.0156162
0.00527385
-0.00062763
-0.00132212
-0.00174032
-0.00175247
-0.00156969
-0.00141243
-0.00130795
-0.00120583
-0.00104144
-0.000830209
-0.000602145
-0.000427238
-0.000330576
-0.000282339
-0.000260496
-0.000240875
-0.000203284
-0.000157496
-0.000131465
-0.00013181
-0.000167947
-0.000202024
0.00326132
0.00290441
0.00939671
0.0246075
0.0239449
0.0178657
0.012733
0.00329205
-0.000475162
-0.00108628
-0.00133593
-0.00132313
-0.00121317
-0.0011462
-0.00109466
-0.00101003
-0.000886208
-0.000686904
-0.000507031
-0.0003644
-0.000283882
-0.000246559
-0.000233326
-0.000219022
-0.00018543
-0.000142009
-0.000113206
-0.000112224
-0.000143276
-0.000172901
0.00516335
0.00256629
0.00421378
0.0165547
0.0233291
0.0172672
0.0110997
0.00109272
-0.000503948
-0.000839838
-0.00106184
-0.00104387
-0.000985831
-0.000965842
-0.000920233
-0.000847024
-0.000722688
-0.000588842
-0.000419469
-0.000301521
-0.000238787
-0.000212032
-0.000204794
-0.000194272
-0.000165846
-0.000125651
-9.99434e-05
-9.21603e-05
-0.000122454
-0.000145522
0.00431416
0.00132003
0.00286652
0.00922482
0.0162217
0.0134841
0.00848513
-0.000132883
-0.00200231
-0.000802288
-0.00087863
-0.000852872
-0.000824052
-0.000810922
-0.000764558
-0.000679885
-0.000577929
-0.000459811
-0.00033825
-0.000247409
-0.00020001
-0.00018217
-0.000176212
-0.000170795
-0.000146939
-0.000105547
-8.68177e-05
-8.19288e-05
-9.84481e-05
-0.000126122
0.00443216
0.0012395
0.00228506
0.00761342
0.0102312
0.00924609
0.00487104
-0.00581443
0.000742687
-0.000381751
-0.000652125
-0.000676053
-0.000668511
-0.000654148
-0.000603009
-0.000534527
-0.000459226
-0.000367086
-0.000272986
-0.000204566
-0.000168764
-0.00015558
-0.000149846
-0.000147085
-0.000125086
-8.70146e-05
-5.95866e-05
-6.01054e-05
-7.93635e-05
-0.000114553
0.00467432
0.00128443
0.00219101
0.00668331
0.0111944
0.011554
0.00668735
9.83743e-05
-0.000909197
-0.000366479
-0.000545788
-0.000553954
-0.000543181
-0.000520923
-0.000478247
-0.000429504
-0.000371108
-0.000297894
-0.000222313
-0.000171533
-0.000143101
-0.00013314
-0.000125169
-0.000123291
-0.0001042
-7.0036e-05
-5.17508e-05
-4.93854e-05
-6.642e-05
-0.000105406
0.0046198
0.00155545
0.00215758
0.00619823
0.0110956
0.0120114
0.0072973
0.00343643
0.000387487
-0.000189086
-0.000436659
-0.000501857
-0.000484442
-0.000446095
-0.000396943
-0.000351816
-0.000304738
-0.000245001
-0.00018742
-0.000148983
-0.000124637
-0.000110467
-0.00010105
-9.74401e-05
-8.28619e-05
-5.78952e-05
-3.85603e-05
-4.24637e-05
-6.00507e-05
-9.89279e-05
0.00501783
0.00171839
0.00248362
0.00579451
0.0108051
0.0112113
0.00892165
0.00593638
0.001262
0.000140467
-0.000332975
-0.000464888
-0.000435055
-0.000381774
-0.00033414
-0.00030012
-0.000263443
-0.000214391
-0.000171565
-0.000139567
-0.000116477
-9.48821e-05
-7.77884e-05
-6.7407e-05
-5.62404e-05
-4.38076e-05
-3.71965e-05
-4.65215e-05
-5.75015e-05
-9.44814e-05
0.00499673
0.00152352
0.00265294
0.00571979
0.0104338
0.00990841
0.0101987
0.00674854
0.00248565
0.000602013
-0.000191988
-0.000380072
-0.000370453
-0.000323594
-0.00029504
-0.000279324
-0.000249189
-0.000209358
-0.000172802
-0.00014579
-0.000120444
-8.9819e-05
-5.7519e-05
-3.14678e-05
-1.71936e-05
-1.79146e-05
-2.73838e-05
-3.83674e-05
-5.58949e-05
-9.05397e-05
0.00457083
0.000923267
0.0028881
0.00569244
0.0102564
0.00885078
0.00877863
0.00643515
0.00272385
0.00125032
-2.6915e-05
-0.000318468
-0.000341689
-0.000318447
-0.000315925
-0.000312648
-0.000276757
-0.000228508
-0.000191214
-0.000175163
-0.000147001
-0.000101164
-5.00177e-05
5.10895e-06
4.03883e-05
3.1979e-05
-5.77556e-07
-2.84268e-05
-5.41201e-05
-8.43635e-05
0.00458824
0.00162166
0.00325319
0.00581172
0.00860715
0.00774919
0.00734149
0.00586914
0.00282926
0.00173068
4.22021e-05
-0.000369161
-0.000408486
-0.00041917
-0.000432239
-0.000391838
-0.000325293
-0.000266329
-0.000254785
-0.000209539
-0.000194763
-0.000164493
-8.68279e-05
8.63398e-06
0.000104072
0.000126722
6.22508e-05
-9.34149e-07
-4.85302e-05
-8.05955e-05
0.00478786
0.000890819
0.00361027
0.00614208
0.00620794
0.00756185
0.00730353
0.00439268
0.00344534
0.00179937
-2.99097e-05
-0.000578192
-0.000646757
-0.000687423
-0.000654066
-0.000569987
-0.000451947
-0.000365186
-0.000330654
-0.000318522
-0.000287409
-0.000254642
-0.000217761
-0.000124914
4.52754e-05
0.000220129
0.000206938
7.25512e-05
-1.92465e-05
-8.74565e-05
0.00506478
0.00052493
0.00379387
0.00739196
0.00684955
0.00758154
0.00703415
0.00608564
0.00432205
0.00290264
-0.000807667
-0.000974775
-0.00117021
-0.00116511
-0.00108264
-0.000947804
-0.000756345
-0.000594194
-0.000512737
-0.000468536
-0.000425077
-0.000397731
-0.000420395
-0.000459702
-0.000389425
-8.96409e-05
0.000279915
0.000271866
6.44948e-05
-8.43055e-05
0.00546761
0.00160356
0.00406841
0.00741202
0.00791006
0.00763978
0.00703475
0.00664594
0.00426955
0.00334067
-0.00140875
-0.00173447
-0.00186262
-0.00188999
-0.0018303
-0.00165437
-0.0013774
-0.00107945
-0.000880475
-0.000761303
-0.000667882
-0.000610541
-0.000634384
-0.000771479
-0.000992407
-0.00101781
-0.00056525
0.000156779
0.00030103
-5.27111e-05
0.00602848
0.00207413
0.00415414
0.00745645
0.00861627
0.00822862
0.00704361
0.00612725
0.00435418
0.00939668
-0.00720917
-0.00285751
-0.00298424
-0.00304857
-0.00298187
-0.00281918
-0.00247826
-0.00201483
-0.00163966
-0.00136568
-0.00113727
-0.000974674
-0.000898629
-0.000953325
-0.00120049
-0.00163068
-0.00197356
-0.00161026
-0.000333162
1.69141e-06
0.00705292
0.00314441
0.00418847
0.00762779
0.00994024
0.00939501
0.00721408
0.00636663
0.00595279
-0.00308638
-0.0058291
-0.00463361
-0.00451658
-0.00454863
-0.00461095
-0.00435655
-0.00406117
-0.00356413
-0.00294361
-0.00245804
-0.00203307
-0.00167386
-0.00140268
-0.00122085
-0.00125662
-0.00166619
-0.00236855
-0.0029194
-0.00309189
-0.00129871
0.00776696
0.00432943
0.00475967
0.0066594
0.0102668
0.0105168
0.00783311
0.00625748
0.00552099
-0.00616437
-0.00798067
-0.00668591
-0.00652126
-0.0063106
-0.00615517
-0.00609655
-0.00593104
-0.00532787
-0.0050099
-0.00413524
-0.0034054
-0.00288518
-0.00241556
-0.00201704
-0.00178156
-0.00179718
-0.00234212
-0.0032886
-0.00400221
-0.00449633
0.00890575
0.00555863
0.00438463
0.00384711
0.00792147
0.0114339
0.0099657
0.00744771
0.000800092
-0.0131448
-0.0117158
-0.0100392
-0.0090688
-0.0081343
-0.00757774
-0.0073821
-0.00730356
-0.00705949
-0.00657831
-0.00575446
-0.00507034
-0.00431421
-0.00375935
-0.00338383
-0.00312894
-0.00272706
-0.00269518
-0.00323116
-0.00452155
-0.0085347
0.00629969
0.00595007
0.00399326
0.000318712
-5.49289e-05
0.00473838
0.00987242
0.00141937
-0.0150264
-0.0174825
-0.0164414
-0.0144001
-0.0119178
-0.0100024
-0.00879272
-0.00815623
-0.00787967
-0.00766494
-0.00730574
-0.00667459
-0.00593872
-0.00521568
-0.00469173
-0.0042717
-0.00378962
-0.00398361
-0.00374926
-0.00383928
-0.00512478
-0.00538783
0.00568999
0.00644061
0.00400065
-0.00216636
-0.00732956
-0.00713549
-0.00577478
-0.0130007
-0.0176627
-0.0212178
-0.0218743
-0.0191009
-0.0152875
-0.0121965
-0.0101287
-0.0087492
-0.00791205
-0.00738614
-0.00689998
-0.00634259
-0.00569854
-0.00521197
-0.00469812
-0.0045983
-0.00477141
-0.00445398
-0.00453569
-0.00397708
-0.00376857
-0.00542385
0.0058123
0.00833491
0.00235435
-0.00157766
-0.00676318
-0.010478
-0.00897822
-0.0106054
-0.0138995
-0.0202372
-0.0235538
-0.0226286
-0.0192131
-0.015365
-0.0121706
-0.00984911
-0.00819521
-0.00704965
-0.00618993
-0.00546601
-0.00483656
-0.00417417
-0.00380439
-0.00365612
-0.00381015
-0.00414379
-0.00430228
-0.00488696
-0.00431042
-0.000237341
0.00776218
0.00735473
0.00121417
-0.00193155
-0.00464217
-0.00640844
-0.00421219
-0.00481986
-0.00766772
-0.0143761
-0.0206884
-0.0231285
-0.0223206
-0.0194268
-0.0157471
-0.0123578
-0.00967213
-0.0075871
-0.00599816
-0.00476147
-0.00379624
-0.00303916
-0.00265452
-0.00260146
-0.00279884
-0.00331789
-0.00383857
-0.00420953
-0.00432859
-0.00745389
0.00600334
0.00345228
-0.000917614
-0.00284117
-0.00375172
-0.00239693
-0.00129378
-0.00179321
-0.00320685
-0.00707214
-0.013204
-0.0191418
-0.0223903
-0.0220226
-0.0203421
-0.016808
-0.0131728
-0.00991427
-0.00727685
-0.00527468
-0.00375207
-0.00261351
-0.00206061
-0.00183369
-0.00199169
-0.002413
-0.00294135
-0.00325681
-0.0030521
-0.00400306
0.00405967
0.00148321
-0.00167063
-0.00454011
-0.00181535
-0.000572638
-0.000383304
-0.000623504
-0.00111971
-0.00236625
-0.00536037
-0.0106167
-0.016689
-0.0208915
-0.0218507
-0.0207143
-0.0180515
-0.0140955
-0.0102118
-0.00716522
-0.00473205
-0.00324548
-0.00246649
-0.00193264
-0.00177675
-0.00193626
-0.002286
-0.002608
-0.00507095
-0.00322165
0.00284369
0.00111049
-0.00319387
-0.00112676
-0.000415516
-0.000219125
-0.00017699
-0.000261349
-0.000419657
-0.000683691
-0.0014436
-0.00355587
-0.00776316
-0.0135825
-0.0185767
-0.0213137
-0.0220569
-0.0194063
-0.0147679
-0.0102478
-0.00661015
-0.00421517
-0.00287452
-0.00213523
-0.00185732
-0.00181445
-0.00195722
-0.00210257
-0.00421593
-0.00274791
0.00165087
0.000271054
-0.000532523
-0.000337886
-0.000340626
-0.000180648
-0.000133248
-0.000161643
-0.000210837
-0.000249166
-0.000356435
-0.000792802
-0.00214459
-0.00504415
-0.00998428
-0.0157443
-0.020952
-0.0216604
-0.0193199
-0.0135058
-0.008577
-0.00507807
-0.00301199
-0.00214466
-0.00172563
-0.00165895
-0.00172341
-0.0018629
-0.00106256
-2.58134e-05
0.000619931
0.000559065
-0.000351107
-0.00060358
-0.000457505
-0.000231658
-0.000135465
-0.000136106
-0.000145631
-0.000136714
-0.000129165
-0.000171826
-0.00040241
-0.0011624
-0.00302461
-0.00654643
-0.0124304
-0.0151501
-0.0186622
-0.0153322
-0.0106252
-0.00637712
-0.00350611
-0.0021893
-0.00158276
-0.0014749
-0.00147326
-0.00165001
-0.000869798
-0.000935686
-0.000459349
-0.000139472
-0.000772582
-0.000778415
-0.000607415
-0.000326658
-0.000160443
-0.000132662
-0.000126473
-0.0001053
-8.29254e-05
-7.27134e-05
-9.13004e-05
-0.000198176
-0.000559455
-0.00156738
-0.00382751
-0.00858714
-0.0116743
-0.0131073
-0.0109733
-0.00804331
-0.00482398
-0.00262323
-0.00175879
-0.00138491
-0.00133081
-0.00135388
-0.000383899
-0.00469757
-0.00104571
-0.000928012
-0.00094719
-0.000875439
-0.000714416
-0.000418405
-0.000204037
-0.000143578
-0.000123965
-9.95189e-05
-7.53121e-05
-6.11954e-05
-5.22381e-05
-5.64455e-05
-9.52009e-05
-0.000231359
-0.000604469
-0.00215011
-0.0058023
-0.00338938
-0.00951322
-0.00873093
-0.00693549
-0.00376311
-0.00219259
-0.00148784
-0.00130572
-0.00126298
-0.000237523
-0.00152031
-0.00139093
-0.00119151
-0.00101183
-0.000920718
-0.000788447
-0.00048937
-0.000264422
-0.000180431
-0.000139582
-0.000108733
-8.07736e-05
-6.27146e-05
-4.80853e-05
-3.83239e-05
-4.26846e-05
-6.17745e-05
-9.4667e-05
-0.000209119
-0.000817734
-0.0036433
-0.00540681
-0.00656061
-0.0103808
-0.00543452
-0.00297103
-0.00183516
-0.0013389
-0.00115622
-0.000954137
-0.000965276
-0.00160632
-0.00110705
-0.00103464
-0.000972742
-0.000837441
-0.000538305
-0.000331746
-0.000254982
-0.000194086
-0.000146784
-0.000103693
-7.76472e-05
-6.05013e-05
-4.89772e-05
-4.76415e-05
-4.25774e-05
-5.65975e-05
-8.01518e-05
-0.00015155
-0.00146429
-0.00413784
-0.00991865
-0.0112099
-0.00799313
-0.00416989
-0.00221797
-0.00146506
-0.0013246
-0.00128504
-0.00121517
-0.00136824
-0.001033
-0.0010849
-0.000995676
-0.00086433
-0.000564719
-0.000381624
-0.000353476
-0.000300048
-0.00022176
-0.000164043
-0.000126127
-0.000103895
-9.19409e-05
-8.92073e-05
-0.000102263
-9.34889e-05
-9.71614e-05
-9.92334e-05
-0.000168049
-0.000793551
-0.00494591
-0.0103595
-0.0107284
-0.00600813
-0.0029172
-0.00183798
-0.00157412
-0.00158372
-0.00172147
-0.00139217
-0.00106528
-0.000839141
-0.00103261
-0.000885699
-0.000571293
-0.000386541
-0.000429982
-0.000441326
-0.000373347
-0.000295272
-0.000245492
-0.00021801
-0.000202934
-0.000199582
-0.000195886
-0.000186795
-0.000165656
-0.000148445
-0.000145869
-0.000429399
-0.00361413
-0.00716463
-0.00964419
-0.00783169
-0.00441047
-0.00248849
-0.00189762
-0.00178876
-0.00198549
-0.00139858
-0.00115458
-0.00140626
-0.00104885
-0.000894697
-0.000566245
-0.00036979
-0.000440354
-0.000539234
-0.000520143
-0.000477948
-0.000440743
-0.000416396
-0.000397906
-0.000380474
-0.000355998
-0.000316628
-0.000275352
-0.000244264
-0.0002155
-0.000237672
-0.000835049
-0.00580203
-0.0104004
-0.00883805
-0.00624469
-0.00341229
-0.00232485
-0.00209342
-0.00226239
-0.00138835
-0.001067
8.31641e-06
-0.00105165
-0.000914593
-0.000568425
-0.000375024
-0.000437901
-0.000560179
-0.000586907
-0.000609448
-0.000618065
-0.00061151
-0.000587416
-0.000547202
-0.000493996
-0.000436315
-0.000382439
-0.000341386
-0.000314088
-0.000278061
-0.000181803
-0.00396471
-0.00956332
-0.00496612
-0.00843606
-0.0042618
-0.00277403
-0.00240223
-0.00249602
-0.00147291
-0.00116389
-0.00235031
-0.00115008
-0.000977979
-0.000594005
-0.000352976
-0.000416472
-0.000542018
-0.000582374
-0.000639158
-0.00067803
-0.000690932
-0.000671367
-0.00062341
-0.000565136
-0.000506904
-0.000455561
-0.000415847
-0.000389831
-0.00035326
-0.000307371
-0.000716399
-0.005166
-0.0107372
-0.00752613
-0.00499601
-0.00315513
-0.00261223
-0.00270594
-0.00136466
-0.00197445
-0.0012028
-0.00116588
-0.00102859
-0.000642453
-0.000347123
-0.000391693
-0.00052011
-0.000544863
-0.000606885
-0.000650515
-0.000670396
-0.000662812
-0.000630655
-0.000585957
-0.000536863
-0.000495143
-0.000465274
-0.000441843
-0.000408036
-0.000344734
-0.000253578
-0.00198545
-0.00643975
-0.00750178
-0.0052327
-0.00345376
-0.00274259
-0.00289204
-0.00142411
-0.0191564
-0.00116268
-0.00120534
-0.00110683
-0.000714245
-0.000350158
-0.00039912
-0.000504507
-0.000522928
-0.000567666
-0.000607114
-0.000627657
-0.000630695
-0.000615949
-0.000588808
-0.000553568
-0.00051851
-0.000497364
-0.000478278
-0.000444136
-0.000374168
-0.00022571
-3.7543e-05
-0.00419524
-0.00498035
-0.00482162
-0.00326173
-0.00257001
-0.00289373
-0.00163646
0.0231606
-0.00409943
-0.00126158
-0.00119242
-0.000800236
-0.000374489
-0.000396677
-0.00049978
-0.000509052
-0.000545718
-0.000579588
-0.000598708
-0.000609175
-0.000607663
-0.000596815
-0.000572724
-0.000545047
-0.000526028
-0.000510361
-0.000481478
-0.000410118
-0.000279442
-0.000131429
-0.000623044
-0.00425817
-0.00368157
-0.00274656
-0.00217771
-0.00262303
-0.00147538
-0.0127613
-0.00073018
-0.00132939
-0.00125984
-0.000888481
-0.000408503
-0.000391587
-0.00050815
-0.000497168
-0.000544153
-0.000579751
-0.000596139
-0.000608369
-0.000615704
-0.000616666
-0.000600919
-0.000579843
-0.000561167
-0.000545464
-0.000522667
-0.000465275
-0.000353534
-0.000194359
-2.03291e-05
-0.00204565
-0.00312363
-0.0022891
-0.00192178
-0.00235504
-0.00161496
0.0237293
-0.00333292
-0.00132811
-0.00132043
-0.000962685
-0.000446499
-0.000406319
-0.000527239
-0.000510369
-0.000569664
-0.000607533
-0.000618921
-0.000627059
-0.000638498
-0.00064697
-0.00063849
-0.000621024
-0.000600943
-0.000585141
-0.000571557
-0.000533852
-0.000435996
-0.000285265
-0.000216144
-0.00024003
-0.00438699
-0.0019888
-0.00206288
-0.00232712
-0.00152188
-0.0146746
0.00237447
-0.00134635
-0.00138474
-0.00100377
-0.000486284
-0.00043636
-0.000557681
-0.000544075
-0.000618493
-0.000652985
-0.000657929
-0.000659652
-0.000669832
-0.000682756
-0.000682441
-0.000665698
-0.000642882
-0.000628195
-0.000621421
-0.000601629
-0.000528604
-0.000401406
-0.000366145
-0.00102151
-0.00184482
-0.00205335
-0.00230974
-0.00255064
-0.00148259
-0.00407301
-7.82313e-06
-0.00138998
-0.00142949
-0.00102599
-0.000514801
-0.000477544
-0.000596665
-0.000599727
-0.000679779
-0.000704494
-0.000703941
-0.000700682
-0.000705668
-0.00071982
-0.000727966
-0.000710912
-0.000684024
-0.000670877
-0.000671271
-0.000660428
-0.000611088
-0.00053453
-0.000596071
-0.00140745
-0.00205984
-0.00192678
-0.00237463
-0.00283363
-0.00148782
-0.00665596
-0.000291447
-0.00147774
-0.00145368
-0.00102656
-0.000534267
-0.000521384
-0.000641863
-0.000664063
-0.000742134
-0.000754763
-0.0007507
-0.000745799
-0.000744314
-0.000757027
-0.000771423
-0.000754299
-0.000724151
-0.000712765
-0.00071633
-0.000705096
-0.000667201
-0.000622056
-0.000776238
-0.00185657
-0.00226191
-0.00216103
-0.00245392
-0.00313527
-0.00166659
-0.00156316
-0.00155074
-0.00154815
-0.00145262
-0.000987879
-0.000579625
-0.000569379
-0.000693249
-0.000728611
-0.000800475
-0.000802932
-0.000796395
-0.000793106
-0.000786699
-0.000796242
-0.000813781
-0.000796409
-0.000764213
-0.000754322
-0.000757715
-0.000739646
-0.00069726
-0.000677184
-0.000733414
-0.00217033
-0.00333363
-0.00233668
-0.00275993
-0.0035915
-0.00188098
-0.00167966
-0.00163853
-0.00168819
-0.00160825
-0.00116988
-0.000605294
-0.000627879
-0.000751924
-0.000791678
-0.000855706
-0.000852203
-0.000842742
-0.000843281
-0.000835881
-0.000840722
-0.000858423
-0.000840933
-0.000807611
-0.000797633
-0.000798824
-0.000770574
-0.000707387
-0.000673123
-0.000740277
-0.00135629
-0.00398295
-0.00250675
-0.0032129
-0.00434426
-0.00198983
-0.0018301
-0.00178565
-0.00187549
-0.00196721
-0.00142826
-0.000682619
-0.000702092
-0.000818472
-0.000855657
-0.000911691
-0.000906844
-0.000893914
-0.000897711
-0.000894127
-0.000894117
-0.000908419
-0.00089364
-0.000859386
-0.000846686
-0.000845258
-0.000803625
-0.000713622
-0.000648556
-0.000596475
-0.000638037
-0.00303797
-0.00204978
-0.0034784
-0.00471818
-0.00233714
-0.00210353
-0.00194777
-0.0020601
-0.00240065
-0.00161518
-0.000763009
-0.000783754
-0.000889885
-0.00092353
-0.000973043
-0.000970414
-0.000955302
-0.000959084
-0.000961605
-0.000959275
-0.000967431
-0.00096014
-0.000924813
-0.000906671
-0.000903718
-0.000855078
-0.000738474
-0.00063535
-0.000516061
-0.000426894
-0.00138492
-0.00188614
-0.00285731
-0.00367857
-0.00263987
-0.00257401
-0.00223507
-0.00227263
-0.00261403
-0.00158145
-0.000822696
-0.000861809
-0.000963973
-0.000998355
-0.0010442
-0.001046
-0.00103123
-0.00103168
-0.00103911
-0.00103679
-0.00103868
-0.00104364
-0.00100755
-0.00097935
-0.000980991
-0.000923264
-0.00080681
-0.000665771
-0.000513985
-0.000421329
-0.000478361
-0.00171723
-0.00200204
-0.00262313
-0.00313167
-0.00271485
-0.00273031
-0.002675
-0.00254293
-0.0013019
-0.000878135
-0.000941836
-0.00104773
-0.00108601
-0.00113042
-0.00113714
-0.00112347
-0.00111973
-0.00112964
-0.00112646
-0.00112317
-0.001142
-0.00111015
-0.00106877
-0.00107588
-0.00103712
-0.000898187
-0.000762235
-0.000618739
-0.000415223
-0.000520167
-0.00165145
-0.00168317
-0.00208409
-0.00385425
-0.00319185
-0.00291774
-0.00317645
-0.00256312
-0.00107359
-0.00100607
-0.00106175
-0.00116159
-0.00119811
-0.00123764
-0.00124724
-0.00123317
-0.00122555
-0.00123558
-0.00123102
-0.00122322
-0.00125116
-0.00123203
-0.00118095
-0.00119142
-0.00116439
-0.0010414
-0.000942007
-0.000906989
-0.000757908
-0.00026896
-0.0007976
-0.00115769
-0.00131636
-0.00489245
-0.00400364
-0.00331458
-0.00337673
-0.0029906
-0.00155833
-0.00136177
-0.00128627
-0.00133294
-0.00134741
-0.00137083
-0.00137834
-0.00136245
-0.00134878
-0.00135739
-0.00135515
-0.00134123
-0.00136872
-0.00136969
-0.00131653
-0.00132953
-0.00130286
-0.00121622
-0.00118105
-0.00129656
-0.00132619
-0.00081522
-0.000911074
-0.000391095
0.00051611
-0.00547626
-0.00459452
-0.00397588
-0.00403316
-0.00336816
-0.0027735
-0.0020043
-0.00166597
-0.00157531
-0.00153601
-0.0015301
-0.00152921
-0.00151189
-0.00149047
-0.00149385
-0.00149746
-0.00147769
-0.00149983
-0.00151882
-0.00147326
-0.00148815
-0.00145031
-0.00138564
-0.00143247
-0.00161864
-0.00167537
-0.00139455
-0.000897919
-0.000133729
0.000529632
-0.00270561
-0.00417888
-0.00535434
-0.00718006
-0.00501872
-0.00442886
-0.00290241
-0.00220918
-0.00188428
-0.00175335
-0.00170838
-0.00169542
-0.00167742
-0.00165061
-0.00164691
-0.00165416
-0.00163111
-0.00165107
-0.00167658
-0.00164747
-0.00166243
-0.00159547
-0.0015415
-0.00163804
-0.00181119
-0.00184679
-0.00158193
-0.000815225
-0.000495832
-0.00054587
-0.000635245
-0.00204819
-0.00796691
-0.0147632
-0.0128629
-0.00840577
-0.00473179
-0.00298474
-0.00226444
-0.00199157
-0.0018974
-0.00187139
-0.0018539
-0.00182569
-0.00181747
-0.00182319
-0.00180018
-0.00182436
-0.0018449
-0.00183574
-0.00184681
-0.00175242
-0.00169369
-0.00180076
-0.00192597
-0.00198342
-0.00159272
-0.000908723
-0.00043271
-0.000536502
-0.000405451
-0.000829851
-0.00435454
-0.0126207
-0.0162946
-0.0127945
-0.0071801
-0.00414808
-0.00277028
-0.00226635
-0.00209931
-0.00205543
-0.00203859
-0.00201348
-0.00200065
-0.00200592
-0.00198592
-0.00201496
-0.00202805
-0.00203712
-0.00204805
-0.00192428
-0.00186471
-0.00195327
-0.00203215
-0.00206894
-0.00156854
-0.000850397
-0.000480599
-0.000729334
-0.000483122
-0.000512867
-0.00167843
-0.00691418
-0.0133413
-0.0132923
-0.00916493
-0.00558597
-0.0035218
-0.00262213
-0.00232536
-0.00224912
-0.00223037
-0.00221081
-0.00219632
-0.00219924
-0.00218705
-0.00221638
-0.00223018
-0.00225294
-0.00225776
-0.00212406
-0.00207156
-0.00212924
-0.00215783
-0.00204678
-0.00148343
-0.000752105
-0.000557964
-0.000787299
-0.000397688
-0.000490084
-0.000867988
-0.00323005
-0.00907198
-0.0122058
-0.0105046
-0.00694354
-0.00440209
-0.00310117
-0.00259075
-0.00245332
-0.00242625
-0.0024127
-0.00239863
-0.00240163
-0.00239893
-0.0024253
-0.00245094
-0.00248659
-0.00247601
-0.002347
-0.00231062
-0.00233026
-0.00228688
-0.00195281
-0.00135301
-0.000669145
-0.000723451
-0.000889336
-0.000345406
-0.000478425
-0.000630662
-0.00142381
-0.00473238
-0.00982435
-0.0107443
-0.00815104
-0.0053207
-0.00363033
-0.00290483
-0.00266915
-0.0026213
-0.00261237
-0.00260017
-0.00260415
-0.00261587
-0.00264159
-0.00268423
-0.00273743
-0.00270069
-0.00258917
-0.00259396
-0.00256414
-0.00243895
-0.00187302
-0.00125034
-0.000666985
-0.00127487
-0.00104755
-0.00030072
-0.000480235
-0.000600532
-0.000864369
-0.00218936
-0.00611155
-0.00955978
-0.00902333
-0.00630718
-0.00416635
-0.00328406
-0.00290066
-0.00280781
-0.0027975
-0.00279067
-0.00279598
-0.00282637
-0.0028612
-0.0029228
-0.00299661
-0.00293031
-0.00285068
-0.00290324
-0.0027517
-0.00256445
-0.00184899
-0.00124261
-0.000652274
-0.00117737
-0.00127721
-0.000629483
-0.000532678
-0.000630686
-0.00076352
-0.00120567
-0.00311279
-0.00695863
-0.0084495
-0.00688277
-0.00475508
-0.00363831
-0.00313241
-0.00296768
-0.00295076
-0.00295332
-0.00296577
-0.00301824
-0.00307198
-0.00316157
-0.00325948
-0.00317835
-0.00315215
-0.0032717
-0.00324612
-0.00273336
-0.00194639
-0.00128879
-0.00110941
-0.00138201
-0.00128168
-0.000584563
-0.000578249
-0.00068052
-0.000784922
-0.000937766
-0.00172749
-0.00419297
-0.00694739
-0.00704883
-0.00526519
-0.00390067
-0.00329494
-0.00308507
-0.00305826
-0.00307501
-0.00310255
-0.00317675
-0.00325738
-0.00338627
-0.00350024
-0.00342175
-0.00345178
-0.00360416
-0.0037581
-0.00278593
-0.00204066
-0.00131888
-0.00113908
-0.00127176
-0.0013322
-0.000608714
-0.000657612
-0.000758779
-0.000838409
-0.000914111
-0.00123881
-0.00245441
-0.00496137
-0.00628109
-0.00551657
-0.00417233
-0.00338873
-0.00316307
-0.00311542
-0.00314657
-0.00319746
-0.00329296
-0.0034021
-0.00357311
-0.00369755
-0.00363948
-0.00372359
-0.00382822
-0.00376738
-0.00269696
-0.00197936
-0.0013784
-0.0011188
-0.00142725
-0.00131737
-0.000756674
-0.000812145
-0.000889147
-0.00092835
-0.000972689
-0.00114992
-0.00176673
-0.00332418
-0.00516776
-0.00547173
-0.00436751
-0.00349049
-0.00317631
-0.00312048
-0.00316501
-0.00324571
-0.00336494
-0.00350219
-0.00370394
-0.00384597
-0.00384864
-0.00399687
-0.0040944
-0.00384166
-0.00260454
-0.00169982
-0.00129075
-0.00123149
-0.0012339
-0.00122986
-0.000980932
-0.00104847
-0.00108668
-0.0010609
-0.00106704
-0.00121906
-0.00159562
-0.00240451
-0.00397309
-0.00496487
-0.00450582
-0.00355654
-0.00312413
-0.00308071
-0.00313183
-0.00324947
-0.00339726
-0.00356328
-0.00377898
-0.00395289
-0.00404433
-0.00423837
-0.00430329
-0.00388626
-0.00249323
-0.0016599
-0.00113863
-0.00089897
-0.000960034
-0.00130389
-0.00123988
-0.00131737
-0.00132971
-0.00122427
-0.00119655
-0.00134301
-0.0016494
-0.00197727
-0.00301677
-0.00427572
-0.00438593
-0.0035371
-0.00306158
-0.00298924
-0.00305546
-0.00322779
-0.0034097
-0.00360814
-0.00384248
-0.00405567
-0.0042345
-0.004454
-0.00449309
-0.0039971
-0.00242968
-0.00151279
-0.00109587
-0.000781341
-0.000503101
-0.000687948
-0.00146896
-0.00155984
-0.00155665
-0.00138366
-0.00135408
-0.00150783
-0.00176287
-0.00179228
-0.00232105
-0.00318839
-0.0038057
-0.00367136
-0.00293505
-0.00279402
-0.00290583
-0.00319826
-0.00345254
-0.00366813
-0.00396242
-0.00423426
-0.00448905
-0.00473859
-0.00475183
-0.00420464
-0.0024004
-0.00135334
-0.00102541
-0.000555215
6.74548e-05
-0.00051373
-0.0016614
-0.00176965
-0.00172415
-0.00149875
-0.00151004
-0.00167401
-0.00181769
-0.00170873
-0.00186948
-0.00276113
-0.00322952
-0.00294852
-0.00267917
-0.00257376
-0.00278374
-0.00314289
-0.00352677
-0.00385158
-0.00428002
-0.00466357
-0.00496808
-0.00524079
-0.00510032
-0.00460918
-0.00256224
-0.00129773
-0.0013098
-0.000793538
0.000451645
-0.000814731
-0.00178307
-0.00191114
-0.00176481
-0.00155592
-0.00163288
-0.00176963
-0.00177887
-0.00165694
-0.00172076
-0.00207108
-0.0024883
-0.00246645
-0.00222551
-0.00230154
-0.00267339
-0.00313254
-0.00376192
-0.00429861
-0.00487499
-0.00544385
-0.00588095
-0.00620109
-0.00621136
-0.00559745
-0.00391042
-0.00194596
-0.00140569
-0.000923082
-0.000222898
0.00051266
-0.00179841
-0.00193765
-0.00173256
-0.00157335
-0.00169457
-0.00177846
-0.00168156
-0.00162755
-0.00167406
-0.00181997
-0.00197632
-0.00180234
-0.00158349
-0.00188437
-0.00263229
-0.00362353
-0.00453819
-0.00531092
-0.00597411
-0.0067684
-0.00733769
-0.00750434
-0.00771247
-0.00767291
-0.0066752
-0.00319117
-0.000814668
-3.38727e-06
0.000253652
0.000314907
-0.0017205
-0.00188606
-0.00164308
-0.00155686
-0.00167925
-0.00170543
-0.00158916
-0.0015988
-0.00168467
-0.0017866
-0.00176822
-0.00142852
-0.00119648
-0.00181038
-0.00336965
-0.00322392
-0.00592754
-0.00691053
-0.00753463
-0.0080582
-0.00808311
-0.00816131
-0.00871601
-0.00791691
-0.00455716
-0.00151879
-0.000118155
0.000111511
3.95184e-05
3.3319e-05
-0.00159849
-0.00177953
-0.0014755
-0.00149809
-0.00159996
-0.00158636
-0.00152425
-0.00158423
-0.00184619
-0.00201889
-0.0020259
-0.00186509
-0.00203213
-0.0028288
-0.000976546
-0.00134823
-0.00332909
-0.00658193
-0.0070973
-0.00695641
-0.0064801
-0.00609011
-0.00513022
-0.00238221
-0.000449176
-1.28494e-05
1.35384e-05
4.84343e-06
6.72693e-07
8.84488e-07
-0.00140898
-0.00157977
-0.00132283
-0.00140966
-0.00148774
-0.0014803
-0.00148582
-0.00171085
-0.00225496
-0.00268862
-0.00308802
-0.00346573
-0.00409746
-0.00138272
-0.00200702
-0.00101712
-0.00255589
-0.00255258
-0.00264436
-0.00242564
-0.0021808
-0.00157067
-0.000684333
-8.10357e-05
1.13762e-05
3.57446e-06
5.21242e-07
5.91407e-08
7.72405e-09
3.4715e-08
-0.00116863
-0.00151751
-0.00128438
-0.00136016
-0.00141822
-0.00144125
-0.00158062
-0.00213791
-0.0032102
-0.004619
-0.00259312
-0.000633007
0.000335077
-0.000295926
-0.000438547
-2.00761e-05
-0.000394995
-0.000216196
-0.000208322
-0.000186516
-0.000163288
-8.5669e-05
-1.24928e-05
2.45497e-06
6.18014e-07
6.16513e-08
4.05325e-09
2.12676e-10
2.05095e-10
3.95523e-09
-0.000920753
-0.00174361
-0.00151133
-0.00145282
-0.00154621
-0.00166169
-0.00205915
-0.00301814
-0.00455933
-0.00354854
-0.00215308
-0.000459684
-1.1983e-05
-2.18119e-06
-2.6539e-06
-3.3308e-06
-3.95436e-06
-2.65368e-06
-2.17379e-06
-2.09886e-06
-2.21554e-06
-9.40876e-07
-3.45396e-09
5.98618e-08
7.86076e-09
3.3674e-10
7.90342e-12
6.97324e-13
6.82643e-11
1.20212e-09
-0.001662
-0.00227709
-0.00202319
-0.00175265
-0.00191785
-0.0022085
-0.00278718
-0.00360075
-0.0036106
-0.00137761
-0.00019517
-8.15231e-06
-1.06446e-08
1.12556e-08
9.92347e-09
2.71627e-09
7.67647e-09
2.37153e-08
3.43506e-08
2.22591e-08
4.39446e-09
6.32347e-10
2.89869e-09
7.95495e-10
3.87231e-11
5.7412e-13
2.04294e-13
2.4615e-13
2.78332e-11
3.88973e-10
-0.000710433
-0.00230157
-0.00237642
-0.00208168
-0.0025007
-0.00246805
-0.00276567
-0.00228612
-0.000958017
-0.000106191
-4.14086e-06
-5.80036e-08
2.51376e-09
1.38926e-10
1.55091e-10
2.04744e-10
3.48702e-10
5.75163e-10
8.00495e-10
6.84762e-10
4.62015e-10
2.10527e-10
5.06638e-11
3.80071e-12
1.36977e-13
1.69174e-13
2.14922e-13
2.55822e-13
7.63084e-12
8.88274e-11
-0.000731417
-0.00171305
-0.00196668
-0.0019401
-0.000505635
-0.00186863
-0.00132953
-0.000446145
-4.23772e-05
-2.47297e-06
-2.82535e-07
-6.52927e-10
2.8231e-11
4.93394e-13
4.67991e-13
6.74585e-13
1.30964e-12
2.65379e-12
4.54606e-12
4.33775e-12
2.99786e-12
1.11926e-12
1.84623e-13
1.03779e-13
1.4223e-13
1.83735e-13
2.25233e-13
2.58666e-13
1.21272e-12
1.13927e-11
6.25825e-06
-0.000263411
-0.000651387
-0.000774919
-0.00120334
-0.00043753
-0.000113116
-1.55069e-05
-3.2286e-06
-5.76435e-07
-1.43946e-08
-1.11669e-11
1.37438e-13
9.40786e-14
1.15802e-13
1.23405e-13
1.21326e-13
1.17636e-13
1.10057e-13
1.04242e-13
9.92058e-14
1.02272e-13
1.12735e-13
1.35476e-13
1.65035e-13
2.00141e-13
2.3168e-13
2.62392e-13
2.88948e-13
8.40611e-13
2.49479e-05
2.38613e-05
-1.46839e-05
-4.9278e-05
-7.40023e-05
-9.9349e-06
-6.81427e-06
-2.9845e-06
-5.24731e-07
-2.35703e-08
-1.9594e-10
-5.67402e-14
5.25868e-14
9.87366e-14
1.29428e-13
1.43457e-13
1.49444e-13
1.47595e-13
1.44936e-13
1.39486e-13
1.3793e-13
1.39154e-13
1.49443e-13
1.65576e-13
1.89399e-13
2.13884e-13
2.40807e-13
2.62284e-13
2.83177e-13
3.18744e-13
2.92651e-06
4.13415e-06
3.8771e-06
1.52807e-06
-6.11498e-07
-1.87382e-06
-1.10054e-06
-2.31513e-07
-1.60504e-08
-2.92268e-10
-8.93879e-13
-2.94679e-15
5.60603e-14
1.06209e-13
1.40914e-13
1.63794e-13
1.74076e-13
1.79408e-13
1.77987e-13
1.77342e-13
1.7494e-13
1.77965e-13
1.83665e-13
1.96362e-13
2.1102e-13
2.30731e-13
2.47457e-13
2.62881e-13
2.75479e-13
3.04568e-13
1.07654e-07
1.34823e-07
1.13178e-07
-1.31714e-07
-2.76705e-07
-1.69571e-07
-4.21259e-08
-4.49525e-09
-1.52859e-10
-1.19906e-12
-5.18079e-14
5.85856e-15
6.43331e-14
1.1507e-13
1.55407e-13
1.81515e-13
1.99939e-13
2.07792e-13
2.12467e-13
2.11478e-13
2.1287e-13
2.12907e-13
2.17702e-13
2.23301e-13
2.3469e-13
2.44793e-13
2.55322e-13
2.62343e-13
2.70426e-13
2.89203e-13
2.62709e-09
2.12404e-09
-2.96434e-09
-1.33548e-08
-1.08127e-08
-3.60345e-09
-5.42414e-10
-3.03112e-11
-5.43927e-13
-8.29196e-14
-3.61437e-14
1.93662e-14
7.60408e-14
1.28344e-13
1.69759e-13
2.02469e-13
2.22441e-13
2.37026e-13
2.42592e-13
2.46632e-13
2.45706e-13
2.47406e-13
2.46995e-13
2.51385e-13
2.54566e-13
2.59463e-13
2.61908e-13
2.64959e-13
2.64778e-13
2.77433e-13
1.42274e-11
-8.69561e-12
-8.35093e-11
-2.01913e-10
-1.25316e-10
-2.91937e-11
-2.5866e-12
-1.49386e-13
-9.63899e-14
-6.27531e-14
-1.6979e-14
3.69797e-14
9.29522e-14
1.43854e-13
1.88711e-13
2.22269e-13
2.47842e-13
2.62455e-13
2.73591e-13
2.76762e-13
2.79022e-13
2.76483e-13
2.76929e-13
2.74758e-13
2.74256e-13
2.71856e-13
2.70932e-13
2.66677e-13
2.629e-13
2.71742e-13
-8.99207e-15
-1.9379e-13
-6.75566e-13
-1.23194e-12
-6.31849e-13
-1.59739e-13
-1.06369e-13
-9.74716e-14
-7.51029e-14
-3.98925e-14
6.52464e-15
5.96435e-14
1.13771e-13
1.65653e-13
2.09323e-13
2.4587e-13
2.7192e-13
2.91456e-13
3.0097e-13
3.07891e-13
3.07808e-13
3.07058e-13
3.02211e-13
2.9786e-13
2.91024e-13
2.85886e-13
2.77891e-13
2.70364e-13
2.61995e-13
2.69085e-13
-1.82248e-14
-8.58054e-14
-9.4241e-14
-9.81154e-14
-1.01164e-13
-1.00511e-13
-9.36805e-14
-7.67523e-14
-4.94021e-14
-1.0987e-14
3.63571e-14
8.85294e-14
1.42492e-13
1.92392e-13
2.37233e-13
2.72476e-13
3.01403e-13
3.20148e-13
3.33205e-13
3.37267e-13
3.39166e-13
3.34722e-13
3.28656e-13
3.18847e-13
3.09825e-13
2.97658e-13
2.86142e-13
2.73695e-13
2.64002e-13
2.73724e-13
-7.29188e-14
-1.04544e-13
-1.07215e-13
-1.04513e-13
-9.82367e-14
-8.81667e-14
-7.16139e-14
-4.72862e-14
-1.37992e-14
2.80492e-14
7.66047e-14
1.29211e-13
1.81056e-13
2.30763e-13
2.73355e-13
3.10383e-13
3.36741e-13
3.57316e-13
3.68459e-13
3.7457e-13
3.72397e-13
3.67691e-13
3.5693e-13
3.45075e-13
3.28902e-13
3.12533e-13
2.94621e-13
2.78303e-13
2.63607e-13
2.67595e-13
-2.70205e-14
-1.02081e-13
-1.07295e-13
-9.69881e-14
-8.03633e-14
-5.86923e-14
-3.19354e-14
1.06293e-15
4.06271e-14
8.59099e-14
1.36042e-13
1.87703e-13
2.39125e-13
2.85768e-13
3.28236e-13
3.61927e-13
3.89217e-13
4.06513e-13
4.18216e-13
4.21187e-13
4.19241e-13
4.09432e-13
3.96932e-13
3.78165e-13
3.57174e-13
3.32921e-13
3.08487e-13
2.84257e-13
2.65868e-13
2.77664e-13
-7.28105e-14
-1.01663e-13
-8.99801e-14
-6.36581e-14
-3.11165e-14
4.44362e-15
4.26326e-14
8.41421e-14
1.29047e-13
1.77501e-13
2.27252e-13
2.77943e-13
3.25985e-13
3.71043e-13
4.09072e-13
4.41347e-13
4.64991e-13
4.82249e-13
4.90042e-13
4.9222e-13
4.86305e-13
4.75123e-13
4.56402e-13
4.33206e-13
4.03805e-13
3.7097e-13
3.34195e-13
2.9758e-13
2.64097e-13
2.44878e-13
7.70799e-14
-5.13346e-14
-2.44087e-14
2.95692e-14
8.35494e-14
1.33819e-13
1.81604e-13
2.281e-13
2.75264e-13
3.22595e-13
3.7029e-13
4.1601e-13
4.60099e-13
4.99202e-13
5.33735e-13
5.61148e-13
5.8238e-13
5.95726e-13
6.02757e-13
6.01317e-13
5.94132e-13
5.78907e-13
5.5728e-13
5.27832e-13
4.91503e-13
4.46424e-13
3.93979e-13
3.35339e-13
2.8048e-13
2.85121e-13
-1.26049e-13
1.62608e-14
1.62779e-13
2.60241e-13
3.28566e-13
3.81469e-13
4.26087e-13
4.67569e-13
5.07006e-13
5.46568e-13
5.85152e-13
6.2299e-13
6.57835e-13
6.90146e-13
7.1751e-13
7.40715e-13
7.57041e-13
7.68394e-13
7.72887e-13
7.71834e-13
7.632e-13
7.48568e-13
7.25974e-13
6.95754e-13
6.55142e-13
6.02908e-13
5.34155e-13
4.42627e-13
3.16787e-13
1.82058e-13
4.53877e-13
6.79151e-13
7.5299e-13
7.80451e-13
7.9455e-13
8.04904e-13
8.17087e-13
8.31638e-13
8.49394e-13
8.6895e-13
8.90967e-13
9.13547e-13
9.36595e-13
9.58024e-13
9.78003e-13
9.94652e-13
1.00839e-12
1.01785e-12
1.02371e-12
1.02497e-12
1.02213e-12
1.01362e-12
1.00039e-12
9.80065e-13
9.52516e-13
9.14558e-13
8.61635e-13
7.8277e-13
6.50361e-13
3.97659e-13
)
;

boundaryField
{
    inlet
    {
        type            calculated;
        value           nonuniform List<scalar> 
30
(
-19.0773
-19.3104
-19.3382
-19.2898
-19.195
-19.1086
-19.0166
-18.0827
-16.8826
-16.1494
-15.614
-15.6913
-15.9196
-15.9921
-15.9411
-15.4855
-15.704
-16.3374
-17.3087
-18.3871
-19.366
-19.587
-19.6485
-19.7473
-19.8383
-19.8461
-19.8175
-19.7991
-19.729
-19.7248
)
;
    }
    outlet
    {
        type            calculated;
        value           nonuniform List<scalar> 
30
(
4.53877e-13
6.79151e-13
7.5299e-13
7.80451e-13
7.9455e-13
8.04904e-13
8.17087e-13
8.31638e-13
8.49394e-13
8.6895e-13
8.90967e-13
9.13547e-13
9.36595e-13
9.58024e-13
9.78003e-13
9.94652e-13
1.00839e-12
1.01785e-12
1.02371e-12
1.02497e-12
1.02213e-12
1.01362e-12
1.00039e-12
9.80065e-13
9.52516e-13
9.14558e-13
8.61635e-13
7.8277e-13
6.50361e-13
3.97659e-13
)
;
    }
    walls
    {
        type            calculated;
        value           nonuniform List<scalar> 
400
(
-19.0773
-2.59009
-0.149274
-0.0234304
-0.012668
-0.0103756
-0.00982405
-0.0105108
-0.0115992
-0.0118543
-0.00985167
-0.00612713
-0.00312828
-0.00148536
-0.000761465
-0.000704479
-0.00125738
-0.00282902
-0.00591812
-0.00980664
-0.0112769
-0.0056623
-0.00437981
-0.00507091
-0.00504039
-0.00503424
-0.00503515
-0.00512141
-0.00524315
-0.00546069
-0.00566634
-0.00579082
-0.00578684
-0.00560808
-0.00528576
-0.00490392
-0.00451607
-0.00426008
-0.0040986
-0.00390917
-0.00342267
-0.0032468
-0.00258656
-0.00214403
-0.00198202
-0.00239748
-0.00282007
-0.0034152
-0.00399392
-0.00368006
-0.00321722
-0.00134823
-0.00120829
-0.00261929
-0.00282989
-0.00234345
-0.00210361
-0.00161344
-0.00106438
-0.000612296
0.00045247
0.0018218
0.00338614
0.00473038
0.00421641
0.000967501
-0.000755649
-0.004195
-0.0138633
-0.0241686
-0.0208708
-0.0144263
-0.0115367
-0.0139265
-0.0191165
-0.027418
-0.0272627
-0.0154986
-0.00252892
0.00672562
0.018314
0.0218592
0.0223198
0.0197961
0.0146176
0.00887529
0.00362238
-0.00392088
-0.0104572
-0.0113945
-0.00703371
-0.00226159
0.00142857
0.010489
0.0140726
0.00960841
0.00560801
-0.001671
-0.021218
-0.0458149
-0.0486681
-0.0204335
0.01513
0.02556
0.0296028
0.0233825
0.00607402
-0.0110115
-0.0083629
0.00326132
0.00516335
0.00431416
0.00443216
0.00467432
0.0046198
0.00501783
0.00499673
0.00457083
0.00458824
0.00478786
0.00506478
0.00546761
0.00602848
0.00705292
0.00776696
0.00890575
0.00629969
0.00568999
0.0058123
0.00776218
0.00600334
0.00405967
0.00284369
0.00165087
0.000619931
-0.000459349
-0.00104571
-0.00139093
-0.00160632
-0.00136824
-0.00139217
-0.00139858
-0.00138835
-0.00147291
-0.00136466
-0.00142411
-0.00163646
-0.00147538
-0.00161496
-0.00152188
-0.00148259
-0.00148782
-0.00166659
-0.00188098
-0.00198983
-0.00233714
-0.00263987
-0.00313167
-0.00385425
-0.00489245
-0.00547626
-0.00270561
-0.000635245
-0.000405451
-0.000483122
-0.000397688
-0.000345406
-0.00030072
-0.000629483
-0.000584563
-0.000608714
-0.000756674
-0.000980932
-0.00123988
-0.00146896
-0.0016614
-0.00178307
-0.00179841
-0.0017205
-0.00159849
-0.00140898
-0.00116863
-0.000920753
-0.001662
-0.000710433
-0.000731417
6.25825e-06
2.49479e-05
2.92651e-06
1.07654e-07
2.62709e-09
1.42274e-11
-8.99207e-15
-1.82248e-14
-7.29188e-14
-2.70205e-14
-7.28105e-14
7.70799e-14
-1.26049e-13
4.53877e-13
-19.7248
-2.50104
-0.129498
-0.0202268
-0.0130785
-0.0119541
-0.0113498
-0.00952049
-0.00704399
-0.0050621
-0.00347023
-0.00201185
-0.001979
-0.00243836
-0.00275067
-0.00348621
-0.00371444
-0.00368716
-0.00504666
-0.00689702
-0.00772596
-0.00559272
-0.00489619
-0.00498732
-0.00517287
-0.00593182
-0.00710296
-0.0083682
-0.00921875
-0.00904224
-0.00816177
-0.00730586
-0.0066213
-0.006223
-0.00601981
-0.00591743
-0.00616306
-0.00621956
-0.00618617
-0.00559434
-0.00449698
-0.00254877
0.00237309
0.00250384
0.00101305
-0.00150609
-0.00303545
-0.00431225
-0.00489899
-0.0043255
-0.0020055
-0.00101088
-0.00184397
-0.00172347
-0.000936691
-0.000698441
-0.0019512
-0.00182208
-0.00209198
-0.00219506
-0.00233994
-0.0025408
-0.00284305
-0.00320813
-0.00361148
-0.00401626
-0.00437412
-0.00463675
-0.00477066
-0.00476421
-0.0046293
-0.00438967
-0.00408057
-0.00373397
-0.00338299
-0.00305807
-0.00279855
-0.0026411
-0.00261113
-0.00271339
-0.00293449
-0.00325137
-0.00365673
-0.0041751
-0.00484795
-0.00572264
-0.00679801
-0.00802101
-0.00925793
-0.0102592
-0.0106953
-0.0101719
-0.00826242
-0.00469979
0.000553158
0.00846704
0.0155697
0.0110163
-0.00191619
-0.00714972
-0.000451811
-0.000419467
-0.000548898
-0.000511869
-0.000381271
-0.000314384
-0.000273717
-0.000234427
-0.000202024
-0.000172901
-0.000145522
-0.000126122
-0.000114553
-0.000105406
-9.89279e-05
-9.44814e-05
-9.05397e-05
-8.43635e-05
-8.05955e-05
-8.74565e-05
-8.43055e-05
-5.27111e-05
1.69141e-06
-0.00129871
-0.00449633
-0.0085347
-0.00538783
-0.00542385
-0.000237341
-0.00745389
-0.00400306
-0.00322165
-0.00274791
-2.58134e-05
-0.000935686
-0.00469757
-0.00152031
-0.000965276
-0.00121517
-0.00172147
-0.00198549
-0.00226239
-0.00249602
-0.00270594
-0.00289204
-0.00289373
-0.00262303
-0.00235504
-0.00232712
-0.00255064
-0.00283363
-0.00313527
-0.0035915
-0.00434426
-0.00471818
-0.00367857
-0.00262313
-0.00208409
-0.00131636
0.00051611
0.000529632
-0.00054587
-0.000536502
-0.000729334
-0.000787299
-0.000889336
-0.00104755
-0.00127721
-0.00128168
-0.0013322
-0.00131737
-0.00122986
-0.00130389
-0.000687948
-0.00051373
-0.000814731
0.00051266
0.000314907
3.3319e-05
8.84488e-07
3.4715e-08
3.95523e-09
1.20212e-09
3.88973e-10
8.88274e-11
1.13927e-11
8.40611e-13
3.18744e-13
3.04568e-13
2.89203e-13
2.77433e-13
2.71742e-13
2.69085e-13
2.73724e-13
2.67595e-13
2.77664e-13
2.44878e-13
2.85121e-13
1.82058e-13
3.97659e-13
)
;
    }
    frontAndBackPlanes
    {
        type            empty;
    }
}


// ************************************************************************* //
