/*--------------------------------*- C++ -*----------------------------------*\
| =========                 |                                                 |
| \\      /  F ield         | OpenFOAM: The Open Source CFD Toolbox           |
|  \\    /   O peration     | Version:  v1606+                                |
|   \\  /    A nd           | Web:      www.OpenFOAM.com                      |
|    \\/     M anipulation  |                                                 |
\*---------------------------------------------------------------------------*/
FoamFile
{
    version     2.0;
    format      ascii;
    class       surfaceScalarField;
    location    "18";
    object      phi;
}
// * * * * * * * * * * * * * * * * * * * * * * * * * * * * * * * * * * * * * //

dimensions      [0 3 -1 0 0 0 0];

internalField   nonuniform List<scalar> 
9981
(
3.63333
0.00795611
3.60101
0.0323209
3.5492
0.0518069
3.47508
0.0741245
3.37754
0.0975342
3.26091
0.116636
3.12621
0.1347
2.96935
0.156862
2.79606
0.173288
2.60618
0.189879
2.39677
0.209406
2.1797
0.217074
1.94486
0.234838
1.69954
0.245323
1.45088
0.24865
1.17648
0.274408
0.911036
0.26544
0.662222
0.248814
0.337545
0.324676
0.337545
3.49805
0.0207468
3.46524
0.0651357
3.41224
0.104812
3.3383
0.148065
3.24474
0.191089
3.1331
0.228282
2.99856
0.269244
2.84922
0.306198
2.67735
0.345161
2.48739
0.379834
2.28712
0.409683
2.06091
0.443282
1.83225
0.463502
1.58574
0.491834
1.31256
0.521823
1.05396
0.53301
0.755338
0.564064
0.418601
0.585552
0.187732
0.555545
0.525277
3.37424
0.0315733
3.34444
0.094938
3.2927
0.15655
3.22412
0.216646
3.13361
0.281604
3.02318
0.338702
2.89799
0.394434
2.74919
0.455
2.58591
0.508437
2.40478
0.560971
2.20285
0.611613
1.98875
0.657376
1.75251
0.699744
1.49699
0.747358
1.2271
0.791706
0.93255
0.827563
0.614896
0.881718
0.300902
0.899546
-0.0924355
0.948883
0.432842
3.25317
0.0422086
3.22426
0.123848
3.17796
0.202852
3.11109
0.283513
3.02566
0.367042
2.92286
0.441497
2.80161
0.515687
2.66278
0.593825
2.50891
0.662313
2.34012
0.729757
2.15761
0.79412
1.96849
0.846502
1.76845
0.899783
1.5674
0.948409
1.36797
0.991134
1.16821
1.02733
0.984202
1.06572
0.831222
1.05253
0.643866
1.13624
1.07671
3.13814
0.0509492
3.11059
0.151397
3.06613
0.24731
3.002
0.347647
2.92258
0.446464
2.82575
0.538322
2.71109
0.630353
2.57998
0.724931
2.43358
0.808716
2.27092
0.892415
2.09742
0.967626
1.91041
1.0335
1.71472
1.09548
1.50951
1.15362
1.29752
1.20312
1.07446
1.25039
0.859805
1.28038
0.615538
1.29679
0.372815
1.37896
1.44952
3.02574
0.0593551
3.00005
0.177086
2.95852
0.288847
2.89951
0.406649
2.82426
0.52172
2.73242
0.630165
2.62274
0.740026
2.49913
0.848544
2.3563
0.951546
2.19975
1.04897
2.02632
1.14105
1.8415
1.21832
1.63891
1.29806
1.42901
1.36353
1.20003
1.4321
0.973026
1.47739
0.739375
1.51403
0.502851
1.53332
0.255024
1.62679
1.70455
2.91776
0.0670505
2.89457
0.200278
2.85566
0.327755
2.80146
0.460846
2.73097
0.592207
2.64365
0.717491
2.54099
0.842685
2.42202
0.967509
2.28654
1.08702
2.13386
1.20166
1.96974
1.30517
1.78763
1.40043
1.59995
1.48575
1.39306
1.57042
1.18546
1.6397
0.953182
1.70967
0.722271
1.74494
0.439732
1.81586
0.180151
1.88637
1.8847
2.81384
0.0738597
2.79237
0.221753
2.75678
0.363342
2.70755
0.510076
2.64261
0.657146
2.56186
0.798245
2.46675
0.937796
2.35448
1.07978
2.22692
1.21458
2.08365
1.34493
1.92574
1.46308
1.75388
1.57228
1.56328
1.67635
1.36384
1.76985
1.13444
1.86911
0.909786
1.93432
0.653688
2.00104
0.438847
2.0307
0.199448
2.12577
2.08415
2.71324
0.0802275
2.69413
0.240857
2.66265
0.394827
2.61917
0.553558
2.55979
0.716525
2.48841
0.86962
2.39942
1.02679
2.29778
1.18143
2.17668
1.33567
2.04441
1.4772
1.89271
1.61479
1.72862
1.73637
1.55144
1.85353
1.35909
1.9622
1.17035
2.05785
0.954243
2.15043
0.757988
2.19729
0.489832
2.29885
0.254724
2.36088
2.33887
2.61637
0.0860373
2.60014
0.257087
2.57401
0.420957
2.53505
0.592514
2.48444
0.767137
2.41925
0.934811
2.34215
1.10389
2.24628
1.2773
2.13882
1.44313
2.01095
1.60508
1.87247
1.75326
1.71218
1.89666
1.53928
2.02643
1.34912
2.15236
1.12847
2.2785
0.916775
2.36212
0.649318
2.46475
0.461447
2.48672
0.237206
2.58512
2.57608
2.52366
0.0906138
2.51078
0.269969
2.48856
0.443179
2.45632
0.624755
2.41332
0.81014
2.35786
0.990267
2.28951
1.17224
2.20647
1.36033
2.10706
1.54253
1.99345
1.71869
1.85982
1.88689
1.71389
2.0426
1.55021
2.1901
1.37253
2.33004
1.19827
2.45276
0.98637
2.57402
0.822831
2.62829
0.537159
2.77239
0.335153
2.78713
2.91123
2.43423
0.0940556
2.42451
0.279683
2.40632
0.461373
2.38248
0.648596
2.347
0.845619
2.30369
1.03358
2.24424
1.23168
2.17594
1.42864
2.08748
1.631
1.9857
1.82047
1.86542
2.00717
1.72553
2.18249
1.56662
2.34901
1.38639
2.51027
1.16405
2.6751
0.952488
2.78558
0.64264
2.93814
0.469385
2.94565
0.172409
3.0841
3.08364
2.34887
0.0955298
2.34086
0.287694
2.3296
0.472629
2.31137
0.666825
2.28962
0.867369
2.25164
1.07156
2.212
1.27132
2.14986
1.49078
2.08174
1.69911
1.99031
1.9119
1.88339
2.11408
1.75571
2.31017
1.60811
2.49661
1.43943
2.67895
1.26958
2.84495
1.04635
3.0088
0.898042
3.08645
0.545289
3.2984
0.398234
3.23116
3.48187
2.2654
0.0962701
2.26163
0.291472
2.25475
0.479506
2.24817
0.673403
2.23094
0.884596
2.21265
1.08986
2.17756
1.30642
2.1406
1.52773
2.07998
1.75974
2.01145
1.98043
1.91959
2.20594
1.80793
2.42183
1.67296
2.63159
1.5074
2.84451
1.29651
3.05584
1.07669
3.22862
0.71305
3.45009
0.540049
3.4714
0.0934657
3.67774
3.57534
2.18475
0.0964831
2.18505
0.291172
2.1854
0.479152
2.184
0.674807
2.1807
0.887891
2.17063
1.09993
2.1576
1.31945
2.12825
1.55709
2.09586
1.79212
2.03883
2.03746
1.96995
2.27482
1.87629
2.51548
1.7549
2.75299
1.60802
2.99138
1.43654
3.22733
1.21838
3.44678
1.07424
3.59423
0.668851
3.87679
0.578407
3.76818
4.15374
2.10959
0.0935809
2.11178
0.288985
2.11789
0.473035
2.12221
0.67049
2.13234
0.877765
2.13383
1.09844
2.13525
1.31803
2.13023
1.5621
2.1089
1.81346
2.08518
2.06117
2.03514
2.32486
1.9695
2.58112
1.87819
2.8443
1.74911
3.12046
1.57987
3.39657
1.34778
3.67886
0.965237
3.97678
0.749579
4.09245
0.1048
4.41296
4.25854
2.03299
0.0918123
2.04141
0.280559
2.04834
0.466104
2.0679
0.650933
2.07836
0.867299
2.10369
1.07311
2.11387
1.30785
2.12863
1.54734
2.13655
1.80554
2.12574
2.07198
2.11206
2.33854
2.0686
2.62458
2.00219
2.91072
1.90601
3.21664
1.75479
3.54779
1.57474
3.85892
1.4007
4.15082
0.961546
4.5316
0.895297
4.47921
5.15384
1.9625
0.0877625
1.9718
0.271256
1.98898
0.448925
2.00401
0.635904
2.03978
0.831526
2.05936
1.05353
2.10169
1.26552
2.1264
1.52263
2.15741
1.77453
2.18324
2.04615
2.19096
2.33082
2.19722
2.61833
2.17132
2.93661
2.11707
3.2709
2.02544
3.63942
1.83575
4.04861
1.50733
4.47923
1.17557
4.86336
0.250286
5.4045
5.40413
1.89618
0.079875
1.90641
0.261022
1.92265
0.432686
1.95227
0.606284
1.98319
0.800605
2.03325
1.00348
2.06635
1.23242
2.13023
1.45875
2.1703
1.73447
2.22398
1.99246
2.27271
2.2821
2.30386
2.58717
2.33214
2.90834
2.33317
3.26986
2.28179
3.6908
2.21553
4.11487
2.03442
4.66034
1.66113
5.23665
1.68664
5.37899
7.09077
1.82336
0.0771572
1.84016
0.244223
1.85625
0.416602
1.89485
0.56768
1.93137
0.764086
1.98464
0.950205
2.04942
1.16764
2.10719
1.40097
2.19359
1.64807
2.26738
1.91867
2.34551
2.20397
2.44005
2.49263
2.49991
2.84848
2.58422
3.18555
2.6475
3.62752
2.58602
4.17636
2.63588
4.61047
2.18151
5.69102
1.25635
6.30416
8.34711
-2.99124
2.99124
-4.21207
1.22083
-4.62867
0.416603
-5.15498
0.526301
-5.74805
0.593076
-6.35851
0.610456
-6.78591
0.427399
-7.00497
0.219067
-7.22868
0.223711
-7.37868
0.149998
-7.41395
0.0352657
-7.28743
-0.126515
-7.0486
-0.238829
-6.65375
-0.394856
-5.4296
-1.22415
-0.863043
-4.56656
3.90079
-4.76384
7.33278
-3.43198
9.6673
-2.33452
11.2143
-1.54704
12.1775
-0.963124
12.7246
-0.547082
12.9998
-0.275241
13.1036
-0.103797
13.1006
0.00298622
13.0269
0.073712
12.9248
0.102081
12.8123
0.112534
12.7009
0.111341
12.5961
0.1048
12.4996
0.0965818
12.4109
0.0886422
12.3288
0.0821502
12.2513
0.0774595
12.1771
0.0741808
12.1053
0.0717965
12.0355
0.0698651
11.9669
0.0685088
11.9002
0.066786
11.8347
0.0654167
11.7708
0.0639299
11.7077
0.0631039
11.6458
0.0618978
11.5887
0.0571063
11.5396
0.0491083
11.5042
0.0353698
11.4783
0.0259474
11.4525
0.025777
11.4192
0.03326
11.3805
0.0387101
11.3545
0.0260507
11.3377
0.0167386
11.3424
-0.00462198
11.3414
0.00100595
11.3209
0.0204299
11.3038
0.0171469
11.2921
0.0116575
11.2785
0.0136611
11.3109
-0.032418
-0.0164728
-1.37537
4.36661
-2.04049
1.88594
-2.62323
0.999349
-3.37415
1.27721
-4.26166
1.48059
-5.31767
1.66646
-6.31547
1.4252
-7.0494
0.952994
-7.34919
0.523501
-7.4468
0.247609
-7.40113
-0.0104091
-7.07086
-0.456784
-6.1901
-1.11959
-4.58757
-1.99739
-2.89016
-2.92156
0.554696
-8.01142
4.02894
-8.23808
6.93673
-6.33978
9.17586
-4.57365
10.7699
-3.14112
11.8102
-2.00336
12.421
-1.15794
12.7438
-0.598043
12.8845
-0.244501
12.9094
-0.0218726
12.8908
0.0923333
12.8377
0.155138
12.7718
0.178419
12.704
0.179128
12.6398
0.169087
12.5808
0.155503
12.527
0.14249
12.477
0.132149
12.4295
0.12499
12.3832
0.120445
12.3373
0.117691
12.2912
0.11598
12.2447
0.115035
12.1977
0.113746
12.1505
0.112612
12.103
0.1114
12.0556
0.110527
12.0096
0.107893
11.9675
0.0992697
11.932
0.0845477
11.9022
0.0652326
11.8758
0.0523287
11.8514
0.0501098
11.8296
0.0551018
11.8114
0.0568892
11.7955
0.0419896
11.7847
0.0275207
11.7691
0.0109325
11.7586
0.0115336
11.7547
0.0243755
11.7548
0.0170094
11.7561
0.0103465
11.7681
0.0016934
11.7729
-0.0372366
-0.0212513
-0.375214
4.74183
-0.223633
1.73436
-0.351819
1.12754
-0.51761
1.443
-0.986938
1.94992
-2.23373
2.91327
-4.41494
3.60641
-6.44905
2.9871
-7.16798
1.24241
-7.50068
0.58032
-7.79664
0.285549
-7.85312
-0.400321
-7.48921
-1.4835
-4.28229
-5.20432
-1.17236
-6.03148
1.97532
-11.1591
4.50539
-10.7681
6.89167
-8.72605
8.9227
-6.60468
10.4412
-4.6596
11.4566
-3.01879
12.0675
-1.76882
12.4065
-0.937017
12.577
-0.415068
12.6582
-0.10309
12.683
0.0675715
12.6782
0.159927
12.6588
0.197842
12.6334
0.204552
12.607
0.195448
12.5816
0.180875
12.5573
0.166832
12.5333
0.156156
12.5088
0.149469
12.4832
0.146063
12.4559
0.144977
12.4266
0.145314
12.3952
0.146421
12.3619
0.147018
12.3273
0.147233
12.2916
0.147051
12.2556
0.146555
12.2204
0.1431
12.1876
0.132057
12.159
0.113211
12.1339
0.0902637
12.1123
0.0739472
12.0939
0.068483
12.0792
0.069808
12.0677
0.0684558
12.0558
0.0538726
12.0451
0.0381717
12.0345
0.0215941
12.0277
0.0182915
12.0287
0.0234281
12.0313
0.0143344
12.0371
0.00458328
12.0462
-0.00740023
12.046
-0.0370667
-0.0232545
0.404171
4.33766
1.00134
1.13719
1.35028
0.778599
1.81398
0.979311
2.6201
1.14379
4.3571
1.17627
6.46853
1.49497
5.59283
3.86284
1.64803
5.18717
-2.80466
5.03303
-6.90335
4.38422
-9.76989
2.46619
-10.0996
-1.1538
-5.50586
-9.79803
0.95216
-12.4895
3.36365
-13.5706
5.21275
-12.6172
7.12343
-10.6367
8.88476
-8.36601
10.2479
-6.0227
11.17
-3.94091
11.7348
-2.33367
12.0757
-1.27792
12.2834
-0.622786
12.4121
-0.231736
12.4967
-0.0170612
12.5463
0.110385
12.5778
0.166352
12.5966
0.185686
12.6078
0.184266
12.6138
0.174872
12.6156
0.165071
12.6133
0.15838
12.6072
0.155588
12.5974
0.15593
12.5839
0.158482
12.5667
0.162449
12.5462
0.166983
12.5226
0.170554
12.497
0.172854
12.47
0.174015
12.4424
0.174166
12.4149
0.170602
12.3886
0.158429
12.3648
0.136937
12.3442
0.110924
12.3269
0.0912352
12.3131
0.0822281
12.3027
0.0802445
12.2946
0.0765535
12.2863
0.0621604
12.2789
0.0455663
12.2716
0.0289332
12.2677
0.0221381
12.2697
0.0214256
12.2739
0.0101941
12.2807
-0.00225704
12.2885
-0.0152383
12.289
-0.0375481
-0.0223254
1.2453
3.09236
1.68191
0.700574
1.90366
0.556847
2.16615
0.71682
2.51094
0.799006
2.9519
0.735317
3.42315
1.0237
4.87785
2.40817
5.05737
5.00765
2.10968
7.98065
-2.4865
8.98036
-5.40551
5.38524
-5.36502
-1.1943
-1.14419
-14.0188
2.40715
-16.0408
4.42446
-15.5879
5.90278
-14.0956
7.46256
-12.1965
8.95615
-9.8596
10.1151
-7.18164
10.8924
-4.71826
11.3854
-2.8266
11.7428
-1.63531
12.0122
-0.892231
12.2175
-0.437025
12.3693
-0.168854
12.485
-0.00529066
12.5703
0.0810496
12.6317
0.124227
12.6764
0.139607
12.7082
0.143087
12.7298
0.143454
12.7429
0.145244
12.7489
0.149659
12.7488
0.156043
12.7435
0.163715
12.7337
0.172307
12.7196
0.181092
12.7018
0.188261
12.6817
0.192973
12.6604
0.195358
12.6386
0.195974
12.6166
0.192622
12.5947
0.180338
12.5741
0.157519
12.556
0.128986
12.5413
0.105993
12.5304
0.0930983
12.5228
0.0877996
12.5173
0.0820782
12.5119
0.0675437
12.5069
0.0505837
12.5021
0.0337427
12.5001
0.0240994
12.5026
0.0189771
12.5071
0.00564696
12.5139
-0.00907949
12.5209
-0.0221482
12.5212
-0.0378733
-0.0203693
1.62152
1.47085
1.84237
0.479725
2.01088
0.388337
2.18992
0.537785
2.35003
0.63889
2.51524
0.570106
2.80927
0.729666
3.40469
1.81275
4.56334
3.84899
4.68684
7.85714
1.48216
12.185
-0.95752
7.82492
1.10313
-3.25491
2.73481
-15.6505
4.14429
-17.4503
5.29238
-16.736
6.47337
-15.2766
7.77758
-13.5007
9.02387
-11.1059
9.94176
-8.09953
10.5509
-5.32742
10.9851
-3.26079
11.4293
-2.07954
11.808
-1.2709
12.1096
-0.738605
12.3405
-0.399739
12.5156
-0.180477
12.6426
-0.0458793
12.7351
0.0316649
12.8027
0.0720523
12.8505
0.0953009
12.8834
0.110554
12.9047
0.123945
12.9169
0.137433
12.9221
0.15083
12.9218
0.164057
12.9166
0.177447
12.9071
0.190648
12.8938
0.201558
12.878
0.208753
12.8612
0.212194
12.8442
0.212907
12.8273
0.209555
12.8099
0.197765
12.792
0.175406
12.7748
0.146181
12.7603
0.120474
12.7507
0.1027
12.7451
0.0934214
12.7416
0.0855441
12.7386
0.0705206
12.7355
0.0536985
12.7323
0.0369351
12.7313
0.0251029
12.7338
0.0165058
12.7381
0.00134481
12.7443
-0.0153127
12.7496
-0.0274464
12.7497
-0.0379563
-0.0169772
1.18591
0.284934
1.59686
0.0687774
1.85587
0.129327
2.04836
0.345298
2.14464
0.54261
2.19142
0.523328
2.36741
0.553673
2.72472
1.45544
3.25744
3.31626
4.9322
6.18241
3.82156
13.2956
1.53714
10.1093
3.91075
-5.62849
4.98486
-16.7246
5.38723
-17.8526
6.0096
-17.3584
6.91823
-16.1852
8.00105
-14.5836
9.01327
-12.1181
9.6966
-8.78286
10.1857
-5.81654
10.6412
-3.71628
11.2336
-2.67189
11.7374
-1.77471
12.1235
-1.12477
12.4119
-0.688095
12.6228
-0.391359
12.7761
-0.199168
12.8871
-0.0793376
12.9659
-0.00680532
13.0205
0.0407673
13.0571
0.0739043
13.0803
0.100724
13.0935
0.124237
13.0994
0.144997
13.0999
0.163508
13.0964
0.180996
13.0892
0.197831
13.0788
0.211952
13.0662
0.221387
13.0528
0.225543
13.0403
0.225433
13.0289
0.220914
13.017
0.209678
13.0023
0.190074
12.9852
0.16328
12.97
0.135721
12.962
0.110665
12.9595
0.0960027
12.9591
0.085854
12.9593
0.070338
12.9585
0.0545037
12.9566
0.0388302
12.9563
0.0254689
12.9595
0.0132367
12.9649
-0.00406218
12.9716
-0.0220271
12.9758
-0.0316346
12.9763
-0.0384096
-0.011784
0.733761
-0.448825
1.21316
-0.410621
1.55663
-0.214141
1.80594
0.0959828
1.91308
0.435474
1.88262
0.553785
1.96064
0.475655
2.20659
1.20949
2.48243
3.04041
3.3892
5.27564
4.02762
12.6572
2.24582
11.8911
4.87954
-8.26219
5.80475
-17.6498
6.12631
-18.1742
6.54021
-17.7723
7.23117
-16.8761
8.11957
-15.4719
9.00155
-13.0001
9.47708
-9.25839
9.46748
-5.80693
10.3925
-4.64127
11.3762
-3.65562
11.9035
-2.30204
12.2306
-1.45182
12.4417
-0.899202
12.5777
-0.527351
12.6635
-0.284999
12.7151
-0.130887
12.7464
-0.0381752
12.7726
0.0145869
12.8039
0.0425915
12.8617
0.0429685
12.9463
0.0396607
13.0396
0.0516909
13.1202
0.0828805
13.1758
0.125387
13.2077
0.165897
13.2227
0.197044
13.2268
0.217265
13.225
0.227304
13.2213
0.229117
13.2175
0.224738
13.212
0.215169
13.202
0.20009
13.1874
0.177906
13.1733
0.149774
13.1652
0.118753
13.1642
0.0970378
13.167
0.083026
13.1692
0.0682039
13.1685
0.0551515
13.1657
0.0416821
13.1649
0.0262458
13.1685
0.00961982
13.1737
-0.00923032
13.1786
-0.026911
13.1783
-0.0313359
13.1675
-0.0276731
-0.00524874
0.399309
-0.848134
0.813669
-0.824981
1.18605
-0.586518
1.49538
-0.213356
1.6632
0.26766
1.56369
0.653293
1.5223
0.517039
1.71557
1.01623
1.83776
2.91822
1.47163
5.64177
2.96864
11.1602
2.10757
12.7522
5.79331
-11.9479
6.35109
-18.2075
6.56045
-18.3836
6.87245
-18.0843
7.41855
-17.4222
8.17455
-16.2279
9.29628
-14.1218
11.6381
-11.6002
12.1131
-6.28192
12.2191
-4.74721
12.1284
-3.56499
12.2394
-2.41301
12.3516
-1.564
12.4271
-0.974642
12.4681
-0.568424
12.482
-0.29885
12.4766
-0.125498
12.4498
-0.0114032
12.4204
0.0439695
12.3959
0.06711
12.3782
0.0607312
12.3748
0.0430492
12.3866
0.0398993
12.4059
0.063565
12.4253
0.106029
12.4392
0.151962
12.4458
0.190441
12.4463
0.216739
12.4432
0.23049
12.4388
0.233462
12.4349
0.228658
12.4311
0.218922
12.4262
0.205029
12.4195
0.184571
12.4138
0.155536
12.4105
0.122034
12.4119
0.0956701
12.4175
0.077374
12.4237
0.062052
12.4294
0.0494742
12.4346
0.0364595
12.4407
0.0200935
12.4499
0.000442293
12.4578
-0.0171411
12.4632
-0.0323185
12.4651
-0.033191
12.4616
-0.0241718
-0.00657377
0.155045
-1.00318
0.44028
-1.11022
0.789926
-0.936165
1.13318
-0.556609
1.37443
0.0264035
1.2664
0.761329
0.970825
0.812614
1.11204
0.875011
1.45278
2.57749
1.2392
5.85536
2.34004
10.0593
2.9172
12.175
6.5058
-15.5365
6.68784
-18.3896
6.79321
-18.4889
7.04649
-18.3375
7.51373
-17.8895
8.23285
-16.9471
9.48099
-15.37
9.62306
-11.7423
11.398
-8.05688
11.9406
-5.28979
11.9713
-3.59568
11.9932
-2.43494
12.0258
-1.59651
12.0478
-0.996716
12.0557
-0.576242
12.0479
-0.291033
12.0252
-0.102823
11.9951
0.0186671
11.9524
0.0866515
11.9048
0.114755
11.8552
0.110311
11.8087
0.0896
11.7711
0.0774257
11.7457
0.0889937
11.7305
0.121253
11.7211
0.161323
11.7142
0.197403
11.7079
0.223019
11.7021
0.236327
11.6971
0.238433
11.6934
0.232346
11.6912
0.221154
11.6906
0.205655
11.6915
0.18358
11.6939
0.153209
11.697
0.118929
11.7026
0.0900754
11.7112
0.0687145
11.7213
0.0519513
11.7325
0.0382859
11.7448
0.0242056
11.7577
0.00721478
11.7694
-0.0112965
11.7796
-0.0272936
11.7859
-0.0386568
11.7898
-0.0371331
11.7925
-0.0268701
-0.0138309
-0.0483617
-0.954816
0.100096
-1.25867
0.392946
-1.22902
0.751463
-0.915126
1.08099
-0.303124
1.10466
0.73766
0.261688
1.65559
0.250558
0.886142
0.622669
2.20538
0.989626
5.4884
1.34908
9.69987
4.27713
9.247
6.71876
-17.9781
6.7858
-18.4566
6.89646
-18.5996
7.11863
-18.5597
7.5282
-18.299
8.30799
-17.7268
9.23987
-16.3019
9.66515
-12.1676
10.1928
-8.58455
10.6824
-5.77931
10.9564
-3.86978
11.1192
-2.59773
11.2269
-1.7042
11.2988
-1.06855
11.3448
-0.622232
11.3688
-0.315094
11.3737
-0.107688
11.3626
0.0297797
11.3348
0.114455
11.2935
0.156018
11.2416
0.162273
11.1834
0.14774
11.1269
0.133906
11.0795
0.13641
11.0442
0.156629
11.0196
0.18586
11.0031
0.213945
10.992
0.234143
10.9846
0.243688
10.9801
0.242917
10.9783
0.234206
10.9793
0.220099
10.9837
0.20129
10.991
0.176309
10.9996
0.144527
11.0085
0.110018
11.0189
0.0797212
11.0316
0.0560086
11.0463
0.0373011
11.0627
0.0218247
11.0803
0.00661143
11.0975
-0.00998643
11.1127
-0.0264837
11.1252
-0.0397487
11.1339
-0.0473683
11.1412
-0.0444323
11.1492
-0.0349003
-0.0242285
-0.20154
-0.753276
-0.200211
-1.26
-0.0063201
-1.42291
0.346927
-1.26837
0.804823
-0.761019
0.982478
0.560003
-0.161833
2.79989
-0.746895
1.4712
-0.539134
1.99762
-0.0371892
4.98646
-1.41248
11.0752
5.89871
1.93582
6.60559
-18.685
6.76199
-18.613
6.9056
-18.7432
7.13028
-18.7844
7.47791
-18.6467
7.9514
-18.2003
8.15771
-16.5081
8.29833
-12.3082
8.69726
-8.98348
9.15172
-6.23377
9.54659
-4.26465
9.84883
-2.89997
10.0753
-1.93066
10.2449
-1.23822
10.3712
-0.748465
10.4618
-0.405686
10.5217
-0.167559
10.5552
-0.00379693
10.5644
0.105269
10.5522
0.168225
10.5212
0.193328
10.476
0.192937
10.4248
0.18506
10.3767
0.184501
10.3377
0.195696
10.3093
0.214213
10.2905
0.232724
10.2793
0.245401
10.2736
0.249313
10.2723
0.244235
10.2748
0.231793
10.281
0.213881
10.2911
0.191173
10.3043
0.163066
10.319
0.129851
10.334
0.0950628
10.3499
0.0637887
10.3677
0.0382493
10.3873
0.0176754
10.4086
0.00055613
10.4305
-0.0152928
10.4514
-0.0308734
10.4698
-0.0449467
10.4852
-0.0550976
10.4973
-0.0594692
10.5083
-0.0554974
10.5201
-0.0466927
-0.0368988
-0.303466
-0.44981
-0.440644
-1.12283
-0.409836
-1.45371
-0.169741
-1.50847
0.320404
-1.25116
0.999478
-0.119071
0.846279
2.95309
-1.57148
3.88897
-2.05889
2.48502
-1.68368
4.61125
-3.05059
12.4421
7.02609
-8.14088
6.60848
-18.2674
6.69851
-18.703
6.86659
-18.9113
7.09229
-19.0101
7.39142
-18.9458
7.59966
-18.4086
7.28542
-16.1939
7.18803
-12.2108
7.33302
-9.12848
7.68683
-6.58758
8.08221
-4.66003
8.44172
-3.25948
8.74949
-2.23843
9.0062
-1.49492
9.21573
-0.957988
9.38216
-0.572113
9.50942
-0.294826
9.60113
-0.0955153
9.66145
0.0449542
9.69294
0.136739
9.69874
0.187524
9.68368
0.208005
9.65563
0.213113
9.62385
0.216284
9.59572
0.223834
9.57502
0.234921
9.56247
0.245267
9.5572
0.25067
9.55783
0.248677
9.5632
0.238873
9.57266
0.22234
9.58606
0.20049
9.60318
0.174058
9.6231
0.143141
9.64431
0.108632
9.66585
0.0735261
9.68803
0.0416087
9.71148
0.0148069
9.73629
-0.00713113
9.76214
-0.0252812
9.78797
-0.04112
9.81232
-0.055218
9.834
-0.0666348
9.85257
-0.0736663
9.86826
-0.0751741
9.88281
-0.0700531
9.89738
-0.0612775
-0.0512882
-0.33143
-0.11838
-0.593095
-0.861163
-0.737707
-1.3091
-0.639644
-1.60653
-0.387346
-1.50346
0.130329
-0.636746
1.67114
1.41228
-1.74329
7.3034
-3.92241
4.6641
-5.39029
6.07915
-2.32454
9.37627
6.47239
-16.9378
6.51713
-18.3121
6.65622
-18.8421
6.82351
-19.0786
7.01979
-19.2064
7.18999
-19.116
7.28006
-18.4987
6.48059
-15.3945
6.27351
-12.0037
6.25073
-9.1057
6.4402
-6.77706
6.74175
-4.96158
7.07327
-3.591
7.39908
-2.56424
7.70154
-1.79738
7.97051
-1.22695
8.20094
-0.80255
8.39143
-0.485327
8.54313
-0.247218
8.65861
-0.0705253
8.74044
0.0549184
8.79166
0.136303
8.8169
0.18276
8.82336
0.206662
8.81973
0.21992
8.81374
0.229838
8.81039
0.238267
8.81196
0.243699
8.81881
0.243809
8.83044
0.237048
8.84614
0.223184
8.86542
0.203063
8.88806
0.177857
8.91369
0.148426
8.94144
0.115392
8.97007
0.0800022
8.99879
0.0448022
9.02771
0.0126854
9.05723
-0.0146995
9.08737
-0.0372629
9.11774
-0.0556524
9.14742
-0.0707906
9.17518
-0.0829806
9.20013
-0.0915834
9.22199
-0.0955314
9.24112
-0.0943085
9.25872
-0.0876608
9.27548
-0.0780491
-0.0670235
-0.292938
0.174557
-0.645308
-0.508794
-0.941427
-1.01298
-1.01588
-1.53207
-0.938989
-1.58035
-0.639795
-0.935939
-0.148832
0.921315
-5.3512
12.5058
-10.3176
9.63045
-11.2841
7.04566
3.9765
-5.8843
6.01394
-18.9752
6.43856
-18.7367
6.60275
-19.0063
6.76839
-19.2442
6.92924
-19.3672
7.0103
-19.1971
6.74668
-18.235
5.9202
-14.568
5.49306
-11.5766
5.3483
-8.96093
5.39385
-6.82262
5.57049
-5.13823
5.82264
-3.84316
6.11385
-2.85545
6.41743
-2.10095
6.71227
-1.52179
6.98356
-1.07385
7.22264
-0.724409
7.42587
-0.450448
7.59274
-0.237393
7.72443
-0.0767757
7.82318
0.0375571
7.89287
0.113076
7.93959
0.159943
7.97103
0.188487
7.99453
0.20635
8.01558
0.217216
8.03744
0.221828
8.06158
0.219672
8.08833
0.210294
8.1176
0.193923
8.1492
0.171464
8.18299
0.144073
8.21862
0.112802
8.25535
0.0786591
8.29225
0.0430974
8.32873
0.00832127
8.36479
-0.0233678
8.40063
-0.0505352
8.43623
-0.0728571
8.47121
-0.0906272
8.50479
-0.104366
8.53604
-0.114229
8.56431
-0.119848
8.58943
-0.120662
8.61173
-0.116615
8.63198
-0.107924
8.65055
-0.0966199
-0.0839136
-0.193232
0.367789
-0.583165
-0.118861
-1.04657
-0.54958
-1.27066
-1.30798
-1.31686
-1.53416
-1.13393
-1.11887
-1.52107
1.30845
-5.04073
16.0254
-7.70612
12.2958
-3.81569
3.15523
6.37521
-16.0752
6.09212
-18.6921
6.32682
-18.9714
6.51492
-19.1944
6.68902
-19.4183
6.80069
-19.4789
6.75478
-19.1512
5.98689
-17.4671
5.30954
-13.8906
4.81816
-11.0852
4.57087
-8.71366
4.4977
-6.74945
4.55393
-5.19447
4.70789
-3.99711
4.93332
-3.08087
5.20394
-2.37156
5.49362
-1.81147
5.78038
-1.36062
6.04875
-0.992781
6.28964
-0.691332
6.4987
-0.446452
6.67458
-0.252658
6.81792
-0.105777
6.93135
-0.000354857
7.01947
0.0718304
7.08864
0.11933
7.14531
0.149678
7.19489
0.167634
7.24111
0.175604
7.28616
0.174624
7.33111
0.165342
7.37644
0.148605
7.42232
0.125589
7.46878
0.0976169
7.5156
0.065979
7.56228
0.031982
7.60817
-0.00279222
7.65286
-0.036372
7.69633
-0.0668343
7.73869
-0.0928863
7.77988
-0.114042
7.81958
-0.130325
7.8572
-0.141981
7.89206
-0.149093
7.92372
-0.151503
7.95207
-0.14902
7.97734
-0.141891
7.99998
-0.130573
8.02015
-0.116797
-0.101918
-0.0813467
0.449135
-0.451233
0.251025
-1.06287
0.0620611
-1.41546
-0.955392
-1.60298
-1.34664
-1.44359
-1.27827
-3.0616
2.92645
-4.13551
17.0993
-3.71336
11.8736
3.21673
-3.77491
5.92827
-18.7868
6.1151
-18.879
6.2583
-19.1146
6.43001
-19.3661
6.59246
-19.5808
6.64405
-19.5305
6.57905
-19.0862
5.40922
-16.2973
4.76047
-13.2419
4.24116
-10.5659
3.89946
-8.37197
3.71907
-6.56906
3.66631
-5.14172
3.72095
-4.05174
3.8672
-3.22711
4.08413
-2.58849
4.34548
-2.07284
4.62561
-1.64075
4.90407
-1.27124
5.16701
-0.954266
5.40618
-0.685623
5.61731
-0.463792
5.79892
-0.287377
5.95173
-0.153165
6.07891
-0.0553443
6.18506
0.0131871
6.27549
0.0592479
6.35507
0.0880599
6.42753
0.103134
6.49546
0.106699
6.56042
0.100383
6.62334
0.0856902
6.68474
0.0641982
6.74486
0.0374996
6.80368
0.0071542
6.86095
-0.0252827
6.91629
-0.0581329
6.96948
-0.0895636
7.02053
-0.117879
7.06952
-0.141868
7.11641
-0.160929
7.16098
-0.174891
7.20282
-0.183815
7.24147
-0.187746
7.27663
-0.18667
7.30824
-0.180634
7.3364
-0.170056
7.36133
-0.15551
7.38309
-0.138565
-0.121114
-0.0505376
0.499672
-0.357405
0.55789
-0.973904
0.678558
-1.45828
-0.471015
-1.86577
-0.939145
-2.28525
-0.858804
-4.22299
4.86428
-4.05685
16.9332
-1.6752
9.49207
6.02809
-11.4781
5.99958
-18.7582
6.06827
-18.9477
6.18974
-19.2361
6.35291
-19.5293
6.49116
-19.719
6.54641
-19.5857
6.17797
-18.7177
5.08466
-15.204
4.27637
-12.4336
3.7086
-9.99818
3.29911
-7.9625
3.03078
-6.30073
2.88389
-4.99483
2.84659
-4.01443
2.91169
-3.29223
3.06511
-2.74192
3.2834
-2.29114
3.54013
-1.89749
3.81214
-1.54325
4.08215
-1.22427
4.33862
-0.942095
4.57446
-0.699628
4.78584
-0.498758
4.9716
-0.338921
5.13294
-0.216678
5.27281
-0.12668
5.39515
-0.0630871
5.50395
-0.0207459
5.60264
0.0044453
5.69382
0.0155159
5.77933
0.0148774
5.86039
0.00463951
5.93777
-0.0131772
6.01195
-0.0366713
6.08311
-0.0640044
6.15123
-0.0934082
6.21621
-0.123111
6.278
-0.151348
6.33667
-0.176544
6.39233
-0.197528
6.44502
-0.213612
6.49462
-0.224485
6.54089
-0.230081
6.58355
-0.230412
6.62242
-0.22554
6.65742
-0.215638
6.68855
-0.201192
6.71585
-0.182821
6.73934
-0.162065
-0.141666
-0.128563
0.628235
-0.36471
0.794036
-0.88469
1.19854
-1.45049
0.0947846
-1.98087
-0.408755
-2.90722
0.0675329
-2.89676
4.85373
-2.78262
16.819
0.630032
6.07943
6.17426
-17.0224
5.96721
-18.5512
5.99287
-18.9733
6.1138
-19.357
6.27242
-19.6879
6.35445
-19.8011
6.30438
-19.5357
5.44087
-17.8542
4.57085
-14.334
3.79262
-11.6554
3.20013
-9.40569
2.74705
-7.50941
2.41347
-5.96716
2.18945
-4.7708
2.07133
-3.89631
2.0595
-3.28041
2.14677
-2.82921
2.31388
-2.45824
2.53561
-2.11922
2.78804
-1.79568
3.05201
-1.48824
3.31357
-1.20366
3.56326
-0.949317
3.79508
-0.730578
4.0059
-0.54973
4.19501
-0.405783
4.36363
-0.295302
4.51424
-0.213691
4.64977
-0.156275
4.77307
-0.118856
4.88651
-0.0979304
4.99195
-0.0905586
5.09073
-0.0941358
5.18382
-0.106256
5.27184
-0.124692
5.3552
-0.147358
5.43409
-0.172294
5.50861
-0.197637
5.5789
-0.221633
5.64512
-0.242761
5.70746
-0.259859
5.76602
-0.27217
5.82082
-0.279282
5.87177
-0.281027
5.91873
-0.277374
5.96158
-0.268397
6.00023
-0.254297
6.03458
-0.235543
6.0645
-0.212753
6.08998
-0.187556
-0.163812
-0.264989
0.893224
-0.504689
1.03374
-0.92431
1.61816
-1.42779
0.598268
-1.87102
0.0344698
-2.61275
0.809264
-1.40806
3.64903
-0.767225
16.1782
4.33214
0.980089
5.81584
-18.5061
5.87954
-18.6149
5.92886
-19.0227
6.04848
-19.4766
6.1895
-19.8289
6.22106
-19.8326
6.16006
-19.4747
4.90205
-16.5962
4.0989
-13.5309
3.35495
-10.9115
2.73582
-8.78657
2.24402
-7.0176
1.85997
-5.58312
1.5741
-4.48494
1.38712
-3.70933
1.30536
-3.19866
1.32785
-2.85172
1.4399
-2.57029
1.61886
-2.29817
1.84164
-2.01846
2.08852
-1.73512
2.34417
-1.45931
2.5973
-1.20245
2.84006
-0.973333
3.06748
-0.777147
3.27708
-0.615377
3.46838
-0.486596
3.64236
-0.387672
3.80084
-0.314756
3.94589
-0.263908
4.07946
-0.231496
4.20321
-0.214306
4.31848
-0.209401
4.4263
-0.214068
4.52742
-0.225808
4.62239
-0.242324
4.71159
-0.261495
4.79532
-0.281362
4.87384
-0.300154
4.94744
-0.316359
5.01639
-0.328802
5.08089
-0.33667
5.14108
-0.339465
5.19698
-0.336931
5.24858
-0.32897
5.29578
-0.315607
5.33847
-0.29699
5.37641
-0.27349
5.40933
-0.245682
5.43715
-0.215382
-0.187835
-0.330667
1.22389
-0.618058
1.32113
-0.942938
1.94304
-1.35612
1.01145
-1.78057
0.458921
-2.31386
1.34256
-2.1468
3.48197
-1.18707
15.2185
6.24446
-6.45136
5.82038
-18.082
5.7714
-18.5659
5.8514
-19.1027
5.99198
-19.6172
6.10897
-19.9459
6.14954
-19.8732
5.79829
-19.1234
4.61658
-15.4145
3.67915
-12.5935
2.93374
-10.1661
2.30509
-8.15793
1.78719
-6.49971
1.36676
-5.1627
1.03416
-4.15235
0.791424
-3.46661
0.648774
-3.05603
0.610317
-2.81326
0.665846
-2.62581
0.796455
-2.42878
0.981446
-2.20345
1.20179
-1.95547
1.44158
-1.6991
1.68832
-1.44918
1.93265
-1.21767
2.16804
-1.01253
2.39034
-0.837684
2.59752
-0.693768
2.78911
-0.579271
2.96579
-0.491436
3.12876
-0.42687
3.27937
-0.382104
3.41897
-0.353908
3.54877
-0.33919
3.66975
-0.335039
3.78271
-0.338768
3.88831
-0.347922
3.98707
-0.360251
4.07942
-0.373711
4.16576
-0.386491
4.24647
-0.397069
4.32192
-0.404243
4.3924
-0.407148
4.45814
-0.405206
4.51929
-0.398073
4.57587
-0.38556
4.62785
-0.367589
4.67503
-0.344172
4.71703
-0.3155
4.7534
-0.282061
4.78394
-0.245931
-0.214046
-0.275261
1.49915
-0.629206
1.67507
-0.812044
2.12588
-1.20993
1.40934
-1.68484
0.933825
-1.86317
1.52089
-1.94373
3.56255
0.528013
12.7467
6.13511
-12.0584
5.66952
-17.6164
5.66408
-18.5605
5.78912
-19.2277
5.94155
-19.7697
5.99081
-19.9952
5.96065
-19.843
5.0718
-18.2346
4.10722
-14.45
3.22673
-11.713
2.50719
-9.44654
1.89296
-7.54371
1.3698
-5.97656
0.930669
-4.72359
0.568743
-3.79043
0.286509
-3.18438
0.0957295
-2.86525
0.00279085
-2.72031
0.0021675
-2.62518
0.0802173
-2.50683
0.219761
-2.343
0.404305
-2.14002
0.618384
-1.91318
0.84885
-1.67964
1.08524
-1.45405
1.31962
-1.24691
1.5464
-1.06446
1.76204
-0.909408
1.96477
-0.781996
2.15409
-0.680758
2.3303
-0.603076
2.49408
-0.545884
2.64636
-0.506178
2.78806
-0.480892
2.92008
-0.467047
3.04318
-0.461865
3.15806
-0.462797
3.26532
-0.467506
3.36548
-0.473875
3.45905
-0.480055
3.54648
-0.484498
3.62822
-0.485973
3.70463
-0.48356
3.77603
-0.476609
3.84264
-0.464678
3.90454
-0.447463
3.96168
-0.424733
4.01379
-0.396289
4.06034
-0.362056
4.10063
-0.322364
4.1343
-0.279603
-0.242765
-0.183584
1.68273
-0.486498
1.97799
-0.612133
2.25151
-1.02228
1.81949
-1.62935
1.5409
-1.92018
1.81173
-1.54826
3.19065
2.30211
8.89634
5.51858
-15.2749
5.57534
-17.6732
5.64018
-18.6253
5.77186
-19.3594
5.90329
-19.9011
5.89675
-19.9886
5.80073
-19.747
4.45349
-16.8874
3.62667
-13.6232
2.81924
-10.9056
2.11235
-8.73966
1.50934
-6.9407
0.992005
-5.45924
0.55049
-4.28209
0.178633
-3.41859
-0.12135
-2.88441
-0.339093
-2.64751
-0.471403
-2.588
-0.524293
-2.57228
-0.504156
-2.52697
-0.419714
-2.42745
-0.282576
-2.27716
-0.106213
-2.08954
0.0963774
-1.88223
0.313917
-1.67159
0.537233
-1.47023
0.759244
-1.28647
0.975017
-1.12518
1.18149
-0.988465
1.37703
-0.876297
1.56099
-0.78703
1.73329
-0.718182
1.89433
-0.667213
2.04471
-0.631263
2.18509
-0.607421
2.31615
-0.59292
2.43855
-0.585196
2.55291
-0.581867
2.65981
-0.58077
2.75978
-0.58002
2.85333
-0.578049
2.94096
-0.573595
3.02309
-0.565689
3.10008
-0.553604
3.1722
-0.5368
3.23957
-0.514837
3.30213
-0.487292
3.35952
-0.453685
3.41102
-0.413569
3.45569
-0.367034
3.49286
-0.316783
-0.274306
-0.14482
1.82755
-0.318605
2.15177
-0.442455
2.37536
-0.828513
2.20554
-1.5455
2.25788
-1.98936
2.25558
-1.83148
3.03277
3.07803
3.98683
5.18553
-17.3824
5.49748
-17.9851
5.61744
-18.7453
5.7533
-19.4952
5.85345
-20.0012
5.8493
-19.9845
5.58534
-19.4831
4.26723
-15.5693
3.25408
-12.61
2.44383
-10.0953
1.74865
-8.04451
1.15734
-6.34939
0.653252
-4.95517
0.223804
-3.85265
-0.136662
-3.05813
-0.423778
-2.5973
-0.6315
-2.43978
-0.774483
-2.44501
-0.866617
-2.48015
-0.906089
-2.48751
-0.889329
-2.44422
-0.817064
-2.34942
-0.69684
-2.20975
-0.539267
-2.03979
-0.355718
-1.85513
-0.156748
-1.6692
0.0488259
-1.49205
0.254417
-1.33077
0.455662
-1.18971
0.649643
-1.07027
0.834717
-0.972099
1.00987
-0.893327
1.17487
-0.83221
1.32987
-0.786261
1.47525
-0.75279
1.61148
-0.729148
1.73912
-0.712832
1.85873
-0.701469
1.97084
-0.69288
2.07599
-0.685166
2.1747
-0.676756
2.26747
-0.666363
2.35475
-0.652972
2.43693
-0.635786
2.5143
-0.614166
2.58699
-0.58753
2.65493
-0.555237
2.7177
-0.516464
2.77441
-0.470289
2.82382
-0.416444
2.86486
-0.357831
-0.308976
-0.274883
2.10244
-0.366203
2.24309
-0.428676
2.43783
-0.726087
2.50295
-1.28798
2.81978
-1.77885
2.74645
-3.58545
4.83937
4.7336
-4.3322
5.08032
-17.7291
5.32027
-18.2251
5.53846
-18.9635
5.7061
-19.6629
5.7555
-20.0506
5.77961
-20.0086
4.89775
-18.6012
3.76265
-14.4342
2.79804
-11.6454
2.0387
-9.33601
1.3889
-7.39471
0.827518
-5.78802
0.348246
-4.47591
-0.055383
-3.44902
-0.38178
-2.73173
-0.614855
-2.36422
-0.756522
-2.29811
-0.862141
-2.33939
-0.961765
-2.38053
-1.04997
-2.39931
-1.1089
-2.38529
-1.12284
-2.33548
-1.08599
-2.2466
-1.00085
-2.12493
-0.87595
-1.98003
-0.72258
-1.82258
-0.551466
-1.66316
-0.371034
-1.5112
-0.187484
-1.37325
-0.00525422
-1.2525
0.171912
-1.14926
0.342423
-1.06383
0.505054
-0.994837
0.659331
-0.940533
0.805198
-0.898652
0.942832
-0.866777
1.07254
-0.842536
1.19471
-0.823633
1.30977
-0.807936
1.41818
-0.793575
1.52043
-0.778999
1.61697
-0.762909
1.70826
-0.744257
1.79466
-0.722183
1.87645
-0.695963
1.9538
-0.664881
2.02664
-0.62808
2.09452
-0.584357
2.15644
-0.532209
2.21086
-0.470875
2.25613
-0.403112
-0.347095
-0.585528
2.68796
-0.594587
2.25215
-0.598991
2.44224
-0.88686
2.79082
-1.11675
3.04967
-1.24076
2.87046
-1.21415
4.81274
6.0539
-11.6003
5.16752
-16.8428
5.30112
-18.3587
5.52611
-19.1885
5.67669
-19.8135
5.62794
-20.0019
5.43466
-19.8153
4.00091
-17.1675
3.20632
-13.6396
2.3831
-10.8222
1.66404
-8.61695
1.051
-6.78166
0.523099
-5.26013
0.0750481
-4.02787
-0.292872
-3.08111
-0.565455
-2.45916
-0.706239
-2.22344
-0.757469
-2.24688
-0.808195
-2.28866
-0.87556
-2.31317
-0.959749
-2.31513
-1.04925
-2.29578
-1.12982
-2.2549
-1.18219
-2.19423
-1.19284
-2.11428
-1.1582
-2.01469
-1.08343
-1.89734
-0.977053
-1.76954
-0.847441
-1.64081
-0.702513
-1.51817
-0.549367
-1.40563
-0.393533
-1.30509
-0.239128
-1.21823
-0.0884699
-1.14549
0.0570728
-1.08607
0.196725
-1.0383
0.330083
-1.00013
0.457
-0.969448
0.577532
-0.94416
0.691881
-0.92228
0.800378
-0.90207
0.903394
-0.882013
1.0013
-0.86082
1.09448
-0.837429
1.18322
-0.810934
1.26781
-0.780554
1.3484
-0.745472
1.42496
-0.70465
1.49712
-0.656523
1.56385
-0.598941
1.62348
-0.530512
1.67343
-0.453074
-0.389014
-1.18988
3.87783
-1.12265
2.18492
-1.10802
2.42761
-1.14632
2.82912
-1.19319
3.09655
-1.03871
2.71598
1.17159
2.60244
5.06342
-15.4921
5.45268
-17.232
5.49981
-18.4058
5.59655
-19.2852
5.65927
-19.8762
5.60216
-19.9448
5.4609
-19.6741
4.01555
-15.7221
2.92632
-12.5504
2.06697
-9.96286
1.3487
-7.89869
0.751794
-6.18476
0.250092
-4.75844
-0.16597
-3.61181
-0.490179
-2.7569
-0.693117
-2.25622
-0.757051
-2.15951
-0.803675
-2.20026
-0.860926
-2.23141
-0.909558
-2.26454
-0.95575
-2.26893
-0.996818
-2.25471
-1.03464
-2.21707
-1.07063
-2.15824
-1.10444
-2.08046
-1.13119
-1.98795
-1.14048
-1.88805
-1.12288
-1.78713
-1.07518
-1.68851
-1.00046
-1.59287
-0.905198
-1.50089
-0.796297
-1.41398
-0.67931
-1.33522
-0.558162
-1.26663
-0.435676
-1.20855
-0.314025
-1.15994
-0.194838
-1.11931
-0.0791804
-1.0851
0.0323718
-1.05571
0.139689
-1.02959
0.242755
-1.00513
0.34173
-0.980987
0.436803
-0.955893
0.528167
-0.928795
0.615987
-0.898757
0.700465
-0.865036
0.781728
-0.82674
0.859822
-0.78275
0.934539
-0.731246
1.00504
-0.669454
1.0699
-0.595379
1.12523
-0.508406
-0.435084
-1.5832
5.46106
-1.91564
2.51733
-1.74531
2.25727
-1.54541
2.62922
-1.57103
3.12217
-4.61233
5.75729
2.88013
-4.88998
4.98968
-17.6016
5.45733
-17.6997
5.57209
-18.5206
5.61964
-19.3328
5.58299
-19.8395
5.56808
-19.9298
4.89619
-19.0022
3.56216
-14.3881
2.4956
-11.4838
1.69563
-9.1629
1.03289
-7.23595
0.473141
-5.62502
0.00453782
-4.28984
-0.375129
-3.23215
-0.643919
-2.48812
-0.762656
-2.13749
-0.780731
-2.14144
-0.802705
-2.17828
-0.832558
-2.20156
-0.879804
-2.2173
-0.927913
-2.22082
-0.975851
-2.20677
-1.01779
-2.17513
-1.05124
-2.1248
-1.07356
-2.05814
-1.08066
-1.98086
-1.07173
-1.89699
-1.05169
-1.80717
-1.02702
-1.71317
-1.00019
-1.61969
-0.969045
-1.53203
-0.928993
-1.45403
-0.877156
-1.38705
-0.813332
-1.33045
-0.73928
-1.2826
-0.657872
-1.24135
-0.572182
-1.20499
-0.484514
-1.17276
-0.396273
-1.14394
-0.308303
-1.11756
-0.221061
-1.09237
-0.134955
-1.06709
-0.050316
-1.04053
0.0326008
-1.01171
0.113767
-0.979926
0.193036
-0.944308
0.270458
-0.904167
0.346135
-0.858434
0.420136
-0.805253
0.492053
-0.741377
0.561568
-0.664902
0.62344
-0.570286
-0.485381
-1.36827
6.82932
-2.10447
3.25353
-2.13872
2.2915
-2.03422
2.52472
-2.36978
3.45772
-2.05517
5.44269
6.29273
-13.2379
5.33713
-16.646
5.4763
-17.8388
5.60906
-18.6533
5.62946
-19.3532
5.44141
-19.6515
5.1752
-19.6636
3.8162
-17.6432
2.87264
-13.4445
2.02005
-10.6313
1.31605
-8.45889
0.722306
-6.6422
0.211869
-5.11459
-0.219425
-3.85856
-0.553472
-2.8981
-0.74909
-2.2925
-0.790347
-2.09624
-0.801757
-2.13003
-0.830651
-2.14939
-0.857131
-2.17508
-0.890691
-2.18374
-0.925401
-2.18611
-0.960316
-2.17185
-0.991851
-2.14359
-1.01585
-2.10081
-1.02905
-2.04494
-1.03369
-1.97621
-1.03303
-1.89764
-1.02624
-1.81395
-1.00962
-1.72978
-0.980821
-1.64849
-0.941283
-1.57156
-0.895676
-1.49963
-0.849494
-1.43323
-0.806805
-1.37314
-0.769084
-1.32032
-0.734838
-1.27559
-0.700929
-1.2389
-0.664347
-1.20934
-0.623047
-1.18524
-0.576202
-1.1644
-0.524047
-1.14453
-0.467637
-1.1235
-0.408166
-1.10001
-0.346574
-1.07331
-0.283572
-1.04293
-0.219504
-1.00838
-0.15459
-0.969085
-0.0888654
-0.924164
-0.0220853
-0.872039
0.0460799
-0.809549
0.116346
-0.735174
0.186547
-0.640494
-0.538919
-1.10165
7.93095
-1.97319
4.12505
-2.44544
2.76374
-3.61217
3.69146
-3.14952
2.99509
3.18916
-0.895971
5.66107
-15.7098
5.81414
-16.7991
5.74313
-17.7678
5.72535
-18.6355
5.65428
-19.2821
5.45016
-19.4474
5.21758
-19.4311
3.49459
-15.9202
2.52598
-12.4759
1.70043
-9.80572
1.01336
-7.77182
0.453023
-6.08186
-0.0185515
-4.64302
-0.41249
-3.46462
-0.698184
-2.61241
-0.811275
-2.17942
-0.805362
-2.10215
-0.825735
-2.10965
-0.836826
-2.13829
-0.854273
-2.15763
-0.88342
-2.15459
-0.911181
-2.15835
-0.940404
-2.14262
-0.966365
-2.11764
-0.988328
-2.07885
-1.00496
-2.02832
-1.01326
-1.96792
-1.0105
-1.9004
-0.996702
-1.82774
-0.974533
-1.75194
-0.947333
-1.67568
-0.91724
-1.60165
-0.884857
-1.53201
-0.849616
-1.46847
-0.811073
-1.41168
-0.769644
-1.36174
-0.726958
-1.31827
-0.685456
-1.28039
-0.647736
-1.24705
-0.615753
-1.21722
-0.590026
-1.19013
-0.569423
-1.16513
-0.55159
-1.14134
-0.533799
-1.1178
-0.513637
-1.09347
-0.489378
-1.0672
-0.459987
-1.03778
-0.42509
-1.00399
-0.384646
-0.964614
-0.338511
-0.91818
-0.286423
-0.861643
-0.226374
-0.795231
-0.158205
-0.70867
-0.601257
-1.00651
8.93745
-2.1059
5.22443
-4.1096
4.76744
-5.47283
5.05466
-3.51084
1.03314
5.74082
-10.1476
6.03465
-16.0036
5.99967
-16.7641
5.91039
-17.6785
5.81538
-18.5405
5.64819
-19.1149
5.498
-19.2972
5.00891
-18.942
3.42071
-14.332
2.23998
-11.2952
1.40424
-8.96998
0.744117
-7.1117
0.215871
-5.55362
-0.218521
-4.20863
-0.572729
-3.11041
-0.805099
-2.38004
-0.844073
-2.14044
-0.829635
-2.11659
-0.840148
-2.09913
-0.848982
-2.12946
-0.867035
-2.13958
-0.883294
-2.13833
-0.906937
-2.1347
-0.928423
-2.12114
-0.949392
-2.09667
-0.965954
-2.06229
-0.976777
-2.0175
-0.980997
-1.96369
-0.978775
-1.90261
-0.97004
-1.83646
-0.954416
-1.76756
-0.931871
-1.69822
-0.903135
-1.63038
-0.86963
-1.56551
-0.83329
-1.5048
-0.79589
-1.44908
-0.758859
-1.39876
-0.723137
-1.35398
-0.689028
-1.31449
-0.656405
-1.27967
-0.624973
-1.24864
-0.594628
-1.22047
-0.565644
-1.19411
-0.538494
-1.16849
-0.513744
-1.14255
-0.491781
-1.11544
-0.472564
-1.08642
-0.455545
-1.0548
-0.439694
-1.01984
-0.423526
-0.980789
-0.405008
-0.936704
-0.380845
-0.885813
-0.348501
-0.827581
-0.292672
-0.764507
-0.68074
-0.427894
9.36533
-2.23306
7.02961
-3.23954
5.77396
-2.1609
3.97606
2.41279
-3.54055
6.79082
-14.5257
6.34114
-15.5539
6.17139
-16.5944
6.06572
-17.5729
5.90764
-18.3824
5.61001
-18.8173
5.41981
-19.107
4.10646
-17.6286
2.76391
-12.9894
1.77531
-10.3066
1.04182
-8.23649
0.456752
-6.52662
-0.0147813
-5.08209
-0.396069
-3.82734
-0.699611
-2.80687
-0.873166
-2.20649
-0.871225
-2.14238
-0.850033
-2.13777
-0.852237
-2.09693
-0.863927
-2.11777
-0.870257
-2.13325
-0.884447
-2.12414
-0.900647
-2.11851
-0.917032
-2.10476
-0.932837
-2.08087
-0.945917
-2.04921
-0.954775
-2.00864
-0.958119
-1.96034
-0.955263
-1.90546
-0.946014
-1.8457
-0.930593
-1.78297
-0.909712
-1.71909
-0.884231
-1.65586
-0.855049
-1.59469
-0.82303
-1.53682
-0.789059
-1.48304
-0.754013
-1.4338
-0.718773
-1.38921
-0.684175
-1.34908
-0.650893
-1.31294
-0.619407
-1.28013
-0.589987
-1.24989
-0.562663
-1.22144
-0.53723
-1.19393
-0.513281
-1.1665
-0.490347
-1.13838
-0.467888
-1.10888
-0.445447
-1.07725
-0.422448
-1.04285
-0.398205
-1.00504
-0.371614
-0.9633
-0.340721
-0.916712
-0.303365
-0.864944
-0.2519
-0.815978
-0.750419
1.33593
8.02938
-0.478396
8.84389
-0.877894
6.17345
1.49425
1.60393
7.09796
-9.14423
6.87097
-14.2987
6.63544
-15.3184
6.42329
-16.3822
6.24513
-17.3947
6.00441
-18.1417
5.55768
-18.3705
5.00625
-18.5555
3.00588
-15.6283
2.1977
-12.1813
1.41092
-9.51979
0.734598
-7.56016
0.1948
-5.98682
-0.225568
-4.66171
-0.546922
-3.50598
-0.785828
-2.56796
-0.897711
-2.0946
-0.896885
-2.1432
-0.876967
-2.15769
-0.864166
-2.10973
-0.873469
-2.10846
-0.877681
-2.12904
-0.885545
-2.11628
-0.897149
-2.1069
-0.908724
-2.09319
-0.919774
-2.06982
-0.928676
-2.04031
-0.934432
-2.00288
-0.93603
-1.95874
-0.932606
-1.90887
-0.923781
-1.85452
-0.909626
-1.79712
-0.890516
-1.7382
-0.867061
-1.67931
-0.839979
-1.62177
-0.810138
-1.56666
-0.778415
-1.51476
-0.745649
-1.46656
-0.712579
-1.42228
-0.679825
-1.38183
-0.647859
-1.34491
-0.616996
-1.31099
-0.587434
-1.27945
-0.559274
-1.2496
-0.53247
-1.22073
-0.506862
-1.19212
-0.482166
-1.16308
-0.458
-1.13305
-0.433837
-1.10141
-0.408992
-1.0677
-0.382591
-1.03144
-0.353404
-0.992493
-0.319638
-0.950484
-0.279299
-0.905289
-0.229538
-0.865745
-0.813406
1.31899
6.71042
0.72615
9.43672
1.71939
5.18017
4.27267
-0.949351
7.55503
-12.4266
7.10945
-13.8531
6.8548
-15.0638
6.6505
-16.1779
6.40892
-17.1531
6.11201
-17.8448
5.86178
-18.1203
5.38271
-18.0765
3.5423
-13.7878
2.18277
-10.8217
1.24688
-8.58389
0.525834
-6.83911
-0.0221549
-5.43883
-0.414966
-4.26889
-0.672305
-3.24863
-0.82763
-2.41263
-0.879042
-2.04319
-0.902738
-2.11951
-0.899462
-2.16096
-0.879971
-2.12922
-0.880739
-2.1077
-0.884544
-2.12524
-0.887522
-2.11331
-0.894128
-2.1003
-0.901467
-2.08585
-0.908528
-2.06276
-0.914311
-2.03453
-0.917347
-1.99983
-0.916816
-1.95926
-0.91221
-1.91347
-0.903232
-1.86349
-0.889759
-1.81059
-0.871941
-1.75602
-0.850174
-1.70108
-0.825058
-1.64689
-0.797275
-1.59444
-0.767562
-1.54447
-0.736617
-1.4975
-0.705086
-1.4538
-0.673543
-1.41337
-0.642434
-1.37601
-0.612096
-1.34132
-0.58271
-1.30884
-0.554377
-1.27794
-0.527041
-1.24807
-0.500541
-1.21862
-0.474594
-1.18903
-0.448855
-1.1588
-0.422803
-1.12747
-0.395836
-1.09467
-0.367127
-1.06016
-0.335664
-1.02396
-0.300014
-0.986139
-0.258718
-0.946591
-0.210588
-0.913881
-0.871282
-0.417613
7.12802
-0.175725
9.19481
2.64414
2.36033
7.61271
-5.91791
7.56995
-12.3838
7.33817
-13.6214
7.10179
-14.8274
6.87598
-15.9521
6.57313
-16.8503
6.16215
-17.4338
5.99256
-17.9507
4.54139
-16.6253
2.89473
-12.1411
1.75228
-9.67925
0.923225
-7.75483
0.263403
-6.17928
-0.254759
-4.92066
-0.613552
-3.9101
-0.794502
-3.06768
-0.845565
-2.36157
-0.845722
-2.04303
-0.886549
-2.07868
-0.914113
-2.1334
-0.899836
-2.1435
-0.885808
-2.12173
-0.890075
-2.12097
-0.890401
-2.11298
-0.892114
-2.09859
-0.896036
-2.08193
-0.899154
-2.05964
-0.901494
-2.03218
-0.901906
-1.99941
-0.899658
-1.9615
-0.894045
-1.91908
-0.884647
-1.87289
-0.871348
-1.82389
-0.854283
-1.77308
-0.833747
-1.72162
-0.810169
-1.67046
-0.784079
-1.62052
-0.756071
-1.57247
-0.726733
-1.52683
-0.696631
-1.4839
-0.666242
-1.44376
-0.635978
-1.40627
-0.60614
-1.37116
-0.576926
-1.33805
-0.548409
-1.30646
-0.520574
-1.27591
-0.493286
-1.24591
-0.466285
-1.21604
-0.439248
-1.18584
-0.411711
-1.15501
-0.383105
-1.12328
-0.352718
-1.09055
-0.319704
-1.05698
-0.282973
-1.02288
-0.241499
-0.98807
-0.194967
-0.960418
-0.925036
-1.52182
8.64984
-0.869253
8.54228
3.99454
-2.50342
8.21374
-10.1371
7.75811
-11.9282
7.58755
-13.4508
7.37922
-14.6191
7.07991
-15.6528
6.73281
-16.5032
6.10688
-16.8079
5.27269
-17.1165
2.98232
-14.3349
2.15946
-11.3183
1.3432
-8.86298
0.615463
-7.02709
0.00620633
-5.57002
-0.486788
-4.42766
-0.822631
-3.57425
-0.93408
-2.95623
-0.888992
-2.40665
-0.844404
-2.08762
-0.869866
-2.05322
-0.914365
-2.08891
-0.918919
-2.13895
-0.893691
-2.14696
-0.892827
-2.12184
-0.893327
-2.11248
-0.890257
-2.10166
-0.890854
-2.08133
-0.890868
-2.05963
-0.89038
-2.03266
-0.888417
-2.00137
-0.884255
-1.96566
-0.877379
-1.92595
-0.867426
-1.88284
-0.854187
-1.83713
-0.837659
-1.78961
-0.818017
-1.74126
-0.795595
-1.69288
-0.770819
-1.6453
-0.744177
-1.59911
-0.71617
-1.55484
-0.687268
-1.5128
-0.657897
-1.47312
-0.628416
-1.43575
-0.599082
-1.4005
-0.570087
-1.36705
-0.541501
-1.33505
-0.51331
-1.3041
-0.485397
-1.27383
-0.457556
-1.24388
-0.429472
-1.21392
-0.40075
-1.18374
-0.370889
-1.15315
-0.339287
-1.12215
-0.30527
-1.091
-0.268034
-1.06012
-0.226886
-1.02922
-0.181892
-1.00542
-0.975419
-3.90152
12.5514
3.4131
1.22775
8.02739
-7.11773
8.07499
-10.1847
8.08424
-11.9375
7.92119
-13.2878
7.63825
-14.3361
7.29444
-15.309
6.92056
-16.1293
6.85359
-16.7409
6.00052
-16.2635
3.82428
-12.1587
2.27437
-9.76837
1.24326
-7.83187
0.452629
-6.23646
-0.176165
-4.94122
-0.676892
-3.92693
-1.01721
-3.23394
-1.09893
-2.87451
-1.00952
-2.49607
-0.923774
-2.17336
-0.897218
-2.07978
-0.914915
-2.07122
-0.927892
-2.12598
-0.904508
-2.17035
-0.894093
-2.13225
-0.89336
-2.11322
-0.887562
-2.10746
-0.884827
-2.08406
-0.882266
-2.06218
-0.879256
-2.03567
-0.87528
-2.00534
-0.869604
-1.97133
-0.861708
-1.93385
-0.851194
-1.89336
-0.837872
-1.85045
-0.821664
-1.80582
-0.802704
-1.76021
-0.781204
-1.71438
-0.757504
-1.66899
-0.731986
-1.62462
-0.705093
-1.58172
-0.677211
-1.54067
-0.64872
-1.50161
-0.619935
-1.46454
-0.591076
-1.42936
-0.562322
-1.3958
-0.533733
-1.36364
-0.505296
-1.33255
-0.476928
-1.3022
-0.448439
-1.27237
-0.41956
-1.24281
-0.389944
-1.21336
-0.359174
-1.18392
-0.326754
-1.15458
-0.292153
-1.12561
-0.254809
-1.09747
-0.214254
-1.06978
-0.170719
-1.04896
-1.023
0.260461
12.2909
6.89066
-5.4024
8.44683
-8.67391
8.55597
-10.2939
8.50676
-11.8883
8.26101
-13.042
7.86646
-13.9416
7.47112
-14.9137
6.79281
-15.451
5.77222
-15.7203
3.68797
-14.1792
2.70088
-11.1716
1.74409
-8.81157
0.918572
-7.00634
0.224721
-5.54261
-0.352661
-4.36384
-0.826059
-3.45353
-1.16277
-2.89723
-1.26387
-2.7734
-1.19043
-2.56951
-1.07063
-2.29316
-0.984535
-2.16588
-0.936664
-2.11909
-0.925431
-2.13721
-0.913868
-2.18191
-0.897155
-2.14896
-0.889489
-2.12088
-0.882583
-2.11436
-0.876773
-2.08987
-0.871855
-2.06709
-0.866861
-2.04066
-0.861123
-2.01108
-0.854112
-1.97835
-0.845314
-1.94265
-0.834371
-1.9043
-0.82106
-1.86377
-0.805229
-1.82165
-0.786922
-1.77852
-0.766282
-1.73501
-0.743572
-1.6917
-0.719108
-1.64908
-0.693208
-1.60762
-0.666268
-1.56761
-0.638585
-1.52929
-0.610444
-1.49268
-0.582063
-1.45774
-0.553572
-1.4243
-0.525061
-1.39215
-0.496511
-1.3611
-0.467835
-1.33088
-0.438885
-1.30133
-0.409434
-1.27226
-0.379198
-1.2436
-0.34782
-1.2153
-0.314927
-1.18748
-0.280089
-1.16045
-0.242926
-1.13463
-0.203122
-1.10959
-0.160976
-1.09111
-1.06821
7.5683
4.72261
9.12555
-6.95964
9.04235
-8.59071
9.09719
-10.3487
8.92
-11.7111
8.53098
-12.653
8.12735
-13.5379
7.72014
-14.5065
7.33492
-15.0658
6.86515
-15.2505
4.51914
-11.8332
2.83618
-9.48858
1.64853
-7.62392
0.743606
-6.10142
0.0513846
-4.85038
-0.481483
-3.83097
-0.891291
-3.04372
-1.17739
-2.61112
-1.32229
-2.6285
-1.31336
-2.57843
-1.20132
-2.4052
-1.08842
-2.27877
-0.983999
-2.22351
-0.926014
-2.19519
-0.916661
-2.19126
-0.904117
-2.16151
-0.886488
-2.13851
-0.878125
-2.12272
-0.86964
-2.09835
-0.861834
-2.0749
-0.854512
-2.04798
-0.846728
-2.01886
-0.838121
-1.98696
-0.828192
-1.95258
-0.816588
-1.91591
-0.803038
-1.87732
-0.787414
-1.83728
-0.769659
-1.79627
-0.749834
-1.75484
-0.728094
-1.71343
-0.704654
-1.67252
-0.6798
-1.63247
-0.653804
-1.59361
-0.626984
-1.55611
-0.59956
-1.5201
-0.571738
-1.48556
-0.543628
-1.45241
-0.515316
-1.42047
-0.486793
-1.38963
-0.45799
-1.35969
-0.428799
-1.33052
-0.399006
-1.30206
-0.368411
-1.2742
-0.336715
-1.247
-0.303619
-1.22057
-0.268825
-1.19525
-0.23207
-1.17139
-0.193114
-1.14855
-0.152341
-1.13188
-1.11134
9.96375
-5.24114
9.79985
-6.79575
9.85412
-8.64498
9.74903
-10.2436
9.33043
-11.2925
8.80405
-12.1266
8.35074
-13.0846
7.73656
-13.8923
6.78831
-14.1175
4.9703
-13.4325
3.44392
-10.3068
2.24453
-8.28919
1.26572
-6.64509
0.466598
-5.3023
-0.15265
-4.23113
-0.597498
-3.38612
-0.879432
-2.76178
-1.02558
-2.46496
-1.17752
-2.47655
-1.25296
-2.50299
-1.20322
-2.45495
-1.1167
-2.36529
-1.02085
-2.31936
-0.945988
-2.27005
-0.922817
-2.21443
-0.913766
-2.17055
-0.892615
-2.15966
-0.880635
-2.1347
-0.868818
-2.11017
-0.85819
-2.08552
-0.847936
-2.05823
-0.837662
-2.02914
-0.826783
-1.99784
-0.814982
-1.96439
-0.801903
-1.92899
-0.787324
-1.8919
-0.771074
-1.85352
-0.753094
-1.81425
-0.733413
-1.77451
-0.712097
-1.73474
-0.689288
-1.69532
-0.665166
-1.65659
-0.639953
-1.61882
-0.613866
-1.5822
-0.587111
-1.54686
-0.559856
-1.51282
-0.532215
-1.48006
-0.504224
-1.44846
-0.475905
-1.41795
-0.447181
-1.38842
-0.417956
-1.35975
-0.388094
-1.33193
-0.357391
-1.3049
-0.325651
-1.27875
-0.292638
-1.25359
-0.258117
-1.22977
-0.221957
-1.20755
-0.183924
-1.18659
-0.144553
-1.17126
-1.1526
1.77142
0.0604886
1.77058
0.245064
1.80942
0.377758
1.82096
0.556147
1.89157
0.693472
1.93191
0.90987
2.00793
1.09162
2.09596
1.31294
2.17171
1.57232
2.28588
1.8045
2.39225
2.0976
2.5125
2.37238
2.68922
2.67175
2.76769
3.10707
3.03186
3.36335
3.09752
4.11071
3.34873
4.35926
3.42963
5.61013
4.29121
5.44257
9.38134
3.25699
1.78217
0.0330671
1.766
0.261238
1.81268
0.331075
1.832
0.536833
1.89676
0.628711
1.95854
0.848087
2.04909
1.00108
2.12784
1.2342
2.27551
1.42465
2.3517
1.72831
2.56237
1.88693
2.64651
2.28825
2.9254
2.39287
3.08226
2.95021
3.41276
3.03285
3.68197
3.8415
4.34537
3.69586
4.46647
5.48902
6.25996
3.64908
7.55524
8.08606
1.77782
0.00999988
1.75648
0.282578
1.82385
0.2637
1.80926
0.551422
1.92852
0.509455
1.93168
0.844925
2.11244
0.820316
2.12414
1.2225
2.34602
1.20277
2.41652
1.6578
2.6718
1.63165
2.82336
2.13669
3.11998
2.09625
3.34979
2.7204
3.85762
2.52502
4.0514
3.64771
5.09367
2.6536
5.51064
5.07205
6.30264
2.85709
5.27503
8.58285
1.80674
-0.0419912
1.74281
0.346508
1.85284
0.153675
1.78098
0.62328
1.94154
0.348901
1.92001
0.866454
2.08422
0.656098
2.13647
1.17025
2.32107
1.01817
2.43591
1.54296
2.68689
1.38067
2.85034
1.97324
3.27783
1.66877
3.41867
2.57955
4.11831
1.82538
4.32943
3.43659
5.06849
1.91453
6.11265
4.02789
6.27768
2.69206
3.62847
7.92423
1.81314
-0.100381
1.76842
0.391232
1.8746
0.0474974
1.87435
0.623531
2.00876
0.214488
2.0456
0.829609
2.21922
0.48248
2.24429
1.14519
2.47993
0.782528
2.52589
1.49701
2.87786
1.0287
2.89965
1.95144
3.42242
1.146
3.52911
2.47287
4.08466
1.26983
4.63
2.89125
4.89174
1.65279
5.97249
2.94714
6.27611
2.38844
2.55264
7.35194
1.74739
-0.0930211
1.76446
0.37416
1.863
-0.0510402
1.86389
0.622647
2.05663
0.0217406
2.01439
0.87185
2.31341
0.183461
2.27461
1.18399
2.5801
0.477041
2.56115
1.51596
2.98317
0.606681
3.01934
1.91527
3.42795
0.737389
3.73096
2.16986
3.94339
1.0574
4.62353
2.21112
4.78272
1.4936
5.64034
2.08953
6.12985
1.89893
1.78694
6.89554
1.70039
-0.038655
1.72567
0.348879
1.85617
-0.181539
1.72748
0.751331
2.02999
-0.28077
1.89471
1.00713
2.17934
-0.101163
2.16181
1.20151
2.42889
0.209966
2.50323
1.44162
2.79984
0.310068
3.05823
1.65688
3.22378
0.571835
3.72585
1.66779
3.83152
0.951727
4.44246
1.60018
4.67219
1.26387
5.31695
1.44476
5.83633
1.37955
1.21254
6.41072
1.74133
-0.0252335
1.74575
0.344464
1.8353
-0.27109
1.73997
0.846654
1.92027
-0.461067
1.92245
1.00495
2.02357
-0.202289
2.16841
1.05668
2.28745
0.0909274
2.56347
1.16559
2.61573
0.257812
2.99478
1.27783
3.04703
0.519579
3.53797
1.17685
3.67401
0.815686
4.16037
1.11382
4.4435
0.980743
4.93288
0.95538
5.41654
0.895894
0.737098
5.89198
1.78439
-0.0548667
1.81657
0.312276
1.77581
-0.230325
1.95579
0.666676
1.84246
-0.347745
2.07721
0.770201
1.98993
-0.115009
2.24552
0.801096
2.23221
0.10424
2.53985
0.857955
2.51596
0.281698
2.89532
0.898477
2.95031
0.464582
3.34754
0.779621
3.53753
0.625697
3.94
0.711349
4.26198
0.658756
4.64561
0.57175
5.07023
0.471273
0.315934
5.4914
1.77072
-0.0708334
1.84223
0.240762
1.73931
-0.127401
2.0191
0.386884
1.80443
-0.133069
2.08781
0.486821
1.96051
0.0122871
2.2305
0.531109
2.18503
0.149709
2.48672
0.556261
2.50003
0.268388
2.85366
0.544845
2.96341
0.354835
3.29269
0.450337
3.52313
0.395256
3.85691
0.377569
4.19167
0.323997
4.53122
0.232202
4.89343
0.109059
-0.053152
5.26252
1.71878
-0.0348605
1.80622
0.153317
1.68412
-0.00530098
1.85317
0.217843
1.71597
0.00412162
1.93369
0.269104
1.87466
0.0713159
2.11351
0.292258
2.13267
0.13055
2.40462
0.284313
2.50161
0.171398
2.79627
0.250186
2.97485
0.176253
3.25094
0.174251
3.5146
0.131597
3.81141
0.0807615
4.12766
0.00773889
4.44392
-0.0840501
4.76543
-0.212459
-0.374444
5.08673
1.69136
0.028531
1.70001
0.144669
1.60114
0.0935701
1.68193
0.137056
1.63879
0.0472532
1.784
0.123901
1.8111
0.0442174
2.00063
0.102719
2.09921
0.0319738
2.3222
0.0613195
2.4847
0.00889912
2.72745
0.00744087
2.94758
-0.0438744
3.20342
-0.0815969
3.47045
-0.135427
3.75431
-0.203106
4.0479
-0.285847
4.35051
-0.386656
4.65361
-0.515562
-0.665036
4.9442
1.24057
0.0591243
1.31792
0.0673276
1.38249
0.028996
1.50896
0.0105874
1.57071
-0.0144961
1.69001
0.00459671
1.76886
-0.0346333
1.90252
-0.0309406
2.03952
-0.105027
2.22254
-0.121693
2.41484
-0.183405
2.64203
-0.219746
2.88512
-0.286967
3.15434
-0.350822
3.45197
-0.433054
3.78097
-0.532106
4.14101
-0.645883
4.53048
-0.776127
4.96573
-0.950812
-1.20584
5.50653
0.867928
-0.779583
1.18535
-0.250092
1.40816
-0.193817
1.60495
-0.186201
1.66371
-0.073254
1.80298
-0.134681
1.89427
-0.125915
1.95994
-0.0966131
2.07331
-0.218397
2.2514
-0.299789
2.4568
-0.388805
2.68701
-0.449952
2.94076
-0.540718
3.22066
-0.63072
3.53215
-0.744548
3.87265
-0.872602
4.24046
-1.0137
4.609
-1.14467
4.83152
-1.17333
-0.929605
4.55529
0.521512
-1.3011
0.961508
-0.690089
1.22594
-0.458249
1.36172
-0.321979
1.44547
-0.157011
1.45647
-0.145684
1.43817
-0.107614
1.45022
-0.108658
1.47489
-0.243076
1.53781
-0.362707
1.61469
-0.465692
1.71558
-0.550838
1.82492
-0.650063
1.94735
-0.753151
2.07984
-0.877044
2.2205
-1.01326
2.36731
-1.16052
2.51875
-1.29611
2.67109
-1.32567
-1.09068
2.83216
-0.0786737
-1.22242
0.129545
-0.898309
0.349412
-0.678117
0.522793
-0.495361
0.711061
-0.34528
0.840674
-0.275299
0.962702
-0.229644
1.09348
-0.239433
1.16716
-0.316763
1.21754
-0.413093
1.26113
-0.509279
1.30885
-0.598559
1.34964
-0.690856
1.38282
-0.786334
1.3944
-0.888629
1.37551
-0.994362
1.31374
-1.09875
1.2054
-1.18777
1.10401
-1.22428
-1.14798
1.16131
-0.195724
-1.0267
-0.177732
-0.916302
-0.080068
-0.775783
0.0556969
-0.631127
0.210425
-0.500009
0.355209
-0.420084
0.503712
-0.378148
0.645068
-0.380791
0.753612
-0.42531
0.831296
-0.490778
0.886049
-0.564034
0.926429
-0.638942
0.952752
-0.717181
0.964606
-0.79819
0.957872
-0.881897
0.928517
-0.965009
0.872334
-1.04257
0.789485
-1.10493
0.697858
-1.13266
-1.10243
0.652301
-0.130544
-0.896156
-0.161824
-0.885023
-0.137552
-0.800055
-0.0660748
-0.702606
0.0414889
-0.607574
0.162393
-0.54099
0.287012
-0.502768
0.40289
-0.49667
0.496739
-0.519161
0.56688
-0.560921
0.616526
-0.613682
0.649669
-0.672086
0.666835
-0.734349
0.66731
-0.798666
0.648561
-0.86315
0.608256
-0.924706
0.545176
-0.979489
0.462802
-1.02256
0.377464
-1.04732
-1.04827
0.323303
-0.0829419
-0.813215
-0.126572
-0.841394
-0.130062
-0.796567
-0.0943501
-0.738318
-0.028792
-0.673133
0.0534879
-0.623271
0.142908
-0.592189
0.229348
-0.583112
0.30419
-0.594004
0.363667
-0.6204
0.407364
-0.65738
0.436257
-0.70098
0.450629
-0.748722
0.450359
-0.798398
0.435006
-0.847798
0.404709
-0.89441
0.360936
-0.935717
0.307796
-0.969416
0.254316
-0.993841
-1.01028
0.216332
-0.0475037
-0.765711
-0.0848789
-0.804019
-0.0961892
-0.785257
-0.0823571
-0.752151
-0.0469733
-0.708518
0.00425788
-0.674503
0.0635151
-0.651447
0.123557
-0.643155
0.178089
-0.648538
0.223338
-0.66565
0.257631
-0.691675
0.280563
-0.723914
0.291971
-0.760131
0.291881
-0.798309
0.280651
-0.836569
0.259505
-0.873265
0.231117
-0.90733
0.200363
-0.938663
0.174965
-0.968444
-0.998822
0.163501
-0.0190939
-0.746618
-0.0518297
-0.771284
-0.0616464
-0.775441
-0.0615701
-0.752227
-0.0449442
-0.725144
-0.0162943
-0.703154
0.0197252
-0.687468
0.0582046
-0.681635
0.0945568
-0.684891
0.12571
-0.696804
0.149813
-0.715779
0.166042
-0.740144
0.174219
-0.76831
0.174802
-0.798892
0.169056
-0.830823
0.159366
-0.863576
0.149398
-0.897363
0.143539
-0.932804
0.144792
-0.969699
-1.0064
0.152368
0.00276647
-0.749385
-0.0281825
-0.740335
-0.0328518
-0.770772
-0.0413767
-0.743703
-0.0346118
-0.73191
-0.0211278
-0.716638
-0.00127922
-0.707317
0.0207419
-0.703657
0.0424369
-0.706587
0.0615471
-0.715915
0.0767268
-0.73096
0.0874541
-0.750872
0.0939597
-0.774816
0.0972167
-0.80215
0.0989021
-0.832509
0.101093
-0.865767
0.10526
-0.901531
0.110654
-0.938198
0.114214
-0.97326
-1.00512
0.112938
0.00780438
-0.757189
-0.0138563
-0.718675
-0.0143631
-0.770266
-0.0239528
-0.734114
-0.0205723
-0.735291
-0.0159377
-0.721273
-0.00654324
-0.716712
0.00391663
-0.714118
0.0148066
-0.717477
0.0248129
-0.725922
0.0334063
-0.739554
0.0405475
-0.758013
0.0466394
-0.780909
0.0522877
-0.807798
0.0579067
-0.838129
0.0631689
-0.87103
0.0662444
-0.904606
0.0645892
-0.936543
0.0581732
-0.966844
-0.997299
0.0503483
-0.00269124
-0.00181001
-0.00485356
-0.00633895
-0.00498034
-0.00382472
-0.00119
0.00151321
0.00459712
0.00767776
0.0107115
0.0136515
0.0164198
0.0187847
0.020261
0.0201197
0.0181538
0.0156336
0.014459
0.0155901
-1.88087
5.13785
-3.52962
1.64876
-4.41684
0.887215
-4.18028
-0.236564
-3.56608
-0.614199
-2.65357
-0.912508
-1.41556
-1.23801
-0.314886
-1.10067
1.25993
-1.57481
2.85509
-1.59516
4.12854
-1.27345
5.9523
-1.82375
7.42845
-1.47615
9.70255
-2.27411
-2.46066
12.1632
7.04397
6.17994
4.22653
4.4662
2.78058
2.33316
2.05227
0.491748
2.05206
-0.613992
2.54589
-1.40634
3.34115
-2.03326
4.46657
-2.22609
5.47151
-2.57976
6.56446
-2.68811
7.90291
-2.6119
8.97636
-2.89721
10.4575
-2.95733
11.6553
-3.47182
-3.78629
12.9809
9.39026
5.37253
9.76351
4.09295
9.55621
2.54046
9.03485
1.0131
8.73584
-0.314982
8.72617
-1.39666
8.85467
-2.16177
9.25826
-2.62967
9.64061
-2.96212
10.1338
-3.18127
10.8182
-3.29633
11.358
-3.43696
12.0464
-3.64581
12.5154
-3.94078
-4.33538
13.0645
9.35903
3.93773
10.3253
3.12665
10.7725
2.09333
10.8911
0.894459
10.9106
-0.334431
10.8376
-1.32372
10.7849
-2.10904
10.7838
-2.62862
10.8355
-3.01384
10.9073
-3.253
11.0704
-3.45943
11.2494
-3.61598
11.4548
-3.8512
11.642
-4.12802
-4.53223
11.8389
8.53849
2.75118
9.45835
2.20679
10.1415
1.41018
10.5375
0.498503
10.645
-0.441964
10.6049
-1.2836
10.5012
-2.00536
10.3941
-2.52155
10.3257
-2.9454
10.2995
-3.22685
10.3585
-3.51843
10.4822
-3.73964
10.6867
-4.05566
10.9074
-4.34875
-4.77641
11.1516
7.79099
1.85573
8.56314
1.43464
9.17132
0.801996
9.57695
0.0928774
9.78549
-0.650511
9.84145
-1.33956
9.82511
-1.98902
9.78805
-2.48448
9.77821
-2.93555
9.8152
-3.26385
9.92998
-3.63321
10.0974
-3.90709
10.3357
-4.29395
10.5865
-4.59957
-5.03208
10.8422
7.12704
1.13942
7.7674
0.79428
8.27929
0.290109
8.64981
-0.277642
8.88808
-0.888788
9.02143
-1.47291
9.08666
-2.05425
9.13054
-2.52835
9.21216
-3.01718
9.33036
-3.38205
9.53435
-3.8372
9.7824
-4.15515
10.0636
-4.57511
10.3358
-4.8718
-5.70611
11.0098
6.44736
0.584044
6.98314
0.258498
7.42963
-0.156384
7.79056
-0.638569
8.05654
-1.15476
8.26799
-1.68436
8.43486
-2.22112
8.58544
-2.67894
8.8007
-3.23243
9.04632
-3.62767
9.32498
-4.11586
9.624
-4.45417
10.3099
-5.26098
10.8159
-5.37781
-5.58333
10.6931
5.9589
0.116541
6.41025
-0.192853
6.81678
-0.562911
7.18372
-1.00551
7.47828
-1.44932
7.75597
-1.96204
8.02401
-2.48916
8.2915
-2.94644
8.57666
-3.51759
8.94137
-3.99238
9.69224
-4.86673
10.0764
-4.83838
9.98857
-5.17311
9.20694
-4.59618
-4.35679
7.98039
5.66016
-0.281095
6.04636
-0.579053
6.42812
-0.944679
6.80266
-1.38005
7.13286
-1.77952
7.47219
-2.30137
7.77132
-2.78829
8.28285
-3.45797
9.16227
-4.39701
9.30309
-4.1332
9.23337
-4.79701
8.54097
-4.14598
7.35839
-3.99053
6.1912
-3.42899
-3.03676
4.87116
5.44077
-0.635143
5.80811
-0.946392
6.19613
-1.33269
6.56045
-1.74437
6.98964
-2.2087
7.65193
-2.96367
8.49069
-3.62705
8.55379
-3.52107
8.24391
-4.08713
7.60462
-3.49391
6.46274
-3.65513
5.43447
-3.11771
4.21554
-2.7716
3.27291
-2.48636
-2.32047
2.55662
5.29696
-0.987903
5.77019
-1.41962
6.39935
-1.96186
7.27975
-2.62477
7.36711
-2.29606
7.80809
-3.40466
7.091
-2.90996
6.38331
-2.81338
5.43525
-3.13906
4.65131
-2.70997
3.491
-2.49482
2.67741
-2.30413
2.07908
-2.17327
1.62231
-2.0296
-1.92142
1.22326
5.60038
-1.08175
6.12498
-1.94423
6.55221
-2.38908
5.97446
-2.04702
5.5751
-1.8967
4.90359
-2.73315
4.44469
-2.45106
3.76114
-2.12982
2.76753
-2.14546
2.1465
-2.08894
1.67142
-2.01973
1.29261
-1.92532
0.95451
-1.83517
0.684064
-1.75916
-1.71153
0.474171
4.39896
-0.925423
4.11976
-1.66503
3.88595
-2.15527
3.74811
-1.90918
3.46123
-1.60982
2.56016
-1.83208
1.99079
-1.88169
1.67951
-1.81853
1.35254
-1.81849
1.04518
-1.78158
0.758786
-1.73334
0.523622
-1.69016
0.351362
-1.66292
0.245538
-1.65333
-1.65901
0.19302
2.88869
-0.98195
2.47981
-1.25615
1.88704
-1.5625
1.58926
-1.6114
1.50993
-1.53049
1.29276
-1.61491
1.04541
-1.63433
0.822971
-1.5961
0.596974
-1.59249
0.407696
-1.5923
0.272836
-1.59848
0.194106
-1.61143
0.160571
-1.62938
0.154313
-1.64708
-1.65839
0.153687
1.31529
-1.13593
1.29938
-1.24024
1.12695
-1.39007
0.937511
-1.42196
0.8008
-1.39378
0.616514
-1.43063
0.440714
-1.45853
0.319059
-1.47444
0.232764
-1.50619
0.182426
-1.54196
0.158415
-1.57447
0.146159
-1.59918
0.130882
-1.61411
0.10639
-1.62259
-1.63272
0.0807209
0.685109
-1.16874
0.643981
-1.19911
0.517733
-1.26382
0.397876
-1.3021
0.326883
-1.32279
0.263219
-1.36696
0.21688
-1.41219
0.196441
-1.454
0.183524
-1.49328
0.167516
-1.52595
0.142606
-1.54956
0.114055
-1.57063
0.0935123
-1.59356
0.0882592
-1.61734
-1.63741
0.0929394
0.31127
-1.15671
0.293602
-1.18144
0.257852
-1.22807
0.226921
-1.27117
0.21685
-1.31271
0.210938
-1.36105
0.204859
-1.40611
0.19334
-1.44248
0.175898
-1.47583
0.158666
-1.50872
0.150099
-1.54099
0.147543
-1.56807
0.143086
-1.58911
0.128456
-1.60271
-1.61146
0.102505
0.202357
-1.14273
0.199233
-1.17832
0.196757
-1.2256
0.199282
-1.2737
0.205614
-1.31905
0.205298
-1.36073
0.200184
-1.401
0.197035
-1.43933
0.19332
-1.47212
0.185562
-1.50096
0.16852
-1.52395
0.142846
-1.5424
0.11611
-1.56237
0.100125
-1.58672
-1.60983
0.0985008
0.168971
-1.1482
0.183113
-1.19246
0.195795
-1.23828
0.20322
-1.28112
0.203655
-1.31948
0.198002
-1.35508
0.18678
-1.38977
0.169304
-1.42185
0.148398
-1.45121
0.127479
-1.48004
0.1148
-1.51127
0.113237
-1.54083
0.11469
-1.56382
0.108192
-1.58022
-1.59491
0.0932734
0.162446
-1.15828
0.166037
-1.19605
0.15927
-1.23152
0.146574
-1.26843
0.133712
-1.30662
0.122045
-1.34341
0.110681
-1.37841
0.102893
-1.41407
0.101503
-1.44982
0.102266
-1.4808
0.0961364
-1.50513
0.082658
-1.52735
0.0690379
-1.5502
0.0614948
-1.57268
-1.59215
0.0587322
0.105604
-1.15095
0.0962328
-1.18668
0.0885266
-1.22381
0.0826144
-1.26252
0.0780923
-1.3021
0.0765852
-1.34191
0.0766559
-1.37848
0.0724913
-1.4099
0.0624133
-1.43974
0.0521988
-1.47058
0.0474195
-1.50035
0.046404
-1.52633
0.0447538
-1.54855
0.0409579
-1.56888
-1.58803
0.0368365
0.0446771
-1.14528
0.0442291
-1.18623
0.0483843
-1.22797
0.0526844
-1.26682
0.0517876
-1.3012
0.0446226
-1.33474
0.0374542
-1.37131
0.0360187
-1.40846
0.0397502
-1.44347
0.0414995
-1.47233
0.0392485
-1.4981
0.0356484
-1.52273
0.0327434
-1.54564
0.0298436
-1.56598
-1.58449
0.0263025
0.0186376
0.0212321
0.0223253
0.0236471
0.0258138
0.0263839
0.023221
0.0193108
0.0170387
0.0167523
0.0160482
0.014035
0.011996
0.0110616
0.0109246
12.4727
-5.55062
13.317
-7.64009
13.749
-9.07691
13.5816
-10.0762
13.1904
-10.9013
12.8847
-11.8208
12.7952
-12.9951
13.4765
-14.5736
11.3004
-11.9414
8.09522
-10.2273
5.85055
-8.06214
3.98743
-6.42607
2.55473
-5.21239
1.4763
-4.22386
0.684011
-3.43884
0.156588
-2.85869
-0.0854701
-2.51971
-0.131705
-2.41872
-0.208672
-2.39958
-0.3096
-2.40206
-0.362386
-2.40216
-0.367906
-2.35976
-0.371153
-2.3161
-0.377629
-2.26357
-0.380073
-2.21198
-0.377281
-2.17334
-0.379519
-2.15742
-0.385199
-2.12902
-0.390815
-2.10455
-0.398569
-2.07777
-0.406203
-2.0506
-0.414
-2.02135
-0.421252
-1.99059
-0.42763
-1.95802
-0.432763
-1.92386
-0.436391
-1.88827
-0.438323
-1.85159
-0.438438
-1.81413
-0.436685
-1.77626
-0.43308
-1.73835
-0.427689
-1.70071
-0.420622
-1.66366
-0.41201
-1.62743
-0.402029
-1.59219
-0.390844
-1.55805
-0.378617
-1.52505
-0.365437
-1.49324
-0.351375
-1.46253
-0.336485
-1.43284
-0.320706
-1.4042
-0.303983
-1.37648
-0.28623
-1.34968
-0.267306
-1.32383
-0.247076
-1.29898
-0.225341
-1.27533
-0.202084
-1.25303
-0.177058
-1.23258
-0.15039
-1.21326
-0.122308
-1.19934
-1.1822
13.5684
-6.13818
13.6755
-7.74712
13.3812
-8.78264
12.9182
-9.61321
12.6156
-10.5987
12.5488
-11.7541
12.9186
-13.3649
10.233
-11.888
7.69102
-9.39949
5.2966
-7.83286
3.68172
-6.44725
2.43743
-5.18177
1.43457
-4.20952
0.671486
-3.46077
0.141172
-2.90851
-0.151208
-2.5663
-0.217418
-2.4535
-0.192748
-2.44339
-0.179587
-2.41274
-0.185228
-2.39642
-0.215759
-2.37163
-0.244147
-2.33137
-0.287363
-2.27288
-0.337505
-2.21343
-0.358852
-2.19063
-0.35167
-2.18053
-0.358622
-2.15047
-0.365935
-2.12171
-0.372578
-2.09791
-0.380023
-2.07033
-0.387552
-2.04308
-0.394813
-2.01409
-0.401548
-1.98386
-0.407385
-1.95218
-0.412036
-1.91921
-0.41526
-1.88504
-0.416879
-1.84997
-0.4168
-1.81421
-0.414951
-1.77811
-0.411376
-1.74192
-0.406122
-1.70597
-0.399313
-1.67047
-0.391064
-1.63569
-0.38151
-1.60174
-0.370799
-1.56876
-0.359037
-1.53682
-0.346338
-1.50594
-0.332739
-1.47613
-0.318275
-1.44731
-0.302959
-1.41952
-0.286707
-1.39273
-0.269479
-1.36691
-0.251155
-1.34216
-0.231628
-1.31851
-0.210822
-1.29614
-0.188645
-1.27521
-0.165021
-1.25621
-0.140048
-1.23823
-0.113917
-1.22548
-1.20968
13.1977
-6.27134
12.8027
-7.35221
12.4017
-8.38156
12.213
-9.42457
12.3749
-10.7606
12.9899
-12.3691
10.4296
-10.8045
7.86744
-9.32592
5.83542
-7.36747
4.04734
-6.04477
2.62472
-5.02463
1.56718
-4.12422
0.779078
-3.42141
0.234064
-2.91575
-0.0745755
-2.59987
-0.169691
-2.47117
-0.171246
-2.45194
-0.189161
-2.42547
-0.208664
-2.39324
-0.237536
-2.36754
-0.277128
-2.33203
-0.31527
-2.29323
-0.339851
-2.2483
-0.335471
-2.21781
-0.327023
-2.19908
-0.334078
-2.17347
-0.341663
-2.14288
-0.345494
-2.11788
-0.352493
-2.09091
-0.358571
-2.06426
-0.365217
-2.03644
-0.371517
-2.0078
-0.377392
-1.97799
-0.382499
-1.94707
-0.386646
-1.91506
-0.389578
-1.88211
-0.391151
-1.84839
-0.391246
-1.81411
-0.389785
-1.77957
-0.386758
-1.74495
-0.382193
-1.71054
-0.376145
-1.67652
-0.368711
-1.64313
-0.360024
-1.61044
-0.350146
-1.57865
-0.339217
-1.54775
-0.327294
-1.51787
-0.314459
-1.48897
-0.300694
-1.46108
-0.286038
-1.43418
-0.270451
-1.40832
-0.253877
-1.38349
-0.236278
-1.35976
-0.21755
-1.33724
-0.197654
-1.31604
-0.176548
-1.29632
-0.154209
-1.27855
-0.130694
-1.26175
-0.106245
-1.24993
-1.23526
11.9096
-6.34211
11.8528
-7.29538
11.8723
-8.4011
12.3125
-9.86474
12.9673
-11.4154
10.6088
-10.0105
8.30325
-8.49902
5.8941
-6.91678
4.14842
-5.62177
2.76127
-4.65763
1.65879
-3.92214
0.85257
-3.318
0.301258
-2.87009
-0.0197761
-2.59471
-0.150484
-2.46915
-0.198363
-2.42329
-0.245577
-2.40472
-0.267691
-2.40335
-0.264117
-2.39681
-0.280163
-2.35149
-0.314609
-2.29758
-0.340011
-2.26782
-0.340079
-2.24823
-0.322037
-2.23585
-0.314758
-2.20636
-0.324812
-2.16342
-0.328854
-2.13884
-0.333811
-2.11292
-0.339658
-2.08507
-0.345351
-2.05857
-0.350947
-2.03085
-0.356209
-2.00254
-0.360957
-1.97325
-0.364962
-1.94307
-0.368071
-1.91195
-0.370097
-1.88008
-0.370923
-1.84756
-0.370464
-1.81457
-0.368656
-1.78138
-0.365491
-1.74812
-0.360978
-1.71505
-0.355146
-1.68236
-0.348092
-1.65018
-0.339852
-1.61868
-0.330533
-1.58797
-0.32018
-1.55811
-0.308877
-1.52918
-0.296653
-1.5012
-0.283537
-1.4742
-0.269522
-1.4482
-0.254608
-1.42324
-0.238743
-1.39936
-0.221893
-1.37661
-0.204013
-1.35512
-0.185082
-1.33497
-0.165078
-1.31633
-0.143999
-1.29963
-0.12191
-1.28384
-0.099034
-1.27281
-1.25909
11.3871
-6.57763
11.5654
-7.47372
12.3798
-9.21542
12.699
-10.184
10.5393
-9.25567
8.14202
-7.61327
5.80793
-6.16492
4.02711
-5.13596
2.69027
-4.28493
1.66451
-3.63187
0.882657
-3.14028
0.340334
-2.77567
0.0284375
-2.55819
-0.096255
-2.47001
-0.128944
-2.43646
-0.131245
-2.42099
-0.145842
-2.39012
-0.198411
-2.35078
-0.252649
-2.34257
-0.271686
-2.33246
-0.265032
-2.30423
-0.253384
-2.27947
-0.245634
-2.25599
-0.263761
-2.21772
-0.292601
-2.17752
-0.300071
-2.15595
-0.305553
-2.13336
-0.313632
-2.10484
-0.319068
-2.07964
-0.325018
-2.05262
-0.330416
-2.02545
-0.335466
-1.99749
-0.33996
-1.96875
-0.343711
-1.93932
-0.346604
-1.90906
-0.348478
-1.87821
-0.349246
-1.8468
-0.348796
-1.81502
-0.347111
-1.78307
-0.344151
-1.75108
-0.339939
-1.71927
-0.334506
-1.6878
-0.327904
-1.65679
-0.320187
-1.6264
-0.311429
-1.59673
-0.301671
-1.56787
-0.290981
-1.53987
-0.27939
-1.51279
-0.266919
-1.48667
-0.25357
-1.46155
-0.239342
-1.43747
-0.224213
-1.41449
-0.208161
-1.39267
-0.191159
-1.37213
-0.173198
-1.35293
-0.154283
-1.33524
-0.134433
-1.31948
-0.113699
-1.30458
-0.0922955
-1.29421
-1.28132
11.2332
-6.96858
12.2189
-8.45946
11.7177
-8.71418
10.0197
-8.486
7.50151
-6.73747
5.33023
-5.442
3.73589
-4.57058
2.49005
-3.89013
1.55
-3.34488
0.849528
-2.93139
0.357108
-2.64786
0.0695849
-2.48815
-0.0435551
-2.44505
-0.0848374
-2.42873
-0.108802
-2.4125
-0.128625
-2.40117
-0.149448
-2.3693
-0.151752
-2.34848
-0.172782
-2.32154
-0.207581
-2.29766
-0.224247
-2.28757
-0.239442
-2.26428
-0.265698
-2.22973
-0.286331
-2.19709
-0.286734
-2.17712
-0.286092
-2.15659
-0.293593
-2.12586
-0.297943
-2.10049
-0.303457
-2.07413
-0.308515
-2.04757
-0.313347
-2.02062
-0.317718
-1.99312
-0.321544
-1.96493
-0.324704
-1.93615
-0.327069
-1.90669
-0.328526
-1.87675
-0.328988
-1.84634
-0.32837
-1.81565
-0.326646
-1.7848
-0.323778
-1.75396
-0.319769
-1.72329
-0.31465
-1.69292
-0.308442
-1.66301
-0.301194
-1.63366
-0.29295
-1.60498
-0.28376
-1.57706
-0.273656
-1.54998
-0.262684
-1.52377
-0.250851
-1.49851
-0.238174
-1.47423
-0.224648
-1.451
-0.210269
-1.42887
-0.19502
-1.40792
-0.178899
-1.38825
-0.16191
-1.36993
-0.144066
-1.35309
-0.1254
-1.33815
-0.105957
-1.32402
-0.0859398
-1.31423
-1.30205
11.5707
-7.52948
10.0299
-6.9186
8.35383
-7.03816
6.02207
-6.15424
4.39254
-5.10794
3.15803
-4.20749
2.15647
-3.56902
1.35735
-3.09101
0.754856
-2.74239
0.339876
-2.51641
0.106631
-2.41462
0.0183982
-2.39992
-0.0273375
-2.39932
-0.0678526
-2.38822
-0.0922784
-2.38807
-0.126361
-2.36709
-0.151043
-2.34462
-0.161386
-2.33813
-0.168048
-2.31487
-0.176162
-2.28954
-0.199176
-2.26456
-0.228017
-2.23544
-0.247346
-2.2104
-0.250207
-2.19423
-0.253838
-2.17349
-0.267418
-2.14301
-0.274552
-2.11873
-0.280511
-2.09454
-0.28622
-2.06842
-0.291138
-2.04265
-0.295659
-2.0161
-0.299685
-1.98909
-0.303128
-1.96148
-0.305931
-1.93335
-0.307952
-1.90467
-0.309145
-1.87556
-0.309413
-1.84607
-0.308707
-1.81636
-0.306981
-1.78653
-0.304211
-1.75674
-0.300397
-1.72711
-0.295554
-1.69777
-0.289701
-1.66886
-0.282874
-1.64049
-0.27511
-1.61275
-0.266443
-1.58573
-0.256911
-1.55951
-0.246531
-1.53415
-0.235331
-1.50971
-0.223315
-1.48625
-0.210495
-1.46382
-0.19687
-1.4425
-0.182434
-1.42236
-0.167198
-1.40349
-0.151167
-1.38596
-0.134371
-1.36989
-0.116851
-1.35567
-0.098645
-1.34223
-0.0799379
-1.33294
-1.32138
9.63712
-6.4735
8.09226
-5.37373
5.88417
-4.83008
4.11573
-4.3858
2.83041
-3.82263
1.897
-3.27408
1.18214
-2.85417
0.650205
-2.55908
0.299237
-2.39142
0.119165
-2.33634
0.0625752
-2.35803
0.0273644
-2.36471
-0.0233842
-2.34857
-0.0492317
-2.36237
-0.0843098
-2.353
-0.123529
-2.32787
-0.142342
-2.32581
-0.171178
-2.3093
-0.198075
-2.28798
-0.213884
-2.27373
-0.228578
-2.24986
-0.23572
-2.2283
-0.234467
-2.21165
-0.238025
-2.19067
-0.249388
-2.16212
-0.254535
-2.13786
-0.258703
-2.11456
-0.264648
-2.08859
-0.269379
-2.06369
-0.274076
-2.03795
-0.278227
-2.01195
-0.281904
-1.98541
-0.284999
-1.95838
-0.287472
-1.93088
-0.289227
-1.90292
-0.290207
-1.87458
-0.290338
-1.84595
-0.289565
-1.81714
-0.287866
-1.78824
-0.285214
-1.7594
-0.281598
-1.73073
-0.277036
-1.70234
-0.271535
-1.67437
-0.265119
-1.64691
-0.257821
-1.62005
-0.249668
-1.59389
-0.240685
-1.5685
-0.230896
-1.54394
-0.220325
-1.52028
-0.208974
-1.4976
-0.196861
-1.47594
-0.183988
-1.45537
-0.170365
-1.43598
-0.156001
-1.41785
-0.140914
-1.40105
-0.125142
-1.38566
-0.108722
-1.37209
-0.0916958
-1.35926
-0.074232
-1.3504
-1.33939
6.21338
-4.70648
4.79188
-3.95223
3.52817
-3.56637
2.44114
-3.29876
1.58856
-2.97006
0.964171
-2.64969
0.523604
-2.4136
0.24745
-2.28293
0.120955
-2.26493
0.0853125
-2.30071
0.0440669
-2.31679
0.00329587
-2.32394
-0.0119668
-2.33331
-0.0457648
-2.32857
-0.0832917
-2.31547
-0.0995486
-2.31161
-0.122789
-2.30257
-0.147626
-2.28446
-0.159954
-2.27565
-0.175522
-2.25817
-0.185929
-2.23946
-0.191475
-2.22275
-0.202522
-2.20061
-0.218864
-2.17433
-0.228729
-2.15226
-0.235133
-2.13146
-0.242708
-2.10698
-0.248105
-2.08319
-0.253151
-2.05864
-0.257494
-2.03361
-0.261363
-2.00808
-0.264708
-1.98207
-0.267487
-1.95561
-0.269659
-1.9287
-0.27116
-1.90142
-0.271937
-1.87381
-0.271933
-1.84596
-0.271115
-1.81797
-0.269439
-1.78992
-0.26689
-1.76196
-0.263464
-1.73417
-0.259152
-1.70666
-0.253975
-1.67955
-0.247947
-1.65294
-0.24109
-1.62691
-0.233428
-1.60155
-0.224983
-1.57695
-0.215771
-1.55316
-0.205811
-1.53025
-0.195122
-1.50829
-0.183708
-1.48735
-0.171586
-1.4675
-0.158765
-1.4488
-0.145266
-1.43135
-0.131104
-1.41521
-0.116324
-1.40044
-0.100964
-1.38746
-0.0850672
-1.37516
-0.0687858
-1.36669
-1.35615
3.55873
-3.39405
2.64717
-3.04068
1.8856
-2.80481
1.22507
-2.63823
0.716676
-2.46167
0.378422
-2.31144
0.198718
-2.2339
0.143407
-2.22762
0.124673
-2.2462
0.0778011
-2.25384
0.0334834
-2.27248
0.00796287
-2.29842
-0.0232448
-2.30211
-0.0580331
-2.29379
-0.0784246
-2.29508
-0.0942741
-2.29576
-0.113208
-2.28363
-0.127096
-2.27057
-0.14563
-2.25712
-0.162408
-2.24139
-0.175179
-2.22668
-0.191246
-2.20668
-0.2064
-2.18545
-0.212399
-2.16832
-0.215603
-2.14905
-0.222293
-2.12477
-0.227539
-2.10174
-0.232439
-2.07829
-0.237013
-2.05407
-0.241071
-2.02955
-0.244644
-2.0045
-0.247708
-1.979
-0.250222
-1.95309
-0.252157
-1.92677
-0.253463
-1.90012
-0.254095
-1.87319
-0.254006
-1.84606
-0.253162
-1.81882
-0.251533
-1.79156
-0.249101
-1.76439
-0.245861
-1.73741
-0.241805
-1.71072
-0.236948
-1.68441
-0.231299
-1.65859
-0.224872
-1.63334
-0.217686
-1.60874
-0.209764
-1.58487
-0.201121
-1.5618
-0.191769
-1.5396
-0.181729
-1.51833
-0.17101
-1.49807
-0.15963
-1.47888
-0.1476
-1.46084
-0.134948
-1.44401
-0.121693
-1.42847
-0.107878
-1.41426
-0.093539
-1.4018
-0.0787228
-1.38997
-0.0635687
-1.38184
-1.37172
1.85306
-2.6905
1.30155
-2.48917
0.855506
-2.35877
0.497298
-2.28002
0.258706
-2.22308
0.150308
-2.20305
0.1409
-2.2245
0.148699
-2.23542
0.110967
-2.20847
0.0789788
-2.22185
0.0540296
-2.24753
0.00519151
-2.24959
-0.0292657
-2.26765
-0.0511189
-2.27194
-0.0724602
-2.27374
-0.0986448
-2.26958
-0.121674
-2.26061
-0.134759
-2.25749
-0.147054
-2.24483
-0.15826
-2.23018
-0.17027
-2.21467
-0.179032
-2.19792
-0.182869
-2.18161
-0.189585
-2.16161
-0.199745
-2.13889
-0.206317
-2.1182
-0.211751
-2.0963
-0.216883
-2.07316
-0.221169
-2.04978
-0.225007
-2.02571
-0.228303
-2.0012
-0.231103
-1.9762
-0.233373
-1.95082
-0.235094
-1.92505
-0.236229
-1.89899
-0.236731
-1.87269
-0.236573
-1.84622
-0.23572
-1.81968
-0.234147
-1.79314
-0.231838
-1.76671
-0.228783
-1.74047
-0.224978
-1.71453
-0.220428
-1.68897
-0.215141
-1.66388
-0.209133
-1.63935
-0.202418
-1.61546
-0.195006
-1.59228
-0.186919
-1.56989
-0.178167
-1.54836
-0.168769
-1.52774
-0.158736
-1.50811
-0.148086
-1.48953
-0.136837
-1.47209
-0.125012
-1.45583
-0.112641
-1.44084
-0.0997595
-1.42714
-0.0864083
-1.41515
-0.0726336
-1.40375
-0.0585573
-1.39592
-1.38617
0.815492
-2.28273
0.519485
-2.19316
0.318465
-2.15776
0.198153
-2.15972
0.152467
-2.17739
0.139342
-2.18992
0.0973008
-2.18246
0.053659
-2.19179
0.058734
-2.21355
0.0481122
-2.21123
0.0237775
-2.2232
0.0110255
-2.23684
-0.0176572
-2.23897
-0.0393888
-2.25021
-0.0609744
-2.25216
-0.0827371
-2.24782
-0.0962713
-2.24707
-0.11497
-2.23879
-0.131219
-2.22858
-0.14236
-2.21904
-0.152674
-2.20436
-0.161593
-2.189
-0.172072
-2.17113
-0.181523
-2.15216
-0.186651
-2.13376
-0.191899
-2.11295
-0.197177
-2.09103
-0.201529
-2.06881
-0.205562
-2.04575
-0.209092
-2.02218
-0.212156
-1.99814
-0.21471
-1.97365
-0.216783
-1.94875
-0.21833
-1.92351
-0.219327
-1.898
-0.219741
-1.87229
-0.219541
-1.84643
-0.218706
-1.82052
-0.217205
-1.79465
-0.215026
-1.76889
-0.212162
-1.74334
-0.208608
-1.71809
-0.204365
-1.69321
-0.19944
-1.66881
-0.193842
-1.64495
-0.187582
-1.62172
-0.180679
-1.59919
-0.173134
-1.57744
-0.164976
-1.55652
-0.156209
-1.53651
-0.146853
-1.51747
-0.136921
-1.49946
-0.12644
-1.48257
-0.115426
-1.46685
-0.103914
-1.45235
-0.0919394
-1.43911
-0.0795379
-1.42755
-0.0667646
-1.41652
-0.053718
-1.40896
-1.39954
0.299608
-2.10817
0.213642
-2.1072
0.188011
-2.13213
0.183161
-2.15487
0.162672
-2.15691
0.111798
-2.13906
0.0667732
-2.13744
0.0446693
-2.16968
0.0321184
-2.201
0.0316611
-2.21078
0.02086
-2.2124
0.00192548
-2.2179
-0.0140413
-2.22301
-0.0362945
-2.22796
-0.0584862
-2.22997
-0.0740624
-2.23224
-0.0902961
-2.23084
-0.105517
-2.22357
-0.116923
-2.21717
-0.130267
-2.2057
-0.14085
-2.19378
-0.150336
-2.17951
-0.158088
-2.16338
-0.16392
-2.14633
-0.170667
-2.12702
-0.176676
-2.10694
-0.181533
-2.08617
-0.186004
-2.06434
-0.189808
-2.04194
-0.193167
-2.01882
-0.196019
-1.99529
-0.198415
-1.97126
-0.200335
-1.94684
-0.201757
-1.92209
-0.202662
-1.8971
-0.203027
-1.87193
-0.202822
-1.84664
-0.202025
-1.82133
-0.20062
-1.79606
-0.198592
-1.77092
-0.195931
-1.746
-0.192634
-1.72139
-0.1887
-1.69715
-0.184136
-1.67338
-0.178945
-1.65015
-0.173139
-1.62753
-0.166734
-1.6056
-0.159733
-1.58444
-0.152157
-1.5641
-0.144015
-1.54465
-0.135324
-1.52616
-0.126104
-1.50869
-0.116373
-1.4923
-0.106156
-1.47707
-0.0954783
-1.46303
-0.0843872
-1.45021
-0.0729064
-1.43903
-0.0610939
-1.42833
-0.0490348
-1.42102
-1.41188
0.178783
-2.09394
0.183758
-2.11218
0.171533
-2.11991
0.136395
-2.11974
0.112995
-2.13351
0.127145
-2.15321
0.152825
-2.16313
0.149415
-2.16628
0.108532
-2.16012
0.0645476
-2.1668
0.0331326
-2.18099
0.00836945
-2.19315
-0.00943591
-2.2052
-0.0296285
-2.20777
-0.0463167
-2.21328
-0.0622423
-2.21632
-0.0797411
-2.21335
-0.0919139
-2.2114
-0.104521
-2.20457
-0.114918
-2.1953
-0.12464
-2.18406
-0.133669
-2.17049
-0.141429
-2.15563
-0.149046
-2.13872
-0.155279
-2.12079
-0.160588
-2.10164
-0.165488
-2.08128
-0.16973
-2.06011
-0.173496
-2.03818
-0.176738
-2.01558
-0.179528
-1.9925
-0.181846
-1.96894
-0.183706
-1.94498
-0.185084
-1.92072
-0.185968
-1.89622
-0.186345
-1.87155
-0.18619
-1.8468
-0.185483
-1.82204
-0.184215
-1.79733
-0.182373
-1.77277
-0.179941
-1.74844
-0.176923
-1.7244
-0.173316
-1.70076
-0.169123
-1.67757
-0.164351
-1.65492
-0.159008
-1.63288
-0.153099
-1.61151
-0.146644
-1.5909
-0.139649
-1.57109
-0.132128
-1.55217
-0.124101
-1.53419
-0.115582
-1.51721
-0.106593
-1.50129
-0.0971585
-1.4865
-0.0873009
-1.47289
-0.0770665
-1.46044
-0.0664736
-1.44962
-0.0555851
-1.43922
-0.0444796
-1.43213
-1.42322
0.138439
-2.07869
0.107524
-2.08127
0.0850206
-2.09741
0.0881814
-2.1229
0.0918729
-2.13721
0.0806924
-2.14203
0.075859
-2.1583
0.0718485
-2.16227
0.059192
-2.14747
0.043903
-2.15151
0.0323142
-2.1694
0.0173318
-2.17817
-0.00135391
-2.18652
-0.0135456
-2.19558
-0.0270875
-2.19975
-0.0429169
-2.2005
-0.0556321
-2.20064
-0.0696188
-2.19742
-0.0830046
-2.19119
-0.0944199
-2.1839
-0.105002
-2.17348
-0.114065
-2.16143
-0.122487
-2.14721
-0.129754
-2.13146
-0.136272
-2.11428
-0.142171
-2.09575
-0.147275
-2.07618
-0.151771
-2.05561
-0.155694
-2.03426
-0.15906
-2.01222
-0.161946
-1.98962
-0.164357
-1.96654
-0.166291
-1.94306
-0.167755
-1.91926
-0.168739
-1.89524
-0.169234
-1.87106
-0.169218
-1.84682
-0.168687
-1.82257
-0.167629
-1.79839
-0.166036
-1.77436
-0.163894
-1.75058
-0.161203
-1.7271
-0.157964
-1.704
-0.154181
-1.68135
-0.149857
-1.65925
-0.144999
-1.63774
-0.139614
-1.6169
-0.133722
-1.5968
-0.127323
-1.5775
-0.120439
-1.55906
-0.113082
-1.54155
-0.105269
-1.52502
-0.0970212
-1.50954
-0.0883613
-1.49516
-0.0793135
-1.48193
-0.0699202
-1.46983
-0.060202
-1.45934
-0.0502136
-1.44921
-0.0400279
-1.44231
-1.4336
0.0651749
-2.06315
0.0749039
-2.091
0.0842441
-2.10675
0.0675533
-2.10622
0.0427876
-2.11245
0.0229342
-2.12219
-0.0228139
-2.11255
-0.0481526
-2.13694
-0.0152241
-2.18041
0.0140502
-2.18079
0.0189579
-2.17432
0.0191066
-2.17832
0.0122256
-2.17965
0.000936967
-2.1843
-0.0121055
-2.18671
-0.0244206
-2.18819
-0.0367097
-2.18835
-0.0491935
-2.18494
-0.0598089
-2.18058
-0.0709935
-2.17272
-0.0811658
-2.16332
-0.0908281
-2.15178
-0.0995355
-2.13852
-0.107383
-2.12362
-0.11446
-2.10721
-0.120713
-2.0895
-0.126267
-2.07063
-0.131146
-2.05074
-0.13543
-2.02998
-0.139127
-2.00853
-0.142314
-1.98644
-0.144993
-1.96387
-0.147185
-1.94087
-0.1489
-1.91755
-0.150136
-1.89401
-0.150886
-1.87031
-0.151154
-1.84655
-0.150919
-1.8228
-0.150191
-1.79911
-0.14895
-1.7756
-0.147195
-1.75233
-0.144927
-1.72936
-0.142141
-1.70678
-0.138847
-1.68465
-0.135039
-1.66306
-0.130733
-1.64205
-0.125936
-1.6217
-0.120653
-1.60208
-0.114901
-1.58325
-0.108696
-1.56527
-0.102044
-1.5482
-0.094968
-1.5321
-0.0874881
-1.51702
-0.0796212
-1.50303
-0.0714001
-1.49016
-0.0628524
-1.47838
-0.0540049
-1.46819
-0.0449125
-1.4583
-0.0356346
-1.45159
-1.44304
0.0942132
-2.06443
0.0741802
-2.07097
0.0519908
-2.08457
0.0546049
-2.10884
0.0646242
-2.12247
0.0692465
-2.12681
0.104708
-2.14802
0.126024
-2.15826
0.0861774
-2.14056
0.0516411
-2.14626
0.037482
-2.16016
0.0258027
-2.16665
0.0200556
-2.17391
0.0112517
-2.1755
0.00325242
-2.17872
-0.0049787
-2.17996
-0.0153401
-2.178
-0.0250997
-2.17519
-0.036048
-2.16964
-0.0461966
-2.16258
-0.0560838
-2.15344
-0.0654256
-2.14245
-0.0741248
-2.12983
-0.0822166
-2.11554
-0.089573
-2.09986
-0.0962363
-2.08285
-0.102205
-2.06467
-0.107511
-2.04544
-0.112206
-2.0253
-0.11631
-2.00443
-0.119878
-1.98288
-0.122929
-1.96082
-0.125487
-1.93832
-0.12756
-1.91548
-0.129169
-1.8924
-0.130303
-1.86918
-0.130975
-1.84588
-0.13118
-1.8226
-0.130899
-1.79939
-0.130148
-1.77635
-0.128907
-1.75357
-0.12719
-1.73108
-0.124989
-1.70898
-0.1223
-1.68734
-0.119135
-1.66622
-0.115496
-1.64569
-0.111392
-1.62581
-0.106831
-1.60665
-0.101826
-1.58826
-0.0963915
-1.5707
-0.0905357
-1.55406
-0.0842801
-1.53836
-0.0776418
-1.52366
-0.0706399
-1.51003
-0.0633053
-1.49749
-0.0556567
-1.48603
-0.0477265
-1.47612
-0.0395608
-1.46647
-0.0312084
-1.45994
-1.45153
0.0725187
-2.03444
0.0660079
-2.06447
0.06494
-2.0835
0.0505828
-2.09448
0.0395404
-2.11144
0.0451706
-2.13245
0.0350842
-2.13794
0.0139417
-2.13712
0.0196956
-2.14632
0.0260342
-2.15261
0.0247191
-2.15885
0.0231149
-2.16505
0.0181929
-2.16899
0.0159089
-2.17322
0.0109238
-2.17374
0.00391306
-2.17296
-0.00298507
-2.17111
-0.0108611
-2.16732
-0.0187901
-2.16172
-0.0270038
-2.15437
-0.0352595
-2.1452
-0.0432721
-2.13444
-0.0510377
-2.12207
-0.058337
-2.10825
-0.0651907
-2.09302
-0.0715205
-2.07652
-0.0773121
-2.05888
-0.0825613
-2.0402
-0.0872671
-2.0206
-0.0914826
-2.00023
-0.095187
-1.97918
-0.0984188
-1.9576
-0.101202
-1.93554
-0.103546
-1.91314
-0.10546
-1.89049
-0.106949
-1.86769
-0.108023
-1.8448
-0.108674
-1.82194
-0.108897
-1.79916
-0.108687
-1.77655
-0.108051
-1.7542
-0.10698
-1.73215
-0.105469
-1.7105
-0.103515
-1.68929
-0.101126
-1.66862
-0.0982965
-1.64852
-0.095032
-1.62907
-0.0913488
-1.61033
-0.0872411
-1.59237
-0.082733
-1.57521
-0.0778251
-1.55897
-0.0725434
-1.54364
-0.0668968
-1.52931
-0.0609044
-1.51602
-0.0545958
-1.5038
-0.0479726
-1.49265
-0.0410832
-1.483
-0.0339468
-1.4736
-0.0266154
-1.46727
-1.459
0.0977749
-2.03372
0.0822176
-2.04891
0.0661152
-2.0674
0.0560459
-2.08442
0.0396836
-2.09508
0.00701853
-2.09979
-0.0210077
-2.10992
-0.0181933
-2.13994
-0.0036237
-2.1609
0.00713665
-2.16337
0.0131822
-2.16491
0.0150001
-2.16688
0.0138999
-2.1679
0.00956519
-2.16889
0.00552373
-2.16971
0.00141868
-2.16886
-0.00312396
-2.16658
-0.00827838
-2.16218
-0.0135689
-2.15644
-0.0191654
-2.14879
-0.0247554
-2.13961
-0.0304269
-2.12878
-0.0359929
-2.11651
-0.0414365
-2.10281
-0.0466607
-2.0878
-0.0516029
-2.07159
-0.0562343
-2.05426
-0.0605224
-2.03592
-0.0644389
-2.01669
-0.0680027
-1.99667
-0.0711928
-1.976
-0.0740411
-1.95475
-0.0765388
-1.93304
-0.0786978
-1.91099
-0.0805279
-1.88866
-0.0820283
-1.86619
-0.0832107
-1.84362
-0.084061
-1.82109
-0.0845838
-1.79864
-0.0847676
-1.77637
-0.0846163
-1.75435
-0.0841083
-1.73266
-0.0832523
-1.71135
-0.0820299
-1.69052
-0.0804485
-1.6702
-0.0784907
-1.65048
-0.0761601
-1.63141
-0.073467
-1.61303
-0.0704046
-1.59543
-0.0669712
-1.57865
-0.0631946
-1.56275
-0.0590681
-1.54777
-0.0546108
-1.53376
-0.0498322
-1.5208
-0.0447572
-1.50887
-0.039373
-1.49803
-0.0337398
-1.48864
-0.0278151
-1.47953
-0.0216952
-1.47339
-1.46533
0.0768789
-2.01732
0.0703038
-2.04234
0.0649293
-2.06203
0.061491
-2.08098
0.0665507
-2.10014
0.0850495
-2.11829
0.109355
-2.13423
0.101051
-2.13165
0.0655911
-2.12545
0.0377909
-2.13558
0.0203311
-2.14745
0.00916732
-2.15572
0.00349022
-2.16223
-0.000411809
-2.165
-0.0040614
-2.16606
-0.00743305
-2.1655
-0.0112175
-2.1628
-0.0145267
-2.15888
-0.0180775
-2.15289
-0.021454
-2.14542
-0.0248738
-2.1362
-0.0281937
-2.12547
-0.0314724
-2.11324
-0.0346489
-2.09964
-0.0377234
-2.08473
-0.0406649
-2.06865
-0.0434513
-2.05148
-0.0460543
-2.03332
-0.0484566
-2.01429
-0.0506621
-1.99447
-0.0526446
-1.97402
-0.0544122
-1.95299
-0.0559611
-1.9315
-0.0573024
-1.90965
-0.0584336
-1.88753
-0.0593727
-1.86525
-0.0600999
-1.84289
-0.0606381
-1.82055
-0.0609678
-1.7983
-0.061095
-1.77624
-0.0610152
-1.75443
-0.060715
-1.73296
-0.0601857
-1.71188
-0.0594221
-1.69128
-0.0584201
-1.6712
-0.0571566
-1.65175
-0.0556385
-1.63293
-0.0538473
-1.61482
-0.0517905
-1.59749
-0.0494545
-1.58099
-0.0468459
-1.56535
-0.0439627
-1.55065
-0.0408099
-1.53692
-0.0373973
-1.52421
-0.0337223
-1.51255
-0.0297685
-1.50199
-0.0256104
-1.49279
-0.0211171
-1.48402
-0.0164301
-1.47808
-1.47035
0.0540754
-2.01267
0.0463907
-2.03465
0.0388843
-2.05453
0.0280242
-2.07012
0.0117611
-2.08388
-0.00896633
-2.09757
-0.0365121
-2.10669
-0.0431173
-2.12505
-0.022714
-2.14586
-0.00664301
-2.15166
0.000513674
-2.15462
0.00246347
-2.15768
-0.000378083
-2.1594
-0.00375668
-2.16163
-0.00758241
-2.16225
-0.0116361
-2.16145
-0.0149951
-2.15945
-0.01847
-2.15541
-0.0214608
-2.14991
-0.0242936
-2.14259
-0.0268412
-2.13366
-0.0291724
-2.12314
-0.0312903
-2.11112
-0.0332116
-2.09772
-0.0349489
-2.083
-0.0365125
-2.0671
-0.0379079
-2.05009
-0.0391375
-2.0321
-0.0402074
-2.01323
-0.0411065
-1.99358
-0.0418545
-1.97328
-0.042447
-1.9524
-0.0428898
-1.93106
-0.0431881
-1.90935
-0.0433514
-1.88736
-0.0433975
-1.8652
-0.0433138
-1.84297
-0.0431282
-1.82073
-0.0428392
-1.79859
-0.0424563
-1.77662
-0.0419726
-1.75491
-0.0413921
-1.73354
-0.0407134
-1.71256
-0.0399378
-1.69206
-0.0390455
-1.6721
-0.0380517
-1.65274
-0.0369303
-1.63405
-0.0356739
-1.61608
-0.0342852
-1.59888
-0.0327491
-1.58252
-0.0310627
-1.56704
-0.029219
-1.55249
-0.0272077
-1.53893
-0.0250422
-1.52638
-0.0226889
-1.5149
-0.0201348
-1.50454
-0.0174433
-1.49548
-0.0144173
-1.48704
-0.0112246
-1.48127
-1.47398
0.0336883
-2.00952
0.0319184
-2.03288
0.0309531
-2.05356
0.0339664
-2.07314
0.0398489
-2.08977
0.0441137
-2.10184
0.0537892
-2.11637
0.0542065
-2.12547
0.0382509
-2.12991
0.0243789
-2.13779
0.0149781
-2.14522
0.00819618
-2.1509
0.00427873
-2.15548
0.000369724
-2.15773
-0.00298261
-2.1589
-0.00602831
-2.15841
-0.00936006
-2.15612
-0.0123976
-2.15238
-0.0154565
-2.14685
-0.0182946
-2.13976
-0.0209388
-2.13102
-0.0233366
-2.12074
-0.0254913
-2.10897
-0.0273928
-2.09582
-0.0290423
-2.08135
-0.0304564
-2.06569
-0.0316422
-2.04891
-0.0326058
-2.03114
-0.0333654
-2.01248
-0.0339265
-1.99302
-0.0343111
-1.9729
-0.0345173
-1.9522
-0.03456
-1.93101
-0.0344447
-1.90946
-0.0341793
-1.88763
-0.0337915
-1.86558
-0.0332725
-1.84348
-0.0326551
-1.82134
-0.0319426
-1.7993
-0.0311509
-1.77741
-0.030288
-1.75577
-0.0293706
-1.73445
-0.0284058
-1.71353
-0.0274023
-1.69306
-0.0263583
-1.67314
-0.0252941
-1.65381
-0.0241938
-1.63515
-0.02306
-1.61721
-0.0219022
-1.60004
-0.0207077
-1.58372
-0.0194788
-1.56827
-0.0182002
-1.55377
-0.0168716
-1.54026
-0.0154923
-1.52776
-0.0140294
-1.51636
-0.0124694
-1.5061
-0.0108504
-1.4971
-0.00896803
-1.48893
-0.00698186
-1.48325
-1.47642
0.0214074
-2.00463
0.0175996
-2.02908
0.0136489
-2.04961
0.00726488
-2.06676
-0.000632058
-2.08187
-0.00566655
-2.09681
-0.0136429
-2.1084
-0.0168598
-2.12225
-0.00936338
-2.13741
-0.00256568
-2.14459
0.00154024
-2.14933
0.00352637
-2.15289
0.0033311
-2.15529
0.00278
-2.15718
0.00156288
-2.15769
-8.03032e-05
-2.15677
-0.00172513
-2.15448
-0.00360501
-2.1505
-0.00548317
-2.14498
-0.00741229
-2.13783
-0.00931428
-2.12912
-0.0111701
-2.11889
-0.0129331
-2.10721
-0.0145953
-2.09416
-0.0161267
-2.07983
-0.0175218
-2.06429
-0.0187694
-2.04767
-0.0198705
-2.03004
-0.0208198
-2.01153
-0.0216142
-1.99223
-0.022266
-1.97225
-0.0227729
-1.95169
-0.0231363
-1.93065
-0.023366
-1.90923
-0.0234651
-1.88753
-0.0234213
-1.86562
-0.0232681
-1.84363
-0.0229831
-1.82163
-0.0226029
-1.79968
-0.0221063
-1.7779
-0.0215257
-1.75635
-0.0208631
-1.73512
-0.0201254
-1.71426
-0.0193277
-1.69386
-0.0184805
-1.67399
-0.0175852
-1.6547
-0.0166663
-1.63607
-0.0157233
-1.61816
-0.0147546
-1.60101
-0.0137797
-1.58469
-0.0127951
-1.56926
-0.0118024
-1.55476
-0.0108081
-1.54125
-0.00979774
-1.52877
-0.00877451
-1.51738
-0.00771998
-1.50715
-0.00666098
-1.49816
-0.00543996
-1.49015
-0.00420834
-1.48448
-1.47799
0.0106008
0.0104429
0.011211
0.0138118
0.0152542
0.00923082
0.00379693
0.0066203
0.00724686
0.00580778
0.00390781
0.00218789
0.00120082
0.000379639
-5.67966e-05
-0.000376946
-0.00073248
-0.00105533
-0.00142087
-0.00179671
-0.00218744
-0.00259121
-0.00300356
-0.00342389
-0.00384337
-0.00425939
-0.0046675
-0.00506202
-0.00544048
-0.00580106
-0.00614038
-0.00645628
-0.00674677
-0.00700976
-0.0072443
-0.00744279
-0.00761271
-0.00774908
-0.00784163
-0.00789889
-0.00791392
-0.00788565
-0.00781524
-0.00769975
-0.00754319
-0.00734262
-0.00710184
-0.00682336
-0.00650731
-0.00616094
-0.0057798
-0.00537627
-0.00494701
-0.00448998
-0.00401007
-0.00350219
-0.00300557
-0.00238629
-0.00186825
)
;

boundaryField
{
    inlet
    {
        type            calculated;
        value           nonuniform List<scalar> 
44
(
-3.64129
-3.51084
-3.38507
-3.26381
-3.14688
-3.03415
-2.92545
-2.82065
-2.7196
-2.62218
-2.52824
-2.43767
-2.35034
-2.26614
-2.18496
-2.10669
-2.03122
-1.95845
-1.88829
-1.82065
-1.75475
-1.75475
-1.75475
-1.75475
-1.75475
-1.75475
-1.75475
-1.75475
-1.75475
-1.75475
-1.75475
-1.75475
-1.27117
-0.0292204
-1.35699e-18
-1.35502e-18
-7.63821e-19
-3.77445e-19
-1.58061e-19
-5.30521e-20
-1.34654e-20
-2.3834e-21
-2.69887e-22
-1.57201e-23
)
;
    }
    outlet
    {
        type            calculated;
        value           nonuniform List<scalar> 
64
(
11.3274
11.7777
12.048
12.2881
12.5192
12.7463
12.9711
13.161
12.4629
11.7998
11.1596
10.5328
9.91177
9.29121
8.66743
8.03815
7.40228
6.75989
6.11212
5.46117
4.81015
4.16301
3.52439
2.89952
2.29425
1.71535
1.1713
0.673734
0.240081
-0.0958715
-0.213191
-0.182224
-0.166555
-0.152714
-0.141215
-0.131512
-0.123139
-0.115771
-0.109214
-0.103293
-0.0927056
-0.0864385
-0.0806704
-0.0751986
-0.0700674
-0.0652108
-0.0606108
-0.0562247
-0.0520262
-0.0479939
-0.0441094
-0.0403467
-0.0366977
-0.0331378
-0.0296461
-0.0261942
-0.0227191
-0.019141
-0.0153688
-0.0114126
-0.00758957
-0.00454799
-0.00262936
-0.00111391
)
;
    }
    lowerWall
    {
        type            calculated;
        value           uniform 0;
    }
    atmosphere
    {
        type            calculated;
        value           nonuniform List<scalar> 
95
(
-0.754498
-0.719556
-0.767222
-0.732628
-0.736649
-0.722429
-0.719347
-0.716821
-0.720562
-0.729003
-0.742588
-0.760954
-0.783677
-0.810163
-0.839605
-0.870888
-0.902641
-0.934023
-0.96567
-0.99843
-1.14833
-1.18883
-1.22906
-1.26814
-1.30337
-1.33531
-1.36815
-1.40455
-1.4412
-1.47205
-1.4974
-1.52072
-1.5436
-1.56505
-1.58435
-2.0043
-2.02892
-2.05038
-2.06936
-2.08332
-2.09078
-2.10296
-2.12508
-2.13803
-2.14316
-2.14743
-2.15117
-2.15431
-2.15636
-2.15725
-2.15646
-2.15412
-2.15018
-2.14461
-2.13745
-2.12873
-2.11849
-2.1068
-2.09375
-2.07941
-2.06388
-2.04726
-2.02965
-2.01115
-1.99187
-1.97191
-1.95137
-1.93036
-1.90897
-1.88729
-1.86542
-1.84346
-1.82149
-1.79959
-1.77785
-1.75634
-1.73514
-1.71433
-1.69398
-1.67415
-1.6549
-1.63631
-1.61844
-1.60133
-1.58504
-1.56964
-1.55517
-1.54168
-1.52923
-1.51786
-1.50766
-1.49866
-1.49076
-1.485
-1.47875
)
;
    }
    defaultFaces
    {
        type            empty;
        value           nonuniform 0();
    }
}


// ************************************************************************* //
