/*--------------------------------*- C++ -*----------------------------------*\
| =========                 |                                                 |
| \\      /  F ield         | OpenFOAM: The Open Source CFD Toolbox           |
|  \\    /   O peration     | Version:  v1606+                                |
|   \\  /    A nd           | Web:      www.OpenFOAM.com                      |
|    \\/     M anipulation  |                                                 |
\*---------------------------------------------------------------------------*/
FoamFile
{
    version     2.0;
    format      ascii;
    class       surfaceScalarField;
    location    "1";
    object      phi;
}
// * * * * * * * * * * * * * * * * * * * * * * * * * * * * * * * * * * * * * //

dimensions      [0 3 -1 0 0 0 0];

internalField   nonuniform List<scalar> 
4432
(
3.32156e-07
-3.32156e-07
-1.86519e-06
2.19735e-06
-4.73775e-06
2.87257e-06
-7.70131e-06
2.96357e-06
-1.05896e-05
2.88832e-06
-1.32653e-05
2.67565e-06
-1.55924e-05
2.32707e-06
-1.74352e-05
1.84279e-06
-1.86668e-05
1.23165e-06
-1.91836e-05
5.16738e-07
-1.89317e-05
-2.51891e-07
-1.80513e-05
-8.80336e-07
-1.67715e-05
-1.27981e-06
-1.53532e-05
-1.41828e-06
-1.39409e-05
-1.41229e-06
-1.2457e-05
-1.48395e-06
-1.06188e-05
-1.83822e-06
-8.02255e-06
-2.59621e-06
-4.43504e-06
-3.58752e-06
-9.77143e-08
-4.33732e-06
3.99294e-06
-4.09067e-06
4.85207e-06
-8.59132e-07
4.85207e-06
-1.32234e-06
9.90197e-07
-4.06891e-06
4.94393e-06
-7.23519e-06
6.03886e-06
-1.0375e-05
6.10339e-06
-1.32952e-05
5.8085e-06
-1.58349e-05
5.21535e-06
-1.78579e-05
4.35002e-06
-1.92556e-05
3.24053e-06
-1.99674e-05
1.94345e-06
-2.00137e-05
5.63004e-07
-1.95235e-05
-7.42031e-07
-1.8618e-05
-1.7858e-06
-1.7422e-05
-2.47586e-06
-1.60464e-05
-2.79385e-06
-1.46157e-05
-2.84299e-06
-1.3174e-05
-2.92564e-06
-1.15316e-05
-3.48072e-06
-9.39612e-06
-4.73165e-06
-6.58273e-06
-6.40093e-06
-3.12162e-06
-7.79844e-06
3.80445e-07
-7.59274e-06
2.54697e-06
-3.02566e-06
7.39904e-06
-2.35371e-06
3.34391e-06
-5.12731e-06
7.71754e-06
-8.14575e-06
9.0573e-06
-1.1131e-05
9.08863e-06
-1.38886e-05
8.56613e-06
-1.62737e-05
7.60044e-06
-1.81649e-05
6.24125e-06
-1.94681e-05
4.54364e-06
-2.01336e-05
2.60901e-06
-2.01812e-05
6.10583e-07
-1.97036e-05
-1.21966e-06
-1.88163e-05
-2.67303e-06
-1.76324e-05
-3.65984e-06
-1.62657e-05
-4.16055e-06
-1.48682e-05
-4.24045e-06
-1.35279e-05
-4.26595e-06
-1.21296e-05
-4.87902e-06
-1.04318e-05
-6.42949e-06
-8.23835e-06
-8.59437e-06
-5.42918e-06
-1.06076e-05
-2.24718e-06
-1.07747e-05
3.36933e-07
-5.60977e-06
7.73598e-06
-2.92873e-06
6.27264e-06
-5.75112e-06
1.05399e-05
-8.66757e-06
1.19737e-05
-1.1534e-05
1.1955e-05
-1.41812e-05
1.12133e-05
-1.64775e-05
9.89672e-06
-1.83082e-05
8.07196e-06
-1.95808e-05
5.81631e-06
-2.02433e-05
3.2715e-06
-2.03062e-05
6.73452e-07
-1.98451e-05
-1.68074e-06
-1.89664e-05
-3.55174e-06
-1.77736e-05
-4.8526e-06
-1.63899e-05
-5.54429e-06
-1.50154e-05
-5.61494e-06
-1.38051e-05
-5.47627e-06
-1.26897e-05
-5.99444e-06
-1.14424e-05
-7.67675e-06
-9.81994e-06
-1.02168e-05
-7.51984e-06
-1.29077e-05
-4.5016e-06
-1.3793e-05
-1.53134e-06
-8.58003e-06
6.20462e-06
-3.25458e-06
9.52723e-06
-6.14825e-06
1.34336e-05
-9.01007e-06
1.48355e-05
-1.17939e-05
1.47389e-05
-1.43662e-05
1.37856e-05
-1.66091e-05
1.21396e-05
-1.84126e-05
9.87549e-06
-1.96822e-05
7.08584e-06
-2.03581e-05
3.94741e-06
-2.04406e-05
7.55945e-07
-1.99951e-05
-2.12617e-06
-1.91193e-05
-4.42756e-06
-1.79037e-05
-6.06817e-06
-1.64808e-05
-6.9672e-06
-1.51181e-05
-6.97764e-06
-1.40529e-05
-6.54152e-06
-1.32509e-05
-6.79643e-06
-1.24775e-05
-8.45018e-06
-1.14211e-05
-1.12732e-05
-9.5532e-06
-1.47756e-05
-6.54455e-06
-1.68016e-05
-3.00607e-06
-1.21185e-05
3.19855e-06
-3.44585e-06
1.29731e-05
-6.39683e-06
1.63846e-05
-9.22129e-06
1.766e-05
-1.19435e-05
1.74611e-05
-1.44645e-05
1.63066e-05
-1.66805e-05
1.43556e-05
-1.84848e-05
1.16798e-05
-1.97767e-05
8.37774e-06
-2.04848e-05
4.65551e-06
-2.05983e-05
8.69392e-07
-2.01762e-05
-2.5482e-06
-1.93085e-05
-5.29528e-06
-1.80651e-05
-7.31159e-06
-1.65841e-05
-8.4482e-06
-1.52181e-05
-8.3436e-06
-1.43029e-05
-7.45681e-06
-1.38353e-05
-7.26394e-06
-1.35626e-05
-8.72294e-06
-1.3088e-05
-1.17477e-05
-1.16018e-05
-1.62618e-05
-8.44767e-06
-1.99558e-05
-4.20324e-06
-1.6363e-05
-1.0047e-06
-3.55352e-06
1.65266e-05
-6.52511e-06
1.93562e-05
-9.30833e-06
2.04432e-05
-1.19776e-05
2.01305e-05
-1.44638e-05
1.87928e-05
-1.66766e-05
1.65684e-05
-1.85106e-05
1.35138e-05
-1.98549e-05
9.72206e-06
-2.06221e-05
5.42278e-06
-2.07895e-05
1.03677e-06
-2.04123e-05
-2.9254e-06
-1.95723e-05
-6.13528e-06
-1.83101e-05
-8.57378e-06
-1.67627e-05
-9.99559e-06
-1.53777e-05
-9.72863e-06
-1.46068e-05
-8.22775e-06
-1.44894e-05
-7.38132e-06
-1.47528e-05
-8.45955e-06
-1.48838e-05
-1.16167e-05
-1.37079e-05
-1.74377e-05
-1.02645e-05
-2.33992e-05
-5.28228e-06
-2.13451e-05
-6.28699e-06
-3.5806e-06
2.01072e-05
-6.53473e-06
2.23103e-05
-9.26259e-06
2.31711e-05
-1.18791e-05
2.27469e-05
-1.43427e-05
2.12565e-05
-1.65763e-05
1.8802e-05
-1.84738e-05
1.54112e-05
-1.99101e-05
1.11583e-05
-2.0777e-05
6.28975e-06
-2.10371e-05
1.29683e-06
-2.07442e-05
-3.21825e-06
-1.99733e-05
-6.90624e-06
-1.87293e-05
-9.81774e-06
-1.71237e-05
-1.16012e-05
-1.56919e-05
-1.11604e-05
-1.50374e-05
-8.88227e-06
-1.52815e-05
-7.13719e-06
-1.6133e-05
-7.60807e-06
-1.69165e-05
-1.08333e-05
-1.59566e-05
-1.83975e-05
-1.20599e-05
-2.72959e-05
-6.26572e-06
-2.71394e-05
-1.25527e-05
5.55458e-06
-5.55458e-06
-1.28617e-05
1.84163e-05
-3.50539e-05
2.21922e-05
-4.95071e-05
1.44532e-05
-4.92132e-05
-2.93963e-07
-3.96068e-05
-9.60639e-06
-2.79799e-05
-1.16269e-05
-1.88122e-05
-9.16767e-06
-1.30603e-05
-5.75189e-06
-1.19796e-05
-1.08071e-06
-1.27722e-05
7.92588e-07
-1.26208e-05
-1.51374e-07
-1.07366e-05
-1.88419e-06
-8.19843e-06
-2.5382e-06
-5.60268e-06
-2.59576e-06
-2.64208e-06
-2.96059e-06
8.62771e-07
-3.50487e-06
3.65857e-06
-2.79579e-06
3.65856e-06
-8.39265e-06
2.83809e-06
-2.75823e-05
3.76059e-05
-4.45782e-05
3.91881e-05
-5.05531e-05
2.04281e-05
-4.80835e-05
-2.76352e-06
-4.05773e-05
-1.71126e-05
-3.10622e-05
-2.11421e-05
-2.23312e-05
-1.78987e-05
-1.61672e-05
-1.19159e-05
-1.38534e-05
-3.39447e-06
-1.33611e-05
3.00285e-07
-1.22962e-05
-1.21637e-06
-1.04515e-05
-3.72883e-06
-8.45338e-06
-4.53636e-06
-6.75515e-06
-4.29399e-06
-5.08379e-06
-4.63192e-06
-2.8829e-06
-5.70577e-06
3.05936e-07
-5.9846e-06
3.96448e-06
-1.58999e-05
1.8738e-05
-3.17566e-05
5.34626e-05
-4.24733e-05
4.99048e-05
-4.69058e-05
2.48606e-05
-4.59706e-05
-3.6987e-06
-4.04402e-05
-2.2643e-05
-3.19415e-05
-2.96408e-05
-2.25254e-05
-2.73148e-05
-1.59491e-05
-1.84921e-05
-1.32491e-05
-6.09443e-06
-1.24204e-05
-5.28375e-07
-1.13457e-05
-2.29109e-06
-9.75951e-06
-5.31506e-06
-8.18586e-06
-6.10999e-06
-7.00495e-06
-5.47491e-06
-6.10782e-06
-5.52905e-06
-5.09838e-06
-6.71522e-06
-3.41724e-06
-7.66571e-06
5.4723e-07
-1.87838e-05
3.75218e-05
-3.12753e-05
6.59542e-05
-3.87354e-05
5.73649e-05
-4.34751e-05
2.96002e-05
-4.40196e-05
-3.15416e-06
-4.00598e-05
-2.66028e-05
-3.19058e-05
-3.77947e-05
-2.07561e-05
-3.84645e-05
-1.3392e-05
-2.58563e-05
-1.11e-05
-8.38637e-06
-1.04025e-05
-1.22597e-06
-9.68843e-06
-3.0051e-06
-8.61889e-06
-6.38461e-06
-7.55123e-06
-7.17766e-06
-6.75189e-06
-6.27426e-06
-6.17871e-06
-6.10221e-06
-6.0284e-06
-6.86553e-06
-5.60377e-06
-8.09032e-06
-5.05655e-06
-1.91372e-05
5.6659e-05
-2.9087e-05
7.59039e-05
-3.54325e-05
6.37104e-05
-4.05823e-05
3.475e-05
-4.15204e-05
-2.216e-06
-3.76329e-05
-3.04904e-05
-2.972e-05
-4.57076e-05
-1.85333e-05
-4.96513e-05
-8.76632e-06
-3.56233e-05
-7.27398e-06
-9.87874e-06
-7.25593e-06
-1.24403e-06
-7.2534e-06
-3.00764e-06
-6.98258e-06
-6.65543e-06
-6.60584e-06
-7.5544e-06
-6.00048e-06
-6.87962e-06
-5.11938e-06
-6.98331e-06
-4.91565e-06
-7.06928e-06
-5.30168e-06
-7.70428e-06
-1.03582e-05
-1.83281e-05
7.49871e-05
-2.58877e-05
8.34636e-05
-3.12217e-05
6.90445e-05
-3.6938e-05
4.04663e-05
-3.77357e-05
-1.41835e-06
-3.32806e-05
-3.49455e-05
-2.58014e-05
-5.31869e-05
-1.57525e-05
-5.97002e-05
-4.00936e-06
-4.73665e-05
-6.96963e-07
-1.31911e-05
-2.68477e-06
7.43798e-07
-3.87024e-06
-1.82217e-06
-4.65896e-06
-5.86671e-06
-4.88857e-06
-7.32479e-06
-3.94765e-06
-7.82055e-06
-1.73423e-06
-9.19673e-06
-2.10377e-07
-8.59316e-06
-8.38094e-07
-7.07654e-06
-1.11964e-05
-1.72319e-05
9.22189e-05
-2.23329e-05
8.85646e-05
-2.64605e-05
7.31721e-05
-3.30076e-05
4.70134e-05
-3.33299e-05
-1.09612e-06
-2.79129e-05
-4.03624e-05
-2.08182e-05
-6.02816e-05
-1.31058e-05
-6.74126e-05
-2.97936e-06
-5.74929e-05
8.0303e-06
-2.42008e-05
4.95987e-06
3.81425e-06
1.93176e-06
1.20596e-06
-4.77779e-07
-3.45718e-06
-3.09855e-07
-7.49271e-06
3.52806e-06
-1.16585e-05
9.31491e-06
-1.49836e-05
1.2965e-05
-1.22433e-05
9.73557e-06
-3.84705e-06
-1.46081e-06
-1.67653e-05
0.000108984
-1.95754e-05
9.13747e-05
-2.35697e-05
7.71665e-05
-2.94557e-05
5.28994e-05
-2.86567e-05
-1.89521e-06
-2.1565e-05
-4.7454e-05
-1.52527e-05
-6.65939e-05
-1.03714e-05
-7.22939e-05
-2.517e-06
-6.53473e-05
1.58297e-05
-4.25476e-05
1.93642e-05
2.79693e-07
1.39165e-05
6.65363e-06
9.64214e-06
8.17201e-07
9.7738e-06
-7.6244e-06
1.33791e-05
-1.52638e-05
1.95348e-05
-2.11393e-05
2.38147e-05
-1.65233e-05
1.9232e-05
7.35734e-07
1.77712e-05
-7.31824e-06
2.74254e-05
-1.34988e-05
2.84908e-05
-1.91019e-05
2.87742e-05
-2.44861e-05
2.81312e-05
-2.97047e-05
2.6475e-05
-3.46384e-05
2.37358e-05
-3.90533e-05
1.98261e-05
-4.26198e-05
1.47248e-05
-4.50192e-05
8.68913e-06
-4.61029e-05
2.38052e-06
-4.59921e-05
-3.32898e-06
-4.48531e-05
-8.04529e-06
-4.25019e-05
-1.2169e-05
-3.89521e-05
-1.5151e-05
-3.56317e-05
-1.44808e-05
-3.43867e-05
-1.01273e-05
-3.62455e-05
-5.27837e-06
-4.08877e-05
-2.96593e-06
-4.6244e-05
-5.47692e-06
-4.3751e-05
-2.08906e-05
-3.31709e-05
-3.7876e-05
-2.11676e-05
-3.91427e-05
-2.58114e-05
-7.90894e-06
-6.40883e-06
3.38343e-05
-1.1946e-05
3.40279e-05
-1.7136e-05
3.39642e-05
-2.23763e-05
3.33715e-05
-2.78277e-05
3.19264e-05
-3.34676e-05
2.93757e-05
-3.90665e-05
2.5425e-05
-4.41706e-05
1.9829e-05
-4.83087e-05
1.28272e-05
-5.11564e-05
5.22828e-06
-5.26517e-05
-1.8337e-06
-5.33873e-05
-7.30975e-06
-5.29538e-05
-1.26024e-05
-4.91418e-05
-1.89631e-05
-4.39024e-05
-1.97202e-05
-4.17404e-05
-1.22893e-05
-4.69628e-05
-5.5913e-08
-6.08877e-05
1.0959e-05
-7.15659e-05
5.20126e-06
-6.41167e-05
-2.83397e-05
-5.63956e-05
-4.55971e-05
-5.38109e-05
-4.17274e-05
-2.32848e-05
-5.63375e-05
-4.50481e-06
3.83391e-05
-9.01009e-06
3.85332e-05
-1.35931e-05
3.85472e-05
-1.86689e-05
3.84473e-05
-2.44966e-05
3.7754e-05
-3.1218e-05
3.60972e-05
-3.86436e-05
3.28506e-05
-4.62366e-05
2.7422e-05
-5.34807e-05
2.00713e-05
-6.02645e-05
1.20121e-05
-6.60631e-05
3.96489e-06
-7.07707e-05
-2.60206e-06
-7.47316e-05
-8.64153e-06
-7.45295e-05
-1.91652e-05
-6.88668e-05
-2.53829e-05
-6.35785e-05
-1.75777e-05
-6.62205e-05
2.58617e-06
-7.54171e-05
2.01556e-05
-7.93946e-05
9.17875e-06
-7.63884e-05
-3.13459e-05
-7.71607e-05
-4.48248e-05
-8.09312e-05
-3.79568e-05
-1.88383e-05
-8.53778e-05
-1.45457e-06
3.97936e-05
-4.47283e-06
4.15515e-05
-8.21625e-06
4.22906e-05
-1.30175e-05
4.32486e-05
-1.92764e-05
4.40129e-05
-2.73206e-05
4.41414e-05
-3.73944e-05
4.29243e-05
-4.98316e-05
3.98592e-05
-6.41774e-05
3.4417e-05
-8.00581e-05
2.78928e-05
-9.88077e-05
2.27144e-05
-0.000116453
1.50436e-05
-0.000124515
-5.80134e-07
-0.000123285
-2.03952e-05
-0.000114202
-3.44659e-05
-9.74148e-05
-3.43645e-05
-8.23239e-05
-1.25047e-05
-7.45715e-05
1.24032e-05
-7.44096e-05
9.01688e-06
-7.90741e-05
-2.66815e-05
-8.32736e-05
-4.06253e-05
-8.70272e-05
-3.42032e-05
-1.75905e-05
-8.82749e-05
2.16004e-06
3.76336e-05
1.01966e-06
4.26918e-05
-1.71712e-06
4.50274e-05
-6.01484e-06
4.75463e-05
-1.28754e-05
5.08735e-05
-2.29131e-05
5.4179e-05
-3.7552e-05
5.75633e-05
-6.31304e-05
6.54375e-05
-0.000103922
7.52089e-05
-0.000135102
5.90723e-05
-0.000149482
3.70951e-05
-0.000155388
2.09492e-05
-0.000156356
3.87685e-07
-0.000153266
-2.34852e-05
-0.000146049
-4.16833e-05
-0.000131646
-4.87675e-05
-0.000105778
-3.83719e-05
-8.02655e-05
-1.31098e-05
-6.89008e-05
-2.34783e-06
-7.59751e-05
-1.96072e-05
-8.03706e-05
-3.62298e-05
-8.14705e-05
-3.31034e-05
-1.97834e-05
-7.92776e-05
4.05187e-06
3.35817e-05
5.29553e-06
4.14482e-05
3.23454e-06
4.70884e-05
-1.32665e-06
5.21075e-05
-1.10578e-05
6.06047e-05
-2.90059e-05
7.21271e-05
-6.40915e-05
9.2649e-05
-0.00011626
0.000117606
-0.000152409
0.000111358
-0.000160815
6.74783e-05
-0.000162409
3.86888e-05
-0.000164727
2.32673e-05
-0.000167001
2.66186e-06
-0.000166315
-2.41719e-05
-0.000162803
-4.51946e-05
-0.000154752
-5.68185e-05
-0.000135492
-5.76317e-05
-0.000104559
-4.40435e-05
-7.85206e-05
-2.83861e-05
-7.22733e-05
-2.58545e-05
-7.60304e-05
-3.24727e-05
-7.39359e-05
-3.51979e-05
-2.50661e-05
-6.86532e-05
-6.12462e-06
3.97064e-05
6.00266e-07
3.47232e-05
-2.89453e-06
5.05832e-05
-1.44602e-05
6.36732e-05
-3.57525e-05
8.1897e-05
-6.76018e-05
0.000103976
-0.000104305
0.000129352
-0.000131336
0.000144637
-0.000141639
0.000121661
-0.000145248
7.10871e-05
-0.000149071
4.2512e-05
-0.000155137
2.93336e-05
-0.000162527
1.00513e-05
-0.000166418
-2.02804e-05
-0.00016895
-4.26626e-05
-0.000166058
-5.97105e-05
-0.000157255
-6.6435e-05
-0.000137031
-6.42673e-05
-0.000109251
-5.61662e-05
-8.82187e-05
-4.68867e-05
-7.64371e-05
-4.42544e-05
-7.32724e-05
-3.83626e-05
-3.25456e-05
-6.5793e-05
-5.94623e-06
4.56526e-05
-1.79036e-05
4.66803e-05
-2.85912e-05
6.12708e-05
-4.25841e-05
7.7666e-05
-5.80209e-05
9.73339e-05
-7.42144e-05
0.00012017
-8.81569e-05
0.000143295
-9.49798e-05
0.00015146
-9.84048e-05
0.000125086
-0.000108956
8.16381e-05
-0.000123151
5.67069e-05
-0.000133196
3.93791e-05
-0.000140642
1.74968e-05
-0.00015537
-5.55225e-06
-0.000167581
-3.04518e-05
-0.000168109
-5.91817e-05
-0.000165109
-6.94351e-05
-0.000156274
-7.31027e-05
-0.000141595
-7.08451e-05
-0.000121987
-6.64948e-05
-0.000103732
-6.25091e-05
-8.67418e-05
-5.53529e-05
-4.62139e-05
-7.30735e-05
-1.28695e-05
5.85221e-05
-2.71018e-05
6.09121e-05
-3.91903e-05
7.33594e-05
-4.94256e-05
8.79012e-05
-5.7135e-05
0.000105043
-6.13583e-05
0.000124393
-6.02339e-05
0.00014217
-5.57314e-05
0.000146958
-5.8124e-05
0.000127478
-7.14076e-05
9.49218e-05
-8.71306e-05
7.24302e-05
-0.000102359
5.46079e-05
-0.000119707
3.48445e-05
-0.000137785
1.25255e-05
-0.000149707
-1.85297e-05
-0.000161962
-4.69261e-05
-0.000163241
-6.81568e-05
-0.000159648
-7.66953e-05
-0.000151656
-7.88367e-05
-0.000140835
-7.73162e-05
-0.000129146
-7.41981e-05
-0.00011451
-6.99893e-05
-6.53533e-05
-9.53703e-05
-1.35805e-05
7.21028e-05
-2.68779e-05
7.42095e-05
-3.62522e-05
8.27334e-05
-4.22567e-05
9.39057e-05
-4.45626e-05
0.000107349
-4.23108e-05
0.000122141
-3.51315e-05
0.000134991
-2.68186e-05
0.000138645
-2.60627e-05
0.000126723
-3.61264e-05
0.000104986
-4.97553e-05
8.60595e-05
-6.39999e-05
6.88526e-05
-7.91433e-05
4.9988e-05
-9.48667e-05
2.8249e-05
-0.000115482
2.086e-06
-0.000136156
-2.62527e-05
-0.000149797
-5.45154e-05
-0.000154633
-7.18597e-05
-0.000148982
-8.44876e-05
-0.000142394
-8.39044e-05
-0.000133158
-8.34342e-05
-0.000122582
-8.05646e-05
-7.63735e-05
-0.000111562
-1.02588e-05
8.23616e-05
-2.01833e-05
8.4134e-05
-2.67386e-05
8.92886e-05
-2.98185e-05
9.69858e-05
-2.90796e-05
0.00010661
-2.40797e-05
0.000117141
-1.52516e-05
0.000126163
-5.9341e-06
0.000129328
-2.2463e-06
0.000123035
-6.63389e-06
0.000109374
-1.51958e-05
9.46216e-05
-2.55995e-05
7.92564e-05
-3.74673e-05
6.18559e-05
-5.09572e-05
4.17389e-05
-6.74499e-05
1.85786e-05
-8.69716e-05
-6.73109e-06
-0.000109926
-3.15604e-05
-0.000128819
-5.29669e-05
-0.000139642
-7.36644e-05
-0.00013649
-8.7057e-05
-0.000128944
-9.09803e-05
-0.000120981
-8.85277e-05
-8.66063e-05
-0.000110748
-5.74695e-06
8.81084e-05
-1.19006e-05
9.02874e-05
-1.5737e-05
9.31248e-05
-1.66733e-05
9.79221e-05
-1.43093e-05
0.000104246
-8.40626e-06
0.000111238
4.62822e-07
0.000117294
9.94265e-06
0.000119848
1.62012e-05
0.000116777
1.70118e-05
0.000108563
1.38995e-05
9.7734e-05
8.18589e-06
8.49701e-05
2.49143e-07
6.97928e-05
-9.91237e-06
5.19005e-05
-2.27751e-05
3.14414e-05
-3.8749e-05
9.24281e-06
-5.73531e-05
-1.2956e-05
-7.62465e-05
-3.40734e-05
-9.63784e-05
-5.35323e-05
-0.00011401
-6.94252e-05
-0.000122402
-8.2588e-05
-0.000117437
-9.34932e-05
-9.27662e-05
-0.000111277
-1.54875e-06
8.96571e-05
-4.43773e-06
9.31762e-05
-5.77203e-06
9.44593e-05
-4.94053e-06
9.70905e-05
-1.54097e-06
0.000100846
4.57484e-06
0.000105122
1.30021e-05
0.000108867
2.22521e-05
0.000110598
3.00163e-05
0.000109013
3.46506e-05
0.000103929
3.62202e-05
9.61643e-05
3.51557e-05
8.60347e-05
3.15815e-05
7.33673e-05
2.54011e-05
5.80809e-05
1.64064e-05
4.04361e-05
4.49478e-06
2.11544e-05
-9.84999e-06
1.38886e-06
-2.60162e-05
-1.7907e-05
-4.33951e-05
-3.61533e-05
-6.04484e-05
-5.23719e-05
-7.71775e-05
-6.58588e-05
-9.61219e-05
-7.45488e-05
-8.16059e-05
-0.000107282
1.69305e-06
8.79642e-05
1.40501e-06
9.34643e-05
2.20496e-06
9.36595e-05
4.52135e-06
9.4774e-05
8.68499e-06
9.66828e-05
1.48536e-05
9.89539e-05
2.27883e-05
0.000100932
3.16407e-05
0.000101746
4.00759e-05
0.000100578
4.69445e-05
9.70607e-05
5.18109e-05
9.12982e-05
5.45381e-05
8.33076e-05
5.49416e-05
7.29638e-05
5.27777e-05
6.0245e-05
4.78297e-05
4.53841e-05
4.00684e-05
2.89158e-05
2.98304e-05
1.16267e-05
1.76303e-05
-5.70687e-06
3.9989e-06
-2.25219e-05
-1.02853e-05
-3.80877e-05
-2.42726e-05
-5.18716e-05
-3.56793e-05
-6.31419e-05
-7.4534e-05
-4.27511e-05
3.55909e-06
8.4405e-05
5.45929e-06
9.15642e-05
7.99139e-06
9.11273e-05
1.15207e-05
9.12446e-05
1.63117e-05
9.18919e-05
2.25103e-05
9.27554e-05
3.00226e-05
9.34197e-05
3.84043e-05
9.33641e-05
4.6913e-05
9.20691e-05
5.47918e-05
8.9182e-05
6.15351e-05
8.4555e-05
6.6779e-05
7.8064e-05
7.01661e-05
6.95768e-05
7.13447e-05
5.90662e-05
7.00366e-05
4.66923e-05
6.61359e-05
3.28166e-05
5.98028e-05
1.79599e-05
5.14184e-05
2.67764e-06
4.14289e-05
-1.25324e-05
3.05062e-05
-2.7165e-05
1.9507e-05
-4.08724e-05
9.77362e-06
-5.34087e-05
-6.56933e-05
9.32819e-07
4.44289e-06
7.99621e-05
7.95296e-06
8.80542e-05
1.17841e-05
8.72961e-05
1.62396e-05
8.67891e-05
2.15184e-05
8.66129e-05
2.77487e-05
8.65251e-05
3.49177e-05
8.62508e-05
4.28123e-05
8.54696e-05
5.10323e-05
8.38491e-05
5.91045e-05
8.11101e-05
6.66038e-05
7.70558e-05
7.31431e-05
7.15247e-05
7.83324e-05
6.43876e-05
8.1794e-05
5.56045e-05
8.32161e-05
4.52703e-05
8.24153e-05
3.36176e-05
7.93925e-05
2.0983e-05
7.43247e-05
7.74553e-06
6.75032e-05
-5.71087e-06
5.93486e-05
-1.90105e-05
5.03205e-05
-3.18443e-05
4.0864e-05
-4.39521e-05
-5.53281e-05
3.04989e-05
4.78248e-06
7.51798e-05
9.30249e-06
8.35343e-05
1.39973e-05
8.26012e-05
1.90803e-05
8.17063e-05
2.4688e-05
8.1005e-05
3.09168e-05
8.02962e-05
3.77855e-05
7.93823e-05
4.51997e-05
7.80556e-05
5.29479e-05
7.61008e-05
6.07413e-05
7.33166e-05
6.82662e-05
6.95309e-05
7.51935e-05
6.45973e-05
8.11767e-05
5.84044e-05
8.58719e-05
5.09094e-05
8.89783e-05
4.2164e-05
9.02804e-05
3.23155e-05
8.96794e-05
2.15841e-05
8.71951e-05
1.02298e-05
8.29463e-05
-1.46202e-06
7.71227e-05
-1.31869e-05
6.9926e-05
-2.46476e-05
6.14899e-05
-3.55162e-05
-4.54445e-05
5.16061e-05
4.85283e-06
7.03271e-05
9.91058e-06
7.84764e-05
1.50878e-05
7.7424e-05
2.05159e-05
7.62779e-05
2.62806e-05
7.52405e-05
3.24418e-05
7.4135e-05
3.9019e-05
7.28052e-05
4.59691e-05
7.11053e-05
5.31781e-05
6.88919e-05
6.04693e-05
6.60254e-05
6.7623e-05
6.23771e-05
7.43863e-05
5.78339e-05
8.04801e-05
5.23104e-05
8.56195e-05
4.577e-05
8.95422e-05
3.82414e-05
9.20377e-05
2.982e-05
9.29662e-05
2.06556e-05
9.2261e-05
1.09351e-05
8.99209e-05
8.77901e-07
8.59888e-05
-9.25484e-06
8.05149e-05
-1.91736e-05
7.35173e-05
-2.85184e-05
-3.68212e-05
6.48944e-05
4.79529e-06
6.55316e-05
1.00691e-05
7.32023e-05
1.54375e-05
7.20556e-05
2.09758e-05
7.07393e-05
2.6736e-05
6.94804e-05
3.2749e-05
6.81222e-05
3.90216e-05
6.65326e-05
4.55266e-05
6.46e-05
5.21951e-05
6.22233e-05
5.89141e-05
5.93065e-05
6.55311e-05
5.57601e-05
7.18597e-05
5.15052e-05
7.76873e-05
4.64828e-05
8.27898e-05
4.06675e-05
8.69524e-05
3.40788e-05
8.99889e-05
2.67834e-05
9.17547e-05
1.88897e-05
9.21485e-05
1.05413e-05
9.1108e-05
1.9185e-06
8.86019e-05
-6.74866e-06
8.46059e-05
-1.51777e-05
7.90882e-05
-2.30009e-05
-2.9724e-05
7.19908e-05
4.66921e-06
6.08622e-05
9.95501e-06
6.79162e-05
1.53141e-05
6.66964e-05
2.07895e-05
6.52637e-05
2.64151e-05
6.38547e-05
3.22036e-05
6.23338e-05
3.81489e-05
6.05871e-05
4.4225e-05
5.85238e-05
5.03809e-05
5.60674e-05
5.6537e-05
5.31504e-05
6.25849e-05
4.97124e-05
6.83881e-05
4.5702e-05
7.37882e-05
4.10829e-05
7.86139e-05
3.58419e-05
8.26958e-05
2.99971e-05
8.58786e-05
2.36007e-05
8.803e-05
1.67384e-05
8.9043e-05
9.52834e-06
8.88342e-05
2.12734e-06
8.73414e-05
-5.25569e-06
8.45133e-05
-1.23495e-05
8.03068e-05
-1.87943e-05
-2.41118e-05
7.46947e-05
4.4914e-06
5.63707e-05
9.66259e-06
6.27448e-05
1.48857e-05
6.14731e-05
2.01845e-05
5.99649e-05
2.55845e-05
5.84547e-05
3.10893e-05
5.6829e-05
3.66852e-05
5.4991e-05
4.23437e-05
5.28651e-05
4.80205e-05
5.03905e-05
5.36534e-05
4.75175e-05
5.91606e-05
4.42052e-05
6.44405e-05
4.04221e-05
6.93747e-05
3.61487e-05
7.38337e-05
3.13827e-05
7.76861e-05
2.61447e-05
8.08064e-05
2.04806e-05
8.30812e-05
1.44636e-05
8.44117e-05
8.19783e-06
8.47137e-05
1.82512e-06
8.3919e-05
-4.46102e-06
8.19739e-05
-1.04044e-05
7.88434e-05
-1.56638e-05
-1.97962e-05
7.45278e-05
4.26775e-06
5.21028e-05
9.24472e-06
5.77678e-05
1.4257e-05
5.64608e-05
1.93125e-05
5.49094e-05
2.44316e-05
5.33356e-05
2.96145e-05
5.16461e-05
3.48449e-05
4.97605e-05
4.00939e-05
4.7616e-05
4.53209e-05
4.51635e-05
5.04732e-05
4.23651e-05
5.54857e-05
3.91927e-05
6.02799e-05
3.56279e-05
6.47657e-05
3.1663e-05
6.88445e-05
2.73041e-05
7.24144e-05
2.25748e-05
7.53756e-05
1.75193e-05
7.76344e-05
1.22048e-05
7.91054e-05
6.72678e-06
7.97134e-05
1.21698e-06
7.93963e-05
-4.14401e-06
7.8109e-05
-9.11722e-06
7.58321e-05
-1.3387e-05
-1.65543e-05
7.25902e-05
4.0113e-06
4.80913e-05
8.74325e-06
5.3036e-05
1.3502e-05
5.17021e-05
1.82785e-05
5.01329e-05
2.30878e-05
4.85265e-05
2.79286e-05
4.68053e-05
3.27859e-05
4.49032e-05
3.76329e-05
4.2769e-05
4.24329e-05
4.03635e-05
4.71406e-05
3.76575e-05
5.17018e-05
3.46317e-05
5.60537e-05
3.12761e-05
6.01257e-05
2.7591e-05
6.38415e-05
2.35883e-05
6.71216e-05
1.92948e-05
6.98869e-05
1.47541e-05
7.20611e-05
1.00305e-05
7.35737e-05
5.21414e-06
7.43617e-05
4.2897e-07
7.43741e-05
-4.15642e-06
7.35784e-05
-8.32154e-06
7.19712e-05
-1.17798e-05
-1.41797e-05
6.95966e-05
3.74437e-06
4.43469e-05
8.20064e-06
4.85802e-05
1.26813e-05
4.72213e-05
1.71606e-05
4.56537e-05
2.16467e-05
4.40407e-05
2.61379e-05
4.2314e-05
3.06219e-05
4.04192e-05
3.50756e-05
3.83153e-05
3.94677e-05
3.59716e-05
4.37589e-05
3.33663e-05
4.79039e-05
3.04868e-05
5.18512e-05
2.73289e-05
5.55442e-05
2.3898e-05
5.89224e-05
2.02102e-05
6.19232e-05
1.62942e-05
6.44834e-05
1.21939e-05
6.65419e-05
7.97189e-06
6.80417e-05
3.71428e-06
6.89322e-05
-4.61624e-07
6.91748e-05
-4.39901e-06
6.87494e-05
-7.8961e-06
6.76659e-05
-1.06963e-05
-1.2495e-05
6.59812e-05
3.49055e-06
4.08565e-05
7.65673e-06
4.44144e-05
1.1845e-05
4.30327e-05
1.60172e-05
4.14816e-05
2.0175e-05
3.98829e-05
2.43167e-05
3.81722e-05
2.84325e-05
3.63034e-05
3.25039e-05
3.4244e-05
3.65049e-05
3.19708e-05
4.04027e-05
2.94686e-05
4.41593e-05
2.67302e-05
4.77324e-05
2.37559e-05
5.10757e-05
2.05547e-05
5.41405e-05
1.71454e-05
5.68767e-05
1.3558e-05
5.92339e-05
9.83659e-06
6.11634e-05
6.04228e-06
6.26197e-05
2.25788e-06
6.35635e-05
-1.40558e-06
6.39676e-05
-4.8031e-06
6.38224e-05
-7.75091e-06
6.31475e-05
-1.00214e-05
-1.13535e-05
6.2006e-05
3.26509e-06
3.75918e-05
7.14016e-06
4.05394e-05
1.1029e-05
3.91437e-05
1.48887e-05
3.7622e-05
1.87177e-05
3.60538e-05
2.25142e-05
3.43757e-05
2.62705e-05
3.2547e-05
2.99725e-05
3.0542e-05
3.35992e-05
2.83442e-05
3.71238e-05
2.5944e-05
4.05152e-05
2.33387e-05
4.37384e-05
2.05325e-05
4.67558e-05
1.75372e-05
4.95276e-05
1.43733e-05
5.20137e-05
1.10718e-05
5.41735e-05
7.67658e-06
5.59683e-05
4.24731e-06
5.73625e-05
8.63569e-07
5.83266e-05
-2.36973e-06
5.88425e-05
-5.31895e-06
5.8909e-05
-7.81734e-06
5.85517e-05
-9.66408e-06
-1.06372e-05
5.78354e-05
3.07038e-06
3.45218e-05
6.66281e-06
3.69467e-05
1.0251e-05
3.55556e-05
1.37973e-05
3.40756e-05
1.73004e-05
3.25505e-05
2.07591e-05
3.09169e-05
2.41675e-05
2.91384e-05
2.75149e-05
2.71945e-05
3.07847e-05
2.50742e-05
3.39556e-05
2.27729e-05
3.70025e-05
2.02917e-05
3.9897e-05
1.76379e-05
4.26083e-05
1.48256e-05
4.51046e-05
1.18768e-05
4.73532e-05
8.82308e-06
4.93217e-05
5.70786e-06
5.09796e-05
2.58934e-06
5.22995e-05
-4.56358e-07
5.32598e-05
-3.32999e-06
5.38499e-05
-5.90891e-06
5.40745e-05
-8.04191e-06
5.39628e-05
-9.55232e-06
-1.02524e-05
5.3578e-05
2.89793e-06
3.16239e-05
6.22064e-06
3.36237e-05
9.5125e-06
3.22638e-05
1.27493e-05
3.08385e-05
1.59335e-05
2.93664e-05
1.90647e-05
2.77857e-05
2.21391e-05
2.60639e-05
2.51484e-05
2.41852e-05
2.80799e-05
2.21427e-05
3.09169e-05
1.99358e-05
3.36393e-05
1.75691e-05
3.62247e-05
1.50525e-05
3.86483e-05
1.2402e-05
4.08845e-05
9.64058e-06
4.29071e-05
6.80039e-06
4.46906e-05
3.92432e-06
4.6211e-05
1.06884e-06
4.74474e-05
-1.69267e-06
4.83856e-05
-4.26809e-06
4.902e-05
-6.54331e-06
4.936e-05
-8.38184e-06
4.94359e-05
-9.62828e-06
-1.01244e-05
4.93078e-05
2.73417e-06
2.88895e-05
5.79978e-06
3.0558e-05
8.8041e-06
2.92594e-05
1.17405e-05
2.79019e-05
1.46164e-05
2.64906e-05
1.74336e-05
2.49685e-05
2.01899e-05
2.33075e-05
2.28794e-05
2.14957e-05
2.54923e-05
1.95298e-05
2.80157e-05
1.74123e-05
3.04342e-05
1.51507e-05
3.27299e-05
1.27568e-05
3.48834e-05
1.02484e-05
3.68744e-05
7.64953e-06
3.86822e-05
4.9925e-06
4.02868e-05
2.31971e-06
4.16702e-05
-3.14585e-07
4.28168e-05
-2.83925e-06
4.37178e-05
-5.16906e-06
4.43723e-05
-7.19784e-06
4.47923e-05
-8.80195e-06
4.50085e-05
-9.84457e-06
-1.01923e-05
4.50762e-05
2.56643e-06
2.63228e-05
5.38431e-06
2.77403e-05
8.11264e-06
2.65309e-05
1.07613e-05
2.52531e-05
1.3343e-05
2.39089e-05
1.58621e-05
2.24493e-05
1.83182e-05
2.08513e-05
2.07073e-05
1.91065e-05
2.30222e-05
1.72148e-05
2.52532e-05
1.51813e-05
2.73884e-05
1.30153e-05
2.94143e-05
1.07309e-05
3.13158e-05
8.34692e-06
3.30768e-05
5.88845e-06
3.46813e-05
3.38788e-06
3.61141e-05
8.86833e-07
3.73612e-05
-1.56173e-06
3.84133e-05
-3.89137e-06
3.92649e-05
-6.02079e-06
3.99189e-05
-7.85203e-06
4.03894e-05
-9.27258e-06
4.07062e-05
-1.01615e-05
-1.04059e-05
4.09197e-05
2.38687e-06
2.3936e-05
4.96253e-06
2.51649e-05
7.42714e-06
2.40663e-05
9.80272e-06
2.28778e-05
1.21062e-05
2.16054e-05
1.43447e-05
2.02107e-05
1.65196e-05
1.86763e-05
1.86284e-05
1.69976e-05
2.06663e-05
1.51768e-05
2.26264e-05
1.32211e-05
2.44997e-05
1.11418e-05
2.62761e-05
8.95442e-06
2.79438e-05
6.67912e-06
2.94905e-05
4.3417e-06
3.09037e-05
1.97458e-06
3.2172e-05
-3.81507e-07
3.32858e-05
-2.67569e-06
3.42394e-05
-4.84507e-06
3.50314e-05
-6.81292e-06
3.56675e-05
-8.48825e-06
3.61631e-05
-9.76831e-06
3.6547e-05
-1.05455e-05
-1.07234e-05
3.68645e-05
2.19345e-06
2.17428e-05
4.52955e-06
2.2829e-05
6.74184e-06
2.1854e-05
8.85902e-06
2.07609e-05
1.0901e-05
1.95634e-05
1.28771e-05
1.82347e-05
1.47898e-05
1.67636e-05
1.66386e-05
1.51488e-05
1.84206e-05
1.33948e-05
2.01311e-05
1.15106e-05
2.17639e-05
9.50901e-06
2.33112e-05
7.40707e-06
2.4764e-05
5.2263e-06
2.61124e-05
2.99324e-06
2.73468e-05
7.40149e-07
2.84587e-05
-1.49349e-06
2.94423e-05
-3.65935e-06
3.02949e-05
-5.69784e-06
3.10186e-05
-7.53674e-06
3.16215e-05
-9.09129e-06
3.21203e-05
-1.02672e-05
3.25428e-05
-1.09679e-05
-1.11102e-05
3.29296e-05
1.98864e-06
1.97543e-05
4.08655e-06
2.07311e-05
6.0564e-06
1.98842e-05
7.92909e-06
1.88882e-05
9.72598e-06
1.77664e-05
1.14573e-05
1.65034e-05
1.31268e-05
1.5094e-05
1.47355e-05
1.35401e-05
1.62821e-05
1.18481e-05
1.7764e-05
1.00286e-05
1.9177e-05
8.09592e-06
2.05155e-05
6.06856e-06
2.17721e-05
3.96968e-06
2.29385e-05
1.82685e-06
2.40067e-05
-3.28008e-07
2.49706e-05
-2.45743e-06
2.58272e-05
-4.51605e-06
2.6577e-05
-6.44778e-06
2.72249e-05
-8.18473e-06
2.77814e-05
-9.64782e-06
2.82643e-05
-1.07501e-05
2.87006e-05
-1.14042e-05
-1.15374e-05
2.91279e-05
1.77684e-06
1.79775e-05
3.63823e-06
1.88696e-05
5.37455e-06
1.81478e-05
7.01597e-06
1.72465e-05
8.58345e-06
1.61987e-05
1.00872e-05
1.49996e-05
1.15318e-05
1.36493e-05
1.29193e-05
1.21524e-05
1.425e-05
1.05172e-05
1.55232e-05
8.75536e-06
1.67365e-05
6.88254e-06
1.78858e-05
4.91925e-06
1.89646e-05
2.89089e-06
1.99648e-05
8.26676e-07
2.08788e-05
-1.24207e-06
2.17025e-05
-3.28114e-06
2.24352e-05
-5.24892e-06
2.30805e-05
-7.09316e-06
2.3646e-05
-8.7502e-06
2.41442e-05
-1.01461e-05
2.45944e-05
-1.12003e-05
2.50235e-05
-1.18333e-05
-1.19805e-05
2.54665e-05
1.56227e-06
1.64152e-05
3.19068e-06
1.7241e-05
4.70289e-06
1.66355e-05
6.12637e-06
1.58227e-05
7.47992e-06
1.4845e-05
8.77283e-06
1.37065e-05
1.001e-05
1.24119e-05
1.11941e-05
1.0968e-05
1.23271e-05
9.38407e-06
1.34097e-05
7.67253e-06
1.44417e-05
5.85048e-06
1.54201e-05
3.94084e-06
1.63385e-05
1.97249e-06
1.71873e-05
-2.21435e-08
1.79581e-05
-2.01297e-06
1.8648e-05
-3.97114e-06
1.92592e-05
-5.86018e-06
1.9798e-05
-7.63204e-06
2.02748e-05
-9.22699e-06
2.07044e-05
-1.05756e-05
2.11071e-05
-1.16029e-05
2.15099e-05
-1.22361e-05
-1.24173e-05
2.19468e-05
1.34844e-06
1.50668e-05
2.75096e-06
1.58384e-05
4.05078e-06
1.53356e-05
5.27087e-06
1.46025e-05
6.42632e-06
1.36894e-05
7.5249e-06
1.26077e-05
8.57118e-06
1.13654e-05
9.56845e-06
9.97057e-06
1.05197e-05
8.43264e-06
1.14277e-05
6.7644e-06
1.2294e-05
4.98401e-06
1.31175e-05
3.11728e-06
1.38912e-05
1.19875e-06
1.46017e-05
-7.32711e-07
1.52379e-05
-2.64925e-06
1.57983e-05
-4.53163e-06
1.62886e-05
-6.35052e-06
1.67186e-05
-8.06204e-06
1.71012e-05
-9.60961e-06
1.74531e-05
-1.09274e-05
1.77953e-05
-1.19451e-05
1.81549e-05
-1.25957e-05
-1.28273e-05
1.85648e-05
1.13938e-06
1.39274e-05
2.32834e-06
1.46494e-05
3.43133e-06
1.42326e-05
4.46466e-06
1.35692e-05
5.43889e-06
1.27151e-05
6.35981e-06
1.16867e-05
7.23123e-06
1.04939e-05
8.05653e-06
9.14513e-06
8.8396e-06
7.64941e-06
9.58508e-06
6.01879e-06
1.02974e-05
4.27157e-06
1.0978e-05
2.43654e-06
1.16198e-05
5.56895e-07
1.2202e-05
-1.31505e-06
1.2708e-05
-3.15543e-06
1.31396e-05
-4.96331e-06
1.35078e-05
-6.71879e-06
1.38266e-05
-8.38078e-06
1.41109e-05
-9.89395e-06
1.43782e-05
-1.11946e-05
1.46494e-05
-1.22163e-05
1.49508e-05
-1.28971e-05
-1.31905e-05
1.53141e-05
9.41879e-07
1.29855e-05
1.93656e-06
1.36546e-05
2.863e-06
1.33062e-05
3.72887e-06
1.27033e-05
4.54016e-06
1.19037e-05
5.30062e-06
1.09261e-05
6.01291e-06
9.78153e-06
6.6798e-06
8.47814e-06
7.30532e-06
7.02376e-06
7.89557e-06
5.4284e-06
8.45854e-06
3.70844e-06
9.00102e-06
1.89389e-06
9.51813e-06
3.95985e-08
9.97647e-06
-1.77358e-06
1.03503e-05
-3.52945e-06
1.06493e-05
-5.26242e-06
1.08932e-05
-6.96271e-06
1.11e-05
-8.58752e-06
1.12853e-05
-1.00793e-05
1.14654e-05
-1.13747e-05
1.16593e-05
-1.24102e-05
1.18909e-05
-1.31286e-05
-1.34889e-05
1.21893e-05
7.68473e-07
1.22169e-05
1.59721e-06
1.28257e-05
2.37205e-06
1.25313e-05
3.0919e-06
1.19834e-05
3.75977e-06
1.12357e-05
4.37788e-06
1.0308e-05
4.94724e-06
9.2121e-06
5.46874e-06
7.95655e-06
5.94468e-06
6.54769e-06
6.38085e-06
4.99206e-06
6.78869e-06
3.30041e-06
7.18457e-06
1.49781e-06
7.57457e-06
-3.50588e-07
7.90313e-06
-2.10231e-06
8.13227e-06
-3.75872e-06
8.29051e-06
-5.42072e-06
8.40958e-06
-7.08179e-06
8.50904e-06
-8.68698e-06
8.60156e-06
-1.01718e-05
8.69893e-06
-1.14721e-05
8.81585e-06
-1.25271e-05
8.97188e-06
-1.32847e-05
-1.37089e-05
9.19189e-06
6.45062e-07
1.15716e-05
1.34612e-06
1.21246e-05
1.99521e-06
1.18822e-05
2.58959e-06
1.13889e-05
3.1337e-06
1.06916e-05
3.62895e-06
9.81267e-06
4.0736e-06
8.7674e-06
4.46434e-06
7.56573e-06
4.79831e-06
6.21359e-06
5.07628e-06
4.71395e-06
5.30865e-06
3.06788e-06
5.52555e-06
1.28075e-06
5.76743e-06
-5.92596e-07
5.9417e-06
-2.27666e-06
5.99644e-06
-3.81349e-06
6.00519e-06
-5.42946e-06
6.00831e-06
-7.08489e-06
6.017e-06
-8.69565e-06
6.03416e-06
-1.0189e-05
6.06365e-06
-1.15016e-05
6.1136e-06
-1.25771e-05
6.19751e-06
-1.33686e-05
-1.38455e-05
6.33407e-06
6.27896e-07
1.09436e-05
1.23174e-06
1.15207e-05
1.76786e-06
1.1346e-05
2.25328e-06
1.09035e-05
2.69543e-06
1.02494e-05
3.09259e-06
9.41551e-06
3.4378e-06
8.42217e-06
3.72078e-06
7.2827e-06
3.92926e-06
6.00504e-06
4.05107e-06
4.59206e-06
4.07994e-06
3.03892e-06
4.04162e-06
1.319e-06
4.05318e-06
-6.042e-07
4.00205e-06
-2.22552e-06
3.83458e-06
-3.64598e-06
3.70854e-06
-5.30337e-06
3.63132e-06
-7.00763e-06
3.58599e-06
-8.65032e-06
3.56012e-06
-1.01631e-05
3.54854e-06
-1.14901e-05
3.55275e-06
-1.25814e-05
3.57972e-06
-1.33957e-05
-1.39062e-05
3.64041e-06
6.67563e-07
1.19733e-06
1.65339e-06
2.07148e-06
2.45596e-06
2.79995e-06
3.09133e-06
3.31356e-06
3.4451e-06
3.45826e-06
3.31178e-06
2.93157e-06
2.30708e-06
1.73697e-06
1.44178e-06
1.30029e-06
1.22898e-06
1.19026e-06
1.16631e-06
1.14973e-06
1.139e-06
1.13589e-06
1.14404e-06
-3.92458e-06
-3.98433e-06
-8.21278e-06
4.28817e-06
-2.53456e-05
1.71328e-05
3.06029e-05
-5.59485e-05
-6.11796e-05
8.57758e-07
-6.69821e-05
1.00907e-05
-7.01301e-05
2.02809e-05
2.85937e-05
-6.81209e-05
-8.54545e-05
9.34424e-07
-8.30068e-05
7.64301e-06
-7.7202e-05
1.4476e-05
2.02785e-05
-6.88867e-05
-8.63194e-05
-1.02109e-06
-8.19797e-05
3.30332e-06
-7.49631e-05
7.45939e-06
1.181e-05
-6.64946e-05
-7.6739e-05
-3.5597e-06
-7.31417e-05
-2.93979e-07
-6.80836e-05
2.40127e-06
4.66309e-06
-6.09367e-05
-6.51064e-05
-7.10649e-06
-6.09229e-05
-4.47745e-06
-5.61184e-05
-2.40331e-06
-9.53712e-07
-5.05016e-05
-6.14008e-05
-1.14987e-05
-5.66627e-05
-9.21559e-06
-5.14937e-05
-7.57231e-06
-6.58653e-06
-4.58609e-05
-6.69411e-05
-1.76309e-05
-6.08477e-05
-1.5309e-05
-5.46869e-05
-1.37331e-05
-1.2862e-05
-4.84114e-05
-8.56192e-05
-2.7382e-05
-7.70575e-05
-2.38707e-05
-6.88953e-05
-2.18953e-05
-2.08865e-05
-6.08708e-05
-0.000105381
-3.35627e-05
-9.77281e-05
-3.15241e-05
-8.98906e-05
-2.97329e-05
-2.84269e-05
-8.23502e-05
-0.000105259
-3.90515e-05
-9.93603e-05
-3.74229e-05
-9.3074e-05
-3.60191e-05
-3.51152e-05
-8.63857e-05
-0.000107644
-4.26846e-05
-0.000102558
-4.25087e-05
-9.52158e-05
-4.33615e-05
-4.31384e-05
-8.71925e-05
-0.000105806
-4.41611e-05
-0.000100349
-4.7965e-05
-9.33134e-05
-5.03976e-05
-5.04728e-05
-8.5979e-05
-4.58533e-05
-4.10587e-05
-4.91686e-05
-4.46495e-05
-5.20304e-05
-4.75355e-05
-4.95428e-05
-5.29603e-05
-4.54241e-06
-3.55835e-05
-1.07281e-05
-3.8464e-05
-1.70389e-05
-4.12249e-05
-4.37347e-05
-2.2847e-05
2.48311e-05
-2.99156e-05
1.87191e-05
-3.23518e-05
1.23271e-05
-3.48328e-05
-3.72491e-05
5.84147e-06
4.62353e-05
-2.45451e-05
4.04058e-05
-2.65224e-05
3.41826e-05
-2.86098e-05
-3.07622e-05
2.76957e-05
6.01567e-05
-1.98072e-05
5.49822e-05
-2.13478e-05
4.93875e-05
-2.30151e-05
-2.48072e-05
4.34325e-05
6.80482e-05
-1.58646e-05
6.37129e-05
-1.70125e-05
5.89809e-05
-1.82831e-05
-1.97022e-05
5.38758e-05
7.15488e-05
-1.27188e-05
6.80728e-05
-1.35365e-05
6.42544e-05
-1.44647e-05
-1.55439e-05
6.00962e-05
7.20939e-05
-1.02849e-05
6.93966e-05
-1.08391e-05
6.64212e-05
-1.14894e-05
-1.22814e-05
6.31587e-05
7.07528e-05
-8.44739e-06
6.8713e-05
-8.79933e-06
6.64566e-05
-9.23298e-06
-9.79343e-06
6.39686e-05
6.82414e-05
-7.09226e-06
6.67354e-05
-7.2933e-06
6.5065e-05
-7.5625e-06
-7.94138e-06
6.32129e-05
6.50102e-05
-6.12125e-06
6.3929e-05
-6.21207e-06
6.27249e-05
-6.35837e-06
-6.59712e-06
6.13807e-05
6.1339e-05
-5.45424e-06
6.05926e-05
-5.46567e-06
5.97552e-05
-5.52097e-06
-5.65244e-06
5.88105e-05
5.7407e-05
-5.02593e-06
5.69223e-05
-4.98098e-06
5.63707e-05
-4.96943e-06
-5.0191e-06
5.57374e-05
5.33346e-05
-4.78269e-06
5.30522e-05
-4.6986e-06
5.27213e-05
-4.63852e-06
-4.62607e-06
5.23282e-05
4.92058e-05
-4.6808e-06
4.90778e-05
-4.57063e-06
4.89152e-05
-4.47597e-06
-4.41665e-06
4.87057e-05
4.50807e-05
-4.68529e-06
4.5069e-05
-4.55901e-06
4.50336e-05
-4.44052e-06
-4.34631e-06
4.49632e-05
4.10032e-05
-4.76881e-06
4.10783e-05
-4.6341e-06
4.1138e-05
-4.5002e-06
-4.38079e-06
4.11725e-05
3.70058e-05
-4.91011e-06
3.71449e-05
-4.7731e-06
3.72754e-05
-4.63066e-06
-4.49415e-06
3.73887e-05
3.3112e-05
-5.09248e-06
3.32973e-05
-4.95835e-06
3.348e-05
-4.81332e-06
-4.6668e-06
3.36526e-05
2.93378e-05
-5.30234e-06
2.95551e-05
-5.17574e-06
2.97754e-05
-5.03356e-06
-4.88346e-06
2.9992e-05
2.5692e-05
-5.5279e-06
2.59295e-05
-5.41318e-06
2.61748e-05
-5.27895e-06
-5.13127e-06
2.64226e-05
2.21769e-05
-5.75809e-06
2.2423e-05
-5.65931e-06
2.26818e-05
-5.53778e-06
-5.39807e-06
2.29486e-05
1.87885e-05
-5.98181e-06
1.90317e-05
-5.90245e-06
1.92917e-05
-5.79778e-06
-5.67103e-06
1.95646e-05
1.55199e-05
-6.18759e-06
1.57476e-05
-6.1301e-06
1.59953e-05
-6.04545e-06
-5.93568e-06
1.62599e-05
1.23658e-05
-6.36396e-06
1.25649e-05
-6.32922e-06
1.27856e-05
-6.26617e-06
-6.17591e-06
1.30259e-05
9.32889e-06
-6.50096e-06
9.48739e-06
-6.48769e-06
9.66689e-06
-6.44565e-06
-6.37527e-06
9.86627e-06
6.42549e-06
-6.59241e-06
6.53469e-06
-6.5969e-06
6.6617e-06
-6.57264e-06
-6.51967e-06
6.80612e-06
3.68656e-06
-6.63859e-06
3.74437e-06
-6.65471e-06
3.81452e-06
-6.64278e-06
-6.60264e-06
3.89751e-06
1.15441e-06
1.16888e-06
1.18798e-06
1.21215e-06
-4.26268e-05
9.56625e-05
-3.76027e-05
8.63506e-05
-4.65744e-05
8.61382e-05
-4.86455e-05
5.49706e-05
-3.7679e-05
-1.28617e-05
-2.74243e-05
-5.77088e-05
-1.89562e-05
-7.50621e-05
-1.26374e-05
-7.86127e-05
-2.94098e-06
-7.50437e-05
2.72158e-05
-7.27044e-05
6.7935e-05
-4.04395e-05
7.03653e-05
4.2234e-06
5.44976e-05
1.6685e-05
4.82561e-05
-1.38295e-06
5.23849e-05
-1.93926e-05
5.70533e-05
-2.58076e-05
5.96519e-05
-1.9122e-05
4.89558e-05
1.14319e-05
6.6727e-05
-5.01194e-05
7.76609e-05
-4.20508e-05
7.8282e-05
-3.72543e-05
8.13416e-05
-2.27398e-05
4.04562e-05
-1.21218e-05
-2.34798e-05
-7.89302e-06
-6.19375e-05
-4.75723e-06
-7.81979e-05
-3.86636e-06
-7.95035e-05
-2.23889e-06
-7.66712e-05
1.43514e-05
-8.92946e-05
4.44124e-05
-7.05006e-05
6.18341e-05
-1.31984e-05
5.76244e-05
2.08947e-05
5.88522e-05
-2.61083e-06
5.97941e-05
-2.03345e-05
5.82361e-05
-2.42496e-05
5.29729e-05
-1.38588e-05
4.02035e-05
2.42013e-05
0.00010693
-5.08423e-05
5.96165e-05
-4.05574e-05
6.7997e-05
-2.06999e-05
6.14841e-05
1.82561e-07
1.95737e-05
8.4191e-06
-3.17163e-05
8.55764e-06
-6.2076e-05
9.00121e-06
-7.86415e-05
3.72964e-06
-7.4232e-05
1.16775e-06
-7.41093e-05
1.10441e-05
-9.9171e-05
2.48092e-05
-8.42657e-05
4.13074e-05
-2.96966e-05
5.06098e-05
1.15924e-05
6.01238e-05
-1.21248e-05
6.27391e-05
-2.29498e-05
5.90318e-05
-2.05423e-05
4.60683e-05
-8.95349e-07
2.34217e-05
4.68479e-05
0.000130352
-4.74302e-05
4.05521e-05
-2.49567e-05
4.55234e-05
-1.2776e-07
3.66552e-05
1.69358e-05
2.51014e-06
1.93243e-05
-3.41048e-05
1.85771e-05
-6.13288e-05
1.79502e-05
-7.80146e-05
5.6421e-06
-6.19238e-05
6.91554e-06
-7.53827e-05
1.1954e-05
-0.000104209
1.78201e-05
-9.01318e-05
2.62537e-05
-3.81302e-05
4.62459e-05
-8.39985e-06
5.94739e-05
-2.53528e-05
6.57885e-05
-2.92644e-05
6.41542e-05
-1.8908e-05
4.50705e-05
1.81884e-05
1.10582e-05
8.08601e-05
0.00014141
-3.86374e-05
1.82527e-05
-1.45694e-05
2.14554e-05
8.22004e-06
1.38658e-05
1.99697e-05
-9.2395e-06
2.2743e-05
-3.68781e-05
2.28882e-05
-6.1474e-05
1.68403e-05
-7.19667e-05
9.56069e-06
-5.46442e-05
1.83906e-05
-8.42126e-05
1.85436e-05
-0.000104362
1.73199e-05
-8.89081e-05
1.88455e-05
-3.96557e-05
4.28672e-05
-3.24216e-05
5.60107e-05
-3.84964e-05
6.37106e-05
-3.69643e-05
6.4477e-05
-1.96744e-05
4.32603e-05
3.9405e-05
2.93024e-06
0.00012119
0.000144341
-3.31494e-05
9.0055e-07
-1.42853e-05
2.59134e-06
3.10028e-06
-3.51972e-06
1.5467e-05
-2.16062e-05
2.30937e-05
-4.45049e-05
2.4896e-05
-6.32763e-05
1.18657e-05
-5.89364e-05
2.5398e-05
-6.81764e-05
3.50485e-05
-9.3863e-05
3.07195e-05
-0.000100033
2.39693e-05
-8.21579e-05
2.50878e-05
-4.07742e-05
3.71578e-05
-4.44917e-05
4.61279e-05
-4.74664e-05
5.01875e-05
-4.10239e-05
4.21006e-05
-1.15875e-05
-1.02551e-05
9.17607e-05
-3.77523e-05
0.000148687
0.000106588
-3.08241e-05
-1.41362e-05
-1.45963e-05
-1.36364e-05
2.37651e-06
-2.04926e-05
1.77808e-05
-3.70105e-05
2.75456e-05
-5.42696e-05
2.21594e-05
-5.78901e-05
2.15262e-05
-5.83034e-05
4.17327e-05
-8.83829e-05
4.94901e-05
-0.00010162
4.98512e-05
-0.000100395
3.64795e-05
-6.87863e-05
3.34628e-05
-3.77575e-05
3.21914e-05
-4.32203e-05
3.3175e-05
-4.845e-05
2.2174e-05
-3.00229e-05
-4.45624e-05
5.51488e-05
-0.000112701
0.000159899
-8.37297e-05
0.000119716
2.28585e-05
-3.32276e-05
-2.932e-05
-1.52638e-05
-3.16003e-05
6.47775e-06
-4.22341e-05
2.08027e-05
-5.13354e-05
2.80607e-05
-6.15275e-05
3.05471e-05
-6.03766e-05
4.08032e-05
-6.85594e-05
4.51751e-05
-9.27548e-05
4.88282e-05
-0.000105274
5.15158e-05
-0.000103082
4.71974e-05
-6.44681e-05
4.2393e-05
-3.29531e-05
3.15866e-05
-3.24139e-05
4.91346e-06
-2.17769e-05
-5.52691e-05
3.01596e-05
-0.00013408
0.000133959
-0.000150519
0.000176338
-8.34215e-05
5.2619e-05
-6.05631e-05
-4.62279e-05
-4.3963e-05
-3.55726e-05
-4.22554e-05
-2.0102e-05
-5.77048e-05
-2.69333e-06
-6.8744e-05
9.3993e-06
-7.36202e-05
2.579e-05
-7.67675e-05
4.01892e-05
-8.29586e-05
4.12803e-05
-9.3846e-05
4.18282e-05
-0.000105821
4.14068e-05
-0.000102661
3.52685e-05
-5.83297e-05
2.18882e-05
-1.95728e-05
-8.90522e-06
-1.62055e-06
-5.82469e-05
2.75648e-05
-0.000116355
8.82676e-05
-0.000153878
0.000171482
-0.000129855
0.000152315
-6.72151e-05
-1.0021e-05
-0.000127778
-6.34212e-05
-6.28919e-05
-4.15453e-05
-6.41313e-05
-2.54671e-05
-7.3783e-05
-1.30899e-05
-8.11213e-05
-8.65761e-07
-8.58444e-05
1.25927e-05
-9.02261e-05
2.55861e-05
-9.59519e-05
3.1338e-05
-9.95979e-05
2.80586e-05
-0.000102542
9.80015e-06
-8.44024e-05
-1.2105e-06
-4.7319e-05
-1.47445e-05
-6.03873e-06
-4.30348e-05
2.66697e-05
-8.56769e-05
7.02068e-05
-0.000121961
0.000124551
-0.000122925
0.000172447
-8.28492e-05
0.000112239
-4.43936e-05
-4.84766e-05
-0.000172172
-6.78676e-05
-8.141e-05
-4.86915e-05
-8.33074e-05
-3.35133e-05
-8.89612e-05
-2.06974e-05
-9.39371e-05
-9.25131e-06
-9.72905e-05
6.66931e-07
-0.000100144
8.51547e-06
-0.0001038
6.40265e-06
-9.74851e-05
-6.33028e-06
-8.98091e-05
-2.47892e-05
-6.59436e-05
-3.41152e-05
-3.7993e-05
-4.53678e-05
5.21371e-06
-6.84108e-05
4.97127e-05
-9.31672e-05
9.49631e-05
-0.000102721
0.000134105
-7.6282e-05
0.000146007
-3.45677e-05
7.05245e-05
-1.69569e-05
-6.60875e-05
-0.000189129
-6.74503e-05
-0.000101152
-4.97843e-05
-0.000100973
-3.65027e-05
-0.000102243
-2.55605e-05
-0.000104879
-1.54409e-05
-0.00010741
-6.70556e-06
-0.00010888
-1.42334e-05
-9.62726e-05
-2.34165e-05
-8.83019e-05
-3.84169e-05
-7.48086e-05
-5.17214e-05
-5.26392e-05
-6.35661e-05
-2.61483e-05
-7.49817e-05
1.66293e-05
-8.61312e-05
6.08621e-05
-8.9847e-05
9.8679e-05
-7.68894e-05
0.000121148
-3.97671e-05
0.000108885
-3.6871e-06
3.44445e-05
4.306e-06
-7.40807e-05
-0.000184823
-6.68718e-05
-0.000120259
-4.95369e-05
-0.000118308
-3.65395e-05
-0.00011524
-2.86517e-05
-0.000112767
-2.70868e-05
-0.000108975
-3.47983e-05
-0.000101168
-4.08609e-05
-9.021e-05
-4.86647e-05
-8.04982e-05
-6.07038e-05
-6.27695e-05
-7.36178e-05
-3.97252e-05
-8.69905e-05
-1.27757e-05
-9.38137e-05
2.34526e-05
-9.29075e-05
5.99559e-05
-8.18602e-05
8.76317e-05
-5.68331e-05
9.61206e-05
-2.02402e-05
7.2292e-05
7.61676e-06
6.58746e-06
1.26411e-05
-7.91051e-05
-0.000172182
-5.35154e-05
-0.000119704
-5.125e-05
-0.000120574
-4.8715e-05
-0.000117775
-4.80929e-05
-0.000113389
-5.04583e-05
-0.00010661
-5.5004e-05
-9.66224e-05
-5.98232e-05
-8.53908e-05
-6.76339e-05
-7.26875e-05
-7.78144e-05
-5.25892e-05
-8.79563e-05
-2.95832e-05
-9.66398e-05
-4.09218e-06
-9.79006e-05
2.47134e-05
-8.99507e-05
5.20061e-05
-7.19328e-05
6.96139e-05
-4.42496e-05
6.84375e-05
-1.24575e-05
4.04999e-05
9.16512e-06
-1.50352e-05
1.31851e-05
-8.31252e-05
-0.000158997
-3.21375e-05
-0.000110414
-3.90159e-05
-0.000113695
-4.45128e-05
-0.000112278
-4.99978e-05
-0.000107904
-5.60007e-05
-0.000100607
-6.22252e-05
-9.03979e-05
-6.92208e-05
-7.83951e-05
-7.7822e-05
-6.40863e-05
-8.57332e-05
-4.4678e-05
-9.23886e-05
-2.29279e-05
-9.61072e-05
-3.73435e-07
-9.3173e-05
2.17792e-05
-8.17493e-05
4.05825e-05
-6.19534e-05
4.98181e-05
-3.61041e-05
4.25882e-05
-9.79371e-06
1.41895e-05
7.21426e-06
-3.20433e-05
1.06388e-05
-8.65499e-05
-0.000148358
-8.65371e-06
-9.59189e-05
-2.10875e-05
-0.000101262
-3.18695e-05
-0.000101497
-4.17012e-05
-9.80728e-05
-5.09065e-05
-9.14014e-05
-5.95419e-05
-8.17625e-05
-6.80221e-05
-6.99149e-05
-7.65277e-05
-5.55807e-05
-8.33568e-05
-3.78488e-05
-8.77631e-05
-1.85215e-05
-8.8418e-05
2.81502e-07
-8.33313e-05
1.66927e-05
-7.11806e-05
2.84319e-05
-5.24586e-05
3.10963e-05
-2.97862e-05
1.99159e-05
-8.86445e-06
-6.73222e-06
4.28918e-06
-4.51971e-05
7.32657e-06
-8.95875e-05
-0.000141032
1.19783e-05
-8.02016e-05
-2.81223e-06
-8.64711e-05
-1.628e-05
-8.8029e-05
-2.8599e-05
-8.57538e-05
-3.9886e-05
-8.01142e-05
-5.01434e-05
-7.15052e-05
-5.94699e-05
-6.05883e-05
-6.77242e-05
-4.73263e-05
-7.38006e-05
-3.17723e-05
-7.69221e-05
-1.54e-05
-7.61118e-05
-5.28618e-07
-7.03603e-05
1.09412e-05
-5.89089e-05
1.69807e-05
-4.25257e-05
1.47131e-05
-2.40701e-05
1.46029e-06
-8.08819e-06
-2.27142e-05
1.85661e-06
-5.5142e-05
4.35983e-06
-9.20909e-05
-0.000136672
2.84574e-05
-6.52267e-05
1.34985e-05
-7.15124e-05
-6.96949e-07
-7.38335e-05
-1.39174e-05
-7.25334e-05
-2.60688e-05
-6.79628e-05
-3.702e-05
-6.0554e-05
-4.6666e-05
-5.09422e-05
-5.4624e-05
-3.93683e-05
-6.00975e-05
-2.62988e-05
-6.24038e-05
-1.30937e-05
-6.09727e-05
-1.95957e-06
-5.53413e-05
5.30979e-06
-4.54177e-05
7.05714e-06
-3.21893e-05
1.48475e-06
-1.81753e-05
-1.25537e-05
-6.36782e-06
-3.45217e-05
8.36136e-07
-6.2346e-05
2.64842e-06
-9.39033e-05
-0.000134023
4.0695e-05
-5.20459e-05
2.69233e-05
-5.77407e-05
1.33596e-05
-6.02699e-05
4.45798e-07
-5.96195e-05
-1.15345e-05
-5.59825e-05
-2.23373e-05
-4.97511e-05
-3.1755e-05
-4.15244e-05
-3.93117e-05
-3.18117e-05
-4.43378e-05
-2.12726e-05
-4.62389e-05
-1.11927e-05
-4.47884e-05
-3.41014e-06
-3.99245e-05
4.45856e-07
-3.19769e-05
-8.90444e-07
-2.20073e-05
-8.48485e-06
-1.18389e-05
-2.2722e-05
-3.53031e-06
-4.28303e-05
1.38815e-06
-6.72645e-05
2.52714e-06
-9.50424e-05
-0.000131496
4.91288e-05
-4.10784e-05
3.7243e-05
-4.58549e-05
2.51457e-05
-4.81726e-05
1.33527e-05
-4.78265e-05
2.2632e-06
-4.48929e-05
-7.78826e-06
-3.96996e-05
-1.65057e-05
-3.2807e-05
-2.34623e-05
-2.48552e-05
-2.80995e-05
-1.66356e-05
-2.99591e-05
-9.33316e-06
-2.89473e-05
-4.42191e-06
-2.52516e-05
-3.24994e-06
-1.93538e-05
-6.78825e-06
-1.22372e-05
-1.56014e-05
-5.29389e-06
-2.96653e-05
9.09721e-08
-4.82152e-05
3.00578e-06
-7.01794e-05
3.36268e-06
-9.53994e-05
-0.000128134
5.44052e-05
-3.23249e-05
4.46287e-05
-3.60782e-05
3.43885e-05
-3.79323e-05
2.41734e-05
-3.76113e-05
1.44096e-05
-3.5129e-05
5.47428e-06
-3.07643e-05
-2.2903e-06
-2.50425e-05
-8.50021e-06
-1.86453e-05
-1.2726e-05
-1.24099e-05
-1.46577e-05
-7.40152e-06
-1.42645e-05
-4.81513e-06
-1.18134e-05
-5.70115e-06
-7.84111e-06
-1.07605e-05
-3.18671e-06
-2.02558e-05
1.09401e-06
-3.3946e-05
4.01931e-06
-5.11405e-05
5.03598e-06
-7.11961e-05
4.51472e-06
-9.48782e-05
-0.000123619
5.71992e-05
-2.55555e-05
4.94487e-05
-2.83276e-05
4.11294e-05
-2.9613e-05
3.26549e-05
-2.91368e-05
2.44202e-05
-2.68943e-05
1.67931e-05
-2.31372e-05
1.01126e-05
-1.83621e-05
4.71464e-06
-1.32474e-05
9.18956e-07
-8.61429e-06
-1.07442e-06
-5.40818e-06
-1.29115e-06
-4.59842e-06
-4.76579e-09
-6.98754e-06
2.28501e-06
-1.30502e-05
4.88704e-06
-2.28578e-05
7.01658e-06
-3.60756e-05
7.96801e-06
-5.2092e-05
7.32364e-06
-7.05518e-05
5.56975e-06
-9.31243e-05
-0.000118049
5.81112e-05
-2.04537e-05
5.21438e-05
-2.23601e-05
4.56039e-05
-2.3073e-05
3.88188e-05
-2.23516e-05
3.21237e-05
-2.01991e-05
2.58435e-05
-1.6857e-05
2.02791e-05
-1.27977e-05
1.57066e-05
-8.67487e-06
1.23558e-05
-5.26354e-06
1.03455e-05
-3.3979e-06
9.61579e-06
-3.86871e-06
9.91014e-06
-7.28189e-06
1.08033e-05
-1.39434e-05
1.17538e-05
-2.38083e-05
1.21941e-05
-3.65159e-05
1.16494e-05
-5.15472e-05
9.8135e-06
-6.87159e-05
6.30122e-06
-8.96119e-05
-0.000111748
5.76281e-05
-1.67011e-05
5.31477e-05
-1.78796e-05
4.81451e-05
-1.80702e-05
4.28703e-05
-1.70767e-05
3.75924e-05
-1.49212e-05
3.25788e-05
-1.18433e-05
2.80758e-05
-8.29479e-06
2.42955e-05
-4.89451e-06
2.13925e-05
-2.36055e-06
1.94233e-05
-1.4287e-06
1.83058e-05
-2.75129e-06
1.78113e-05
-6.78736e-06
1.75909e-05
-1.3723e-05
1.72308e-05
-2.34481e-05
1.6329e-05
-3.56141e-05
1.45828e-05
-4.9801e-05
1.1797e-05
-6.593e-05
6.99932e-06
-8.48141e-05
-0.000104748
5.61251e-05
-1.40156e-05
5.28439e-05
-1.45984e-05
4.91107e-05
-1.4337e-05
4.51132e-05
-1.30792e-05
4.10605e-05
-1.08685e-05
3.71623e-05
-7.94518e-06
3.36081e-05
-4.74064e-06
3.05491e-05
-1.83553e-06
2.80779e-05
1.10615e-07
2.62026e-05
4.46646e-07
2.48253e-05
-1.37392e-06
2.37423e-05
-5.70434e-06
2.26688e-05
-1.26496e-05
2.12857e-05
-2.20649e-05
1.92965e-05
-3.36249e-05
1.64826e-05
-4.69871e-05
1.27254e-05
-6.21726e-05
7.95532e-06
-8.00439e-05
-9.67931e-05
5.38848e-05
-1.2163e-05
5.15508e-05
-1.22644e-05
4.8836e-05
-1.16222e-05
4.58799e-05
-1.01232e-05
4.28422e-05
-7.8307e-06
3.98819e-05
-4.98491e-06
3.71376e-05
-1.99647e-06
3.47088e-05
5.93322e-07
3.26383e-05
2.18118e-06
3.08973e-05
2.18763e-06
2.93766e-05
1.46833e-07
2.78925e-05
-4.22023e-06
2.62103e-05
-1.09674e-05
2.40816e-05
-1.99361e-05
2.12845e-05
-3.08278e-05
1.76562e-05
-4.33586e-05
1.31618e-05
-5.76781e-05
8.64046e-06
-7.55224e-05
-8.81526e-05
5.11198e-05
-1.09547e-05
4.95246e-05
-1.06692e-05
4.76125e-05
-9.71024e-06
4.5487e-05
-7.99773e-06
4.32678e-05
-5.61153e-06
4.10732e-05
-2.79038e-06
3.90004e-05
7.63239e-08
3.71075e-05
2.48622e-06
3.54003e-05
3.88847e-06
3.38235e-05
3.76449e-06
3.22606e-05
1.70967e-06
3.05444e-05
-2.50399e-06
2.84806e-05
-8.90362e-06
2.58817e-05
-1.73372e-05
2.26014e-05
-2.75474e-05
1.8567e-05
-3.93241e-05
1.38285e-05
-5.29395e-05
8.69839e-06
-7.03922e-05
-7.94541e-05
4.79926e-05
-1.02416e-05
4.69695e-05
-9.64614e-06
4.56846e-05
-8.42533e-06
4.42136e-05
-6.52681e-06
4.26459e-05
-4.04383e-06
4.10676e-05
-1.21211e-06
3.95438e-05
1.60015e-06
3.81024e-05
3.92757e-06
3.67235e-05
5.26743e-06
3.53345e-05
5.15348e-06
3.38152e-05
3.22901e-06
3.20117e-05
-7.00508e-07
2.9761e-05
-6.65288e-06
2.69246e-05
-1.45008e-05
2.34298e-05
-2.40525e-05
1.93165e-05
-3.52108e-05
1.46366e-05
-4.82595e-05
8.74853e-06
-6.45041e-05
-7.07055e-05
4.46294e-05
-9.90785e-06
4.40485e-05
-9.06516e-06
4.32525e-05
-7.62939e-06
4.22967e-05
-5.57101e-06
4.12466e-05
-2.99379e-06
4.01639e-05
-1.29507e-07
3.90901e-05
2.67391e-06
3.80325e-05
4.98521e-06
3.69547e-05
6.34531e-06
3.57745e-05
6.33361e-06
3.43713e-05
4.63225e-06
3.26011e-05
1.06972e-06
3.0321e-05
-4.37282e-06
2.74228e-05
-1.16025e-05
2.38772e-05
-2.05069e-05
1.98009e-05
-3.11344e-05
1.54409e-05
-4.38993e-05
9.23455e-06
-5.82976e-05
-6.14709e-05
4.11288e-05
-9.86414e-06
4.08906e-05
-8.82692e-06
4.04781e-05
-7.21698e-06
3.99308e-05
-5.0237e-06
3.9296e-05
-2.35911e-06
3.86171e-05
5.49401e-07
3.79187e-05
3.37235e-06
3.71946e-05
5.70934e-06
3.63997e-05
7.14018e-06
3.54491e-05
7.28423e-06
3.42247e-05
5.85664e-06
3.25907e-05
2.7038e-06
3.04161e-05
-2.19824e-06
2.76072e-05
-8.79349e-06
2.41496e-05
-1.70493e-05
2.01829e-05
-2.71676e-05
1.62381e-05
-3.99544e-05
9.74196e-06
-5.18014e-05
-5.17288e-05
3.75671e-05
-1.00425e-05
3.75968e-05
-8.85663e-06
3.74891e-05
-7.10937e-06
3.72712e-05
-4.8058e-06
3.69764e-05
-2.06441e-06
3.66341e-05
8.91728e-07
3.62571e-05
3.74945e-06
3.58312e-05
6.13531e-06
3.53085e-05
7.66285e-06
3.46067e-05
7.98603e-06
3.36145e-05
6.84883e-06
3.22044e-05
4.11398e-06
3.02533e-05
-2.47137e-07
2.76749e-05
-6.21509e-06
2.44719e-05
-1.38461e-05
2.07705e-05
-2.34661e-05
1.67478e-05
-3.59316e-05
9.99456e-06
-4.5048e-05
-4.17342e-05
3.40013e-05
-1.03913e-05
3.4243e-05
-9.09831e-06
3.43821e-05
-7.24857e-06
3.44361e-05
-4.85985e-06
3.44273e-05
-2.0556e-06
3.43739e-05
9.45214e-07
3.42798e-05
3.84352e-06
3.41267e-05
6.28842e-06
3.38682e-05
7.92135e-06
3.34293e-05
8.42497e-06
3.27092e-05
7.56891e-06
3.15894e-05
5.23378e-06
2.99491e-05
1.39324e-06
2.76939e-05
-3.95993e-06
2.48211e-05
-1.09733e-05
2.14754e-05
-2.01204e-05
1.69644e-05
-3.14205e-05
9.85485e-06
-3.79383e-05
-3.18792e-05
3.0471e-05
-1.08703e-05
3.0882e-05
-9.50943e-06
3.12249e-05
-7.59154e-06
3.15092e-05
-5.14421e-06
3.17477e-05
-2.29413e-06
3.19491e-05
7.43834e-07
3.211e-05
3.68265e-06
3.22091e-05
6.18932e-06
3.22041e-05
7.92632e-06
3.20314e-05
8.59764e-06
3.16053e-05
7.9951e-06
3.08174e-05
6.02167e-06
2.95429e-05
2.66774e-06
2.76557e-05
-2.07269e-06
2.50693e-05
-8.38689e-06
2.19998e-05
-1.70507e-05
1.706e-05
-2.64806e-05
9.17396e-06
-3.00521e-05
-2.27052e-05
2.69987e-05
-1.14465e-05
2.75449e-05
-1.00557e-05
2.80579e-05
-8.10469e-06
2.85411e-05
-5.62749e-06
2.89986e-05
-2.75165e-06
2.94296e-05
3.12736e-07
2.98229e-05
3.28937e-06
3.01535e-05
5.85868e-06
3.03837e-05
7.69617e-06
3.04643e-05
8.51708e-06
3.03295e-05
8.12988e-06
2.98852e-05
6.46601e-06
2.90039e-05
3.54907e-06
2.75223e-05
-5.91033e-07
2.52622e-05
-6.12674e-06
2.19369e-05
-1.37254e-05
1.65508e-05
-2.10944e-05
8.17923e-06
-2.16804e-05
-1.45259e-05
2.35914e-05
-1.20894e-05
2.42416e-05
-1.07061e-05
2.48953e-05
-8.75846e-06
2.55508e-05
-6.2831e-06
2.62042e-05
-3.40518e-06
2.68447e-05
-3.27781e-07
2.74504e-05
2.68358e-06
2.79893e-05
5.31986e-06
2.84247e-05
7.26076e-06
2.87239e-05
8.21798e-06
2.88436e-05
8.01022e-06
2.87063e-05
6.60337e-06
2.81801e-05
4.07533e-06
2.70632e-05
5.2586e-07
2.50585e-05
-4.12195e-06
2.13004e-05
-9.96727e-06
1.51736e-05
-1.49675e-05
7.48645e-06
-1.39932e-05
-7.03948e-06
2.02422e-05
-1.27671e-05
2.09638e-05
-1.14278e-05
2.17269e-05
-9.52166e-06
2.25273e-05
-7.08358e-06
2.33541e-05
-4.23208e-06
2.41853e-05
-1.15908e-06
2.49852e-05
1.8837e-06
2.5707e-05
4.59817e-06
2.6308e-05
6.65987e-06
2.67709e-05
7.75514e-06
2.70806e-05
7.70063e-06
2.71588e-05
6.52527e-06
2.68551e-05
4.3791e-06
2.59429e-05
1.43808e-06
2.40024e-05
-2.18133e-06
2.01522e-05
-6.11704e-06
1.37673e-05
-8.58257e-06
6.70782e-06
-6.93367e-06
-3.31677e-07
1.69357e-05
-1.34429e-05
1.76895e-05
-1.21817e-05
1.85232e-05
-1.03554e-05
1.94333e-05
-7.99368e-06
2.0405e-05
-5.20378e-06
2.14062e-05
-2.16034e-06
2.23836e-05
9.06333e-07
2.32654e-05
3.71645e-06
2.39894e-05
5.93605e-06
2.45567e-05
7.18791e-06
2.4982e-05
7.27542e-06
2.51697e-05
6.33775e-06
2.49623e-05
4.58658e-06
2.41093e-05
2.29115e-06
2.21645e-05
-2.36436e-07
1.84726e-05
-2.42506e-06
1.29543e-05
-3.0643e-06
6.58189e-06
-5.61231e-07
6.25018e-06
1.36573e-05
-1.40743e-05
1.43944e-05
-1.29187e-05
1.52462e-05
-1.12072e-05
1.62145e-05
-8.96205e-06
1.72872e-05
-6.27644e-06
1.84281e-05
-3.30125e-06
1.95669e-05
-2.3244e-07
2.05948e-05
2.68863e-06
2.14054e-05
5.12552e-06
2.20275e-05
6.56594e-06
2.25089e-05
6.79418e-06
2.27555e-05
6.09123e-06
2.25925e-05
4.74971e-06
2.17635e-05
3.12022e-06
1.99125e-05
1.6147e-06
1.66608e-05
8.26691e-07
1.19787e-05
1.61778e-06
6.35613e-06
5.0613e-06
1.26063e-05
1.0407e-05
-1.46149e-05
1.10683e-05
-1.358e-05
1.1868e-05
-1.20068e-05
1.28182e-05
-9.9123e-06
1.39191e-05
-7.37733e-06
1.51455e-05
-4.52763e-06
1.64237e-05
-1.51064e-06
1.76029e-05
1.50947e-06
1.84908e-05
4.23767e-06
1.91466e-05
5.91021e-06
1.96915e-05
6.24942e-06
2.00097e-05
5.77317e-06
1.98981e-05
4.86146e-06
1.9138e-05
3.88036e-06
1.74801e-05
3.27271e-06
1.47113e-05
3.59551e-06
1.07883e-05
5.54073e-06
5.90404e-06
9.94555e-06
1.85103e-05
7.21295e-06
-1.50217e-05
7.73568e-06
-1.41027e-05
8.39803e-06
-1.26691e-05
9.22442e-06
-1.07387e-05
1.02363e-05
-8.38925e-06
1.1443e-05
-5.7343e-06
1.28103e-05
-2.87798e-06
1.41784e-05
1.41298e-07
1.52088e-05
3.2073e-06
1.59561e-05
5.16297e-06
1.6689e-05
5.51665e-06
1.71566e-05
5.30568e-06
1.71519e-05
4.8663e-06
1.65206e-05
4.51173e-06
1.51216e-05
4.67173e-06
1.28384e-05
5.87872e-06
9.61391e-06
8.76522e-06
5.41706e-06
1.41423e-05
2.39273e-05
4.14054e-06
-1.52647e-05
4.47058e-06
-1.44327e-05
4.90975e-06
-1.31082e-05
5.48674e-06
-1.13157e-05
6.24068e-06
-9.14324e-06
7.22695e-06
-6.72062e-06
8.51632e-06
-4.16739e-06
1.01103e-05
-1.45274e-06
1.15019e-05
1.81581e-06
1.26512e-05
4.01365e-06
1.38669e-05
4.30103e-06
1.46244e-05
4.54827e-06
1.47908e-05
4.70002e-06
1.43231e-05
4.9795e-06
1.31939e-05
5.80092e-06
1.13849e-05
7.68764e-06
8.84832e-06
1.13018e-05
5.33372e-06
1.76569e-05
2.9261e-05
1.28595e-06
1.39468e-06
1.54878e-06
1.76439e-06
2.07014e-06
2.52408e-06
3.25273e-06
4.55974e-06
7.01897e-06
1.00033e-05
1.20098e-05
1.30851e-05
1.33998e-05
1.30392e-05
1.20663e-05
1.05317e-05
8.42172e-06
5.38099e-06
)
;

boundaryField
{
    leftWall
    {
        type            calculated;
        value           uniform 0;
    }
    rightWall
    {
        type            calculated;
        value           uniform 0;
    }
    lowerWall
    {
        type            calculated;
        value           uniform 0;
    }
    atmosphere
    {
        type            calculated;
        value           nonuniform List<scalar> 
46
(
1.02761e-05
1.09909e-05
1.08899e-05
1.04854e-05
9.86496e-06
9.07155e-06
8.13078e-06
7.06045e-06
5.87347e-06
4.57885e-06
3.18537e-06
1.6992e-06
2.03164e-08
-1.65537e-06
-3.35073e-06
-5.16185e-06
-6.93631e-06
-8.61161e-06
-1.01392e-05
-1.14736e-05
-1.25708e-05
-1.33926e-05
-1.39144e-05
-6.64896e-06
-6.66919e-06
-6.66187e-06
-6.6268e-06
-1.53385e-05
-1.45415e-05
-1.32624e-05
-1.15313e-05
-9.44902e-06
-7.17459e-06
-4.89606e-06
-2.75975e-06
-6.43396e-07
1.02937e-06
2.29456e-06
3.47303e-06
4.38536e-06
5.34013e-06
6.77385e-06
9.22222e-06
1.34117e-05
2.06976e-05
3.4642e-05
)
;
    }
    defaultFaces
    {
        type            empty;
        value           nonuniform 0();
    }
}


// ************************************************************************* //
