/*--------------------------------*- C++ -*----------------------------------*\
| =========                 |                                                 |
| \\      /  F ield         | OpenFOAM: The Open Source CFD Toolbox           |
|  \\    /   O peration     | Version:  v1606+                                |
|   \\  /    A nd           | Web:      www.OpenFOAM.com                      |
|    \\/     M anipulation  |                                                 |
\*---------------------------------------------------------------------------*/
FoamFile
{
    version     2.0;
    format      ascii;
    class       surfaceScalarField;
    location    "0.1";
    object      alphaPhi;
}
// * * * * * * * * * * * * * * * * * * * * * * * * * * * * * * * * * * * * * //

dimensions      [0 3 -1 0 0 0 0];

internalField   nonuniform List<scalar> 
4432
(
1.84237e-06
-1.84237e-06
6.15839e-06
-4.31602e-06
1.16492e-05
-5.49078e-06
1.76286e-05
-5.97942e-06
2.38443e-05
-6.21573e-06
3.02271e-05
-6.38279e-06
3.682e-05
-6.59286e-06
4.37637e-05
-6.94375e-06
5.12731e-05
-7.50942e-06
5.9642e-05
-8.36883e-06
6.93138e-05
-9.67185e-06
8.07188e-05
-1.14049e-05
9.38584e-05
-1.31396e-05
0.00010725
-1.33917e-05
0.000117141
-9.90088e-06
0.000119914
-3.22052e-06
0.00011753
1.20274e-06
0.000107672
-1.26022e-07
5.37722e-05
-2.47188e-06
1.0648e-06
2.33255e-08
1.90901e-07
4.9757e-07
3.49318e-08
2.29846e-07
5.31879e-08
3.16177e-06
-5.00413e-06
7.77201e-06
-8.92625e-06
1.29034e-05
-1.06222e-05
1.83867e-05
-1.14627e-05
2.4132e-05
-1.19611e-05
3.01147e-05
-1.23654e-05
3.63818e-05
-1.286e-05
4.305e-05
-1.3612e-05
5.03002e-05
-1.47596e-05
5.83842e-05
-1.64528e-05
6.75658e-05
-1.88534e-05
7.80232e-05
-2.18624e-05
8.96074e-05
-2.47238e-05
0.000101295
-2.5086e-05
0.000110724
-1.94542e-05
0.000114724
-8.58155e-06
9.58749e-05
-6.15907e-07
4.45921e-05
2.12662e-08
9.74252e-06
-9.34795e-07
1.26891e-06
-1.97857e-07
-2.49352e-09
2.0293e-07
1.88886e-08
1.77033e-07
8.60765e-08
4.12976e-06
-9.13389e-06
8.8554e-06
-1.36519e-05
1.37101e-05
-1.54768e-05
1.87937e-05
-1.65463e-05
2.41282e-05
-1.72956e-05
2.97337e-05
-1.7971e-05
3.56671e-05
-1.87934e-05
4.20294e-05
-1.99742e-05
4.89705e-05
-2.17006e-05
5.66736e-05
-2.4156e-05
6.52919e-05
-2.74717e-05
7.48628e-05
-3.14333e-05
8.51575e-05
-3.50185e-05
9.54487e-05
-3.53772e-05
0.00010441
-2.84155e-05
9.93993e-05
-1.50604e-05
5.08026e-05
-3.25979e-06
5.22386e-06
4.04787e-09
8.78178e-07
-4.33639e-08
9.04994e-07
-1.52519e-08
4.53445e-07
2.37525e-08
4.03533e-08
1.99774e-07
5.76173e-08
4.69196e-06
-1.38258e-05
9.55254e-06
-1.85125e-05
1.42621e-05
-2.01864e-05
1.90742e-05
-2.13585e-05
2.40985e-05
-2.23199e-05
2.93965e-05
-2.3269e-05
3.50364e-05
-2.44333e-05
4.11093e-05
-2.60471e-05
4.77334e-05
-2.83248e-05
5.50317e-05
-3.14542e-05
6.30735e-05
-3.55136e-05
7.181e-05
-4.01697e-05
8.09842e-05
-4.41927e-05
9.0099e-05
-4.4492e-05
9.8028e-05
-3.63446e-05
6.88426e-05
-1.99013e-05
1.20651e-05
-3.14687e-06
-1.79447e-07
-1.66806e-09
4.24149e-08
1.79213e-09
1.56988e-07
-1.01812e-08
1.15955e-07
-3.44119e-08
5.02264e-08
1.86385e-09
3.2139e-08
4.96073e-06
-1.87866e-05
9.95372e-06
-2.35055e-05
1.46219e-05
-2.48546e-05
1.92769e-05
-2.60134e-05
2.40869e-05
-2.71299e-05
2.91484e-05
-2.83305e-05
3.45417e-05
-2.98267e-05
4.03508e-05
-3.18562e-05
4.66662e-05
-3.46402e-05
5.35607e-05
-3.83487e-05
6.10391e-05
-4.2992e-05
6.89894e-05
-4.81201e-05
7.71294e-05
-5.23327e-05
8.51396e-05
-5.25022e-05
8.39385e-05
-4.30939e-05
3.15466e-05
-2.08879e-05
-4.30594e-07
-1.43498e-06
-9.40743e-08
1.98371e-08
1.70798e-08
6.67955e-09
2.90181e-08
-2.29407e-09
1.60295e-08
-7.47939e-09
6.79279e-09
-8.57e-09
-3.25724e-09
5.06601e-06
-2.38526e-05
1.01686e-05
-2.8608e-05
1.48603e-05
-2.95463e-05
1.94464e-05
-3.05995e-05
2.41248e-05
-3.18083e-05
2.9017e-05
-3.32227e-05
3.42139e-05
-3.50236e-05
3.97946e-05
-3.74369e-05
4.58266e-05
-4.06722e-05
5.23431e-05
-4.48651e-05
5.92993e-05
-4.99483e-05
6.65328e-05
-5.53536e-05
7.37223e-05
-5.95222e-05
8.06381e-05
-5.94179e-05
6.62598e-05
-4.95455e-05
8.21689e-06
-1.86938e-05
-4.73524e-07
-5.94283e-07
-8.24439e-08
2.90997e-08
-4.4648e-09
1.2553e-08
7.07458e-09
5.93927e-10
3.9501e-09
-6.6674e-10
1.34309e-09
-3.26095e-09
-2.09106e-09
5.10728e-06
-2.89599e-05
1.02888e-05
-3.37895e-05
1.50364e-05
-3.4294e-05
1.96149e-05
-3.5178e-05
2.42273e-05
-3.64207e-05
2.90087e-05
-3.80041e-05
3.40575e-05
-4.00723e-05
3.94487e-05
-4.28281e-05
4.52325e-05
-4.64561e-05
5.14125e-05
-5.10451e-05
5.79095e-05
-5.64453e-05
6.4523e-05
-6.19671e-05
7.08836e-05
-6.58828e-05
7.67801e-05
-6.53144e-05
5.17976e-05
-5.30646e-05
3.02496e-07
-1.4316e-05
-2.00385e-07
-3.56923e-07
-4.48615e-08
3.1382e-08
-7.57279e-09
1.43425e-08
2.04037e-09
2.54803e-09
1.55943e-09
1.66291e-11
5.6902e-10
-7.23559e-10
-9.1561e-10
5.12574e-06
-3.40856e-05
1.03568e-05
-3.90206e-05
1.51669e-05
-3.9104e-05
1.97713e-05
-3.97824e-05
2.43611e-05
-4.10105e-05
2.90744e-05
-4.27174e-05
3.40124e-05
-4.50103e-05
3.92466e-05
-4.80623e-05
4.48146e-05
-5.2024e-05
5.07006e-05
-5.69312e-05
5.68069e-05
-6.25516e-05
6.29077e-05
-6.80679e-05
6.8597e-05
-7.15721e-05
7.36125e-05
-7.03299e-05
3.83575e-05
-5.46469e-05
-3.36726e-08
-9.24306e-06
-1.47897e-07
-3.0565e-07
-3.70219e-08
2.89564e-08
-5.86902e-09
1.22147e-08
2.98771e-10
2.92194e-09
6.40151e-10
3.55837e-11
3.16978e-10
-2.29347e-10
-4.45398e-10
1.57988e-22
-9.42585e-21
1.9426e-21
-5.34054e-20
6.2787e-22
-9.45195e-21
8.64356e-23
-6.88324e-22
8.20328e-24
-3.13695e-23
6.17875e-25
-7.22044e-25
4.11412e-26
7.2467e-28
2.54912e-27
1.31587e-28
1.43896e-28
1.10967e-29
7.2714e-30
7.22433e-31
3.23235e-31
3.93117e-32
1.2388e-32
1.82243e-33
3.98553e-34
7.19981e-35
1.03501e-35
2.38501e-36
2.03766e-37
6.37877e-38
2.72606e-39
1.27743e-39
1.99839e-41
1.65255e-41
4.94152e-44
9.79875e-44
1.24073e-46
1.50876e-20
-5.57048e-19
7.78579e-20
-1.75437e-18
2.29557e-20
-3.04227e-19
3.12854e-21
-2.2616e-20
2.97317e-22
-1.03743e-21
2.25527e-23
-2.32727e-23
1.518e-24
5.44283e-26
9.45942e-26
9.6657e-27
5.34916e-27
8.22249e-28
2.69905e-28
5.36368e-29
1.19497e-29
2.90981e-30
4.55303e-31
1.34029e-31
1.45565e-32
5.24253e-33
3.76724e-34
1.71421e-34
7.47292e-36
4.52322e-36
1.03996e-37
9.01497e-38
8.65639e-40
1.2037e-39
2.99824e-42
8.41242e-42
1.78441e-44
4.22294e-19
-1.13408e-17
1.40284e-18
-2.50873e-17
4.03804e-19
-4.61063e-18
5.53637e-20
-3.5603e-19
5.28784e-21
-1.65483e-20
4.00293e-22
-3.39588e-22
2.68076e-23
1.71901e-24
1.64113e-24
2.65911e-25
9.03954e-26
2.1665e-26
4.41687e-27
1.36078e-27
1.88617e-28
7.0977e-29
6.91519e-30
3.13647e-30
2.12634e-31
1.17406e-31
5.30824e-33
3.66684e-33
1.02605e-34
9.24958e-35
1.42751e-36
1.77899e-36
1.26051e-38
2.36452e-38
5.2635e-41
1.80477e-40
5.31182e-43
5.32842e-18
-1.02032e-16
1.45192e-17
-1.73729e-16
4.49521e-18
-4.17318e-17
6.41512e-19
-3.46375e-18
6.29732e-20
-1.65616e-19
4.84022e-21
-2.86632e-21
3.27711e-22
3.39451e-23
1.99805e-23
4.59073e-24
1.08496e-24
3.59852e-25
5.18942e-26
2.19241e-26
2.15881e-27
1.10837e-27
7.68755e-29
4.73692e-29
2.29428e-30
1.71094e-30
5.57374e-32
5.14914e-32
1.05755e-33
1.25366e-33
1.47253e-35
2.3487e-35
1.35121e-37
3.1195e-37
6.25393e-40
2.53764e-39
9.16625e-42
3.73359e-17
-6.68227e-16
8.31066e-17
-3.66298e-16
3.40076e-17
-2.42886e-16
5.29724e-18
-2.17756e-17
5.52704e-19
-1.10763e-18
4.43567e-20
-1.27542e-20
3.11069e-21
4.82617e-22
1.92826e-22
5.87949e-23
1.05094e-23
4.50046e-24
4.99973e-25
2.69756e-25
2.05578e-26
1.3397e-26
7.20736e-28
5.60867e-28
2.11456e-29
1.97932e-29
5.05887e-31
5.81268e-31
9.51251e-33
1.3833e-32
1.32983e-34
2.55307e-34
1.2516e-36
3.40596e-36
6.11034e-39
2.90478e-38
1.18864e-40
2.81063e-16
-5.42342e-15
8.05768e-16
-9.2745e-15
1.80814e-16
-7.6523e-16
3.10817e-17
-6.74406e-17
3.64738e-18
-4.51163e-18
3.21746e-19
1.65224e-21
2.41242e-20
5.27627e-21
1.55726e-21
6.01566e-22
8.69338e-23
4.58334e-23
4.18991e-24
2.74978e-24
1.73255e-25
1.36394e-25
6.08043e-27
5.68489e-27
1.78212e-28
1.992e-28
4.26232e-30
5.80129e-30
8.04469e-32
1.37111e-31
1.13737e-33
2.52859e-33
1.09341e-35
3.4168e-35
5.49807e-38
3.03123e-37
1.342e-39
1.05916e-14
-6.46498e-14
4.61407e-15
-4.09427e-14
1.72371e-16
-2.75861e-15
9.7534e-17
-1.02239e-16
1.64467e-17
-9.44118e-18
1.77484e-18
1.26283e-19
1.49613e-19
4.38626e-20
1.04344e-20
4.92779e-21
6.14915e-22
3.85149e-22
3.08232e-23
2.37259e-23
1.31249e-24
1.2029e-24
4.71304e-26
5.10051e-26
1.40845e-27
1.8116e-27
3.43177e-29
5.33769e-29
6.6086e-31
1.2771e-30
9.5621e-33
2.39407e-32
9.43105e-35
3.31683e-34
4.85797e-37
3.0625e-36
1.43647e-38
5.02155e-14
-7.74289e-14
8.94712e-15
-9.71688e-15
3.30215e-16
-9.0936e-16
1.63236e-16
-6.78526e-17
4.41724e-17
-9.87467e-18
6.29075e-18
9.76302e-19
6.40784e-19
2.41604e-19
5.12881e-20
2.87994e-20
3.35328e-21
2.42855e-21
1.8225e-22
1.60076e-22
8.28327e-24
8.595e-24
3.14155e-25
3.82642e-25
9.84975e-27
1.41785e-26
2.50885e-28
4.34121e-28
5.04334e-30
1.07804e-29
7.61258e-32
2.10103e-31
7.813e-34
3.0401e-33
4.15484e-36
2.95199e-35
1.4615e-37
1.07003e-05
-4.47859e-05
2.19487e-05
-5.02689e-05
3.23304e-05
-4.94858e-05
4.2211e-05
-4.9663e-05
5.19365e-05
-5.07359e-05
6.17795e-05
-5.25605e-05
7.1949e-05
-5.51798e-05
8.25832e-05
-5.86965e-05
9.37337e-05
-6.31744e-05
0.000105332
-6.85292e-05
0.000117136
-7.4356e-05
0.000128696
-7.96277e-05
0.00013943
-8.23059e-05
0.000146641
-7.75411e-05
4.06578e-05
-4.52907e-05
-2.31892e-07
-2.77491e-06
-2.45841e-07
-1.22952e-07
-5.39126e-08
1.59507e-08
-6.43632e-09
5.85099e-09
-2.28204e-10
1.42555e-09
3.75923e-10
-3.685e-11
3.53459e-10
-2.05542e-10
-2.17026e-10
1.65976e-10
1.03656e-05
-5.51515e-05
2.11472e-05
-6.10506e-05
3.12566e-05
-5.95952e-05
4.09133e-05
-5.93196e-05
5.03455e-05
-6.01681e-05
5.97588e-05
-6.19738e-05
6.93206e-05
-6.47416e-05
7.91385e-05
-6.85143e-05
8.92377e-05
-7.32737e-05
9.95354e-05
-7.88269e-05
0.000109812
-8.46325e-05
0.000119697
-8.95129e-05
0.00012871
-9.13192e-05
0.00010447
-8.38539e-05
2.76901e-06
-2.73893e-05
-2.73296e-07
-1.03124e-06
-9.48885e-08
-2.22862e-08
-1.61767e-08
7.18958e-09
-2.25314e-09
3.05328e-09
-3.23047e-10
8.85052e-10
1.8378e-11
1.2872e-10
8.52695e-11
-7.95839e-12
-3.36081e-11
1.45411e-10
9.81847e-06
-6.497e-05
1.98482e-05
-7.10803e-05
2.93591e-05
-6.91061e-05
3.85032e-05
-6.84638e-05
4.7416e-05
-6.90809e-05
5.62338e-05
-7.07915e-05
6.50733e-05
-7.35812e-05
7.40064e-05
-7.74474e-05
8.30367e-05
-8.23039e-05
9.20786e-05
-8.78689e-05
0.000100938
-9.34917e-05
0.000109307
-9.78821e-05
0.000116848
-9.886e-05
6.37672e-05
-8.02425e-05
3.98106e-07
-1.22974e-05
-1.04945e-07
-5.76642e-07
-4.15045e-08
-2.0352e-10
-4.87481e-09
3.10455e-09
-5.55138e-10
9.83365e-10
-1.3547e-10
3.47701e-10
-1.9522e-11
6.82663e-11
6.61291e-12
8.44075e-12
-3.89487e-12
3.49571e-11
9.15719e-06
-7.41272e-05
1.83046e-05
-8.02277e-05
2.70494e-05
-7.78509e-05
3.55074e-05
-7.69217e-05
4.37533e-05
-7.73268e-05
5.18695e-05
-7.89078e-05
5.99282e-05
-8.16399e-05
6.79678e-05
-8.5487e-05
7.59733e-05
-9.03095e-05
8.38592e-05
-9.57548e-05
9.14527e-05
-0.000101085
9.84994e-05
-0.000104929
0.000104613
-0.000104974
3.0029e-05
-6.8576e-05
3.00435e-07
-4.03071e-06
-4.866e-08
-2.29156e-07
-1.44448e-08
2.15843e-09
-1.34195e-09
1.20271e-09
-1.2181e-10
2.43491e-10
-3.38602e-11
7.13139e-11
-6.2621e-12
1.36574e-11
-5.21493e-13
9.06356e-13
4.80402e-13
2.23969e-12
8.4406e-06
-8.25678e-05
1.66718e-05
-8.8459e-05
2.45891e-05
-8.57682e-05
3.22807e-05
-8.46133e-05
3.97839e-05
-8.48301e-05
4.7145e-05
-8.62688e-05
5.44025e-05
-8.88974e-05
6.15686e-05
-9.26531e-05
6.86142e-05
-9.73551e-05
7.54557e-05
-0.000102596
8.19435e-05
-0.000107573
8.78684e-05
-0.000110854
9.03254e-05
-0.000107431
7.41519e-06
-5.05192e-05
9.10049e-09
-1.52961e-06
-3.08495e-08
-7.59449e-08
-4.60976e-09
1.79053e-09
-3.91903e-10
4.85608e-10
-3.69742e-11
6.74489e-11
-7.89368e-12
1.17854e-11
-1.36518e-12
1.72595e-12
-2.89285e-14
9.59839e-14
2.14208e-13
5.8329e-14
7.69725e-06
-9.0265e-05
1.50243e-05
-9.5786e-05
2.21106e-05
-9.28544e-05
2.90158e-05
-9.15185e-05
3.57533e-05
-9.15675e-05
4.23457e-05
-9.28613e-05
4.88089e-05
-9.53606e-05
5.51367e-05
-9.89808e-05
6.12898e-05
-0.000103508
6.71883e-05
-0.000108495
7.27068e-05
-0.000113091
7.76825e-05
-0.000115829
6.0594e-05
-0.000109776
5.48422e-07
-3.37665e-05
-3.12787e-08
-9.73929e-07
-1.02111e-08
-1.93517e-08
-1.64075e-09
1.19221e-09
-1.23881e-10
1.97745e-10
-1.2294e-11
2.30959e-11
-2.16147e-12
2.86983e-12
-2.45549e-13
3.71043e-13
8.49555e-14
1.688e-13
1.35072e-13
7.04615e-14
6.94425e-06
-9.72093e-05
1.33992e-05
-0.000102241
1.96777e-05
-9.9133e-05
2.58088e-05
-9.76497e-05
3.17887e-05
-9.75473e-05
3.7625e-05
-9.86976e-05
4.33184e-05
-0.000101054
4.88505e-05
-0.000104513
5.41763e-05
-0.000108834
5.92197e-05
-0.000113538
6.38757e-05
-0.000117747
6.80208e-05
-0.000119974
4.20503e-05
-0.00010601
3.04381e-07
-2.07272e-05
-1.16966e-08
-6.76344e-07
-4.18747e-09
-5.75914e-09
-5.63028e-10
6.26094e-10
-3.76431e-11
7.26731e-11
-3.88215e-12
7.96736e-12
-5.58284e-13
9.93899e-13
9.0295e-15
2.40557e-13
6.89706e-14
1.4399e-13
7.79063e-14
3.36503e-14
6.19394e-06
-0.000103403
1.18175e-05
-0.000107865
1.73223e-05
-0.000104638
2.27061e-05
-0.000103034
2.79525e-05
-0.000102794
3.30589e-05
-0.000103804
3.8016e-05
-0.000106011
4.27981e-05
-0.000109295
4.7358e-05
-0.000113394
5.16256e-05
-0.000117806
5.55156e-05
-0.000121637
5.89433e-05
-0.000123402
2.7643e-05
-9.9606e-05
3.20072e-07
-1.15341e-05
-3.80182e-09
-3.64227e-07
-1.55133e-09
-1.10114e-09
-1.58847e-10
2.37737e-10
-9.32821e-12
2.06202e-11
-1.01157e-12
2.37955e-12
-8.56329e-14
4.05108e-13
4.02563e-14
1.61004e-13
3.44418e-14
8.04653e-14
3.91185e-14
1.6618e-14
5.45712e-06
-0.00010886
1.02934e-05
-0.000112701
1.50616e-05
-0.000109406
1.97307e-05
-0.000107703
2.42747e-05
-0.000107338
2.86832e-05
-0.000108213
3.29407e-05
-0.000110269
3.70175e-05
-0.000113372
4.08675e-05
-0.000117244
4.44298e-05
-0.000121368
4.76391e-05
-0.000124847
5.04433e-05
-0.000126206
1.6439e-05
-9.08859e-05
2.09792e-07
-5.6053e-06
-1.16799e-09
-1.58028e-07
-5.08575e-10
-2.45552e-11
-3.3275e-11
5.81896e-11
-1.62428e-12
4.25891e-12
-1.8466e-13
6.86582e-13
1.22787e-14
2.01601e-13
2.31337e-14
8.79553e-14
1.43768e-14
4.10533e-14
1.65881e-14
6.21237e-15
4.74118e-06
-0.000113602
8.83522e-06
-0.000116795
1.29054e-05
-0.000113476
1.68953e-05
-0.000111693
2.07707e-05
-0.000111213
2.45157e-05
-0.000111958
2.81102e-05
-0.000113863
3.15234e-05
-0.000116785
3.47133e-05
-0.000120434
3.76317e-05
-0.000124287
4.02365e-05
-0.000127452
4.25018e-05
-0.000128472
8.38632e-06
-7.99999e-05
1.02912e-07
-2.301e-06
-3.70541e-10
-5.64606e-08
-1.62048e-10
8.41057e-11
-5.0554e-12
1.11394e-11
-1.55192e-13
7.97079e-13
-7.2866e-15
2.47153e-13
1.44936e-14
1.02879e-13
9.96065e-15
4.55715e-14
5.30939e-15
1.91769e-14
5.09646e-15
1.37591e-15
4.05197e-06
-0.000117654
7.45138e-06
-0.000120195
1.08633e-05
-0.000116888
1.42108e-05
-0.00011504
1.74537e-05
-0.000114456
2.05711e-05
-0.000115075
2.35394e-05
-0.000116832
2.63279e-05
-0.000119574
2.89009e-05
-0.000123007
3.12274e-05
-0.000126614
3.32963e-05
-0.000129521
3.51113e-05
-0.000130287
3.15539e-06
-6.67884e-05
3.861e-08
-8.03121e-07
-1.66793e-10
-1.7812e-08
-3.55274e-11
4.42282e-11
-6.66422e-13
2.7128e-12
-1.40407e-14
2.62125e-13
9.02017e-15
1.15697e-13
6.46273e-15
4.98984e-14
3.70708e-15
2.22454e-14
1.38395e-15
6.70203e-15
1.25344e-15
3.28177e-16
3.40314e-06
-0.00012106
6.15271e-06
-0.000122947
8.94474e-06
-0.000119683
1.16905e-05
-0.000117788
1.43425e-05
-0.00011711
1.6874e-05
-0.000117608
1.92581e-05
-0.000119218
2.14635e-05
-0.000121782
2.34603e-05
-0.000125007
2.52362e-05
-0.000128392
2.68209e-05
-0.000131109
2.82596e-05
-0.000131728
4.42137e-07
-5.15251e-05
1.22158e-08
-4.24355e-07
-8.89062e-11
-5.52791e-09
-7.8876e-12
2.26428e-11
-8.46527e-14
7.98892e-13
2.91787e-15
1.46858e-13
3.46809e-15
5.83271e-14
2.02483e-15
2.40411e-14
9.73446e-16
8.53115e-15
2.58441e-16
1.72379e-15
8.41837e-16
1.78219e-16
2.73424e-06
-0.000123809
4.88053e-06
-0.000125107
7.12171e-06
-0.000121935
9.33563e-06
-0.000120011
1.14629e-05
-0.000119246
1.34711e-05
-0.000119626
1.53315e-05
-0.000121088
1.70118e-05
-0.000123473
1.84844e-05
-0.000126492
1.97503e-05
-0.000129673
2.08753e-05
-0.000132253
2.18269e-05
-0.000132689
1.03055e-07
-3.67793e-05
3.95465e-09
-3.26466e-07
-3.82006e-11
-1.69347e-09
-1.77724e-12
1.21e-11
-6.17775e-15
2.72419e-13
1.22623e-15
1.2333e-13
4.73196e-16
3.16012e-14
3.41387e-16
1.06021e-14
1.41257e-16
2.40165e-15
1.00538e-16
1.00623e-15
4.22095e-16
5.90468e-17
1.77388e-06
-0.000125638
3.47712e-06
-0.000126862
5.33361e-06
-0.000123839
7.1474e-06
-0.000121876
8.86002e-06
-0.000121011
1.04458e-05
-0.000121262
1.18795e-05
-0.000122568
1.31299e-05
-0.000124769
1.41702e-05
-0.000127582
1.50072e-05
-0.000130566
1.56983e-05
-0.000133022
1.51928e-05
-0.000132219
1.04304e-07
-2.68518e-05
6.85107e-10
-2.23679e-07
-1.25857e-11
-4.28287e-10
-1.24976e-13
4.53676e-12
-6.96978e-15
1.68325e-13
-2.21672e-15
1.07935e-13
-4.9352e-16
1.71383e-14
-4.5501e-17
3.58146e-15
2.56324e-18
1.2642e-15
1.67285e-17
5.17413e-16
1.5539e-16
1.04531e-17
5.86792e-07
-0.000126166
2.09352e-06
-0.000128322
3.67834e-06
-0.000125388
5.20773e-06
-0.000123375
6.62883e-06
-0.000122403
7.92474e-06
-0.000122528
9.06778e-06
-0.000123678
1.00266e-05
-0.000125686
1.07758e-05
-0.000128276
1.1335e-05
-0.000131051
1.17084e-05
-0.000133313
9.92109e-06
-0.000130452
7.22464e-08
-2.14034e-05
2.51358e-10
-1.51932e-07
-2.61899e-12
-6.3507e-11
-2.28504e-13
1.6682e-12
-2.57401e-14
3.48072e-13
-3.12386e-15
5.61179e-14
-3.16511e-16
6.7083e-15
-6.27996e-17
1.71477e-15
-1.47922e-17
6.46311e-16
-1.97787e-18
2.01923e-16
4.57726e-17
-1.17346e-19
1.10386e-06
-7.68424e-05
1.44094e-06
-8.67914e-05
2.38377e-06
-9.11506e-05
3.57451e-06
-9.41336e-05
4.77363e-06
-9.53711e-05
5.89726e-06
-9.49445e-05
6.83672e-06
-9.32127e-05
7.5453e-06
-9.03207e-05
7.98733e-06
-8.65214e-05
8.21828e-06
-8.20645e-05
8.07338e-06
-7.85884e-05
7.16489e-06
-8.0576e-05
8.22523e-08
-1.39397e-05
5.79518e-11
-6.91236e-08
-1.06652e-12
-3.82272e-16
-5.79735e-14
1.02853e-13
-1.33429e-14
5.96701e-14
-1.52157e-15
1.33979e-14
-2.715e-16
1.56706e-15
-4.75232e-17
8.53316e-16
-1.00459e-17
2.60871e-16
-1.47198e-18
6.39916e-17
1.14953e-17
-2.84996e-19
1.92684e-06
2.03354e-13
5.72581e-07
1.15128e-13
6.14545e-07
5.68816e-13
9.72545e-07
3.23295e-12
1.4244e-06
4.34537e-12
1.83947e-06
2.06039e-12
2.07061e-06
6.25859e-13
2.12823e-06
1.36371e-13
2.03488e-06
1.60657e-14
1.87632e-06
9.49843e-16
1.64201e-06
-8.46893e-16
1.82204e-06
-8.22621e-15
6.38118e-08
-3.69412e-06
-8.92803e-14
-5.27642e-09
-9.08746e-14
3.1233e-16
-1.30983e-14
1.0233e-13
-3.60799e-15
3.11189e-15
-3.89314e-16
1.55259e-15
-1.11832e-16
7.68599e-16
-2.43322e-17
3.60803e-16
-4.29318e-18
8.64568e-17
-5.52862e-19
1.71124e-17
2.51388e-18
-1.0226e-19
-3.99829e-14
5.77595e-13
-5.09021e-15
3.95543e-13
-7.82904e-15
6.83016e-13
-6.516e-14
1.35823e-12
-1.57508e-13
1.81437e-12
-1.11296e-13
1.45959e-12
-4.36564e-14
8.19008e-13
-1.10976e-14
3.85904e-13
-1.40591e-15
7.63228e-14
-8.16271e-17
3.98633e-15
5.526e-18
-9.34046e-16
1.00734e-18
-6.62178e-15
-2.65928e-09
-9.57647e-14
4.30536e-14
-2.27711e-14
-1.76725e-14
-1.68928e-14
-1.76813e-15
2.65272e-15
-7.22346e-16
6.10794e-16
-1.93236e-16
8.97227e-16
-5.45094e-17
3.93172e-16
-9.52768e-18
1.23526e-16
-1.39921e-18
2.40142e-17
-1.54442e-19
3.92852e-18
4.83036e-19
-2.5086e-20
1.53691e-14
-1.30373e-24
-1.2771e-14
-2.11427e-23
-9.06452e-15
-5.42513e-22
-3.96672e-15
-1.11964e-20
5.27046e-15
-1.58067e-19
7.61548e-15
-1.55382e-18
6.74455e-15
-1.12951e-17
2.37145e-15
-7.57301e-17
2.12084e-16
-4.2648e-16
-8.44826e-17
-8.07092e-16
-6.61539e-16
-4.13145e-15
-1.71307e-15
-2.75997e-14
-1.00727e-15
-9.56664e-14
6.51729e-15
-3.02957e-14
-1.49775e-15
-1.53096e-15
-5.06181e-16
6.2261e-16
-3.48681e-16
5.05847e-16
-1.00895e-16
4.36022e-16
-2.06078e-17
1.4829e-16
-2.97545e-18
3.46108e-17
-3.68605e-19
5.63285e-18
-3.49642e-20
7.79271e-19
8.17552e-20
-4.88506e-21
-2.84566e-25
-1.01987e-24
-1.97904e-24
-1.9089e-23
-4.02695e-23
-4.99382e-22
-9.36965e-22
-1.02741e-20
-1.37091e-20
-1.45028e-19
-1.35311e-19
-1.42713e-18
-1.18997e-18
-1.00997e-17
-2.0175e-17
-5.28195e-17
-2.07632e-16
-2.07195e-16
-3.56436e-16
-5.61908e-16
-1.19656e-14
-6.84952e-15
-7.10907e-14
-9.02352e-14
-9.18905e-14
-1.78495e-13
-1.98459e-15
-6.30642e-14
-5.57455e-16
5.01507e-17
-4.14583e-16
2.56522e-16
-1.78856e-16
2.80965e-16
-3.8182e-17
1.65195e-16
-6.12471e-18
4.25815e-17
-7.53146e-19
7.95984e-18
-8.0245e-20
1.11704e-18
-6.61257e-21
1.33636e-19
1.21741e-20
-7.91499e-22
-1.85827e-24
-3.71945e-25
-3.95574e-23
-1.37246e-23
-1.00474e-21
-3.28298e-22
-1.97575e-20
-5.34472e-21
-2.618e-19
-5.98374e-20
-2.38212e-18
-4.70648e-19
-1.55234e-17
-2.6343e-18
-7.50475e-17
-1.04428e-17
-2.52674e-16
-3.07395e-17
-6.27724e-16
-5.2059e-17
-2.61178e-14
-7.43344e-17
-2.36661e-13
-1.2208e-16
-2.5812e-13
-4.94356e-17
-1.55936e-15
-5.23059e-16
-3.91897e-16
3.9252e-17
-1.86762e-16
1.32647e-16
-6.24073e-17
1.0019e-16
-1.07918e-17
4.45058e-17
-1.44207e-18
9.48523e-18
-1.55613e-19
1.50053e-18
-1.45677e-20
1.86818e-19
-1.0577e-21
1.97598e-20
1.59e-21
-1.08792e-22
-8.72174e-25
-5.15635e-26
-3.40702e-23
-2.11922e-24
-7.88056e-22
-4.81604e-23
-1.19105e-20
-7.3331e-22
-1.21486e-19
-7.99891e-21
-8.54926e-19
-6.44994e-20
-4.18234e-18
-3.90778e-19
-1.40249e-17
-1.78728e-18
-3.19629e-17
-6.13468e-18
-4.72119e-17
-1.55668e-17
-5.66273e-17
-2.8581e-17
-9.15255e-17
-3.70141e-17
-1.49255e-16
-3.24082e-17
-3.44963e-16
-1.54102e-17
-1.74486e-16
1.95859e-17
-5.92747e-17
4.30807e-17
-1.55407e-17
2.44811e-17
-2.31214e-18
8.78636e-18
-2.70163e-19
1.64435e-18
-2.63274e-20
2.30897e-19
-2.21351e-21
2.6235e-20
-1.43842e-22
2.50888e-21
1.81436e-22
-1.28022e-23
-1.47199e-25
-5.24027e-28
-6.07793e-24
-2.30173e-26
-1.34977e-22
-5.2032e-25
-1.97024e-21
-7.89291e-24
-2.03259e-20
-8.7502e-23
-1.53478e-19
-7.36166e-22
-8.63788e-19
-4.78555e-21
-3.65122e-18
-2.42036e-20
-1.16025e-17
-9.51293e-20
-2.7722e-17
-2.88385e-19
-5.03391e-17
-6.65732e-19
-7.21911e-17
-1.14739e-18
-8.67185e-17
-1.41472e-18
-8.55986e-17
-1.05244e-18
-4.33297e-17
1.13018e-18
-1.24293e-17
7.55794e-18
-2.79622e-18
3.96627e-18
-3.77675e-19
1.27055e-18
-4.03248e-20
2.21114e-19
-3.65038e-21
2.88372e-20
-2.81842e-22
3.07772e-21
-1.66684e-23
2.72307e-22
1.80199e-23
-1.29593e-24
-1.65453e-27
-1.13287e-31
-7.26869e-26
-6.15035e-30
-1.63489e-24
-1.68103e-28
-2.43111e-23
-3.10783e-27
-2.61168e-22
-4.30202e-26
-2.11266e-21
-4.66863e-25
-1.31534e-20
-4.06426e-24
-6.37886e-20
-2.86887e-23
-2.42646e-19
-1.64597e-22
-7.28619e-19
-7.63839e-22
-1.74703e-18
-2.82927e-21
-3.42084e-18
-8.14235e-21
-5.62578e-18
-1.72186e-20
-7.63193e-18
-2.31784e-20
-5.80731e-18
-7.56573e-21
-1.70598e-18
6.55645e-19
-3.63413e-19
4.14638e-19
-4.70754e-20
1.33146e-19
-4.79256e-21
2.29148e-20
-4.14653e-22
2.90476e-21
-3.00739e-23
3.00082e-22
-1.64729e-24
2.51579e-23
1.55245e-24
-1.13163e-25
-4.49278e-31
-1.19848e-34
-2.45697e-29
-7.10854e-33
-6.83342e-28
-2.10436e-31
-1.27655e-26
-4.211e-30
-1.77338e-25
-6.3595e-29
-1.92375e-24
-7.63978e-28
-1.6737e-23
-7.51022e-27
-1.18586e-22
-6.1372e-26
-6.89987e-22
-4.20229e-25
-3.30779e-21
-2.41582e-24
-1.30507e-20
-1.16117e-23
-4.21228e-20
-4.60432e-23
-1.10043e-19
-1.45835e-22
-2.31358e-19
-3.38547e-22
-4.12077e-19
-3.931e-22
-1.51641e-19
2.38304e-20
-3.39281e-20
2.70215e-20
-4.46925e-21
9.94991e-21
-4.52795e-22
1.81466e-21
-3.85523e-23
2.34456e-22
-2.68822e-24
2.42008e-23
-1.3889e-25
1.97113e-24
1.15702e-25
-8.54065e-27
-5.22616e-34
-1.87766e-37
-3.13016e-32
-1.3017e-35
-9.5067e-31
-4.4606e-34
-1.94853e-29
-1.02596e-32
-3.00658e-28
-1.77403e-31
-3.69011e-27
-2.43637e-30
-3.71992e-26
-2.73743e-29
-3.14375e-25
-2.5582e-28
-2.2587e-24
-2.00586e-27
-1.39354e-23
-1.32385e-26
-7.43699e-23
-7.34019e-26
-3.44914e-22
-3.38823e-25
-1.39112e-21
-1.27292e-24
-4.84204e-21
-3.67519e-24
-1.41202e-20
-6.7114e-24
-8.52491e-21
9.28199e-23
-2.25179e-21
1.02731e-21
-3.21805e-22
5.17993e-22
-3.39206e-23
1.08621e-22
-2.92991e-24
1.50593e-23
-2.01172e-25
1.60703e-24
-9.99277e-27
1.3056e-25
7.44453e-27
-5.57952e-28
-9.48617e-37
-1.04636e-40
-6.62445e-35
-7.92213e-39
-2.32727e-33
-2.94625e-37
-5.48686e-32
-7.32617e-36
-9.70722e-31
-1.36861e-34
-1.36379e-29
-2.03653e-33
-1.57233e-28
-2.49522e-32
-1.5188e-27
-2.56876e-31
-1.24664e-26
-2.25121e-30
-8.78331e-26
-1.6942e-29
-5.35121e-25
-1.10078e-28
-2.8319e-24
-6.18404e-28
-1.30135e-23
-2.98655e-27
-5.13375e-23
-1.20991e-26
-1.66526e-22
-3.75959e-26
-2.88014e-22
-5.21269e-26
-1.04353e-22
1.94186e-23
-1.74449e-23
1.81014e-23
-2.00721e-24
4.842e-24
-1.81668e-25
7.63674e-25
-1.25936e-26
8.747e-26
-6.13582e-28
7.29091e-27
4.12952e-28
-3.15948e-29
-5.6584e-40
-6.74234e-44
-4.31009e-38
-5.92171e-42
-1.64443e-36
-2.54676e-40
-4.20324e-35
-7.31523e-39
-8.07466e-34
-1.58005e-37
-1.23805e-32
-2.72673e-36
-1.57118e-31
-3.8933e-35
-1.69153e-30
-4.70012e-34
-1.5739e-29
-4.86576e-33
-1.28566e-28
-4.36006e-32
-9.35546e-28
-3.40061e-31
-6.15251e-27
-2.31199e-30
-3.70867e-26
-1.36332e-29
-2.07417e-25
-6.84227e-29
-1.08247e-24
-2.75967e-28
-5.2175e-24
-7.1652e-28
-3.2729e-24
8.9628e-26
-7.03443e-25
3.97179e-25
-9.32835e-26
1.5728e-25
-9.16539e-27
3.02747e-26
-6.58788e-28
3.88328e-27
-3.21575e-29
3.42427e-28
1.97312e-29
-1.55281e-30
-4.10448e-43
-2.47409e-47
-3.63026e-41
-2.38742e-45
-1.60541e-39
-1.12162e-43
-4.75651e-38
-3.5043e-42
-1.06116e-36
-8.21209e-41
-1.89621e-35
-1.53644e-39
-2.81785e-34
-2.38109e-38
-3.5713e-33
-3.12988e-37
-3.93188e-32
-3.54739e-36
-3.81535e-31
-3.50925e-35
-3.30289e-30
-3.05871e-34
-2.57743e-29
-2.36572e-33
-1.82817e-28
-1.62986e-32
-1.18401e-27
-9.96969e-32
-6.97383e-27
-5.28947e-31
-3.64079e-26
-2.20991e-30
-6.56418e-26
-3.71185e-30
-2.06959e-26
4.73266e-27
-3.37636e-27
3.59737e-27
-3.74835e-28
9.25928e-28
-2.87567e-29
1.39813e-28
-1.43867e-30
1.34945e-29
8.1178e-31
-6.63278e-32
-1.59091e-46
-7.51377e-51
-1.54275e-44
-8.45717e-49
-7.44181e-43
-4.63047e-47
-2.3964e-41
-1.68759e-45
-5.80014e-40
-4.62612e-44
-1.12435e-38
-1.01696e-42
-1.81569e-37
-1.86302e-41
-2.50985e-36
-2.91649e-40
-3.03159e-35
-3.97081e-39
-3.25547e-34
-4.7634e-38
-3.15794e-33
-5.08369e-37
-2.81162e-32
-4.85876e-36
-2.33624e-31
-4.16934e-35
-1.84334e-30
-3.19789e-34
-1.40365e-29
-2.14947e-33
-1.04211e-28
-1.18979e-32
-7.50716e-28
-4.22467e-32
-4.30619e-28
1.82989e-29
-9.40177e-29
5.46318e-29
-1.23624e-29
2.14446e-29
-1.04553e-30
4.05352e-30
-5.49486e-32
4.45174e-31
2.87609e-32
-2.46591e-33
-5.37078e-50
-1.97046e-54
-6.09017e-48
-2.45814e-52
-3.43469e-46
-1.48562e-50
-1.29527e-44
-5.95571e-49
-3.68393e-43
-1.79084e-47
-8.43306e-42
-4.30938e-46
-1.61815e-40
-8.62942e-45
-2.67649e-39
-1.47543e-43
-3.89677e-38
-2.19332e-42
-5.07811e-37
-2.87342e-41
-6.00761e-36
-3.35202e-40
-6.53235e-35
-3.50895e-39
-6.59889e-34
-3.31258e-38
-6.24697e-33
-2.82309e-37
-5.57022e-32
-2.15787e-36
-4.6677e-31
-1.44078e-35
-3.60586e-30
-7.57751e-35
-6.01315e-30
-1.32056e-34
-1.97872e-30
4.90229e-31
-3.26543e-31
3.65918e-31
-3.15885e-32
9.37866e-32
-1.79197e-33
1.22638e-32
8.78033e-34
-7.99214e-35
-1.4769e-53
-2.52416e-58
-1.85272e-51
-3.68415e-56
-1.15093e-49
-2.61157e-54
-4.76312e-48
-1.23184e-52
-1.48224e-46
-4.37597e-51
-3.70363e-45
-1.25069e-49
-7.74194e-44
-2.99476e-48
-1.3927e-42
-6.17332e-47
-2.20183e-41
-1.1173e-45
-3.11116e-40
-1.80247e-44
-3.98564e-39
-2.623e-43
-4.6904e-38
-3.47509e-42
-5.13723e-37
-4.21772e-41
-5.31261e-36
-4.69858e-40
-5.27978e-35
-4.77652e-39
-5.15794e-34
-4.3321e-38
-5.0798e-33
-3.26833e-37
-5.11378e-32
-1.52009e-36
-3.06641e-32
1.87312e-33
-6.84474e-33
4.40643e-33
-7.90841e-34
1.71149e-33
-4.99076e-35
2.81405e-34
2.31257e-35
-2.26224e-36
-2.07937e-57
-5.54106e-62
-3.06151e-55
-9.11137e-60
-2.23845e-53
-7.26452e-58
-1.09416e-51
-3.84843e-56
-4.04018e-50
-1.53344e-54
-1.20496e-48
-4.91115e-53
-3.02845e-47
-1.31681e-51
-6.60697e-46
-3.03768e-50
-1.27942e-44
-6.14847e-49
-2.23886e-43
-1.10827e-47
-3.59427e-42
-1.79947e-46
-5.36415e-41
-2.65433e-45
-7.52979e-40
-3.57567e-44
-1.0044e-38
-4.40304e-43
-1.28382e-37
-4.92629e-42
-1.58103e-36
-4.91331e-41
-1.87561e-35
-4.15842e-40
-2.11802e-34
-2.56322e-39
-3.36184e-34
-2.17053e-39
-1.12477e-34
3.47513e-35
-1.63506e-35
2.42507e-35
-1.1874e-36
5.36426e-36
5.26522e-37
-5.60396e-38
-4.77816e-61
-2.84177e-66
-7.91829e-59
-5.52913e-64
-6.50259e-57
-5.20679e-62
-3.56289e-55
-3.2616e-60
-1.47213e-53
-1.5413e-58
-4.90577e-52
-5.87966e-57
-1.37575e-50
-1.88793e-55
-3.34366e-49
-5.24917e-54
-7.19844e-48
-1.29022e-52
-1.39636e-46
-2.8491e-51
-2.47457e-45
-5.72647e-50
-4.05206e-44
-1.05873e-48
-6.18706e-43
-1.81516e-47
-8.8685e-42
-2.90036e-46
-1.19808e-40
-4.32049e-45
-1.52664e-39
-5.95047e-44
-1.83346e-38
-7.37038e-43
-2.0948e-37
-7.53081e-42
-2.44141e-36
-4.11203e-41
-1.42552e-36
1.53231e-37
-2.7803e-37
2.6109e-37
-2.41444e-38
8.47284e-38
1.03937e-38
-1.21771e-39
-2.64528e-65
-4.70621e-70
-5.19956e-63
-1.07641e-67
-5.05512e-61
-1.1766e-65
-3.2828e-59
-8.51529e-64
-1.6127e-57
-4.64456e-62
-6.41936e-56
-2.04597e-60
-2.16285e-54
-7.59285e-59
-6.35905e-53
-2.4421e-57
-1.66932e-51
-6.94881e-56
-3.9851e-50
-1.77734e-54
-8.78617e-49
-4.13918e-53
-1.81333e-47
-8.86834e-52
-3.54566e-46
-1.76194e-50
-6.63972e-45
-3.26243e-49
-1.20225e-43
-5.63452e-48
-2.12204e-42
-9.02006e-47
-3.67286e-41
-1.31068e-45
-6.24652e-40
-1.62854e-44
-1.03827e-38
-1.38725e-43
-1.36271e-38
2.11674e-40
-3.8698e-39
2.06995e-39
-4.19839e-40
1.10632e-39
1.78668e-40
-2.32699e-41
-4.57117e-69
-2.18802e-74
-1.05641e-66
-6.08648e-72
-1.19098e-64
-7.80557e-70
-8.9212e-63
-6.56684e-68
-5.04827e-61
-4.15849e-66
-2.31509e-59
-2.1283e-64
-8.99145e-58
-9.18376e-63
-3.04856e-56
-3.4357e-61
-9.22893e-55
-1.13699e-59
-2.53952e-53
-3.38088e-58
-6.44685e-52
-9.14876e-57
-1.52928e-50
-2.27678e-55
-3.42774e-49
-5.25568e-54
-7.33024e-48
-1.1327e-52
-1.50783e-46
-2.28826e-51
-3.00169e-45
-4.33306e-50
-5.79901e-44
-7.62856e-49
-1.08286e-42
-1.21145e-47
-1.91721e-41
-1.54589e-46
-9.52139e-41
-5.6967e-46
-4.38413e-41
1.15077e-41
-6.2479e-42
1.19229e-41
2.69118e-42
-3.92123e-43
-2.18342e-73
-4.66384e-79
-6.15316e-71
-1.78955e-76
-8.12596e-69
-2.88264e-74
-7.05606e-67
-3.01535e-72
-4.62086e-65
-2.3881e-70
-2.45365e-63
-1.54116e-68
-1.10404e-61
-8.45167e-67
-4.33675e-60
-4.04764e-65
-1.5201e-58
-1.72686e-63
-4.83803e-57
-6.66704e-62
-1.41879e-55
-2.35985e-60
-3.88376e-54
-7.74206e-59
-1.00431e-52
-2.37534e-57
-2.48204e-51
-6.86117e-56
-5.93322e-50
-1.87283e-54
-1.39016e-48
-4.82708e-53
-3.24164e-47
-1.1642e-51
-7.65123e-46
-2.55577e-50
-1.85539e-44
-4.6916e-49
-4.6422e-43
-4.68279e-48
-4.0164e-43
4.11578e-44
-7.96463e-44
1.06068e-43
3.58345e-44
-5.84228e-45
-4.91937e-78
-1.11618e-83
-1.93571e-75
-5.87716e-81
-3.21781e-73
-1.16766e-78
-3.47801e-71
-1.50186e-76
-2.85318e-69
-1.48027e-74
-1.91481e-67
-1.19973e-72
-1.09815e-65
-8.30607e-71
-5.54044e-64
-5.0359e-69
-2.51247e-62
-2.72368e-67
-1.04193e-60
-1.33391e-65
-4.00999e-59
-5.99033e-64
-1.4509e-57
-2.4932e-62
-4.99318e-56
-9.70145e-61
-1.65171e-54
-3.55257e-59
-5.30206e-53
-1.2289e-57
-1.66576e-51
-4.01429e-56
-5.15981e-50
-1.22919e-54
-1.58498e-48
-3.45158e-53
-4.84318e-47
-8.35152e-52
-1.46934e-45
-1.35241e-50
-2.95343e-45
7.81482e-47
-8.70616e-46
7.82213e-46
4.27186e-46
-7.71473e-47
-1.21782e-82
-8.55452e-89
-6.577e-80
-3.70129e-86
-1.33909e-77
-8.33674e-84
-1.7712e-75
-1.34801e-81
-1.80306e-73
-1.75506e-79
-1.51675e-71
-1.91829e-77
-1.09639e-69
-1.80551e-75
-6.99043e-68
-1.49235e-73
-4.01e-66
-1.10107e-71
-2.10364e-64
-7.35387e-70
-1.02354e-62
-4.50026e-68
-4.67706e-61
-2.54961e-66
-2.02968e-59
-1.34864e-64
-8.4493e-58
-6.70228e-63
-3.40412e-56
-3.14009e-61
-1.33752e-54
-1.38601e-59
-5.15679e-53
-5.72161e-58
-1.95883e-51
-2.16567e-56
-7.33455e-50
-7.14889e-55
-2.69082e-48
-1.73163e-53
-1.73015e-47
3.02247e-50
-8.17283e-48
4.85135e-48
4.64364e-48
-9.05098e-49
-1.00024e-87
-5.89707e-95
-4.30651e-85
-1.14887e-92
-9.73796e-83
-2.37994e-90
-1.60467e-80
-5.15835e-88
-2.15039e-78
-1.02627e-85
-2.43584e-76
-1.78899e-83
-2.391e-74
-2.7237e-81
-2.07541e-72
-3.65811e-79
-1.62096e-70
-4.3923e-77
-1.15665e-68
-4.77848e-75
-7.64319e-67
-4.76922e-73
-4.73404e-65
-4.4154e-71
-2.77803e-63
-3.8282e-69
-1.55916e-61
-3.13235e-67
-8.43712e-60
-2.43177e-65
-4.4304e-58
-1.79442e-63
-2.2671e-56
-1.25316e-61
-1.13146e-54
-8.15424e-60
-5.4813e-53
-4.75393e-58
-2.54309e-51
-2.20571e-56
-8.03987e-50
-2.10323e-55
-6.61724e-50
2.63342e-50
4.72874e-50
-9.48587e-51
-7.02019e-94
-8.93449e-106
-1.35284e-91
-9.31311e-104
-2.78928e-89
-2.74148e-101
-6.12405e-87
-1.3823e-98
-1.25366e-84
-7.78722e-96
-2.26761e-82
-4.12976e-93
-3.60498e-80
-1.95657e-90
-5.08946e-78
-8.23422e-88
-6.47378e-76
-3.10794e-85
-7.53033e-74
-1.06587e-82
-8.1239e-72
-3.36415e-80
-8.23599e-70
-9.88483e-78
-7.94305e-68
-2.7302e-75
-7.37184e-66
-7.14126e-73
-6.65565e-64
-1.77629e-70
-5.90436e-62
-4.19586e-68
-5.19032e-60
-9.30165e-66
-4.54511e-58
-1.87299e-63
-3.96348e-56
-3.18577e-61
-3.42849e-54
-3.9649e-59
-3.00592e-52
-1.13463e-57
-4.72386e-52
1.37731e-52
4.68213e-52
-9.10219e-53
-1.08901e-104
-1.10802e-102
-3.29054e-100
-1.69301e-97
-9.87076e-95
-5.46158e-92
-2.71517e-89
-1.20645e-86
-4.84408e-84
-1.78342e-81
-6.10846e-79
-1.97282e-76
-6.08157e-74
-1.80891e-71
-5.239e-69
-1.48673e-66
-4.13588e-64
-1.11462e-61
-2.80524e-59
-6.08195e-57
-1.02541e-54
-3.35908e-54
-8.94191e-55
-2.17501e-12
1.27403e-10
-1.13276e-11
2.28429e-11
-1.43118e-12
1.50088e-12
-5.26311e-14
-1.25969e-13
9.48408e-11
3.25194e-11
2.44451e-12
3.80801e-11
-2.13121e-12
6.60693e-12
6.6023e-13
-5.61838e-13
5.73204e-11
-2.94169e-12
3.20501e-11
-1.38643e-12
1.54903e-12
4.7956e-12
6.56093e-13
-3.9594e-13
3.22422e-12
-4.22478e-13
3.78487e-12
-4.17255e-13
3.16255e-12
-2.70708e-13
1.82161e-13
2.35039e-13
2.93493e-13
3.24566e-14
2.76563e-13
1.4152e-14
1.66628e-13
5.34186e-15
1.09006e-14
1.28635e-13
9.86245e-14
3.2741e-14
8.26026e-14
3.04656e-14
5.44811e-14
2.16467e-14
9.48752e-15
3.1237e-14
3.40102e-14
1.40303e-14
3.32301e-14
1.18668e-14
2.26477e-14
8.79775e-15
3.79771e-15
1.01202e-14
1.13972e-14
6.75987e-15
9.17942e-15
4.02096e-15
5.14367e-15
1.92591e-15
8.97864e-16
2.24662e-15
3.33834e-15
2.35711e-15
1.81319e-15
1.06419e-15
1.018e-15
7.82837e-16
5.60726e-16
7.2784e-16
8.42777e-16
9.18316e-16
6.66765e-16
7.04249e-16
4.68752e-16
4.61526e-16
2.52107e-16
2.6829e-16
3.86746e-16
5.60302e-16
2.67369e-16
3.53533e-16
1.49556e-16
1.84245e-16
8.66181e-17
7.36971e-17
1.38706e-16
2.66749e-16
7.66737e-17
1.33585e-16
3.65072e-17
5.89337e-17
2.44884e-17
1.59773e-17
3.43745e-17
9.74914e-17
1.6169e-17
4.07125e-17
6.83405e-18
1.56919e-17
5.88093e-18
2.73444e-18
5.32885e-18
2.86884e-17
2.29814e-18
1.02948e-17
9.08271e-19
3.53546e-18
1.21521e-18
3.46353e-19
1.17316e-19
6.91854e-18
1.08001e-19
2.17605e-18
5.48442e-20
6.78154e-19
2.17517e-19
2.3848e-20
-6.6548e-20
1.44564e-18
-1.50804e-20
4.03818e-19
-3.36938e-21
1.14962e-19
3.46136e-20
-3.66548e-22
-2.35667e-20
2.64711e-19
-5.57717e-21
6.66106e-20
-1.39569e-21
1.75501e-20
5.00182e-21
-1.92024e-22
-5.40892e-21
4.27929e-20
-1.23437e-21
9.82098e-21
-3.05355e-22
2.42177e-21
6.5848e-22
-4.36557e-23
-9.80456e-22
6.12378e-21
-2.13857e-22
1.29617e-21
-5.15228e-23
3.02223e-22
7.90164e-23
-7.57278e-24
-1.48492e-22
7.75602e-22
-3.104e-23
1.53001e-22
-7.28487e-24
3.40627e-23
8.63356e-24
-1.10787e-24
-1.92149e-23
8.68012e-23
-3.87333e-24
1.61207e-23
-8.89943e-25
3.45957e-24
8.57372e-25
-1.41455e-25
-2.14639e-24
8.56551e-24
-4.20447e-25
1.5126e-24
-9.52418e-26
3.15872e-25
7.72299e-26
-1.5994e-26
-2.08071e-25
7.43746e-25
-3.99379e-26
1.26119e-25
-8.99269e-27
2.58704e-26
6.29866e-27
-1.61239e-27
-1.75577e-26
5.67302e-26
-3.331e-27
9.32846e-27
-7.52144e-28
1.89741e-27
4.64456e-28
-1.45429e-28
-1.29229e-27
3.79688e-27
-2.44477e-28
6.11403e-28
-5.58727e-29
1.24482e-28
3.09376e-29
-1.17577e-29
-8.30981e-29
2.2285e-28
-1.58169e-29
3.54899e-29
-3.69356e-30
7.30169e-30
1.86096e-30
-8.53102e-31
-4.67511e-30
1.147e-29
-9.03438e-31
1.82464e-30
-2.17665e-31
3.82984e-31
1.01115e-31
-5.56058e-32
-2.30462e-31
5.17966e-31
-4.56299e-32
8.31465e-32
-1.14543e-32
1.79768e-32
4.96711e-33
-3.25927e-33
-9.96992e-33
2.05438e-32
-2.04131e-33
3.36247e-33
-5.39217e-34
7.56203e-34
2.20931e-34
-1.71997e-34
-3.79154e-34
7.16808e-34
-8.10401e-35
1.20907e-34
-2.27527e-35
2.85667e-35
8.91674e-36
-8.18368e-36
-1.27003e-35
2.20516e-35
-2.86119e-36
3.87573e-36
-8.62436e-37
9.71831e-37
3.27477e-37
-3.51695e-37
-3.75526e-37
5.99908e-37
-9.00519e-38
1.11129e-37
-2.9437e-38
2.98798e-38
1.0983e-38
-1.36794e-38
-9.8256e-39
1.44882e-38
-2.53335e-39
2.86235e-39
-9.07125e-40
8.33951e-40
3.37834e-40
-4.82679e-40
-2.28115e-40
3.12159e-40
-6.38851e-41
6.65784e-41
-2.53067e-41
2.12427e-41
9.57991e-42
-1.54895e-41
-4.71283e-42
6.03791e-42
-1.44843e-42
1.40759e-42
-6.40862e-43
4.97024e-43
2.51951e-43
-4.5323e-43
-8.68979e-44
1.05678e-43
-2.96088e-44
2.72638e-44
-1.47669e-44
1.07635e-44
6.18872e-45
-1.21207e-44
-1.43383e-45
1.69043e-45
-5.47027e-46
4.88463e-46
-3.10139e-46
2.17688e-46
1.43115e-46
-2.96802e-46
-2.12171e-47
2.50249e-47
-9.14912e-48
8.18913e-48
-5.94138e-48
4.15485e-48
3.14412e-48
-6.6621e-48
-2.82116e-49
3.48287e-49
-1.387e-49
1.30259e-49
-1.03842e-49
7.57416e-50
6.62856e-50
-1.37186e-49
-3.38785e-51
4.64691e-51
-1.91434e-51
1.9975e-51
-1.66158e-51
1.33643e-51
1.35565e-51
-2.60277e-51
-3.76516e-53
6.07731e-53
-2.46472e-53
3.00355e-53
-2.49371e-53
2.31371e-53
2.71937e-53
-4.66474e-53
-4.30097e-55
-3.27442e-55
-3.87406e-55
-8.68281e-55
1.09699e-14
-1.95917e-13
2.76163e-15
-1.56631e-14
5.43284e-16
-1.2718e-15
2.97616e-16
-4.04465e-17
1.72764e-16
1.2035e-17
3.37326e-17
6.22826e-18
4.32744e-18
1.21568e-18
4.17173e-19
1.52935e-19
3.18914e-20
1.42414e-20
1.98475e-21
1.04323e-21
1.01766e-22
6.20464e-23
4.30925e-24
3.04347e-24
1.4984e-25
1.23681e-25
4.21694e-27
4.14263e-27
9.34852e-29
1.12599e-28
1.55234e-30
2.4118e-30
1.73714e-32
3.86229e-32
9.85214e-35
4.16052e-34
2.24731e-36
-5.16954e-14
3.65857e-14
4.33998e-15
4.77891e-16
1.12853e-15
4.502e-16
6.22846e-16
9.85911e-17
2.15905e-16
5.16166e-17
5.11278e-17
1.63682e-17
6.76093e-18
2.70761e-18
6.55739e-19
3.14746e-19
5.04176e-20
2.82233e-20
3.16417e-21
2.03382e-21
1.64046e-22
1.20383e-22
7.04356e-24
5.91845e-24
2.49141e-25
2.42381e-25
7.15761e-27
8.22656e-27
1.62474e-28
2.28046e-28
2.76494e-30
5.01839e-30
3.16175e-32
8.3123e-32
1.81986e-34
9.28481e-34
5.169e-36
-1.89009e-14
8.78271e-14
4.85972e-15
6.2371e-15
1.51613e-15
1.32452e-15
3.9193e-16
1.67784e-16
1.74112e-16
7.16158e-17
3.34353e-17
1.56845e-17
4.17925e-18
2.23923e-18
3.98796e-19
2.42816e-19
3.06062e-20
2.10446e-20
1.92992e-21
1.49307e-21
1.00892e-22
8.79107e-23
4.37849e-24
4.32628e-24
1.56823e-25
1.78145e-25
4.56792e-27
6.10345e-27
1.05152e-28
1.71463e-28
1.81178e-30
3.83789e-30
2.08953e-32
6.4805e-32
1.20632e-34
7.37162e-34
4.15405e-36
1.78694e-17
7.25266e-14
3.58519e-15
7.18484e-15
6.24434e-16
8.97334e-16
3.2055e-16
1.77646e-16
9.81655e-17
5.72413e-17
1.62879e-17
1.0214e-17
1.94377e-18
1.3304e-18
1.81582e-19
1.36672e-19
1.37456e-20
1.14192e-20
8.57768e-22
7.89183e-22
4.44759e-23
4.5581e-23
1.91788e-24
2.21169e-24
6.83545e-26
9.01643e-26
1.98292e-27
3.06944e-27
4.54557e-29
8.5959e-29
7.78825e-31
1.92291e-30
8.9082e-33
3.24862e-32
5.08495e-35
3.69258e-34
2.07088e-36
2.14063e-14
2.14711e-14
1.88804e-15
3.57686e-15
5.90213e-16
4.73086e-16
2.11734e-16
1.56578e-16
4.64626e-17
3.52776e-17
6.84318e-18
5.4431e-18
7.65498e-19
6.48362e-19
6.85423e-20
6.25291e-20
5.03215e-21
4.9854e-21
3.0669e-22
3.32454e-22
1.55998e-23
1.86721e-23
6.6181e-25
8.85936e-25
2.32476e-26
3.54654e-26
6.65277e-28
1.18954e-27
1.50442e-29
3.29107e-29
2.5407e-31
7.28742e-31
2.86096e-33
1.21969e-32
1.60639e-35
1.37281e-34
7.60898e-37
5.46517e-15
6.63177e-15
6.33329e-16
8.77508e-16
3.60526e-16
3.36231e-16
1.00614e-16
9.37815e-17
1.80104e-17
1.70527e-17
2.3944e-18
2.34259e-18
2.51929e-19
2.58602e-19
2.16047e-20
2.35578e-20
1.5342e-21
1.79552e-21
9.09943e-23
1.15443e-22
4.52213e-24
6.29084e-24
1.87929e-25
2.90964e-25
6.47704e-27
1.13955e-26
1.82017e-28
3.7502e-28
4.04312e-30
1.0204e-29
6.70704e-32
2.22601e-31
7.4192e-34
3.67466e-33
4.09524e-36
4.08152e-35
2.23167e-37
1.17685e-15
1.94735e-15
5.16954e-16
6.01934e-16
1.65397e-16
1.89637e-16
3.55368e-17
4.06066e-17
5.62672e-18
6.49271e-18
6.9729e-19
8.24342e-19
6.9849e-20
8.57802e-20
5.76413e-21
7.44533e-21
3.96454e-22
5.44771e-22
2.28739e-23
3.38239e-23
1.10913e-24
1.7882e-24
4.50651e-26
8.05386e-26
1.52065e-27
3.08075e-27
4.18762e-29
9.92704e-29
9.12149e-31
2.65042e-30
1.48484e-32
5.6841e-32
1.6135e-34
9.23935e-34
8.76325e-37
1.01192e-35
5.45867e-38
3.07766e-16
5.5308e-16
2.17918e-16
3.07427e-16
5.46908e-17
7.60394e-17
1.02315e-17
1.4148e-17
1.49016e-18
2.07163e-18
1.74215e-19
2.46545e-19
1.66817e-20
2.43387e-20
1.32636e-21
2.01976e-21
8.83597e-23
1.42131e-22
4.95594e-24
8.5273e-24
2.3422e-25
4.37305e-25
9.29276e-27
1.91656e-26
3.06617e-28
7.1529e-28
8.26584e-30
2.25414e-29
1.76449e-31
5.89881e-31
2.81869e-33
1.24259e-32
3.01107e-35
1.98815e-34
1.61119e-37
2.14784e-36
1.14396e-38
2.56652e-16
4.49209e-16
6.98619e-17
1.19218e-16
1.49486e-17
2.51248e-17
2.52526e-18
4.2094e-18
3.42677e-19
5.71704e-19
3.79607e-20
6.40954e-20
3.47934e-21
6.01742e-21
2.66588e-22
4.78075e-22
1.71944e-23
3.23757e-23
9.36851e-25
1.87711e-24
4.31168e-26
9.33481e-26
1.66897e-27
3.97874e-27
5.38066e-29
1.44782e-28
1.41927e-30
4.45919e-30
2.96894e-32
1.14318e-31
4.65637e-34
2.36498e-33
4.8949e-36
3.72593e-35
2.58405e-38
3.97388e-37
2.09194e-39
7.70163e-17
1.64301e-16
1.8088e-17
3.76032e-17
3.46682e-18
7.07685e-18
5.40614e-19
1.08962e-18
6.89677e-20
1.38373e-19
7.26652e-21
1.46657e-20
6.3849e-22
1.31165e-21
4.71639e-23
9.98534e-23
2.9448e-24
6.50976e-24
1.55802e-25
3.64729e-25
6.97914e-27
1.75838e-26
2.63432e-28
7.28594e-28
8.29527e-30
2.58397e-29
2.14071e-31
7.77576e-31
4.38952e-33
1.95275e-32
6.76389e-35
3.96864e-34
7.00529e-37
6.16129e-36
3.65391e-39
6.49539e-38
3.38364e-40
1.84237e-17
4.88831e-17
3.90305e-18
1.00408e-17
6.90123e-19
1.73203e-18
1.00841e-19
2.48154e-19
1.2187e-20
2.96418e-20
1.22613e-21
2.97882e-21
1.03495e-22
2.5419e-22
7.37751e-24
1.85567e-23
4.46092e-25
1.16498e-24
2.29196e-26
6.30779e-26
9.99213e-28
2.94779e-27
3.67753e-29
1.18721e-28
1.13113e-30
4.10311e-30
2.85659e-32
1.20642e-31
5.74495e-34
2.96878e-33
8.70615e-36
5.93129e-35
8.89585e-38
9.08422e-37
4.59203e-40
9.48041e-39
4.89367e-41
3.61468e-18
1.23373e-17
7.11243e-19
2.32607e-18
1.18312e-19
3.73115e-19
1.63956e-20
5.01518e-20
1.89089e-21
5.66014e-21
1.82472e-22
5.40661e-22
1.48359e-23
4.40792e-23
1.02228e-24
3.08813e-24
5.99252e-26
1.86768e-25
2.99196e-27
9.77462e-27
1.27012e-28
4.42834e-28
4.56003e-30
1.73371e-29
1.37067e-31
5.84011e-31
3.38976e-33
1.67839e-32
6.69262e-35
4.04981e-34
9.98754e-37
7.9622e-36
1.00848e-38
1.2048e-37
5.16151e-41
1.24692e-39
6.38734e-42
5.80176e-19
2.69805e-18
1.08917e-19
4.73891e-19
1.73672e-20
7.13794e-20
2.31139e-21
9.05427e-21
2.56519e-22
9.68837e-22
2.38775e-23
8.81442e-23
1.87727e-24
6.87445e-24
1.25383e-25
4.62562e-25
7.13966e-27
2.69652e-26
3.46941e-28
1.36465e-27
1.4359e-29
5.9958e-29
5.03437e-31
2.28275e-30
1.48041e-32
7.49873e-32
3.58944e-34
2.10793e-33
6.96698e-36
4.99231e-35
1.02556e-37
9.67248e-37
1.02536e-39
1.44862e-38
5.21438e-42
1.48997e-40
7.58619e-43
7.30944e-20
5.16738e-19
1.36274e-20
8.56275e-20
2.13884e-21
1.22042e-20
2.78267e-22
1.46754e-21
3.00805e-23
1.49292e-22
2.72395e-24
1.29596e-23
2.08374e-25
9.68077e-25
1.35525e-26
6.26215e-26
7.5231e-28
3.52152e-27
3.568e-29
1.72457e-28
1.44302e-30
7.35349e-30
4.95051e-32
2.72462e-31
1.42675e-33
8.73563e-33
3.39766e-35
2.40451e-34
6.49568e-37
5.59732e-36
9.45205e-39
1.0706e-37
9.3796e-41
1.59047e-39
4.75082e-43
1.62963e-41
8.26092e-44
6.19136e-21
8.72642e-20
1.27471e-21
1.38058e-20
2.08984e-22
1.87358e-21
2.7555e-23
2.14334e-22
2.96983e-24
2.07765e-23
2.65819e-25
1.72374e-24
2.00095e-26
1.23498e-25
1.27786e-27
7.68921e-27
6.95884e-29
4.17587e-28
3.23707e-30
1.98104e-29
1.28438e-31
8.2065e-31
4.32564e-33
2.96247e-32
1.22532e-34
9.28189e-34
2.87354e-36
2.50532e-35
5.42534e-38
5.74239e-37
7.82523e-40
1.08666e-38
7.72896e-42
1.60537e-40
3.90946e-44
1.64299e-42
8.30593e-45
3.20447e-23
1.32598e-20
5.65001e-23
1.996e-21
1.3248e-23
2.59145e-22
2.01128e-24
2.82811e-23
2.30843e-25
2.61759e-24
2.12292e-26
2.07928e-25
1.61205e-27
1.43116e-26
1.02816e-28
8.59024e-28
5.55983e-30
4.51218e-29
2.55964e-31
2.07667e-30
1.00326e-32
8.36975e-32
3.33524e-34
2.94806e-33
9.32781e-36
9.04081e-35
2.16263e-37
2.39728e-36
4.04686e-39
5.42193e-38
5.80581e-41
1.01767e-39
5.7266e-43
1.49939e-41
2.90095e-45
1.53721e-43
7.76179e-46
-1.8027e-23
1.8725e-21
-1.16436e-24
2.70714e-22
-2.42665e-26
3.31809e-23
5.6051e-26
3.38975e-24
1.09301e-26
2.99116e-25
1.21322e-27
2.27956e-26
1.00486e-28
1.51047e-27
6.69273e-30
8.75784e-29
3.69642e-31
4.458e-30
1.71656e-32
1.99421e-31
6.73668e-34
7.83415e-33
2.23275e-35
2.69741e-34
6.21258e-37
8.11243e-36
1.4328e-38
2.11781e-37
2.67124e-40
4.73819e-39
3.82931e-42
8.84638e-41
3.78696e-44
1.30399e-42
1.92685e-46
1.3433e-44
6.78299e-47
-4.62735e-24
2.45729e-22
-3.91787e-25
3.43834e-23
-2.54022e-26
4.00838e-24
-1.20717e-27
3.86979e-25
-3.03135e-29
3.2165e-26
1.64102e-29
2.30296e-27
3.38874e-30
1.45578e-28
2.94383e-31
8.17312e-30
1.83555e-32
4.04138e-31
9.08461e-34
1.76115e-32
3.69255e-35
6.75843e-34
1.24766e-36
2.27969e-35
3.50807e-38
6.7391e-37
8.1401e-40
1.73637e-38
1.52516e-41
3.85376e-40
2.19952e-43
7.17988e-42
2.19196e-45
1.06242e-43
1.12317e-47
1.10314e-45
5.57493e-48
-8.23797e-25
2.99159e-23
-7.24154e-26
4.08402e-24
-5.10967e-27
4.56236e-25
-2.96605e-28
4.1919e-26
-1.38766e-29
3.3e-27
-5.13285e-31
2.23561e-28
-1.30211e-32
1.34317e-29
-6.26068e-35
7.16234e-31
3.54723e-34
3.3789e-32
2.81142e-35
1.43615e-33
1.38318e-36
5.39714e-35
5.15766e-38
1.78791e-36
1.53481e-39
5.20836e-38
3.6896e-41
1.32817e-39
7.08391e-43
2.93331e-41
1.04128e-44
5.4722e-43
1.05395e-46
8.15753e-45
5.44311e-49
8.56371e-47
4.33173e-49
-1.21273e-25
3.3694e-24
-1.06472e-26
4.52658e-25
-7.56602e-28
4.8829e-26
-4.50555e-29
4.29918e-27
-2.25184e-30
3.22458e-28
-9.67641e-32
2.08021e-29
-3.51901e-33
1.19363e-30
-1.06041e-34
6.07806e-32
-2.56042e-36
2.75216e-33
-4.23757e-38
1.12443e-34
-1.5606e-40
4.07389e-36
6.57057e-40
1.30902e-37
3.28386e-41
3.76363e-39
9.78898e-43
9.52757e-41
2.10819e-44
2.10089e-42
3.31707e-46
3.93871e-44
3.48881e-48
5.93676e-46
1.79284e-50
6.31998e-48
3.19617e-50
-1.55439e-26
3.49947e-25
-1.35088e-27
4.66939e-26
-9.48942e-29
4.90266e-27
-5.60213e-30
4.16519e-28
-2.80935e-31
2.99529e-29
-1.23525e-32
1.8518e-30
-4.72623e-34
1.01997e-31
-1.57695e-35
4.98635e-33
-4.61612e-37
2.17732e-34
-1.15981e-38
8.58635e-36
-2.48814e-40
3.0114e-37
-4.53665e-42
9.42423e-39
-6.82861e-44
2.64937e-40
-8.24179e-46
6.59954e-42
-7.5919e-48
1.44428e-43
-4.97387e-50
2.71284e-45
-2.26146e-52
4.1326e-47
-7.83876e-55
4.46632e-49
2.25637e-51
-1.77132e-27
3.34068e-26
-1.52437e-28
4.47093e-27
-1.05436e-29
4.60725e-28
-6.1153e-31
3.80389e-29
-3.02786e-32
2.63999e-30
-1.32436e-33
1.57415e-31
-5.0861e-35
8.36726e-33
-1.72943e-36
3.94826e-34
-5.24123e-38
1.67029e-35
-1.39558e-39
6.38501e-37
-3.28145e-41
2.17657e-38
-6.83945e-43
6.65638e-40
-1.24875e-44
1.83477e-41
-1.97999e-46
4.50925e-43
-2.65189e-48
9.81617e-45
-2.79264e-50
1.85098e-46
-1.94222e-52
2.85461e-48
-5.39325e-55
3.13616e-50
1.58272e-52
-1.81239e-28
2.9225e-27
-1.55109e-29
3.9638e-28
-1.05801e-30
4.04371e-29
-6.02385e-32
3.26837e-30
-2.93393e-33
2.20407e-31
-1.26633e-34
1.27567e-32
-4.81832e-36
6.57975e-34
-1.6355e-37
3.01296e-35
-4.97394e-39
1.24067e-36
-1.33959e-40
4.61734e-38
-3.21869e-42
1.53606e-39
-6.91064e-44
4.60557e-41
-1.31194e-45
1.24833e-42
-2.18076e-47
3.0348e-44
-3.07707e-49
6.58597e-46
-3.40866e-51
1.24909e-47
-2.45986e-53
1.9532e-49
-6.58482e-56
2.18377e-51
1.10089e-53
-1.67352e-29
2.33705e-28
-1.43326e-30
3.2471e-29
-9.68132e-32
3.30872e-30
-5.42543e-33
2.63786e-31
-2.60205e-34
1.74056e-32
-1.10695e-35
9.84178e-34
-4.15973e-37
4.95362e-35
-1.40087e-38
2.21315e-36
-4.23606e-40
8.91221e-38
-1.13912e-41
3.24322e-39
-2.74843e-43
1.05714e-40
-5.94794e-45
3.11773e-42
-1.14459e-46
8.33409e-44
-1.94032e-48
2.00926e-45
-2.80826e-50
4.35614e-47
-3.20095e-52
8.32485e-49
-2.36775e-54
1.3217e-50
-6.22628e-57
1.50537e-52
7.58028e-55
-1.39853e-30
1.70506e-29
-1.20745e-31
2.45388e-30
-8.12171e-33
2.52048e-31
-4.49975e-34
1.99743e-32
-2.13199e-35
1.29878e-33
-8.95579e-37
7.22104e-35
-3.32605e-38
3.56707e-36
-1.1103e-39
1.5633e-37
-3.33065e-41
6.18532e-39
-8.90926e-43
2.21053e-40
-2.14674e-44
7.08775e-42
-4.65166e-46
2.06278e-43
-9.00587e-48
5.45389e-45
-1.54514e-49
1.30718e-46
-2.27808e-51
2.8371e-48
-2.65748e-53
5.47257e-50
-2.0097e-55
8.83283e-52
-5.22205e-58
1.02579e-53
5.15921e-56
-1.05964e-31
1.13348e-30
-9.29702e-33
1.70895e-31
-6.26693e-34
1.78594e-32
-3.45133e-35
1.41798e-33
-1.62259e-36
9.15116e-35
-6.75269e-38
5.03545e-36
-2.48479e-39
2.45537e-37
-8.23347e-41
1.06126e-38
-2.45159e-42
4.14483e-40
-6.52162e-44
1.461e-41
-1.56731e-45
4.62601e-43
-3.39414e-47
1.33285e-44
-6.59627e-49
3.4955e-46
-1.1427e-50
8.34906e-48
-1.71257e-52
1.81766e-49
-2.04129e-54
3.54462e-51
-1.57741e-56
5.82287e-53
-4.06327e-59
6.9009e-55
3.46657e-57
-7.28905e-33
6.86178e-32
-6.55408e-34
1.09633e-32
-4.45798e-35
1.1767e-33
-2.45503e-36
9.43491e-35
-1.15105e-37
6.08729e-36
-4.76554e-39
3.33651e-37
-1.7435e-40
1.61526e-38
-5.7491e-42
6.92192e-40
-1.70251e-43
2.68089e-41
-4.50997e-45
9.35982e-43
-1.0816e-46
2.93781e-44
-2.34128e-48
8.4061e-46
-4.56643e-50
2.19284e-47
-7.98411e-52
5.23171e-49
-1.21582e-53
1.14469e-50
-1.48027e-55
2.26017e-52
-1.16902e-57
3.78302e-54
-2.99105e-60
4.57872e-56
2.29725e-58
-4.5578e-34
3.78318e-33
-4.23661e-35
6.47987e-34
-2.92869e-36
7.21086e-35
-1.62299e-37
5.88571e-36
-7.62987e-39
3.8238e-37
-3.15707e-40
2.10114e-38
-1.15298e-41
1.01569e-39
-3.79539e-43
4.33813e-41
-1.12079e-44
1.67373e-42
-2.96285e-46
5.81195e-44
-7.101e-48
1.81504e-45
-1.53812e-49
5.17345e-47
-3.01284e-51
1.34602e-48
-5.31918e-53
3.21494e-50
-8.23262e-55
7.08242e-52
-1.02404e-56
1.41787e-53
-8.26806e-59
2.4205e-55
-2.10386e-61
2.9939e-57
1.50034e-59
-2.59408e-35
1.90125e-34
-2.51473e-36
3.5317e-35
-1.77977e-37
4.11332e-36
-9.98948e-39
3.44516e-37
-4.73516e-40
2.26998e-38
-1.96767e-41
1.2584e-39
-7.20387e-43
6.10853e-41
-2.37557e-44
2.61369e-42
-7.01662e-46
1.009e-43
-1.85572e-47
3.49882e-45
-4.45311e-49
1.09106e-46
-9.66703e-51
3.10709e-48
-1.90394e-52
8.08372e-50
-3.39722e-54
1.93709e-51
-5.34731e-56
4.30406e-53
-6.79864e-58
8.74797e-55
-5.61444e-60
1.52458e-56
-1.42202e-62
1.92825e-58
9.65233e-61
-1.34589e-36
8.72306e-36
-1.37279e-37
1.7777e-36
-1.0021e-38
2.18735e-37
-5.73404e-40
1.89484e-38
-2.75612e-41
1.27514e-39
-1.15589e-42
7.17592e-41
-4.26085e-44
3.51724e-42
-1.41268e-45
1.51515e-43
-4.18679e-47
5.87771e-45
-1.11083e-48
2.04325e-46
-2.67462e-50
6.38416e-48
-5.82947e-52
1.8216e-49
-1.15604e-53
4.7509e-51
-2.08697e-55
1.1445e-52
-3.34336e-57
2.56907e-54
-4.34736e-59
5.30765e-56
-3.67367e-61
9.45141e-58
-9.26747e-64
1.22294e-59
6.11565e-62
-6.3765e-38
3.66235e-37
-6.90395e-39
8.28254e-38
-5.23656e-40
1.08662e-38
-3.07462e-41
9.81161e-40
-1.50702e-42
6.79018e-41
-6.4104e-44
3.90244e-42
-2.38957e-45
1.94171e-43
-7.99475e-47
8.46157e-45
-2.38522e-48
3.31213e-46
-6.36627e-50
1.15855e-47
-1.54145e-51
3.63892e-49
-3.3795e-53
1.04314e-50
-6.75823e-55
2.73369e-52
-1.23584e-56
6.63328e-54
-2.01673e-58
1.50654e-55
-2.68357e-60
3.16727e-57
-2.32144e-62
5.76726e-59
-5.83554e-65
7.63768e-61
3.81619e-63
-2.76419e-39
1.41147e-38
-3.20471e-40
3.58247e-39
-2.54419e-41
5.05675e-40
-1.54265e-42
4.79541e-41
-7.7533e-44
3.43563e-42
-3.36129e-45
2.02816e-43
-1.27249e-46
1.02967e-44
-4.3117e-48
4.55985e-46
-1.29912e-49
1.80806e-47
-3.49778e-51
6.38619e-49
-8.53571e-53
2.0226e-50
-1.88602e-54
5.83994e-52
-3.80916e-56
1.54119e-53
-7.06425e-58
3.77353e-55
-1.1753e-59
8.6837e-57
-1.60144e-61
1.85963e-58
-1.41867e-63
3.46502e-60
-3.55488e-66
4.69819e-62
2.3459e-64
-1.09879e-40
5.01326e-40
-1.37581e-41
1.44386e-40
-1.15142e-42
2.21202e-41
-7.25479e-44
2.21921e-42
-3.7589e-45
1.65644e-43
-1.66869e-46
1.00993e-44
-6.44211e-48
5.25694e-46
-2.21849e-49
2.37592e-47
-6.77144e-51
9.57849e-49
-1.84405e-52
3.42749e-50
-4.54542e-54
1.09774e-51
-1.01409e-55
3.20005e-53
-2.07168e-57
8.52174e-55
-3.90113e-59
2.10887e-56
-6.62298e-61
4.92343e-58
-9.24681e-63
1.07498e-59
-8.39164e-65
2.05089e-61
-2.09676e-67
2.84785e-63
1.42133e-65
-4.01453e-42
1.64896e-41
-5.47416e-43
5.44686e-42
-4.86302e-44
9.13318e-43
-3.20306e-45
9.76099e-44
-1.71966e-46
7.63592e-45
-7.85246e-48
4.83308e-46
-3.1036e-49
2.59102e-47
-1.08988e-50
1.19988e-48
-3.37994e-52
4.93496e-50
-9.33372e-54
1.79443e-51
-2.32875e-55
5.82701e-53
-5.25544e-57
1.71874e-54
-1.08759e-58
4.62715e-56
-2.082e-60
1.15908e-57
-3.61008e-62
2.74846e-59
-5.16812e-64
6.1232e-61
-4.80667e-66
1.19677e-62
-1.19803e-68
1.70224e-64
8.49376e-67
-1.35119e-43
5.05177e-43
-2.02267e-44
1.9335e-43
-1.91998e-45
3.57657e-44
-1.32951e-46
4.09832e-45
-7.43212e-48
3.37882e-46
-3.50554e-49
2.23059e-47
-1.4237e-50
1.23669e-48
-5.11418e-52
5.88925e-50
-1.61589e-53
2.47873e-51
-4.5357e-55
9.18397e-53
-1.14774e-56
3.03091e-54
-2.6246e-58
9.06363e-56
-5.51005e-60
2.47093e-57
-1.07361e-61
6.27358e-59
-1.90316e-63
1.51248e-60
-2.79585e-65
3.44054e-62
-2.66626e-67
6.89189e-64
-6.63229e-70
1.00423e-65
5.01091e-68
-4.19798e-45
1.45131e-44
-6.95188e-46
6.4981e-45
-7.09535e-47
1.33573e-45
-5.19292e-48
1.65076e-46
-3.03618e-49
1.44145e-47
-1.48507e-50
9.96727e-49
-6.2184e-52
5.73601e-50
-2.29157e-53
2.81795e-51
-7.39562e-55
1.21708e-52
-2.11469e-56
4.6061e-54
-5.43736e-58
1.54815e-55
-1.26198e-59
4.70176e-57
-2.69154e-61
1.29991e-58
-5.34454e-63
3.34911e-60
-9.69644e-65
8.2162e-62
-1.46321e-66
1.90942e-63
-1.43184e-68
3.9213e-65
-3.55708e-71
5.85358e-67
2.92153e-69
-1.20572e-46
3.94051e-46
-2.22488e-47
2.08206e-46
-2.45592e-48
4.78701e-47
-1.90909e-49
6.4136e-48
-1.17226e-50
5.95748e-49
-5.96702e-52
4.33061e-50
-2.58393e-53
2.59512e-51
-9.79392e-55
1.31887e-52
-3.23593e-56
5.85918e-54
-9.44438e-58
2.26975e-55
-2.47173e-59
7.78354e-57
-5.83165e-61
2.40437e-58
-1.2654e-62
6.74995e-60
-2.56427e-64
1.76647e-61
-4.76803e-66
4.41292e-63
-7.40109e-68
1.04817e-64
-7.44036e-70
2.20733e-66
-1.84803e-72
3.37537e-68
1.68541e-70
-3.20363e-48
1.02017e-47
-6.63245e-49
6.40944e-48
-7.96095e-50
1.65736e-48
-6.60221e-51
2.41773e-49
-4.27334e-52
2.39764e-50
-2.27082e-53
1.83779e-51
-1.01967e-54
1.14982e-52
-3.98424e-56
6.05894e-54
-1.35039e-57
2.77419e-55
-4.02994e-59
1.10197e-56
-1.07522e-60
3.86142e-58
-2.58273e-62
1.21479e-59
-5.71056e-64
3.46665e-61
-1.18299e-65
9.22286e-63
-2.25879e-67
2.3475e-64
-3.61442e-69
5.70048e-66
-3.74053e-71
1.23107e-67
-9.307e-74
1.92804e-69
9.63282e-72
-7.87948e-50
2.54314e-49
-1.84216e-50
1.91138e-49
-2.41641e-51
5.58236e-50
-2.14658e-52
8.89637e-51
-1.46928e-53
9.44553e-52
-8.17281e-55
7.65232e-53
-3.81405e-56
5.00909e-54
-1.53924e-57
2.74184e-55
-5.36079e-59
1.29591e-56
-1.63829e-60
5.28592e-58
-4.46259e-62
1.89501e-59
-1.09302e-63
6.07782e-61
-2.46708e-65
1.76463e-62
-5.23678e-67
4.77589e-64
-1.02994e-68
1.23909e-65
-1.70564e-70
3.07665e-67
-1.82488e-72
6.81307e-69
-4.56773e-75
1.09245e-70
5.46141e-73
-1.8021e-51
6.16748e-51
-4.78812e-52
5.56745e-51
-6.89538e-53
1.84163e-51
-6.58418e-54
3.21357e-52
-4.77862e-55
3.66022e-53
-2.78846e-56
3.13966e-54
-1.35482e-57
2.15359e-55
-5.65555e-59
1.22622e-56
-2.02662e-60
5.99002e-58
-6.35014e-62
2.5117e-59
-1.7682e-63
9.22142e-61
-4.42292e-65
3.01778e-62
-1.02126e-66
8.92091e-64
-2.22818e-68
2.45752e-65
-4.53523e-70
6.50129e-67
-7.82807e-72
1.65071e-68
-8.74415e-74
3.74733e-70
-2.23013e-76
6.14829e-72
3.07484e-74
-3.92854e-53
1.46892e-52
-1.19269e-53
1.5952e-52
-1.89254e-54
5.9841e-53
-1.94746e-55
1.14483e-53
-1.50143e-56
1.40067e-54
-9.20367e-58
1.27364e-55
-4.66052e-59
9.16526e-57
-2.014e-60
5.43403e-58
-7.43109e-62
2.74613e-59
-2.38898e-63
1.18478e-60
-6.80517e-65
4.45806e-62
-1.74003e-66
1.48968e-63
-4.11527e-68
4.48639e-65
-9.24557e-70
1.25859e-66
-1.95365e-71
3.39601e-68
-3.53713e-73
8.8176e-70
-4.18449e-75
2.05143e-71
-1.12225e-77
3.44131e-73
1.72031e-75
-8.91533e-55
-3.09473e-55
-5.41147e-56
-6.00087e-57
-4.91408e-58
-3.16407e-59
-1.6696e-60
-7.46774e-62
-2.83649e-63
-9.35241e-65
-2.72335e-66
-7.10702e-68
-1.71613e-69
-3.94601e-71
-8.56483e-73
-1.59952e-74
-1.95856e-76
-5.42187e-79
)
;

boundaryField
{
    leftWall
    {
        type            calculated;
        value           uniform 0;
    }
    rightWall
    {
        type            calculated;
        value           uniform 0;
    }
    lowerWall
    {
        type            calculated;
        value           uniform 0;
    }
    atmosphere
    {
        type            calculated;
        value           nonuniform List<scalar> 
46
(
0
0
0
0
0
0
0
0
0
0
0
0
0
0
0
0
0
0
0
0
6.73263e-60
8.139e-55
4.66331e-54
7.90806e-55
4.48059e-55
3.97048e-55
5.40268e-55
3.45674e-54
4.51402e-54
1.92097e-54
4.03218e-55
5.30417e-56
5.11762e-57
3.8672e-58
2.38962e-59
1.2503e-60
5.55445e-62
2.14347e-63
7.31793e-65
2.24653e-66
6.42079e-68
1.76754e-69
4.69334e-71
1.11877e-72
1.91761e-74
9.5725e-77
)
;
    }
    defaultFaces
    {
        type            empty;
        value           nonuniform 0();
    }
}


// ************************************************************************* //
