/*--------------------------------*- C++ -*----------------------------------*\
| =========                 |                                                 |
| \\      /  F ield         | OpenFOAM: The Open Source CFD Toolbox           |
|  \\    /   O peration     | Version:  v1606+                                |
|   \\  /    A nd           | Web:      www.OpenFOAM.com                      |
|    \\/     M anipulation  |                                                 |
\*---------------------------------------------------------------------------*/
FoamFile
{
    version     2.0;
    format      ascii;
    class       volScalarField;
    location    "0.9";
    object      dgdt;
}
// * * * * * * * * * * * * * * * * * * * * * * * * * * * * * * * * * * * * * //

dimensions      [0 0 -1 0 0 0 0];

internalField   nonuniform List<scalar> 
6000
(
-18.3222
-19.5315
-19.7781
-19.8386
-19.8918
-19.8274
-19.6974
-19.541
-19.3319
-19.213
-19.1453
-19.3249
-19.4312
-19.4658
-19.4676
-19.4726
-19.4672
-19.4429
-19.3582
-19.1855
-19.2077
-19.3556
-19.4859
-19.6824
-19.8152
-19.9066
-19.9153
-19.8348
-19.586
-17.9447
-2.1356
-1.6622
-1.74691
-1.84228
-1.94868
-2.05226
-2.14966
-2.10558
-1.93406
-1.87062
-1.8962
-2.01752
-2.14804
-2.23014
-2.2697
-2.28694
-2.26719
-2.18656
-2.06104
-1.918
-1.88118
-1.93826
-2.07618
-2.19563
-2.10961
-1.99343
-1.88288
-1.7642
-1.66791
-2.38869
-0.0621297
-0.0372119
-0.0498226
-0.0660021
-0.098116
-0.145314
-0.180159
-0.262284
-0.240225
-0.223962
-0.243987
-0.259813
-0.244392
-0.23458
-0.233928
-0.245564
-0.264122
-0.270561
-0.279009
-0.271122
-0.235597
-0.244816
-0.26594
-0.205982
-0.166697
-0.113617
-0.0777444
-0.0547699
-0.0446547
-0.0963749
0.0403438
0.0427039
0.0403014
0.0337291
0.0284037
0.0225944
0.0182648
-0.015616
-0.0394257
-0.0370381
-0.0440757
-0.0457735
-0.0221315
0.000909786
0.0100998
0.00813271
-0.00323827
-0.0299583
-0.0573156
-0.0551424
-0.0430631
-0.0430711
-0.0208019
0.0154859
0.0210052
0.0273938
0.03285
0.0402924
0.0433225
0.0386857
0.0485716
0.0507461
0.0487407
0.0430847
0.0399906
0.0399377
0.0415507
0.0250275
0.0094375
0.0111981
0.00842023
0.0139032
0.0328874
0.0379297
0.0380258
0.0374998
0.036931
0.0312312
0.0129677
0.00249472
0.0113197
0.011148
0.0247874
0.0423229
0.0410021
0.040766
0.0434829
0.0499198
0.0528928
0.0494412
0.0522948
0.0544599
0.0530428
0.0474729
0.0418184
0.0414823
0.0419522
0.0288882
0.0256055
0.0311499
0.0328347
0.0366867
0.0380252
0.0376913
0.0372901
0.0367422
0.0361566
0.0355154
0.0339816
0.0310045
0.0342433
0.0276864
0.0270998
0.0430475
0.0430422
0.0423767
0.0478109
0.0553646
0.0576037
0.0536116
0.0530944
0.0545629
0.0546538
0.0517014
0.0452293
0.0411415
0.0400786
0.0341916
0.0359147
0.0371669
0.0354479
0.0367506
0.0386419
0.03908
0.038954
0.0381251
0.0366341
0.0350001
0.0352264
0.0323389
0.0349383
0.034183
0.0321158
0.0407369
0.0426676
0.0445714
0.0532277
0.0585407
0.0592026
0.0566985
0.0511389
0.0520076
0.0524429
0.052297
0.04913
0.0425765
0.03974
0.0394141
0.0417067
0.0409647
0.0378766
0.0388235
0.040095
0.0413662
0.041858
0.0407821
0.0382667
0.036261
0.0352635
0.0334132
0.0317626
0.0353331
0.0370034
0.0398069
0.0427294
0.0491869
0.0568994
0.0587059
0.0592338
0.0579858
0.0478488
0.0477742
0.047886
0.0481512
0.0486123
0.0445423
0.0410778
0.0429974
0.045377
0.0454948
0.0440459
0.0431161
0.044192
0.0455219
0.0461269
0.0447808
0.0409396
0.0368216
0.0357866
0.0340244
0.0324822
0.035294
0.0385265
0.040392
0.0452062
0.0535998
0.0566605
0.0577178
0.0586619
0.0584977
0.043764
0.0422255
0.041664
0.0416056
0.0430192
0.0423095
0.0410501
0.0454963
0.0494174
0.0512322
0.0504275
0.0498721
0.0523342
0.0539586
0.0519466
0.0493699
0.044178
0.0378583
0.0355241
0.0344198
0.0343588
0.0364883
0.0391661
0.0414828
0.0476525
0.0539588
0.05468
0.0558499
0.0573704
0.0583435
0.0391115
0.0353638
0.0338081
0.033008
0.03522
0.0362344
0.0382397
0.0458492
0.05103
0.0528137
0.0521686
0.051597
0.0528218
0.0550293
0.0573069
0.0569537
0.0488109
0.0396432
0.036354
0.0365473
0.0383266
0.0394237
0.039853
0.0407433
0.0457162
0.0507789
0.0515409
0.0523784
0.0544554
0.0568913
0.0366131
0.0282572
0.0256801
0.0226793
0.0255977
0.0286147
0.0337951
0.0416694
0.0444208
0.0427771
0.0377921
0.0324959
0.0310873
0.0320927
0.0357189
0.0460971
0.053554
0.0448173
0.0398127
0.0406592
0.0427286
0.0426472
0.039633
0.036255
0.0377702
0.0435527
0.0453312
0.0462769
0.049249
0.0541381
0.0344559
0.0256985
0.024973
0.0206598
0.018597
0.0212181
0.0267799
0.029321
0.0277746
0.0205458
0.0142152
0.00898424
0.0080895
0.0100821
0.0111431
0.0130921
0.0230626
0.0348272
0.0376087
0.039527
0.0412783
0.0401982
0.0348252
0.0274791
0.0247187
0.030536
0.0354851
0.0376501
0.041519
0.0518399
0.0324175
0.0257782
0.0245445
0.0216281
0.0177838
0.0192962
0.0193729
0.0155249
0.0111439
0.00855729
0.00739215
0.00513659
0.0032678
0.00128315
-0.00269323
-0.010128
-0.0233435
-0.0278858
-0.0136594
0.000435714
0.0104226
0.0168441
0.0179502
0.0137249
0.00994914
0.0167515
0.0253496
0.0307414
0.0329276
0.0447745
0.0280471
0.0244626
0.0211848
0.0185847
0.0160772
0.0165924
0.0122197
0.00995917
0.00886811
0.00791208
0.00645722
0.00394365
0.000480031
-0.00500846
-0.0139943
-0.0288338
-0.0538317
-0.0882642
-0.0950047
-0.0715999
-0.0459694
-0.025504
-0.0113018
-0.00270871
0.00243174
0.01032
0.0188643
0.0260101
0.0276774
0.0396599
0.0176156
0.0154131
0.0125042
0.00862419
0.000594743
-0.000526296
0.00534364
0.0074347
0.00816181
0.00751764
0.00550849
0.00273696
-0.00142046
-0.00877696
-0.0209996
-0.0402938
-0.0713793
-0.107075
-0.125312
-0.110385
-0.0828557
-0.0585046
-0.038356
-0.0199097
-0.00260159
0.00972241
0.0179476
0.0220268
0.0258741
0.0358605
-0.00424917
-0.0105441
-0.0146975
-0.0188592
-0.02141
-0.0114469
-0.000512206
0.00469572
0.00690689
0.00683963
0.00520166
0.00298365
-0.000998122
-0.00886675
-0.0217717
-0.0409911
-0.0664743
-0.0772291
-0.0899746
-0.0993888
-0.0849996
-0.0663932
-0.0487531
-0.0318937
-0.0123599
0.00765716
0.0191252
0.0193568
0.0225103
0.0312851
-0.0273669
-0.0365832
-0.0391845
-0.0392694
-0.0231126
-0.0112774
-0.00259911
0.00311645
0.00600563
0.00669905
0.00622094
0.00516848
0.00194713
-0.00531583
-0.0163774
-0.0288459
-0.0346792
-0.0387544
-0.0397862
-0.0527874
-0.0622229
-0.058587
-0.0497233
-0.0380781
-0.0235135
-0.00369806
0.00713268
0.0111167
0.0186622
0.0252134
-0.0346237
-0.0396587
-0.039465
-0.0393617
-0.0211554
-0.00957722
-0.00216961
0.00257755
0.00566739
0.00731852
0.00836988
0.00876667
0.00667001
0.000584186
-0.00785228
-0.0163232
-0.020111
-0.0233681
-0.0155943
-0.0159263
-0.0291076
-0.040206
-0.0436282
-0.0422427
-0.0371738
-0.0300514
-0.0243134
-0.00389551
0.0122778
0.0163632
-0.0300678
-0.0342549
-0.0326647
-0.0313641
-0.0180866
-0.00777431
-0.00208061
0.00229911
0.00556824
0.00840115
0.0111268
0.0130972
0.0122761
0.00708277
-0.000902494
-0.0118088
-0.0241253
-0.0173385
-0.00910068
-0.00868653
-0.0140287
-0.0252148
-0.0361071
-0.0443943
-0.0476487
-0.0487897
-0.0491244
-0.0293105
-0.00452596
0.00144233
-0.0247322
-0.0278749
-0.0251946
-0.0213293
-0.0148976
-0.00730563
-0.0025352
0.0015465
0.00526697
0.00926824
0.0135231
0.0171695
0.0177787
0.0127818
0.000732474
-0.0158623
-0.0330126
-0.0253346
-0.0218048
-0.0258833
-0.0254586
-0.0291952
-0.0373448
-0.0512784
-0.057803
-0.0590048
-0.0583951
-0.051053
-0.033199
-0.0236862
-0.0223526
-0.0242527
-0.0202975
-0.0201393
-0.0140928
-0.00744471
-0.00318207
0.000546815
0.00447437
0.00926766
0.0148376
0.0201403
0.0227023
0.0187523
0.00172711
-0.0166625
-0.0409673
-0.0333431
-0.0274141
-0.0435045
-0.0455923
-0.0453343
-0.0480063
-0.0673861
-0.0729117
-0.0690537
-0.0636086
-0.0587079
-0.0531059
-0.0515794
-0.0228576
-0.0231461
-0.0212318
-0.0208323
-0.0160983
-0.00938477
-0.00452529
-0.000894422
0.00301979
0.00832628
0.0148904
0.0222711
0.0286325
0.0235709
0.00372863
-0.00763218
-0.0215711
-0.0442845
-0.0323913
-0.0360635
-0.052877
-0.0556035
-0.0579765
-0.0829229
-0.0879545
-0.0773818
-0.0663117
-0.0595805
-0.057256
-0.0594175
-0.0229336
-0.02497
-0.0260006
-0.0261505
-0.0212458
-0.0140927
-0.00816275
-0.0038015
0.000542111
0.00635933
0.0138882
0.0231513
0.0349677
0.0295418
0.0147615
0.004101
-0.0020188
-0.0198925
-0.0475384
-0.0459556
-0.0570328
-0.0610523
-0.0620692
-0.0890913
-0.0921266
-0.0745277
-0.0644832
-0.0554241
-0.0516556
-0.0516333
-0.0305936
-0.0354501
-0.0351421
-0.0337568
-0.0281621
-0.0206058
-0.0135919
-0.00843775
-0.00376979
0.00272941
0.0108481
0.0207143
0.0340267
0.0375561
0.0268718
0.00590961
-0.0158044
-0.0227731
-0.0408014
-0.0701633
-0.0718461
-0.070405
-0.0616686
-0.0890291
-0.0817005
-0.0628834
-0.0570234
-0.0489387
-0.0431614
-0.0411027
-0.0449778
-0.0393875
-0.0424623
-0.0396789
-0.0328681
-0.025327
-0.0186624
-0.0142854
-0.0102378
-0.00277172
0.00612655
0.014957
0.0268617
0.0346295
0.028004
0.0030132
-0.0302623
-0.0574761
-0.0626116
-0.110583
-0.117751
-0.0905837
-0.0712344
-0.0939371
-0.0854054
-0.0576738
-0.0457845
-0.0400342
-0.0341779
-0.0312825
-0.0516983
-0.0510669
-0.0468705
-0.040559
-0.0325483
-0.0265825
-0.0219735
-0.0204049
-0.018391
-0.0099862
0.000211983
0.00831851
0.0167336
0.022765
0.0180469
0.000690321
-0.0392495
-0.0735392
-0.154904
-0.184557
-0.176303
-0.129005
-0.10127
-0.11322
-0.0961782
-0.0578472
-0.0340762
-0.029308
-0.0249991
-0.0226306
-0.0520445
-0.0623809
-0.0445361
-0.0397911
-0.0357568
-0.0325225
-0.0300874
-0.029873
-0.0259231
-0.0180174
-0.00666142
0.00120397
0.0058003
0.00891467
0.0058642
-0.0078124
-0.0421026
-0.0888318
-0.167997
-0.202369
-0.160908
-0.120362
-0.120361
-0.1309
-0.105288
-0.0589549
-0.0268803
-0.0203681
-0.0174692
-0.0161012
-0.0542745
-0.054206
-0.0488477
-0.0459832
-0.043812
-0.0410855
-0.037786
-0.0340338
-0.0307267
-0.0276593
-0.0146577
-0.00544911
-0.00375851
-0.00245246
-0.00553939
-0.0206408
-0.0471205
-0.0761528
-0.135861
-0.142761
-0.0959174
-0.0688387
-0.083375
-0.11898
-0.1077
-0.0678377
-0.0277631
-0.0157121
-0.0130917
-0.012605
-0.0586318
-0.058388
-0.0575117
-0.0559496
-0.0542481
-0.0525951
-0.0481442
-0.0409106
-0.0369034
-0.0317188
-0.0206986
-0.0113488
-0.0118094
-0.0119345
-0.0150491
-0.0264598
-0.0482591
-0.0661972
-0.0785546
-0.0663335
-0.0481851
-0.0376164
-0.0419522
-0.0750522
-0.0931562
-0.0731869
-0.03666
-0.0176736
-0.0140922
-0.0133563
-0.0606611
-0.0591179
-0.0610118
-0.0637218
-0.0655562
-0.0658738
-0.0614925
-0.0527328
-0.0426665
-0.0329233
-0.0252881
-0.0183824
-0.0178264
-0.0188083
-0.0209998
-0.0278538
-0.0430387
-0.0450858
-0.0345717
-0.0252685
-0.0232171
-0.0217511
-0.0211767
-0.034748
-0.0582941
-0.0615426
-0.0392458
-0.0151866
-0.0128126
-0.0162342
-0.0585586
-0.055021
-0.0587517
-0.0647167
-0.0684821
-0.0694188
-0.0662086
-0.0612935
-0.0485906
-0.0382667
-0.0284686
-0.0231413
-0.0212803
-0.0225045
-0.023628
-0.0268067
-0.0323186
-0.0280196
-0.0163014
-0.00988031
-0.0116994
-0.0124363
-0.0115877
-0.0143281
-0.0261243
-0.039313
-0.0348898
-0.0187237
-0.0187852
-0.0265656
-0.0534278
-0.0490259
-0.0535323
-0.059772
-0.063483
-0.0649558
-0.0635247
-0.0631812
-0.0546905
-0.0405542
-0.0290577
-0.0232825
-0.0217088
-0.0228673
-0.0242312
-0.0260086
-0.0266821
-0.0212063
-0.0091988
-0.00442442
-0.00674689
-0.00739968
-0.00703025
-0.00687116
-0.0112636
-0.0234659
-0.0324596
-0.0474281
-0.0290967
-0.0336522
-0.0493686
-0.0441715
-0.0481261
-0.0529686
-0.0557058
-0.0571253
-0.0546309
-0.0508103
-0.043698
-0.0347311
-0.0248007
-0.020627
-0.0197006
-0.0217645
-0.023798
-0.0252766
-0.0241199
-0.0190225
-0.00542042
-0.00267303
-0.00457135
-0.00492923
-0.00466555
-0.00436285
-0.00815421
-0.0243624
-0.0385623
-0.0282242
-0.00547955
-0.0270639
-0.0459314
-0.0404873
-0.0429469
-0.0461189
-0.0474948
-0.0438845
-0.0361583
-0.0261792
-0.020075
-0.0221933
-0.0185364
-0.0176309
-0.017894
-0.0201865
-0.0230931
-0.0246008
-0.0245936
-0.0180398
-0.00350469
-0.0022137
-0.00359931
-0.00384706
-0.00353508
-0.00357198
-0.00889697
-0.0250737
-0.0274537
-0.0153686
-0.0229288
-0.0152591
-0.0424065
-0.0363313
-0.0366993
-0.0366732
-0.0324095
-0.0237229
-0.0118939
-0.00574982
-0.00480934
-0.010263
-0.0141865
-0.0168409
-0.0172676
-0.0182766
-0.021932
-0.0225704
-0.0246135
-0.0141076
-0.00271312
-0.0021908
-0.00306565
-0.0034419
-0.00322376
-0.00337235
-0.00983681
-0.0236333
-0.0223853
-0.0183696
-0.0316884
-0.0150555
-0.0320486
-0.0283368
-0.0263584
-0.0225817
-0.015468
-0.00569288
-0.00188515
-0.00123613
-0.00221259
-0.00720282
-0.0125907
-0.0159526
-0.0172166
-0.0166883
-0.0200909
-0.019378
-0.0188423
-0.0110923
-0.00279705
-0.00216742
-0.00267807
-0.00325688
-0.00315932
-0.00335942
-0.0109552
-0.0217693
-0.0193228
-0.0199279
-0.0192151
-0.0187373
-0.0161574
-0.0176777
-0.0152292
-0.00661844
-0.00257319
-0.00105949
-0.000835733
-0.000971233
-0.00218736
-0.00719408
-0.0134545
-0.0170483
-0.0168936
-0.0177774
-0.0181182
-0.01783
-0.0169558
-0.0101531
-0.00347041
-0.0021487
-0.0023766
-0.00305022
-0.00308887
-0.00362304
-0.0102358
-0.016239
-0.0151065
-0.0185948
-0.019486
-0.0185316
-0.0047849
-0.00403846
-0.00236197
-0.00109436
-0.00076786
-0.000738365
-0.000784754
-0.00100568
-0.00273878
-0.0089342
-0.0155304
-0.0181521
-0.0164768
-0.0161946
-0.0169865
-0.0177817
-0.0151018
-0.00989956
-0.00490338
-0.00216332
-0.00217806
-0.00278959
-0.00298952
-0.00369763
-0.00776706
-0.0113673
-0.0130474
-0.0132419
-0.0186694
-0.0184471
-0.00176542
-0.00126289
-0.000862418
-0.000711816
-0.00068978
-0.000719275
-0.000778309
-0.00104924
-0.0033048
-0.0109021
-0.0176047
-0.0188435
-0.0164479
-0.0157132
-0.0166146
-0.0180594
-0.0115541
-0.0095842
-0.00717662
-0.00233048
-0.0020982
-0.00247373
-0.00282963
-0.0034244
-0.00574188
-0.00898101
-0.0107712
-0.00849136
-0.0127272
-0.0175139
-0.00123456
-0.000976651
-0.000772846
-0.000688255
-0.000682943
-0.000711733
-0.000780775
-0.00108564
-0.00382036
-0.0126402
-0.0184392
-0.0190081
-0.0172316
-0.0161149
-0.0164442
-0.0170343
-0.00761959
-0.00883104
-0.00935584
-0.00278039
-0.00202579
-0.00217865
-0.00257448
-0.00306737
-0.00457599
-0.00719305
-0.00822878
-0.00641319
-0.0100781
-0.0188373
-0.00105972
-0.000908772
-0.0007525
-0.000678608
-0.000673591
-0.000706848
-0.000790905
-0.00112302
-0.00429353
-0.0139432
-0.0182328
-0.0185917
-0.017742
-0.0163302
-0.0171171
-0.0183992
-0.00524635
-0.00794426
-0.0100555
-0.00387213
-0.00195104
-0.00201337
-0.00225847
-0.00271219
-0.00378243
-0.00571875
-0.00653474
-0.00559008
-0.0101926
-0.0194528
-0.00100166
-0.000885789
-0.000743773
-0.000676558
-0.000671735
-0.00071298
-0.000812508
-0.00115385
-0.00465236
-0.0149099
-0.0181676
-0.0173371
-0.0165384
-0.0160803
-0.016955
-0.0113878
-0.00403073
-0.00618367
-0.0098147
-0.00639259
-0.00207906
-0.00193921
-0.00200853
-0.00237747
-0.00309901
-0.00444086
-0.00543022
-0.00536563
-0.0122877
-0.0193689
-0.000978234
-0.000871446
-0.000733063
-0.00065665
-0.000677322
-0.000728981
-0.000840696
-0.00116817
-0.00481678
-0.0154388
-0.0180266
-0.0159518
-0.0149749
-0.0152927
-0.0160095
-0.00552175
-0.00340163
-0.00440908
-0.00844683
-0.00900558
-0.00288209
-0.0018791
-0.00190061
-0.00206861
-0.00253209
-0.0033476
-0.00438371
-0.00509796
-0.0153903
-0.0192655
-0.000961426
-0.000853341
-0.000722624
-0.000681436
-0.000673463
-0.000748757
-0.000874982
-0.0011612
-0.00450451
-0.0157392
-0.0174809
-0.0147238
-0.014411
-0.0159356
-0.0157253
-0.00447368
-0.00316514
-0.0032927
-0.00650813
-0.00952764
-0.00500188
-0.00190177
-0.00184785
-0.00187323
-0.00212896
-0.00254347
-0.00333789
-0.00455427
-0.0167928
-0.0189365
-0.000940674
-0.000832549
-0.000710493
-0.000656693
-0.000682773
-0.000774994
-0.000912427
-0.00113496
-0.00338764
-0.0145894
-0.016874
-0.0138019
-0.0146628
-0.0167151
-0.0124894
-0.00431175
-0.00307179
-0.00290088
-0.00459686
-0.0092833
-0.00753922
-0.00241903
-0.00181062
-0.00181217
-0.00192054
-0.00209489
-0.00251864
-0.00376497
-0.0165377
-0.0188428
-0.000913792
-0.000808501
-0.000697888
-0.000682579
-0.000694419
-0.000804114
-0.000952291
-0.00112302
-0.00239212
-0.0120394
-0.0167504
-0.0137883
-0.0147606
-0.0162436
-0.0102588
-0.00427973
-0.00305363
-0.00279569
-0.00311983
-0.00629933
-0.00812204
-0.00394217
-0.00181868
-0.00178625
-0.0018709
-0.00195589
-0.00207177
-0.00304793
-0.0152255
-0.0189259
-0.000882321
-0.000783564
-0.000687114
-0.000677132
-0.000711616
-0.000836001
-0.000993951
-0.00115793
-0.00181116
-0.00878145
-0.0171396
-0.0148558
-0.0146193
-0.0153956
-0.0101023
-0.00433635
-0.0031157
-0.00277603
-0.00267613
-0.00413451
-0.00796549
-0.00616555
-0.00230033
-0.00182402
-0.00192887
-0.00196961
-0.00196478
-0.00273488
-0.0139364
-0.0189244
-0.000848919
-0.00075952
-0.000680256
-0.000678927
-0.000732687
-0.00086868
-0.00103485
-0.00122022
-0.00159205
-0.00534882
-0.0160729
-0.016435
-0.0141105
-0.0148574
-0.0102299
-0.00444396
-0.0032544
-0.00286536
-0.00266762
-0.0029832
-0.00618207
-0.00748549
-0.00394419
-0.00241965
-0.00239286
-0.00226851
-0.00206628
-0.00276346
-0.0133762
-0.0188899
-0.000816061
-0.000738252
-0.000678653
-0.000676477
-0.000757577
-0.00090259
-0.00107526
-0.00129024
-0.00157943
-0.003388
-0.013341
-0.0168518
-0.014492
-0.0151943
-0.0108826
-0.00469509
-0.00348239
-0.00303581
-0.00269366
-0.00262553
-0.00413164
-0.0074744
-0.00659132
-0.00447538
-0.00407155
-0.00369595
-0.00274218
-0.00334563
-0.0137119
-0.0188081
-0.000785543
-0.000720465
-0.000678972
-0.000688688
-0.000787326
-0.000937203
-0.0011163
-0.00136459
-0.00177513
-0.00293009
-0.0110048
-0.0160683
-0.01511
-0.0156812
-0.0114787
-0.00507416
-0.00373686
-0.00325936
-0.00286684
-0.00263725
-0.0027502
-0.00654628
-0.00867363
-0.00781602
-0.00735748
-0.00700008
-0.00482682
-0.00547905
-0.014537
-0.0188159
-0.000758208
-0.000706188
-0.000679053
-0.000708016
-0.000818527
-0.000971576
-0.00115972
-0.00144646
-0.00194888
-0.00289646
-0.00963401
-0.0164883
-0.0157538
-0.0161717
-0.0119567
-0.00551811
-0.00402089
-0.00352866
-0.00312683
-0.00267435
-0.00250487
-0.00389509
-0.00877293
-0.00968816
-0.0100825
-0.0101614
-0.00799098
-0.00896428
-0.0158619
-0.019114
-0.000734877
-0.000695974
-0.000679929
-0.000729544
-0.000849411
-0.00100622
-0.00120739
-0.00153961
-0.00214602
-0.00314761
-0.00859765
-0.017301
-0.0167245
-0.0165945
-0.0127643
-0.00612523
-0.00439685
-0.00383435
-0.0034178
-0.00289408
-0.00255225
-0.00263783
-0.00531913
-0.00792578
-0.00893696
-0.00980411
-0.00959023
-0.0113031
-0.0169294
-0.0195073
-0.000715228
-0.000690291
-0.000685817
-0.00075273
-0.000879783
-0.00104271
-0.00126339
-0.00164964
-0.00237491
-0.00345173
-0.0075719
-0.0173326
-0.0173275
-0.0167911
-0.014002
-0.00699174
-0.00488838
-0.00418919
-0.00373698
-0.00324633
-0.00268808
-0.0023509
-0.00248994
-0.0037061
-0.00486219
-0.00601609
-0.00724273
-0.00977607
-0.0134529
-0.0139752
-0.000700233
-0.000688861
-0.000698662
-0.000777863
-0.000910526
-0.00108211
-0.00132936
-0.00178129
-0.00263127
-0.00384802
-0.00697009
-0.0165161
-0.017834
-0.0170744
-0.0150986
-0.00806625
-0.00544448
-0.0046111
-0.00406509
-0.00358149
-0.00297709
-0.0023095
-0.00177425
-0.00156228
-0.00178514
-0.00231953
-0.00344141
-0.0052282
-0.0057987
-0.00419386
-0.00068918
-0.000690481
-0.000715655
-0.000804224
-0.000942097
-0.00112575
-0.00140842
-0.00193943
-0.0029228
-0.00427632
-0.00691225
-0.015277
-0.0181241
-0.0175515
-0.0160094
-0.00916956
-0.00605678
-0.00508784
-0.00441467
-0.00386657
-0.00327589
-0.00251775
-0.00175993
-0.00115834
-0.000878109
-0.000885011
-0.0012264
-0.00168044
-0.0014772
-0.000979596
-0.000682443
-0.00069223
-0.000734626
-0.000830965
-0.000975917
-0.00117662
-0.00150298
-0.00212995
-0.00325248
-0.00469806
-0.00692512
-0.0142028
-0.0182092
-0.0179266
-0.0166709
-0.0101662
-0.00676942
-0.00559793
-0.00478763
-0.00412958
-0.00353003
-0.00282915
-0.00197866
-0.0012209
-0.000746573
-0.000563952
-0.00055362
-0.000579536
-0.000538897
-0.000521498
-0.000679169
-0.000697117
-0.000753815
-0.000857992
-0.00101296
-0.00123505
-0.00161561
-0.00235372
-0.00361061
-0.00516916
-0.00751961
-0.0138593
-0.0182882
-0.0182727
-0.0168378
-0.0111495
-0.00757273
-0.00615693
-0.00519068
-0.00439651
-0.00374184
-0.00310394
-0.0023027
-0.00142894
-0.000801648
-0.000524227
-0.000444927
-0.000427326
-0.000442714
-0.000491104
-0.000678841
-0.000706254
-0.000772818
-0.000885919
-0.00105418
-0.00130213
-0.00174606
-0.00261416
-0.0039987
-0.00567453
-0.00826989
-0.0137914
-0.0179734
-0.0186621
-0.0169972
-0.0122544
-0.00845435
-0.00677272
-0.00565791
-0.00469182
-0.00392636
-0.00331525
-0.00261934
-0.00172644
-0.000943476
-0.000550743
-0.00045136
-0.000440575
-0.000453444
-0.000502645
-0.000679538
-0.000717193
-0.000791736
-0.000915742
-0.00109951
-0.00137801
-0.00190004
-0.00290937
-0.00442668
-0.00622248
-0.00900825
-0.0140088
-0.0175471
-0.0185997
-0.0176356
-0.0135342
-0.00946073
-0.00744753
-0.00620671
-0.00505763
-0.00411071
-0.0034651
-0.00288918
-0.00206833
-0.0011641
-0.000620019
-0.000462373
-0.000453877
-0.000469172
-0.000518162
-0.000679557
-0.000727449
-0.000810831
-0.00094799
-0.00114795
-0.00146296
-0.00208105
-0.00323512
-0.00488754
-0.00685504
-0.00991688
-0.0148342
-0.0172577
-0.0181229
-0.0179857
-0.0149156
-0.0106269
-0.00822762
-0.00684043
-0.00554015
-0.00434655
-0.00356854
-0.00307409
-0.00242268
-0.00146446
-0.000737363
-0.000486571
-0.000466073
-0.00048508
-0.000535498
-0.000680124
-0.000736224
-0.000830739
-0.000982292
-0.00119813
-0.00155952
-0.00228914
-0.00360123
-0.00540231
-0.00756889
-0.010789
-0.0153434
-0.017154
-0.0177832
-0.0181333
-0.016066
-0.0119073
-0.00910723
-0.00757628
-0.00614448
-0.00469037
-0.00366556
-0.0031609
-0.00273112
-0.00185695
-0.000922893
-0.000534344
-0.000481992
-0.000506264
-0.000556772
-0.000675501
-0.000743645
-0.000852326
-0.00101726
-0.00124992
-0.00167043
-0.00252709
-0.00400733
-0.00598365
-0.00838562
-0.0118217
-0.015807
-0.0171638
-0.0175418
-0.0177925
-0.0166322
-0.0131967
-0.010095
-0.00837622
-0.00685454
-0.00515988
-0.00381432
-0.0031853
-0.00291833
-0.00232213
-0.00121808
-0.000627851
-0.000524254
-0.000549038
-0.00059361
-0.000684956
-0.000751009
-0.000876074
-0.00105111
-0.00130417
-0.00179625
-0.00279725
-0.00446298
-0.00664806
-0.00930305
-0.0129183
-0.0162191
-0.0171171
-0.0173589
-0.0175104
-0.0170401
-0.01445
-0.0112238
-0.00922278
-0.00760335
-0.00573947
-0.00405991
-0.00319548
-0.00297974
-0.00273844
-0.00166807
-0.000815256
-0.000628212
-0.000634596
-0.000660782
-0.000680979
-0.000759445
-0.000901339
-0.00108273
-0.00136106
-0.00193873
-0.00310158
-0.00498278
-0.00741858
-0.0103586
-0.014013
-0.0166025
-0.0170387
-0.0171911
-0.0174448
-0.0173881
-0.0156171
-0.0124777
-0.0101299
-0.00835416
-0.00637034
-0.00441617
-0.0032262
-0.00294287
-0.00294815
-0.0022371
-0.00117366
-0.000847079
-0.000800023
-0.000780011
-0.000678724
-0.000771108
-0.000926786
-0.00111147
-0.00142132
-0.00209655
-0.00344771
-0.00558757
-0.00832579
-0.0115475
-0.0150308
-0.0168474
-0.0170485
-0.0171669
-0.0173548
-0.0175169
-0.0165929
-0.0137766
-0.0111089
-0.0091231
-0.00701145
-0.00483847
-0.00332908
-0.00285866
-0.00298091
-0.00270823
-0.00174097
-0.00123656
-0.00109522
-0.000995306
-0.000678045
-0.000787284
-0.000950488
-0.00113692
-0.00148491
-0.00227257
-0.00384382
-0.00629327
-0.00938982
-0.0128712
-0.0159442
-0.0170957
-0.0170265
-0.0171589
-0.017249
-0.0175766
-0.0172647
-0.0150764
-0.0122395
-0.00992995
-0.00765861
-0.00528745
-0.00350072
-0.00277617
-0.00289423
-0.00289341
-0.00233206
-0.00176812
-0.00152374
-0.00136011
-0.000676167
-0.000808038
-0.000970462
-0.00115921
-0.00155123
-0.00247094
-0.00429602
-0.00714422
-0.0106598
-0.0142585
-0.0166635
-0.0173204
-0.0173076
-0.0169489
-0.0171831
-0.0176793
-0.0176748
-0.0162453
-0.0134542
-0.010835
-0.00830587
-0.00573145
-0.00370813
-0.00271154
-0.00268707
-0.00288231
-0.00266792
-0.00225544
-0.00198904
-0.00183664
-0.000677695
-0.000831186
-0.00098553
-0.0011781
-0.00162244
-0.00269188
-0.00482541
-0.00818163
-0.012122
-0.0155916
-0.0171954
-0.0174321
-0.0174397
-0.017233
-0.0174198
-0.0177344
-0.0179109
-0.0171606
-0.0147255
-0.011845
-0.00899074
-0.00615755
-0.0038925
-0.00266059
-0.00244389
-0.00273333
-0.00271705
-0.00250413
-0.00232695
-0.00225177
-0.000673286
-0.000853859
-0.000995792
-0.00119424
-0.00169748
-0.00294305
-0.00546219
-0.00939455
-0.0137081
-0.016657
-0.0174973
-0.0175475
-0.0174868
-0.0175232
-0.0176515
-0.0178426
-0.0180178
-0.0177884
-0.0159892
-0.0130063
-0.00969095
-0.00653132
-0.0040112
-0.00260723
-0.00222823
-0.00246445
-0.00261101
-0.00251309
-0.00244403
-0.00247057
-0.000667055
-0.000874857
-0.00100312
-0.00120783
-0.00177696
-0.00321969
-0.00620976
-0.0108106
-0.0152386
-0.0173259
-0.0176523
-0.0176906
-0.0176865
-0.0177148
-0.0177818
-0.0179411
-0.0180874
-0.0181012
-0.0170243
-0.014163
-0.0103942
-0.00679662
-0.00402652
-0.00253915
-0.00202697
-0.00214119
-0.00239413
-0.00239911
-0.0023974
-0.00250324
-0.000662974
-0.000890582
-0.00100752
-0.001219
-0.00185407
-0.003514
-0.00706679
-0.0123489
-0.0164922
-0.0176382
-0.0177583
-0.0178276
-0.0178889
-0.0179399
-0.0179729
-0.0180264
-0.0181036
-0.0181528
-0.0176566
-0.0151808
-0.0110143
-0.00690702
-0.00398801
-0.00244893
-0.00183942
-0.00180444
-0.00208752
-0.00223828
-0.00229156
-0.002454
-0.000661605
-0.000899791
-0.00101089
-0.00122745
-0.00192036
-0.00379191
-0.00796519
-0.0138498
-0.0172781
-0.0177783
-0.017914
-0.0180382
-0.0181346
-0.0181875
-0.0181923
-0.018151
-0.0181236
-0.0180758
-0.0178454
-0.0158786
-0.0112979
-0.00684164
-0.00387156
-0.00232306
-0.00167727
-0.00147597
-0.00177943
-0.0020366
-0.00219205
-0.00239101
-0.00065838
-0.000905211
-0.00101593
-0.00123446
-0.00196748
-0.00400883
-0.00870864
-0.0150356
-0.0176183
-0.0179006
-0.01813
-0.0183012
-0.0184053
-0.0184406
-0.0184131
-0.0183426
-0.0182396
-0.0180721
-0.0178181
-0.016139
-0.0111319
-0.00675385
-0.0036834
-0.00215951
-0.00153546
-0.00138216
-0.00153285
-0.00183164
-0.0021003
-0.00233502
-0.000667447
-0.000910281
-0.00102409
-0.00124126
-0.00199002
-0.00411859
-0.00905338
-0.0156243
-0.0176985
-0.0180272
-0.0183934
-0.018658
-0.0187929
-0.0188152
-0.0187631
-0.018666
-0.018512
-0.0183088
-0.0180828
-0.0167087
-0.0122555
-0.00671724
-0.00342793
-0.00195971
-0.0013707
-0.00131826
-0.00137774
-0.00165957
-0.00200314
-0.00229703
-0.000691086
-0.000921626
-0.0010405
-0.00125367
-0.00199093
-0.00414188
-0.00903018
-0.015641
-0.0175922
-0.0179808
-0.0185376
-0.0189097
-0.0190842
-0.0191437
-0.0191036
-0.01899
-0.0188605
-0.018739
-0.0188455
-0.0182008
-0.0131065
-0.00626276
-0.00306023
-0.00176474
-0.00146383
-0.00122198
-0.00129957
-0.00153951
-0.00191427
-0.00222282
-0.000729142
-0.000950585
-0.00107594
-0.00127987
-0.00198487
-0.00413556
-0.00884305
-0.0155061
-0.0174463
-0.0178763
-0.0185353
-0.0190974
-0.0193772
-0.0192597
-0.0193777
-0.0192705
-0.0191233
-0.0190901
-0.0192359
-0.0186072
-0.0116282
-0.00532739
-0.00258988
-0.00151283
-0.00114376
-0.00132874
-0.00125463
-0.00146245
-0.00184957
-0.00210524
-0.00077689
-0.00101316
-0.00115149
-0.00133373
-0.00198543
-0.00417669
-0.00858103
-0.01474
-0.0172969
-0.0177849
-0.0185591
-0.0195027
-0.019543
-0.0198724
-0.019194
-0.0200011
-0.0187053
-0.0195147
-0.0195508
-0.0176106
-0.00925378
-0.00421002
-0.00210385
-0.00134711
-0.00112596
-0.00117861
-0.00123694
-0.00141831
-0.00180479
-0.00207943
-0.000828997
-0.00112253
-0.0012994
-0.00143958
-0.00205225
-0.00465892
-0.00919093
-0.0143138
-0.0171115
-0.0171609
-0.017971
-0.0189487
-0.0189237
-0.018471
-0.0192055
-0.0189574
-0.0195107
-0.0195144
-0.0195774
-0.0149414
-0.00719336
-0.00319419
-0.00168906
-0.00123115
-0.00106004
-0.00114848
-0.00121562
-0.00139135
-0.0017697
-0.00213838
-0.00089749
-0.00130082
-0.00156728
-0.0016327
-0.00233283
-0.00589917
-0.0112812
-0.0146719
-0.016524
-0.017123
-0.0175822
-0.0182458
-0.0183713
-0.0180432
-0.0180568
-0.0186913
-0.0189973
-0.0189324
-0.0182814
-0.0129078
-0.00637345
-0.0024883
-0.00140106
-0.00117244
-0.00121011
-0.00107321
-0.00120237
-0.00137702
-0.00174511
-0.00220416
-0.00099895
-0.00157758
-0.00198414
-0.00197568
-0.00301638
-0.0076536
-0.0132195
-0.0158582
-0.0165363
-0.0168785
-0.0169896
-0.0177611
-0.0183542
-0.0181339
-0.0184462
-0.0184503
-0.0178037
-0.0178066
-0.0166592
-0.0128342
-0.00631832
-0.00212166
-0.00125528
-0.00117032
-0.00119361
-0.00119164
-0.00120454
-0.00137619
-0.00172785
-0.00210213
-0.00117351
-0.00198563
-0.002524
-0.00255425
-0.00419205
-0.00946422
-0.0148504
-0.0165528
-0.0167699
-0.0167715
-0.0172066
-0.0176124
-0.0179823
-0.017863
-0.0179731
-0.0178367
-0.0176327
-0.017602
-0.0168656
-0.0142267
-0.00664937
-0.00200855
-0.00122376
-0.00120011
-0.00120043
-0.00117584
-0.00122743
-0.00139339
-0.00171292
-0.00200163
-0.00151475
-0.00256699
-0.0031694
-0.00344197
-0.00567927
-0.0111507
-0.0158568
-0.0168052
-0.0169164
-0.0169833
-0.0171218
-0.017386
-0.0177058
-0.017718
-0.0178916
-0.0179021
-0.0181523
-0.0181711
-0.0180001
-0.0155127
-0.00671764
-0.00202733
-0.00128507
-0.00128255
-0.00132871
-0.00124851
-0.0012629
-0.00143812
-0.00170869
-0.00178334
-0.00215432
-0.00334194
-0.00396656
-0.00459675
-0.00721509
-0.0124809
-0.0163165
-0.0167959
-0.0167365
-0.0169047
-0.0170598
-0.017323
-0.0174723
-0.0174232
-0.0178752
-0.0180631
-0.0179443
-0.0180169
-0.0185154
-0.0157054
-0.00646926
-0.0022426
-0.00150205
-0.00148687
-0.00154508
-0.00137242
-0.00133045
-0.00152617
-0.00171637
-0.00167724
-0.00317144
-0.00435255
-0.00500929
-0.0059063
-0.00880223
-0.0137565
-0.016564
-0.0167555
-0.0166213
-0.0166949
-0.0168832
-0.0171276
-0.0173249
-0.017505
-0.017617
-0.01764
-0.0171637
-0.0183341
-0.0183768
-0.0153149
-0.0062916
-0.00277786
-0.00197397
-0.00189737
-0.0019216
-0.00162722
-0.00149349
-0.00167509
-0.00175324
-0.00166437
-0.00455854
-0.00571914
-0.00638655
-0.0073699
-0.0105153
-0.0152019
-0.0166592
-0.0165942
-0.016525
-0.0166051
-0.0168409
-0.017095
-0.0173151
-0.0174353
-0.0174446
-0.0173551
-0.0179219
-0.0170942
-0.0183465
-0.0148437
-0.00717691
-0.00366599
-0.0026899
-0.00252227
-0.00246135
-0.00207084
-0.00184971
-0.00194009
-0.00184965
-0.0017028
-0.00640245
-0.00755943
-0.00812227
-0.00904393
-0.0123387
-0.0161646
-0.0165785
-0.0163844
-0.0163585
-0.0164818
-0.0167369
-0.0170467
-0.0173237
-0.0174612
-0.0174245
-0.0173059
-0.0172379
-0.0175067
-0.0179093
-0.0155166
-0.00894616
-0.00483027
-0.00356941
-0.00328379
-0.0031452
-0.00272097
-0.00242784
-0.00237191
-0.00202696
-0.00172824
-0.00886476
-0.00992212
-0.0102753
-0.0110464
-0.0144547
-0.0168419
-0.0162842
-0.0160153
-0.0159569
-0.016157
-0.0165199
-0.0169437
-0.0173057
-0.0175003
-0.0174316
-0.0172519
-0.0172025
-0.0173714
-0.0177271
-0.0165585
-0.0107109
-0.00613162
-0.00456753
-0.0041552
-0.00396682
-0.00356418
-0.00318899
-0.00296088
-0.0022983
-0.00176578
-0.0118244
-0.0125728
-0.0126338
-0.0132674
-0.016293
-0.0169785
-0.0158599
-0.0154655
-0.0154316
-0.0156918
-0.0161525
-0.0166453
-0.0170726
-0.0173404
-0.0173024
-0.0170489
-0.0169722
-0.0171547
-0.0176644
-0.0173236
-0.012053
-0.00747969
-0.00567271
-0.00518363
-0.00496756
-0.00457053
-0.00412239
-0.00370055
-0.00273581
-0.00189804
-0.0144799
-0.0147959
-0.0146934
-0.015267
-0.0173417
-0.0173304
-0.0154069
-0.014742
-0.0148385
-0.0151742
-0.015547
-0.0161723
-0.0166611
-0.0169941
-0.0168551
-0.0166927
-0.0165959
-0.0168376
-0.017519
-0.0178362
-0.0132051
-0.00880389
-0.00707606
-0.00655456
-0.00627392
-0.00580896
-0.00527891
-0.00466528
-0.00351189
-0.00234929
-0.0163331
-0.0163186
-0.0162781
-0.0167005
-0.0174229
-0.0172275
-0.0152074
-0.0137728
-0.0141229
-0.0146703
-0.0152668
-0.0160985
-0.016851
-0.0169926
-0.0168005
-0.0164715
-0.0161437
-0.0166172
-0.0175461
-0.0175495
-0.0136598
-0.0102143
-0.00902611
-0.00854288
-0.00809131
-0.00748615
-0.0068415
-0.00603852
-0.0047967
-0.00355008
-0.0173318
-0.0170372
-0.016889
-0.0169464
-0.0167026
-0.0158469
-0.0146509
-0.0128905
-0.0125862
-0.013413
-0.0142617
-0.0153251
-0.0162142
-0.0167641
-0.0165847
-0.0160023
-0.0154782
-0.0163084
-0.0166629
-0.0151159
-0.01329
-0.0119172
-0.0114056
-0.0112332
-0.0106768
-0.00997265
-0.00918453
-0.00813066
-0.00678645
-0.00567287
-0.0171587
-0.0167294
-0.0164475
-0.016291
-0.0158527
-0.0150607
-0.0139938
-0.0127841
-0.0119562
-0.0115708
-0.0124209
-0.0161649
-0.0151478
-0.0100777
-0.0123768
-0.012939
-0.01726
-0.0161977
-0.0148317
-0.0120096
-0.0128572
-0.0133043
-0.0137171
-0.0141664
-0.0137501
-0.0133362
-0.0126236
-0.0114293
-0.00997316
-0.00874532
-0.016315
-0.0159603
-0.015782
-0.015737
-0.0156079
-0.0152001
-0.0145257
-0.0134371
-0.012311
-0.0133836
-0.0134149
-0.014248
-0.0143978
-0.0155412
-0.00999449
-0.0184499
-0.0175145
-0.0166699
-0.016293
-0.0145712
-0.0133389
-0.014331
-0.0153699
-0.0166684
-0.0171562
-0.0170511
-0.0166819
-0.0158117
-0.0147737
-0.0134667
-0.0156966
-0.0154249
-0.0154529
-0.0156864
-0.0159141
-0.0158543
-0.0153762
-0.014467
-0.013174
-0.01248
-0.013282
-0.0135753
-0.0161086
-0.0174537
-0.0265635
-0.0172124
-0.0178709
-0.0170487
-0.0166779
-0.0173009
-0.0152291
-0.0150149
-0.0161846
-0.0176985
-0.0193961
-0.0202411
-0.0202931
-0.0199747
-0.0199805
-0.0193452
-0.0158207
-0.0154514
-0.0155583
-0.0159732
-0.0163876
-0.0165602
-0.0163725
-0.0155603
-0.0140315
-0.0127877
-0.0135704
-0.0143004
-0.0169142
-0.0213634
-0.0176941
-0.0176418
-0.0185337
-0.0177083
-0.0167345
-0.0161486
-0.0153957
-0.0155182
-0.0163119
-0.0176789
-0.0192607
-0.0207137
-0.021632
-0.0221159
-0.0229225
-0.021412
-0.0166933
-0.0158994
-0.0158049
-0.0161826
-0.0166217
-0.0169077
-0.0169441
-0.0164188
-0.0151443
-0.0137743
-0.0139539
-0.0148397
-0.016451
-0.0169378
-0.0167725
-0.0185367
-0.019523
-0.0189571
-0.0177448
-0.016707
-0.0159212
-0.0161367
-0.0164499
-0.0174262
-0.0186358
-0.0197279
-0.0206441
-0.020834
-0.0220524
-0.0249889
-0.0175942
-0.0161997
-0.0158191
-0.0161059
-0.0165025
-0.0168305
-0.017082
-0.0169154
-0.0160305
-0.0146483
-0.0142349
-0.0148823
-0.0153245
-0.0160825
-0.0177371
-0.0195668
-0.0207648
-0.020648
-0.0195324
-0.0182482
-0.0171856
-0.0167409
-0.0168234
-0.0171883
-0.0176554
-0.0182375
-0.0188223
-0.0195118
-0.0193661
-0.0203034
-0.0174726
-0.0158451
-0.0155488
-0.0158715
-0.0162637
-0.0166249
-0.0170788
-0.017173
-0.0167214
-0.0154573
-0.0146106
-0.014811
-0.0152793
-0.0166573
-0.0185946
-0.0202922
-0.0215603
-0.0220673
-0.021438
-0.0202445
-0.0189719
-0.0180454
-0.0174561
-0.0169988
-0.0168914
-0.0167606
-0.0169364
-0.0179755
-0.0185343
-0.0170249
-0.0160115
-0.0149905
-0.0153218
-0.0157302
-0.0161649
-0.0165361
-0.0171082
-0.0173419
-0.0173272
-0.0161875
-0.015288
-0.0149802
-0.0157709
-0.0175592
-0.0194938
-0.0207587
-0.0215679
-0.0223866
-0.0226418
-0.0220354
-0.0209275
-0.0196126
-0.0182714
-0.0171314
-0.01635
-0.0162305
-0.0163913
-0.0169056
-0.0178585
-0.0177692
-0.014121
-0.0141955
-0.0152001
-0.0156572
-0.0161175
-0.0165479
-0.0171688
-0.0174341
-0.0176477
-0.0167872
-0.0161039
-0.015655
-0.01678
-0.0184622
-0.0198678
-0.020657
-0.0212465
-0.0218832
-0.0226818
-0.0231466
-0.0228287
-0.021712
-0.0199693
-0.01828
-0.0172423
-0.0168234
-0.0168592
-0.016871
-0.0169411
-0.0190818
-0.0130486
-0.0141237
-0.0149874
-0.0154654
-0.0159234
-0.0164523
-0.0171223
-0.0173719
-0.0176077
-0.0172479
-0.0168795
-0.0165785
-0.0177111
-0.0190447
-0.0198652
-0.0203147
-0.0207135
-0.0214556
-0.0223963
-0.0235665
-0.0245584
-0.0245499
-0.0231988
-0.021303
-0.0197689
-0.0186856
-0.0180341
-0.017548
-0.0171044
-0.0184157
-0.0128888
-0.0130629
-0.0145922
-0.0150523
-0.0155005
-0.0161352
-0.0168885
-0.0171164
-0.0173317
-0.0173946
-0.0174449
-0.0175708
-0.0183699
-0.0192118
-0.0196337
-0.0199436
-0.0204837
-0.0214177
-0.0225952
-0.0240102
-0.0258138
-0.0272401
-0.0271718
-0.0257725
-0.0238668
-0.0219061
-0.0200215
-0.0187333
-0.0182236
-0.0176842
-0.0129834
-0.0138486
-0.0139379
-0.0144385
-0.0149438
-0.01579
-0.0163868
-0.0166708
-0.0170604
-0.017564
-0.0180444
-0.0183744
-0.0189391
-0.0193684
-0.0195778
-0.0200194
-0.0207379
-0.0217395
-0.0229863
-0.0245507
-0.026479
-0.0283922
-0.0294818
-0.0294867
-0.0283795
-0.0261803
-0.023439
-0.0211111
-0.020529
-0.0220119
-0.014924
-0.0139861
-0.0132911
-0.0134484
-0.0141151
-0.0151962
-0.015842
-0.0163419
-0.0170268
-0.0179388
-0.0187957
-0.019275
-0.0195642
-0.0197341
-0.0199965
-0.0204975
-0.0212168
-0.0221394
-0.0232967
-0.0248372
-0.0266163
-0.0283545
-0.0297964
-0.0307478
-0.0306536
-0.0290354
-0.0269423
-0.0250387
-0.0243773
-0.0281504
-0.0103448
-0.0134662
-0.0124785
-0.0128682
-0.013253
-0.0144202
-0.0154044
-0.016268
-0.0173576
-0.0185307
-0.0194105
-0.0198927
-0.0201018
-0.0202185
-0.0204806
-0.0209428
-0.0215704
-0.0223745
-0.0234296
-0.024814
-0.0264036
-0.0279605
-0.029629
-0.0311227
-0.031697
-0.0308923
-0.0296021
-0.0282821
-0.0280752
-0.0335104
-0.0144018
-0.0144823
-0.0129855
-0.0122049
-0.0132515
-0.0143156
-0.0153253
-0.0164538
-0.0177583
-0.0189584
-0.0195097
-0.0200487
-0.0202393
-0.0204316
-0.0207092
-0.0211303
-0.0216834
-0.0224093
-0.0234038
-0.0246807
-0.0260946
-0.02748
-0.029012
-0.0306793
-0.0317397
-0.0317726
-0.0314087
-0.0301836
-0.02873
-0.0327689
-0.016005
-0.0158195
-0.0149453
-0.012683
-0.0136985
-0.0148109
-0.0157072
-0.0168711
-0.0181066
-0.0190459
-0.0197185
-0.0198638
-0.0200595
-0.0203029
-0.0206215
-0.0210357
-0.0215637
-0.0222845
-0.0232789
-0.0245023
-0.0257603
-0.027001
-0.0284445
-0.0301125
-0.031337
-0.0317941
-0.031969
-0.0324698
-0.0177795
-0.0271576
-0.0185021
-0.0173987
-0.0168246
-0.0143842
-0.0140085
-0.0152631
-0.0164415
-0.0175548
-0.0184561
-0.0189204
-0.0192413
-0.0193906
-0.0196163
-0.019905
-0.0202541
-0.0206793
-0.0212413
-0.02203
-0.0230732
-0.0242644
-0.0254288
-0.0265984
-0.0280213
-0.0296888
-0.0308806
-0.0313067
-0.0313437
-0.0296672
-0.0198759
-0.0230606
-0.0198242
-0.0168715
-0.0177734
-0.0153019
-0.0144247
-0.0146649
-0.0159628
-0.0185799
-0.0196339
-0.0186122
-0.0185499
-0.0188029
-0.0189254
-0.0192224
-0.019614
-0.0200908
-0.0207594
-0.0216867
-0.022818
-0.0240025
-0.0251205
-0.0262867
-0.0277328
-0.0293724
-0.0303879
-0.0303536
-0.0296434
-0.0277383
-0.0222575
-0.024803
-0.0153707
-0.0150713
-0.0167005
-0.0148493
-0.0139492
-0.0139731
-0.0153288
-0.0178652
-0.0194365
-0.0190935
-0.0176787
-0.0177676
-0.0179916
-0.0183014
-0.0187489
-0.0193289
-0.0201793
-0.0213217
-0.0225754
-0.0237341
-0.0248103
-0.0260262
-0.0275852
-0.0292464
-0.0301619
-0.0295983
-0.0280803
-0.0248557
-0.0506254
-0.0293377
-0.0139688
-0.0125745
-0.0142768
-0.0134088
-0.0131916
-0.0134205
-0.014801
-0.0168603
-0.0180045
-0.0186802
-0.0179572
-0.0167115
-0.0168793
-0.0171154
-0.0177338
-0.0184675
-0.0195152
-0.0209274
-0.0223856
-0.0234488
-0.0244716
-0.0257887
-0.0275868
-0.0294058
-0.0304742
-0.0294019
-0.0265842
-0.0271989
-0.0326632
-0.0303984
-0.0126281
-0.0122553
-0.0125408
-0.0120729
-0.012583
-0.0136346
-0.0155832
-0.0175589
-0.0187391
-0.0175803
-0.0195117
-0.0165055
-0.0164871
-0.016044
-0.0167339
-0.0175779
-0.018688
-0.0204505
-0.0221863
-0.0231043
-0.0240454
-0.0256309
-0.0277163
-0.0298237
-0.0309199
-0.0298476
-0.024153
-0.0196216
-0.0201873
-0.0189356
-0.012081
-0.0117895
-0.0122308
-0.0120494
-0.0125358
-0.0138112
-0.0158512
-0.0175317
-0.0182517
-0.0178768
-0.0143186
-0.0160079
-0.0156376
-0.016906
-0.0165665
-0.0171245
-0.0181458
-0.0200346
-0.0221724
-0.0228654
-0.0240546
-0.0258933
-0.0278614
-0.0307168
-0.0312529
-0.0289726
-0.0240126
-0.0174605
-0.0119724
-0.0136129
-0.0120123
-0.0121204
-0.0129542
-0.0130937
-0.0136464
-0.0143177
-0.0160531
-0.0171773
-0.0174722
-0.0171046
-0.0169747
-0.01657
-0.0153897
-0.0155117
-0.0169489
-0.0180366
-0.0196846
-0.0216982
-0.0232177
-0.0240605
-0.0222978
-0.026487
-0.027728
-0.0286841
-0.0269131
-0.02501
-0.0223982
-0.0164202
-0.0144239
-0.0127307
-0.013119
-0.0129661
-0.0139652
-0.0138587
-0.0133562
-0.0145879
-0.0158852
-0.0164163
-0.0167372
-0.0164587
-0.0166482
-0.0171405
-0.0175042
-0.0163609
-0.0167367
-0.0178637
-0.0197391
-0.0221975
-0.0233066
-0.0234313
-0.0239755
-0.0224414
-0.0235103
-0.0189395
-0.0177808
-0.0184548
-0.0204266
-0.0194245
-0.0149623
-0.0130668
-0.0133702
-0.0134602
-0.0136293
-0.0140361
-0.0135683
-0.0145106
-0.0153969
-0.0157268
-0.0159356
-0.0163614
-0.0167557
-0.0172478
-0.0174999
-0.0177872
-0.0176585
-0.0173625
-0.0182882
-0.0192606
-0.0192546
-0.0184956
-0.0183966
-0.0175989
-0.015341
-0.0172518
-0.0178045
-0.0198009
-0.0197319
-0.0181888
-0.0144582
-0.0130873
-0.0129378
-0.0134541
-0.0136987
-0.0138749
-0.013944
-0.0143355
-0.0148758
-0.0152159
-0.0153376
-0.0156513
-0.0160137
-0.0165238
-0.0171894
-0.0176552
-0.0174268
-0.0174266
-0.018014
-0.0184752
-0.0183769
-0.0176683
-0.0162958
-0.014588
-0.0151604
-0.0173023
-0.0176976
-0.0178318
-0.0184935
-0.0157043
-0.0125174
-0.0122355
-0.0128535
-0.0130614
-0.0133786
-0.013154
-0.0134347
-0.013798
-0.0143355
-0.0145746
-0.0145807
-0.015025
-0.0153931
-0.0158839
-0.0163044
-0.016717
-0.0170798
-0.0172924
-0.0174684
-0.017816
-0.0176883
-0.0171768
-0.0160305
-0.0149801
-0.0150012
-0.0153602
-0.0159365
-0.0164933
-0.017362
-0.0141665
-0.0115331
-0.0112256
-0.0116766
-0.0122959
-0.0122332
-0.012164
-0.0124875
-0.013039
-0.0132619
-0.0135181
-0.0137881
-0.0139749
-0.0148424
-0.0154728
-0.0159628
-0.016322
-0.0166091
-0.0169674
-0.0177869
-0.0184793
-0.0182842
-0.0175429
-0.0172443
-0.0169409
-0.0160027
-0.015391
-0.0156427
-0.0179188
-0.0173219
-0.0136466
-0.0110857
-0.010358
-0.0108652
-0.0111022
-0.0112322
-0.0112547
-0.0115656
-0.0119689
-0.0114737
-0.0127749
-0.0116632
-0.0131219
-0.0141497
-0.0150161
-0.0156809
-0.016184
-0.0166078
-0.0170483
-0.0178194
-0.0187559
-0.0189045
-0.0184483
-0.0179898
-0.01787
-0.0179869
-0.0180738
-0.0190173
-0.0201602
-0.0186059
-0.0139581
-0.010863
-0.0095839
-0.0109994
-0.0106051
-0.010484
-0.0107186
-0.0106192
-0.0109146
-0.0108225
-0.0138055
-0.0119869
-0.0124044
-0.0134185
-0.0144801
-0.0153424
-0.0160604
-0.0167188
-0.0173566
-0.0181375
-0.0191269
-0.0198166
-0.0199522
-0.0199423
-0.0198334
-0.0197618
-0.0203233
-0.0216953
-0.0228483
-0.0208122
-0.0151348
-0.0111481
-0.00931108
-0.0113745
-0.0104814
-0.0101647
-0.00936059
-0.00957326
-0.00963338
-0.0105675
-0.00659425
-0.0103549
-0.0114576
-0.0128679
-0.0140596
-0.01509
-0.0160032
-0.0168326
-0.0176637
-0.0185765
-0.0196527
-0.0208171
-0.0217435
-0.022038
-0.0216649
-0.0210634
-0.0214288
-0.0232423
-0.0249425
-0.0232612
-0.0171259
-0.0122061
-0.00961449
-0.0113897
-0.0100405
-0.00970993
-0.00860026
-0.00898638
-0.0094242
-0.0101456
-0.0105774
-0.0105428
-0.0111196
-0.0126051
-0.013965
-0.0150658
-0.0160741
-0.0170406
-0.0180096
-0.019041
-0.0201993
-0.0215073
-0.0229013
-0.0237296
-0.0234176
-0.0221765
-0.0214481
-0.0228114
-0.0252216
-0.0249203
-0.019454
-0.0137103
-0.0108123
-0.0101737
-0.00823454
-0.00771338
-0.00869216
-0.00907295
-0.00965562
-0.0106583
-0.0119651
-0.012581
-0.0125981
-0.0133513
-0.0144343
-0.0154343
-0.0164401
-0.0174425
-0.0184597
-0.0195249
-0.0206802
-0.0219512
-0.0233119
-0.024285
-0.0241984
-0.0228155
-0.0211741
-0.0210002
-0.0227663
-0.0236942
-0.0201272
-0.0150843
-0.0129568
-0.00825488
-0.00789631
-0.00767753
-0.00847743
-0.00947062
-0.0107975
-0.0122217
-0.0139336
-0.015345
-0.0154834
-0.0152442
-0.0155659
-0.0162519
-0.0171079
-0.0180433
-0.0190071
-0.0200038
-0.0210505
-0.0221819
-0.0233989
-0.0243561
-0.0244669
-0.0232604
-0.020699
-0.0188468
-0.0188055
-0.0196026
-0.0183546
-0.0141958
-0.0113582
-0.00680918
-0.00758273
-0.00773218
-0.00898978
-0.0108156
-0.0127968
-0.0145076
-0.0159472
-0.0172908
-0.0177434
-0.017264
-0.017004
-0.01733
-0.0179713
-0.0187387
-0.019556
-0.0203959
-0.0212667
-0.0221993
-0.0231986
-0.0240316
-0.0241624
-0.0230538
-0.0207236
-0.0177618
-0.0158607
-0.0155503
-0.014715
-0.012408
-0.0121561
-0.00622464
-0.00676246
-0.00820287
-0.0104446
-0.0128458
-0.0148529
-0.0164629
-0.0176777
-0.0188925
-0.018846
-0.0184327
-0.0181386
-0.0183178
-0.0187739
-0.0193512
-0.0199773
-0.0206237
-0.0212991
-0.0220322
-0.0228062
-0.0234557
-0.0235641
-0.0226483
-0.0207237
-0.0180657
-0.0151072
-0.0133126
-0.0120978
-0.0124582
-0.0134321
-0.00631077
-0.00740203
-0.00980404
-0.0120412
-0.0142846
-0.0164351
-0.0178798
-0.0186712
-0.0187306
-0.0190812
-0.0188073
-0.0187659
-0.0189884
-0.0193442
-0.0197579
-0.0201966
-0.0206615
-0.0211686
-0.0217457
-0.022375
-0.0229411
-0.0230968
-0.0224518
-0.020841
-0.0193664
-0.0161543
-0.0136178
-0.0125978
-0.0133932
-0.014884
-0.00743637
-0.00910086
-0.0111674
-0.0130833
-0.0155871
-0.0175613
-0.0186605
-0.0186181
-0.0186333
-0.0186188
-0.0187082
-0.0190099
-0.0193643
-0.0196555
-0.0199163
-0.0201987
-0.0205196
-0.020903
-0.0213719
-0.0219281
-0.0224999
-0.0227402
-0.0224152
-0.0214958
-0.0193773
-0.0175582
-0.0154718
-0.014319
-0.0151289
-0.0181308
-0.0092448
-0.0104083
-0.0117771
-0.0135298
-0.0166466
-0.0184857
-0.0181155
-0.0177308
-0.0176356
-0.0178882
-0.0184413
-0.0190915
-0.0194933
-0.0196902
-0.0198286
-0.0199913
-0.0202169
-0.0205219
-0.0209189
-0.0214363
-0.0220516
-0.0224124
-0.0222297
-0.0220254
-0.0206322
-0.0192161
-0.0169575
-0.0160151
-0.0165047
-0.0218993
-0.0114434
-0.0117577
-0.0120579
-0.0150194
-0.0177841
-0.0179444
-0.0168432
-0.0163019
-0.0164655
-0.0172137
-0.0182116
-0.019003
-0.0193361
-0.0194184
-0.0194793
-0.019592
-0.019785
-0.0200541
-0.0203976
-0.0208686
-0.0215048
-0.0219645
-0.021803
-0.0219846
-0.0223205
-0.0210274
-0.0185129
-0.0163696
-0.0164742
-0.0196046
-0.0153607
-0.0130924
-0.012857
-0.0169936
-0.0188905
-0.0168542
-0.0151761
-0.0148912
-0.0156776
-0.0167725
-0.0179295
-0.0186866
-0.0188269
-0.0188508
-0.0189121
-0.0190675
-0.0192915
-0.0195535
-0.0198456
-0.0202407
-0.0208517
-0.0212403
-0.0211208
-0.0211824
-0.0219244
-0.0212711
-0.0203463
-0.0155534
-0.015033
-0.0154808
-0.018558
-0.0150999
-0.0148016
-0.0181469
-0.0178476
-0.0150537
-0.0136467
-0.0137575
-0.0144811
-0.0161224
-0.0143041
-0.0180494
-0.0180482
-0.0180906
-0.0182859
-0.0185555
-0.0188364
-0.0190912
-0.0193205
-0.019606
-0.0201341
-0.020871
-0.020327
-0.0198754
-0.0208843
-0.0210818
-0.0195877
-0.0149019
-0.0134981
-0.0128525
-0.0223587
-0.0187236
-0.0157421
-0.0177679
-0.0161931
-0.0130729
-0.0124801
-0.0131052
-0.014179
-0.0150502
-0.0205469
-0.0165884
-0.0171428
-0.0174296
-0.0178147
-0.0181936
-0.0185003
-0.0187187
-0.0188651
-0.0190164
-0.0193937
-0.0199102
-0.0196025
-0.018833
-0.0195235
-0.0210156
-0.0216284
-0.0149511
-0.012661
-0.0127696
-0.0137941
-0.0158551
-0.0150901
-0.015299
-0.0133024
-0.0113123
-0.0115792
-0.0127663
-0.01397
-0.0154905
-0.0157275
-0.0160788
-0.0165059
-0.0170633
-0.0175914
-0.0180066
-0.0182838
-0.0184346
-0.0184822
-0.0184889
-0.0186447
-0.0191977
-0.0186355
-0.0176211
-0.0178449
-0.0197964
-0.0230067
-0.0162746
-0.013995
-0.0159878
-0.0116739
-0.0107058
-0.0105778
-0.0112704
-0.00982701
-0.00968787
-0.0105446
-0.0116368
-0.0132344
-0.0142372
-0.015076
-0.0155514
-0.0162557
-0.0169519
-0.0175017
-0.0178884
-0.0181124
-0.0181894
-0.0181446
-0.0180197
-0.0179547
-0.0181926
-0.0178891
-0.0163949
-0.0163298
-0.0178841
-0.0217612
-0.0179628
-0.0184236
-0.0216313
-0.0128481
-0.0102875
-0.00803323
-0.00770704
-0.00771812
-0.00854278
-0.00969939
-0.0107357
-0.0121259
-0.0134219
-0.0144773
-0.0153046
-0.016126
-0.016824
-0.0173534
-0.0177145
-0.0179006
-0.0179185
-0.0177919
-0.0175604
-0.0173174
-0.0173282
-0.0171383
-0.0154715
-0.0146652
-0.0156712
-0.0194602
-0.018167
-0.0206113
-0.0229704
-0.0128152
-0.010974
-0.00734567
-0.00652322
-0.0074739
-0.00791459
-0.00880279
-0.00985743
-0.011704
-0.0131734
-0.0142305
-0.0148177
-0.0158722
-0.0165518
-0.0170864
-0.0174493
-0.0176177
-0.0175885
-0.0173813
-0.0170469
-0.0166542
-0.0164076
-0.0162486
-0.0147596
-0.0130891
-0.0129699
-0.0153546
-0.014276
-0.0153642
-0.0133474
-0.012749
-0.0118991
-0.00808883
-0.00681989
-0.0072566
-0.00792416
-0.00888229
-0.010227
-0.0117556
-0.01297
-0.0135213
-0.0150606
-0.0154932
-0.0162005
-0.0167698
-0.0171445
-0.0172949
-0.0172134
-0.0169187
-0.0164531
-0.015907
-0.015397
-0.0150739
-0.0146116
-0.0116007
-0.010488
-0.0111402
-0.00935004
-0.0104366
-0.0125057
-0.0153314
-0.0142396
-0.0101733
-0.00771887
-0.00793037
-0.00815279
-0.00923213
-0.0105768
-0.0117372
-0.0126123
-0.013656
-0.0140522
-0.0150887
-0.0158769
-0.0164987
-0.0168746
-0.0169908
-0.0168373
-0.0164302
-0.0158059
-0.0150865
-0.0143414
-0.0137332
-0.0121874
-0.0101687
-0.00870794
-0.00752495
-0.00644152
-0.00974054
-0.0125086
-0.0183153
-0.0160013
-0.0121098
-0.00917699
-0.00887022
-0.00910178
-0.00995528
-0.0108211
-0.0116088
-0.0122159
-0.012944
-0.01383
-0.0147425
-0.0156797
-0.0163313
-0.0166767
-0.0167419
-0.0164783
-0.0163667
-0.0151786
-0.0142727
-0.0133301
-0.0124694
-0.0118805
-0.00990462
-0.0082362
-0.00630543
-0.00626225
-0.0104583
-0.0118811
-0.0186568
-0.0158534
-0.0134648
-0.0111538
-0.0104836
-0.0106597
-0.0109389
-0.0112917
-0.0115733
-0.0119009
-0.0124824
-0.0133467
-0.0144819
-0.0157268
-0.0162966
-0.0165495
-0.0165636
-0.0162636
-0.0151374
-0.0146533
-0.0135418
-0.0124441
-0.0114737
-0.0107115
-0.00938725
-0.00788616
-0.00635182
-0.00784625
-0.0121855
-0.0121487
-0.017099
-0.0148605
-0.0144434
-0.0133601
-0.01261
-0.0124113
-0.0122209
-0.0119702
-0.0117529
-0.0116879
-0.0120564
-0.0134434
-0.0142641
-0.0162355
-0.0163598
-0.0165063
-0.0165254
-0.0161542
-0.0154822
-0.0143572
-0.0129421
-0.011696
-0.0107575
-0.0101659
-0.00925103
-0.00820271
-0.00742046
-0.0094622
-0.0136805
-0.0150237
-0.0156554
-0.0145965
-0.0154974
-0.0153836
-0.014553
-0.0141327
-0.0135339
-0.0127897
-0.0120212
-0.011481
-0.0113587
-0.0121898
-0.0143075
-0.0169186
-0.0162792
-0.0164451
-0.0164398
-0.0161524
-0.0155787
-0.0144212
-0.0122844
-0.0109456
-0.0102777
-0.010165
-0.00991901
-0.00976758
-0.00923264
-0.0111276
-0.013337
-0.0150785
-0.0145721
-0.0152428
-0.0165772
-0.0165923
-0.0159045
-0.0152798
-0.014507
-0.0135041
-0.0123168
-0.0111118
-0.0107222
-0.0116186
-0.0160194
-0.0166359
-0.0169187
-0.0161359
-0.0154358
-0.0156083
-0.0162457
-0.0142606
-0.0113647
-0.0100741
-0.00990713
-0.0105468
-0.0111214
-0.0114139
-0.0118359
-0.01344
-0.0133365
-0.0130746
-0.0143455
-0.0164578
-0.0175622
-0.0174252
-0.0166215
-0.0158353
-0.0149782
-0.0139493
-0.0127528
-0.0112621
-0.0103704
-0.011324
-0.0125809
-0.0145162
-0.0139397
-0.0122701
-0.0117975
-0.0122358
-0.0130454
-0.0119857
-0.0107664
-0.00913308
-0.00975171
-0.0111466
-0.0124486
-0.0132379
-0.0140691
-0.0154089
-0.0147785
-0.0128096
-0.0154242
-0.0192908
-0.0185847
-0.0179575
-0.0165683
-0.0156102
-0.014821
-0.0139533
-0.0130082
-0.0122583
-0.00927479
-0.00855627
-0.00987474
-0.009863
-0.00952643
-0.00994044
-0.0104479
-0.0107181
-0.0108549
-0.011193
-0.00906429
-0.00856367
-0.00998795
-0.0116616
-0.0130376
-0.014441
-0.0154754
-0.0167944
-0.0166592
-0.0134389
-0.0128628
-0.0199406
-0.0184392
-0.0170711
-0.0155686
-0.0148476
-0.0142762
-0.013735
-0.0131883
-0.0122812
-0.0110871
-0.00867468
-0.0116422
-0.0153199
-0.011214
-0.010364
-0.00996069
-0.0107908
-0.0120905
-0.0116918
-0.00878038
-0.00875303
-0.010516
-0.0121598
-0.0135618
-0.01501
-0.0164414
-0.0182598
-0.0202187
-0.0143299
-0.00764184
-0.0102526
-0.0118486
-0.0116299
-0.011115
-0.0112268
-0.0113388
-0.011057
-0.0108691
-0.0106951
-0.0105295
-0.0102595
-0.0140217
-0.0146118
-0.0142012
-0.0128134
-0.0124279
-0.0129113
-0.0137317
-0.0136806
-0.0109552
-0.00960828
-0.0108797
-0.0117381
-0.0131406
-0.0139323
-0.0145673
-0.0153379
-0.0167182
-0.0105275
-0.000930854
-0.000636292
-0.00178557
-0.00312531
-0.00405857
-0.0047287
-0.00514175
-0.00526636
-0.00528494
-0.00548109
-0.00566427
-0.00708023
-0.0103293
-0.0110261
-0.010823
-0.0102562
-0.0100615
-0.0102607
-0.0105278
-0.0100929
-0.0081151
-0.00673566
-0.00679305
-0.00713021
-0.00760848
-0.00893478
-0.00738517
-0.00641403
-0.00491814
-0.0046009
0.00024933
9.79844e-05
0.000125727
-0.000198445
-0.000567799
-0.000781252
-0.000931865
-0.00102748
-0.00102288
-0.00104673
-0.000819212
-0.001542
-0.00256455
-0.00312866
-0.00340968
-0.00337416
-0.00334858
-0.00335571
-0.00327397
-0.00285848
-0.00218466
-0.00159339
-0.00185908
-0.00194442
-0.0020512
-0.0017572
-0.00167081
-0.0008755
-0.000146783
-3.14113e-05
-1.55245e-05
-1.37502e-05
-1.61661e-05
-2.4983e-05
-2.6547e-05
-2.58203e-05
-2.68381e-05
-2.61782e-05
-1.42826e-05
-4.75774e-06
-2.98426e-05
-0.000139118
-0.00022928
-0.000323368
-0.000327935
-0.000475096
-0.000512983
-0.000497117
-0.000423731
-0.00029041
-0.000142638
-1.47789e-05
3.64302e-05
4.1605e-05
7.66476e-05
0.000174393
7.17237e-05
1.42318e-05
-5.02332e-05
2.00672e-05
-3.76373e-07
-2.33915e-07
-3.33541e-07
-6.25622e-07
-1.24557e-06
-1.95467e-06
-2.4521e-06
-2.85736e-06
-3.28941e-06
-4.04435e-06
-5.99357e-06
-1.30608e-05
-2.81521e-05
-4.73929e-05
-5.7739e-05
-6.81648e-05
-7.11728e-05
-6.69151e-05
-5.42727e-05
-3.69785e-05
-2.26825e-05
-1.46527e-05
-1.12962e-05
-1.01988e-05
-8.97219e-06
-7.51033e-06
-5.45816e-06
-4.18264e-06
-3.45218e-06
-5.4629e-06
-1.54506e-09
-7.14817e-10
-8.78292e-10
-1.91234e-09
-4.64827e-09
-7.87326e-09
-1.17753e-08
-1.54339e-08
-2.06783e-08
-3.01102e-08
-5.62469e-08
-1.58223e-07
-5.32544e-07
-1.29498e-06
-2.00278e-06
-2.44709e-06
-2.53427e-06
-2.22056e-06
-1.54934e-06
-8.23881e-07
-3.89417e-07
-2.09318e-07
-1.41965e-07
-1.20467e-07
-9.87568e-08
-7.46344e-08
-4.36205e-08
-3.08125e-08
-3.00059e-08
-4.39786e-08
-1.26272e-12
-5.43414e-13
-5.06656e-13
-9.86043e-13
-2.64636e-12
-4.93997e-12
-8.19654e-12
-1.18286e-11
-1.80322e-11
-3.13959e-11
-7.88435e-11
-3.03222e-10
-1.54817e-09
-5.47185e-09
-1.0511e-08
-1.38672e-08
-1.42863e-08
-1.13239e-08
-6.43622e-09
-2.54916e-09
-9.12854e-10
-4.00504e-10
-2.25336e-10
-1.71458e-10
-1.30349e-10
-9.06622e-11
-4.83014e-11
-3.41474e-11
-4.25981e-11
-8.01307e-11
-2.71572e-13
-2.46637e-13
-2.17119e-13
-1.98397e-13
-1.85477e-13
-1.76739e-13
-1.70589e-13
-1.67502e-13
-1.6782e-13
-1.72333e-13
-1.81209e-13
-2.18281e-13
-8.38443e-13
-4.18107e-12
-1.0344e-11
-1.5046e-11
-1.53717e-11
-1.06964e-11
-4.72838e-12
-1.37626e-12
-4.27157e-13
-2.19387e-13
-1.67946e-13
-1.59496e-13
-1.61839e-13
-1.70482e-13
-1.8583e-13
-2.09067e-13
-2.45003e-13
-2.74831e-13
-2.33368e-13
-2.22939e-13
-2.02157e-13
-1.84948e-13
-1.71262e-13
-1.61098e-13
-1.5376e-13
-1.49393e-13
-1.47982e-13
-1.49763e-13
-1.54685e-13
-1.60195e-13
-1.67494e-13
-1.74254e-13
-1.78643e-13
-1.79721e-13
-1.77894e-13
-1.7371e-13
-1.67371e-13
-1.59437e-13
-1.50891e-13
-1.4543e-13
-1.42862e-13
-1.43498e-13
-1.48628e-13
-1.58359e-13
-1.724e-13
-1.89781e-13
-2.11718e-13
-2.23704e-13
-2.06643e-13
-2.02184e-13
-1.86654e-13
-1.71366e-13
-1.57791e-13
-1.46976e-13
-1.38741e-13
-1.33198e-13
-1.30188e-13
-1.29734e-13
-1.31667e-13
-1.35253e-13
-1.38881e-13
-1.42661e-13
-1.45465e-13
-1.46072e-13
-1.44715e-13
-1.41858e-13
-1.37801e-13
-1.33234e-13
-1.29126e-13
-1.2683e-13
-1.26673e-13
-1.30066e-13
-1.36799e-13
-1.47082e-13
-1.60221e-13
-1.74422e-13
-1.89296e-13
-1.9385e-13
-1.85191e-13
-1.82828e-13
-1.70565e-13
-1.57212e-13
-1.4445e-13
-1.33651e-13
-1.24964e-13
-1.18572e-13
-1.14308e-13
-1.12169e-13
-1.11953e-13
-1.13116e-13
-1.14906e-13
-1.1682e-13
-1.18369e-13
-1.18562e-13
-1.17626e-13
-1.15918e-13
-1.13756e-13
-1.1168e-13
-1.10248e-13
-1.10378e-13
-1.12728e-13
-1.17861e-13
-1.25518e-13
-1.3588e-13
-1.48136e-13
-1.60364e-13
-1.71643e-13
-1.74199e-13
-1.67105e-13
-1.65147e-13
-1.54948e-13
-1.43202e-13
-1.31458e-13
-1.21046e-13
-1.12253e-13
-1.05354e-13
-1.00211e-13
-9.68644e-14
-9.51456e-14
-9.46414e-14
-9.49077e-14
-9.55752e-14
-9.62773e-14
-9.62196e-14
-9.5657e-14
-9.48578e-14
-9.41172e-14
-9.38268e-14
-9.43438e-14
-9.64036e-14
-1.00342e-13
-1.06539e-13
-1.14623e-13
-1.24718e-13
-1.36057e-13
-1.46858e-13
-1.56205e-13
-1.58564e-13
-1.51015e-13
-1.49043e-13
-1.40218e-13
-1.29784e-13
-1.1906e-13
-1.09202e-13
-1.00549e-13
-9.34289e-14
-8.7752e-14
-8.36081e-14
-8.08861e-14
-7.9265e-14
-7.84654e-14
-7.82603e-14
-7.83908e-14
-7.82052e-14
-7.79584e-14
-7.78595e-14
-7.81613e-14
-7.91433e-14
-8.10167e-14
-8.43562e-14
-8.92688e-14
-9.60207e-14
-1.04186e-13
-1.13821e-13
-1.24236e-13
-1.33933e-13
-1.42023e-13
-1.44643e-13
-1.36286e-13
-1.34429e-13
-1.26528e-13
-1.17134e-13
-1.07343e-13
-9.81045e-14
-8.97618e-14
-8.26514e-14
-7.67379e-14
-7.2146e-14
-6.88187e-14
-6.65026e-14
-6.50278e-14
-6.42582e-14
-6.4024e-14
-6.3793e-14
-6.37987e-14
-6.42134e-14
-6.52428e-14
-6.70788e-14
-6.98239e-14
-7.39156e-14
-7.93391e-14
-8.62709e-14
-9.42818e-14
-1.03364e-13
-1.12919e-13
-1.21754e-13
-1.29083e-13
-1.31503e-13
-1.22613e-13
-1.20955e-13
-1.13778e-13
-1.05245e-13
-9.62928e-14
-8.76918e-14
-7.97725e-14
-7.28531e-14
-6.69461e-14
-6.21953e-14
-5.85799e-14
-5.58966e-14
-5.40487e-14
-5.29587e-14
-5.25196e-14
-5.22962e-14
-5.24915e-14
-5.32536e-14
-5.47461e-14
-5.70984e-14
-6.03473e-14
-6.47866e-14
-7.03783e-14
-7.72222e-14
-8.49217e-14
-9.34111e-14
-1.02181e-13
-1.10294e-13
-1.16993e-13
-1.19027e-13
-1.09861e-13
-1.08466e-13
-1.01883e-13
-9.40541e-14
-8.58449e-14
-7.7874e-14
-7.04449e-14
-6.38608e-14
-5.81603e-14
-5.34788e-14
-4.98213e-14
-4.70211e-14
-4.50269e-14
-4.37985e-14
-4.32713e-14
-4.30864e-14
-4.34134e-14
-4.43819e-14
-4.61203e-14
-4.87089e-14
-5.21501e-14
-5.66664e-14
-6.21979e-14
-6.87762e-14
-7.60617e-14
-8.39455e-14
-9.19958e-14
-9.94726e-14
-1.05591e-13
-1.07074e-13
-9.79883e-14
-9.6858e-14
-9.07213e-14
-8.34808e-14
-7.59295e-14
-6.85781e-14
-6.16967e-14
-5.55537e-14
-5.01999e-14
-4.57577e-14
-4.22405e-14
-3.95067e-14
-3.75302e-14
-3.62932e-14
-3.57579e-14
-3.56262e-14
-3.60353e-14
-3.70987e-14
-3.89193e-14
-4.15376e-14
-4.49473e-14
-4.93447e-14
-5.4643e-14
-6.08324e-14
-6.76324e-14
-7.49081e-14
-8.22934e-14
-8.91884e-14
-9.47884e-14
-9.56638e-14
-8.69295e-14
-8.60865e-14
-8.02293e-14
-7.34542e-14
-6.65032e-14
-5.97627e-14
-5.3468e-14
-4.78386e-14
-4.29295e-14
-3.88452e-14
-3.55962e-14
-3.30563e-14
-3.12105e-14
-3.0052e-14
-2.9559e-14
-2.94834e-14
-2.99355e-14
-3.10079e-14
-3.27967e-14
-3.5312e-14
-3.85513e-14
-4.26706e-14
-4.75996e-14
-5.33045e-14
-5.95636e-14
-6.62338e-14
-7.30079e-14
-7.93908e-14
-8.46e-14
-8.49618e-14
-7.59747e-14
-7.59047e-14
-7.02307e-14
-6.38679e-14
-5.74876e-14
-5.13721e-14
-4.57046e-14
-4.06457e-14
-3.62545e-14
-3.26109e-14
-2.97153e-14
-2.74521e-14
-2.58097e-14
-2.47827e-14
-2.43607e-14
-2.43365e-14
-2.4795e-14
-2.58187e-14
-2.74913e-14
-2.98074e-14
-3.27734e-14
-3.65102e-14
-4.09732e-14
-4.61253e-14
-5.17986e-14
-5.78596e-14
-6.40464e-14
-7.00007e-14
-7.49414e-14
-7.46987e-14
-6.39964e-14
-6.58417e-14
-6.04971e-14
-5.4597e-14
-4.88153e-14
-4.33651e-14
-3.83701e-14
-3.39399e-14
-3.01231e-14
-2.69752e-14
-2.44854e-14
-2.25486e-14
-2.11491e-14
-2.02819e-14
-1.99433e-14
-1.99607e-14
-2.0398e-14
-2.13293e-14
-2.2825e-14
-2.48752e-14
-2.7493e-14
-3.078e-14
-3.4712e-14
-3.92591e-14
-4.43016e-14
-4.97277e-14
-5.53482e-14
-6.08702e-14
-6.55628e-14
-6.39771e-14
-5.02232e-14
-5.52992e-14
-5.07526e-14
-4.55219e-14
-4.04548e-14
-3.57442e-14
-3.14774e-14
-2.77258e-14
-2.4523e-14
-2.19029e-14
-1.98455e-14
-1.82559e-14
-1.71153e-14
-1.64175e-14
-1.6164e-14
-1.62111e-14
-1.66054e-14
-1.74139e-14
-1.86939e-14
-2.04363e-14
-2.26597e-14
-2.54531e-14
-2.88083e-14
-3.27065e-14
-3.70685e-14
-4.18086e-14
-4.67892e-14
-5.17647e-14
-5.59254e-14
-5.1749e-14
-3.51708e-14
-4.40413e-14
-4.09008e-14
-3.66316e-14
-3.24357e-14
-2.85559e-14
-2.50729e-14
-2.20362e-14
-1.94675e-14
-1.73848e-14
-1.57635e-14
-1.45216e-14
-1.36384e-14
-1.31071e-14
-1.29333e-14
-1.29975e-14
-1.33328e-14
-1.40002e-14
-1.50435e-14
-1.64574e-14
-1.82637e-14
-2.05397e-14
-2.3289e-14
-2.65026e-14
-3.01308e-14
-3.41086e-14
-3.83233e-14
-4.25175e-14
-4.55958e-14
-3.78213e-14
-2.07736e-14
-3.24286e-14
-3.10787e-14
-2.80423e-14
-2.48648e-14
-2.18923e-14
-1.92284e-14
-1.69189e-14
-1.49807e-14
-1.34231e-14
-1.22225e-14
-1.13126e-14
-1.06735e-14
-1.0298e-14
-1.01932e-14
-1.02618e-14
-1.05284e-14
-1.10454e-14
-1.18476e-14
-1.29312e-14
-1.43178e-14
-1.60728e-14
-1.82053e-14
-2.07128e-14
-2.35623e-14
-2.66968e-14
-2.99978e-14
-3.31291e-14
-3.46271e-14
-2.34691e-14
-9.33227e-15
-2.13845e-14
-2.17337e-14
-2.00153e-14
-1.79165e-14
-1.58742e-14
-1.40255e-14
-1.24241e-14
-1.10875e-14
-1.00219e-14
-9.20798e-15
-8.59761e-15
-8.17727e-15
-7.93956e-15
-7.8902e-15
-7.95372e-15
-8.14931e-15
-8.52011e-15
-9.09312e-15
-9.86146e-15
-1.08431e-14
-1.20922e-14
-1.36194e-14
-1.54231e-14
-1.74756e-14
-1.97164e-14
-2.20026e-14
-2.39052e-14
-2.36905e-14
-1.09724e-14
-2.37265e-15
-1.184e-14
-1.33705e-14
-1.28536e-14
-1.17805e-14
-1.06184e-14
-9.53062e-15
-8.58399e-15
-7.80257e-15
-7.19253e-15
-6.72859e-15
-6.36132e-15
-6.11543e-15
-5.98622e-15
-5.97967e-15
-6.03617e-15
-6.17094e-15
-6.41745e-15
-6.79452e-15
-7.25998e-15
-7.85438e-15
-8.62802e-15
-9.58844e-15
-1.07258e-14
-1.20046e-14
-1.33586e-14
-1.46225e-14
-1.53134e-14
-1.37449e-14
-2.37997e-15
3.7076e-16
-4.50102e-15
-6.42296e-15
-6.82365e-15
-6.62217e-15
-6.22431e-15
-5.75471e-15
-5.3456e-15
-5.04251e-15
-4.88567e-15
-4.97958e-15
-4.88895e-15
-4.84608e-15
-4.83359e-15
-4.86505e-15
-4.89406e-15
-4.9297e-15
-4.99301e-15
-5.08892e-15
-5.07965e-15
-5.29669e-15
-5.66819e-15
-6.16378e-15
-6.72021e-15
-7.28805e-15
-7.82821e-15
-8.17274e-15
-7.8596e-15
-5.57905e-15
1.71271e-15
1.42634e-15
-7.08874e-16
-1.78117e-15
-2.44093e-15
-2.87128e-15
-3.34268e-15
-3.55386e-15
-3.57285e-15
-3.50349e-15
-3.31375e-15
-2.83943e-15
-2.78365e-15
-2.89069e-15
-2.95933e-15
-3.01395e-15
-3.03823e-15
-3.02771e-15
-2.98359e-15
-3.15949e-15
-3.61986e-15
-3.80047e-15
-3.86409e-15
-3.82243e-15
-3.50362e-15
-3.34578e-15
-3.1815e-15
-2.82744e-15
-1.97702e-15
-1.18902e-16
2.52092e-15
7.30122e-15
3.26662e-15
1.19275e-15
2.46748e-16
-1.37247e-16
2.35737e-17
-1.47857e-16
-6.65187e-16
-9.96599e-16
-1.28541e-15
-1.69401e-15
-2.08475e-15
-2.35105e-15
-2.55358e-15
-2.61585e-15
-2.62559e-15
-2.48106e-15
-2.27805e-15
-1.95337e-15
-1.66288e-15
-1.46288e-15
-1.21211e-15
-8.32638e-16
-1.32122e-15
-1.26437e-15
-9.50534e-16
-4.02287e-16
4.71622e-16
2.1384e-15
5.98106e-15
7.11343e-15
8.3782e-15
6.28445e-15
4.71702e-15
3.47212e-15
2.24153e-15
1.0879e-15
8.59516e-17
-4.01423e-16
-8.26783e-16
-1.20887e-15
-1.39277e-15
-1.43077e-15
-1.44828e-15
-1.52047e-15
-1.52183e-15
-1.56275e-15
-1.57543e-15
-1.43422e-15
-1.11634e-15
-7.70426e-16
-3.62717e-16
4.73258e-16
1.52705e-15
2.31682e-15
3.29568e-15
4.67105e-15
6.41175e-15
8.47645e-15
9.62238e-15
-4.44887e-15
4.4483e-15
5.37479e-15
4.4235e-15
3.44914e-15
2.4841e-15
1.83162e-15
1.52911e-15
8.41581e-16
2.372e-16
-2.28853e-16
-5.55988e-16
-7.85092e-16
-9.44688e-16
-1.02628e-15
-1.01179e-15
-9.12745e-16
-7.45287e-16
-4.80572e-16
-7.9206e-17
4.44049e-16
1.02438e-15
1.28988e-15
2.08473e-15
3.02682e-15
4.64643e-15
6.3792e-15
8.22626e-15
9.7965e-15
-5.32844e-16
-3.96447e-17
7.94794e-15
7.65081e-15
6.63064e-15
5.28602e-15
4.05402e-15
3.02103e-15
2.16096e-15
1.39673e-15
7.67922e-16
2.73436e-16
-1.04909e-16
-3.82048e-16
-5.62567e-16
-6.45465e-16
-6.24005e-16
-5.00882e-16
-2.83439e-16
3.24918e-17
4.64161e-16
1.02188e-15
1.69829e-15
2.47452e-15
3.48e-15
4.6601e-15
5.35156e-15
5.98294e-15
6.39095e-15
5.40542e-15
-2.90845e-16
-1.16854e-15
7.5209e-15
7.9788e-15
6.98299e-15
5.75129e-15
4.55754e-15
3.48675e-15
2.55511e-15
1.76343e-15
1.11516e-15
5.97458e-16
1.95663e-16
-9.60546e-17
-2.8165e-16
-3.63491e-16
-3.38602e-16
-2.07692e-16
2.70709e-17
3.69032e-16
8.26438e-16
1.40791e-15
2.12417e-15
2.97747e-15
3.99174e-15
5.17014e-15
6.43403e-15
7.72052e-15
8.80654e-15
8.46748e-15
-6.02351e-16
-1.938e-15
7.03883e-15
7.85999e-15
7.06947e-15
5.92983e-15
4.7691e-15
3.69935e-15
2.76361e-15
1.97089e-15
1.31956e-15
7.96983e-16
3.90925e-16
9.78601e-17
-8.71419e-17
-1.67032e-16
-1.40844e-16
-8.57239e-18
2.29547e-16
5.78e-16
1.04311e-15
1.63041e-15
2.35363e-15
3.22078e-15
4.23604e-15
5.39227e-15
6.63749e-15
7.85399e-15
8.70655e-15
7.85049e-15
-1.67418e-15
-2.37487e-15
6.49874e-15
7.57198e-15
6.94483e-15
5.89472e-15
4.78548e-15
3.74691e-15
2.83389e-15
2.05799e-15
1.4188e-15
9.05066e-16
5.05708e-16
2.18183e-16
3.71618e-17
-4.03012e-17
-1.44354e-17
1.15087e-16
3.48821e-16
6.91789e-16
1.14995e-15
1.72696e-15
2.43606e-15
3.28551e-15
4.27525e-15
5.3898e-15
6.56914e-15
7.67824e-15
8.32346e-15
7.15055e-15
-2.31742e-15
-2.60728e-15
5.95224e-15
7.19774e-15
6.6906e-15
5.72562e-15
4.67687e-15
3.68345e-15
2.80624e-15
2.05854e-15
1.44155e-15
9.45084e-16
5.58884e-16
2.8115e-16
1.06341e-16
3.15623e-17
5.59203e-17
1.79846e-16
4.04282e-16
7.34383e-16
1.17602e-15
1.73161e-15
2.41338e-15
3.22858e-15
4.17532e-15
5.23437e-15
6.33812e-15
7.34085e-15
7.8344e-15
6.44576e-15
-2.68022e-15
-2.59218e-15
5.48461e-15
6.79619e-15
6.37601e-15
5.48118e-15
4.49153e-15
3.54739e-15
2.7117e-15
1.99819e-15
1.40894e-15
9.34423e-16
5.65147e-16
2.99782e-16
1.32586e-16
6.06327e-17
8.27385e-17
1.99234e-16
4.11406e-16
7.24268e-16
1.14374e-15
1.67143e-15
2.31856e-15
3.09153e-15
3.98752e-15
4.98613e-15
6.01657e-15
6.93108e-15
7.31346e-15
5.84092e-15
-2.74311e-15
-2.56035e-15
5.05905e-15
6.40048e-15
6.03413e-15
5.19881e-15
4.26257e-15
3.36653e-15
2.57343e-15
1.8962e-15
1.33703e-15
8.86669e-16
5.36306e-16
2.84691e-16
1.25873e-16
5.68029e-17
7.62243e-17
1.84447e-16
3.82774e-16
6.76135e-16
1.07059e-15
1.56738e-15
2.17685e-15
2.90498e-15
3.74891e-15
4.68876e-15
5.65348e-15
6.49463e-15
6.81092e-15
5.30617e-15
-2.74683e-15
-2.33803e-15
4.74674e-15
6.03959e-15
5.6998e-15
4.90364e-15
4.01175e-15
3.15972e-15
2.40756e-15
1.76639e-15
1.23767e-15
8.1215e-16
4.81527e-16
2.44265e-16
9.41824e-17
2.80343e-17
4.46709e-17
1.44325e-16
3.28273e-16
6.01313e-16
9.69759e-16
1.43491e-15
2.00642e-15
2.69034e-15
3.48457e-15
4.37111e-15
5.28158e-15
6.0736e-15
6.35628e-15
4.90832e-15
-2.53528e-15
-2.32528e-15
4.41781e-15
5.69423e-15
5.37508e-15
4.60781e-15
3.75219e-15
2.93944e-15
2.22549e-15
1.61896e-15
1.12002e-15
7.19169e-16
4.08412e-16
1.85626e-16
4.43774e-17
-1.87977e-17
-4.84707e-18
8.63434e-17
2.56031e-16
5.08864e-16
8.51463e-16
1.28556e-15
1.82035e-15
2.46228e-15
3.21071e-15
4.05049e-15
4.91738e-15
5.67432e-15
5.93637e-15
4.51787e-15
-2.51379e-15
-2.06883e-15
4.21669e-15
5.39625e-15
5.06865e-15
4.31721e-15
3.49056e-15
2.71292e-15
2.03452e-15
1.46097e-15
9.90762e-16
6.1402e-16
3.22924e-16
1.14484e-16
-1.79509e-17
-7.80763e-17
-6.65879e-17
1.64903e-17
1.72418e-16
4.05666e-16
7.23186e-16
1.12746e-15
1.62733e-15
2.22992e-15
2.93647e-15
3.73562e-15
4.56841e-15
5.30583e-15
5.57764e-15
4.27246e-15
-2.24014e-15
-2.25686e-15
3.86942e-15
5.08155e-15
4.76621e-15
4.02957e-15
3.22895e-15
2.48428e-15
1.83964e-15
1.29765e-15
8.55134e-16
5.01849e-16
2.30045e-16
3.57169e-17
-8.79861e-17
-1.44957e-16
-1.3565e-16
-6.02105e-17
8.26485e-17
2.97175e-16
5.90651e-16
9.6652e-16
1.43332e-15
1.99882e-15
2.66643e-15
3.42957e-15
4.23341e-15
4.95448e-15
5.21877e-15
3.89798e-15
-2.40462e-15
-1.97287e-15
3.71833e-15
4.80938e-15
4.47391e-15
3.74497e-15
2.96679e-15
2.25536e-15
1.64377e-15
1.13236e-15
7.16679e-16
3.86246e-16
1.33336e-16
-4.71639e-17
-1.62246e-16
-2.15958e-16
-2.08522e-16
-1.40199e-16
-9.66234e-18
1.87094e-16
4.57617e-16
8.06421e-16
1.24173e-15
1.77166e-15
2.40139e-15
3.13029e-15
3.91024e-15
4.62381e-15
4.9131e-15
3.73032e-15
-2.09714e-15
-2.39651e-15
3.20589e-15
4.45363e-15
4.16124e-15
3.45708e-15
2.7022e-15
2.02731e-15
1.44861e-15
9.67076e-16
5.77522e-16
2.69369e-16
3.48775e-17
-1.32164e-16
-2.38821e-16
-2.89215e-16
-2.83357e-16
-2.21594e-16
-1.02589e-16
7.73892e-17
3.26046e-16
6.48982e-16
1.05409e-15
1.54966e-15
2.1421e-15
2.83515e-15
3.59153e-15
4.28221e-15
4.53506e-15
3.21032e-15
-2.49852e-15
-1.94551e-15
3.14102e-15
4.17358e-15
3.85379e-15
3.16768e-15
2.43744e-15
1.8009e-15
1.25446e-15
8.02125e-16
4.37925e-16
1.51233e-16
-6.56299e-17
-2.19891e-16
-3.18569e-16
-3.65729e-16
-3.61184e-16
-3.05356e-16
-1.96908e-16
-3.25059e-17
1.95581e-16
4.93977e-16
8.70231e-16
1.33297e-15
1.88984e-15
2.54494e-15
3.27755e-15
3.95168e-15
4.23794e-15
3.14229e-15
-2.0276e-15
-2.56189e-15
2.27301e-15
3.692e-15
3.49649e-15
2.86799e-15
2.1755e-15
1.57509e-15
1.05998e-15
6.35415e-16
2.94677e-16
2.74134e-17
-1.7372e-16
-3.16782e-16
-4.08574e-16
-4.52955e-16
-4.4949e-16
-3.98676e-16
-2.9923e-16
-1.48351e-16
6.15411e-17
3.37954e-16
6.87941e-16
1.12038e-15
1.64386e-15
2.26009e-15
2.9562e-15
3.57562e-15
3.74419e-15
2.2719e-15
-2.62832e-15
-1.79326e-15
2.60503e-15
3.47208e-15
3.17293e-15
2.56309e-15
1.91332e-15
1.34283e-15
8.55719e-16
4.54299e-16
1.31686e-16
-1.21319e-16
-3.11064e-16
-4.46354e-16
-5.33617e-16
-5.76363e-16
-5.73803e-16
-5.26516e-16
-4.33324e-16
-2.92143e-16
-9.56506e-17
1.64504e-16
4.94325e-16
9.0207e-16
1.39616e-15
1.9787e-15
2.63326e-15
3.23656e-15
3.51505e-15
2.60645e-15
-1.84401e-15
-2.55897e-15
8.89217e-16
2.68094e-15
2.72547e-15
2.22596e-15
1.63223e-15
1.08549e-15
6.13192e-16
2.19502e-16
-9.97124e-17
-3.50789e-16
-5.38306e-16
-6.7254e-16
-7.59752e-16
-8.03141e-16
-8.01391e-16
-7.55232e-16
-6.63516e-16
-5.25053e-16
-3.32433e-16
-7.56673e-17
2.49372e-16
6.48526e-16
1.12678e-15
1.68217e-15
2.27987e-15
2.77574e-15
2.71457e-15
8.846e-16
-2.60072e-15
-1.45815e-15
2.64588e-15
2.99225e-15
2.49507e-15
1.90451e-15
1.30158e-15
7.29922e-16
2.23143e-16
-2.05916e-16
-5.55234e-16
-8.27796e-16
-1.02738e-15
-1.1699e-15
-1.263e-15
-1.31017e-15
-1.30934e-15
-1.26156e-15
-1.16531e-15
-1.02032e-15
-8.17182e-16
-5.40003e-16
-1.85714e-16
2.48677e-16
7.61026e-16
1.3389e-15
1.94528e-15
2.53671e-15
3.02607e-15
2.655e-15
-1.48661e-15
-2.29609e-15
-1.52715e-15
6.8054e-16
1.59562e-15
1.37193e-15
6.90212e-16
-6.80182e-17
-7.45714e-16
-1.29654e-15
-1.72313e-15
-2.03688e-15
-2.25015e-15
-2.39864e-15
-2.49572e-15
-2.54628e-15
-2.54699e-15
-2.49962e-15
-2.4014e-15
-2.25335e-15
-2.03895e-15
-1.72193e-15
-1.29117e-15
-7.34007e-16
-4.9089e-17
7.16954e-16
1.40304e-15
1.62458e-15
6.91852e-16
-1.55026e-15
-2.32236e-15
-1.39079e-16
5.16867e-15
1.0507e-14
6.95165e-15
1.12122e-15
-3.03676e-15
-5.20583e-15
-5.51442e-15
-5.43124e-15
-5.11236e-15
-5.35214e-15
-5.46426e-15
-5.53381e-15
-5.58206e-15
-5.61221e-15
-5.61635e-15
-5.59787e-15
-5.55302e-15
-5.49099e-15
-5.38425e-15
-5.14596e-15
-5.43286e-15
-5.78062e-15
-5.13685e-15
-3.0815e-15
1.18744e-15
7.15153e-15
1.02046e-14
5.19056e-15
-1.52406e-16
-1.26725e-14
-4.64041e-14
-7.9451e-14
-1.02225e-13
-1.14089e-13
-1.20633e-13
-1.21408e-13
-1.21757e-13
-1.18991e-13
-1.1536e-13
-1.09272e-13
-1.03683e-13
-9.98962e-14
-9.76587e-14
-9.66323e-14
-9.67154e-14
-9.79225e-14
-1.00275e-13
-1.04232e-13
-1.09981e-13
-1.16206e-13
-1.20081e-13
-1.2182e-13
-1.23036e-13
-1.21066e-13
-1.14533e-13
-1.02321e-13
-8.08962e-14
-4.66138e-14
-1.2713e-14
)
;

boundaryField
{
    inlet
    {
        type            calculated;
        value           nonuniform List<scalar> 
30
(
-18.3222
-19.5315
-19.7781
-19.8386
-19.8918
-19.8274
-19.6974
-19.541
-19.3319
-19.213
-19.1453
-19.3249
-19.4312
-19.4658
-19.4676
-19.4726
-19.4672
-19.4429
-19.3582
-19.1855
-19.2077
-19.3556
-19.4859
-19.6824
-19.8152
-19.9066
-19.9153
-19.8348
-19.586
-17.9447
)
;
    }
    outlet
    {
        type            calculated;
        value           nonuniform List<scalar> 
30
(
-1.26725e-14
-4.64041e-14
-7.9451e-14
-1.02225e-13
-1.14089e-13
-1.20633e-13
-1.21408e-13
-1.21757e-13
-1.18991e-13
-1.1536e-13
-1.09272e-13
-1.03683e-13
-9.98962e-14
-9.76587e-14
-9.66323e-14
-9.67154e-14
-9.79225e-14
-1.00275e-13
-1.04232e-13
-1.09981e-13
-1.16206e-13
-1.20081e-13
-1.2182e-13
-1.23036e-13
-1.21066e-13
-1.14533e-13
-1.02321e-13
-8.08962e-14
-4.66138e-14
-1.2713e-14
)
;
    }
    walls
    {
        type            calculated;
        value           nonuniform List<scalar> 
400
(
-18.3222
-2.1356
-0.0621297
0.0403438
0.0485716
0.0522948
0.0530944
0.0511389
0.0478488
0.043764
0.0391115
0.0366131
0.0344559
0.0324175
0.0280471
0.0176156
-0.00424917
-0.0273669
-0.0346237
-0.0300678
-0.0247322
-0.0223526
-0.0228576
-0.0229336
-0.0305936
-0.0449778
-0.0516983
-0.0520445
-0.0542745
-0.0586318
-0.0606611
-0.0585586
-0.0534278
-0.0493686
-0.0459314
-0.0424065
-0.0320486
-0.0161574
-0.0047849
-0.00176542
-0.00123456
-0.00105972
-0.00100166
-0.000978234
-0.000961426
-0.000940674
-0.000913792
-0.000882321
-0.000848919
-0.000816061
-0.000785543
-0.000758208
-0.000734877
-0.000715228
-0.000700233
-0.00068918
-0.000682443
-0.000679169
-0.000678841
-0.000679538
-0.000679557
-0.000680124
-0.000675501
-0.000684956
-0.000680979
-0.000678724
-0.000678045
-0.000676167
-0.000677695
-0.000673286
-0.000667055
-0.000662974
-0.000661605
-0.00065838
-0.000667447
-0.000691086
-0.000729142
-0.00077689
-0.000828997
-0.00089749
-0.00099895
-0.00117351
-0.00151475
-0.00215432
-0.00317144
-0.00455854
-0.00640245
-0.00886476
-0.0118244
-0.0144799
-0.0163331
-0.0173318
-0.0171587
-0.016315
-0.0156966
-0.0158207
-0.0166933
-0.0175942
-0.0174726
-0.0160115
-0.014121
-0.0130486
-0.0128888
-0.0129834
-0.014924
-0.0103448
-0.0144018
-0.016005
-0.0185021
-0.0198242
-0.0153707
-0.0139688
-0.0126281
-0.012081
-0.0120123
-0.013119
-0.0133702
-0.0129378
-0.0128535
-0.0116766
-0.0108652
-0.0109994
-0.0113745
-0.0113897
-0.0101737
-0.00825488
-0.00680918
-0.00622464
-0.00631077
-0.00743637
-0.0092448
-0.0114434
-0.0153607
-0.018558
-0.0223587
-0.0137941
-0.0116739
-0.0128481
-0.0128152
-0.012749
-0.0153314
-0.0183153
-0.0186568
-0.017099
-0.0156554
-0.0145721
-0.0143455
-0.0154242
-0.0128628
-0.00764184
-0.000930854
0.00024933
-1.55245e-05
-3.76373e-07
-1.54506e-09
-1.26272e-12
-2.71572e-13
-2.33368e-13
-2.06643e-13
-1.85191e-13
-1.67105e-13
-1.51015e-13
-1.36286e-13
-1.22613e-13
-1.09861e-13
-9.79883e-14
-8.69295e-14
-7.59747e-14
-6.39964e-14
-5.02232e-14
-3.51708e-14
-2.07736e-14
-9.33227e-15
-2.37265e-15
3.7076e-16
1.42634e-15
7.30122e-15
7.11343e-15
-4.44887e-15
-3.96447e-17
-1.16854e-15
-1.938e-15
-2.37487e-15
-2.60728e-15
-2.59218e-15
-2.56035e-15
-2.33803e-15
-2.32528e-15
-2.06883e-15
-2.25686e-15
-1.97287e-15
-2.39651e-15
-1.94551e-15
-2.56189e-15
-1.79326e-15
-2.55897e-15
-1.45815e-15
-2.29609e-15
-1.39079e-16
-1.26725e-14
-17.9447
-2.38869
-0.0963749
0.0386857
0.0494412
0.0536116
0.0566985
0.0579858
0.0584977
0.0583435
0.0568913
0.0541381
0.0518399
0.0447745
0.0396599
0.0358605
0.0312851
0.0252134
0.0163632
0.00144233
-0.0236862
-0.0515794
-0.0594175
-0.0516333
-0.0411027
-0.0312825
-0.0226306
-0.0161012
-0.012605
-0.0133563
-0.0162342
-0.0265656
-0.0336522
-0.0270639
-0.0152591
-0.0150555
-0.0187373
-0.0185316
-0.0184471
-0.0175139
-0.0188373
-0.0194528
-0.0193689
-0.0192655
-0.0189365
-0.0188428
-0.0189259
-0.0189244
-0.0188899
-0.0188081
-0.0188159
-0.019114
-0.0195073
-0.0139752
-0.00419386
-0.000979596
-0.000521498
-0.000491104
-0.000502645
-0.000518162
-0.000535498
-0.000556772
-0.00059361
-0.000660782
-0.000780011
-0.000995306
-0.00136011
-0.00183664
-0.00225177
-0.00247057
-0.00250324
-0.002454
-0.00239101
-0.00233502
-0.00229703
-0.00222282
-0.00210524
-0.00207943
-0.00213838
-0.00220416
-0.00210213
-0.00200163
-0.00178334
-0.00167724
-0.00166437
-0.0017028
-0.00172824
-0.00176578
-0.00189804
-0.00234929
-0.00355008
-0.00567287
-0.00874532
-0.0134667
-0.0193452
-0.021412
-0.0249889
-0.0203034
-0.0170249
-0.0177692
-0.0190818
-0.0184157
-0.0176842
-0.0220119
-0.0281504
-0.0335104
-0.0327689
-0.0271576
-0.0230606
-0.024803
-0.0293377
-0.0303984
-0.0189356
-0.0136129
-0.0127307
-0.0130668
-0.0130873
-0.0122355
-0.0112256
-0.010358
-0.0095839
-0.00931108
-0.00961449
-0.0108123
-0.0129568
-0.0113582
-0.0121561
-0.0134321
-0.014884
-0.0181308
-0.0218993
-0.0196046
-0.0154808
-0.0128525
-0.0127696
-0.0159878
-0.0216313
-0.0229704
-0.0133474
-0.0125057
-0.0125086
-0.0118811
-0.0121487
-0.0150237
-0.0150785
-0.0130746
-0.0128096
-0.0134389
-0.0143299
-0.0105275
-0.0046009
-3.14113e-05
2.00672e-05
-5.4629e-06
-4.39786e-08
-8.01307e-11
-2.74831e-13
-2.23704e-13
-1.9385e-13
-1.74199e-13
-1.58564e-13
-1.44643e-13
-1.31503e-13
-1.19027e-13
-1.07074e-13
-9.56638e-14
-8.49618e-14
-7.46987e-14
-6.39771e-14
-5.1749e-14
-3.78213e-14
-2.34691e-14
-1.09724e-14
-2.37997e-15
1.71271e-15
2.52092e-15
5.98106e-15
9.62238e-15
-5.32844e-16
-2.90845e-16
-6.02351e-16
-1.67418e-15
-2.31742e-15
-2.68022e-15
-2.74311e-15
-2.74683e-15
-2.53528e-15
-2.51379e-15
-2.24014e-15
-2.40462e-15
-2.09714e-15
-2.49852e-15
-2.0276e-15
-2.62832e-15
-1.84401e-15
-2.60072e-15
-1.48661e-15
-2.32236e-15
-1.52406e-16
-1.2713e-14
)
;
    }
    frontAndBackPlanes
    {
        type            empty;
    }
}


// ************************************************************************* //
