/*--------------------------------*- C++ -*----------------------------------*\
| =========                 |                                                 |
| \\      /  F ield         | OpenFOAM: The Open Source CFD Toolbox           |
|  \\    /   O peration     | Version:  v1606+                                |
|   \\  /    A nd           | Web:      www.OpenFOAM.com                      |
|    \\/     M anipulation  |                                                 |
\*---------------------------------------------------------------------------*/
FoamFile
{
    version     2.0;
    format      ascii;
    class       volVectorField;
    location    "0.0043";
    object      U;
}
// * * * * * * * * * * * * * * * * * * * * * * * * * * * * * * * * * * * * * //

dimensions      [0 1 -1 0 0 0 0];

internalField   nonuniform List<vector> 
2450
(
(0.0380008 -0.00345842 0)
(-0.104912 0.0109058 0)
(-0.0445236 0.0484131 0)
(-0.301089 0.0428039 0)
(-0.329902 0.0733254 0)
(-0.311344 0.160623 0)
(-0.840626 0.0260802 0)
(1.36851 0.30017 0)
(2.30784 0.102348 0)
(2.11754 0.0890145 0)
(1.92403 0.0916393 0)
(1.7915 0.0776952 0)
(1.65445 0.0642142 0)
(1.52813 0.052996 0)
(1.41914 0.0442863 0)
(1.32445 0.0378188 0)
(1.24285 0.032594 0)
(1.17273 0.0282978 0)
(1.1115 0.0247254 0)
(1.05735 0.0217217 0)
(1.0089 0.0191696 0)
(0.965049 0.0169803 0)
(0.92496 0.0150859 0)
(0.887976 0.0134346 0)
(0.853603 0.0119858 0)
(0.821468 0.010708 0)
(0.791285 0.00957594 0)
(0.762834 0.00856899 0)
(0.735925 0.00767023 0)
(0.710402 0.00686572 0)
(0.686123 0.00614323 0)
(0.662954 0.00549257 0)
(0.640768 0.00490473 0)
(0.619444 0.00437197 0)
(0.598873 0.00388751 0)
(0.578951 0.00344535 0)
(0.559584 0.00304053 0)
(0.540694 0.0026685 0)
(0.522211 0.00232556 0)
(0.504079 0.00200828 0)
(0.486252 0.00171373 0)
(0.468691 0.00143974 0)
(0.451366 0.00118428 0)
(0.434255 0.000945277 0)
(0.41734 0.000721126 0)
(0.4006 0.000510613 0)
(0.384021 0.000312477 0)
(0.367586 0.000126385 0)
(0.351277 -4.83457e-05 0)
(0.335077 -0.00021483 0)
(0.318966 -0.000370959 0)
(0.302924 -0.000520369 0)
(0.286929 -0.000661125 0)
(0.270959 -0.000794294 0)
(0.254991 -0.000919971 0)
(0.239004 -0.00103855 0)
(0.222978 -0.00115055 0)
(0.206897 -0.00125665 0)
(0.19075 -0.00135431 0)
(0.174524 -0.00144534 0)
(0.158211 -0.00152931 0)
(0.141809 -0.00160642 0)
(0.125311 -0.00167652 0)
(0.108731 -0.00173857 0)
(0.092088 -0.0017941 0)
(0.0753823 -0.00184152 0)
(0.0586217 -0.00188105 0)
(0.0418399 -0.0019141 0)
(0.0250998 -0.0019325 0)
(0.00837905 -0.00195518 0)
(0.0488171 -0.0589898 0)
(-0.0477655 -0.0345572 0)
(0.0286586 0.0316643 0)
(-0.195699 -0.00650542 0)
(-0.151767 0.000461402 0)
(-0.225472 0.0465207 0)
(-0.306638 -0.494989 0)
(1.45329 0.392364 0)
(2.16618 0.311907 0)
(2.08471 0.285054 0)
(1.90944 0.2627 0)
(1.76405 0.222611 0)
(1.62963 0.185952 0)
(1.50808 0.155797 0)
(1.40392 0.131545 0)
(1.31273 0.112391 0)
(1.23331 0.0969263 0)
(1.16485 0.084222 0)
(1.10491 0.0736443 0)
(1.05179 0.0647386 0)
(1.00415 0.0571626 0)
(0.960961 0.0506567 0)
(0.921411 0.045022 0)
(0.884873 0.0401062 0)
(0.850874 0.0357906 0)
(0.819056 0.0319818 0)
(0.789144 0.028606 0)
(0.760926 0.025602 0)
(0.734219 0.0229197 0)
(0.708872 0.0205181 0)
(0.684747 0.0183608 0)
(0.661712 0.0164175 0)
(0.639644 0.0146614 0)
(0.618424 0.0130695 0)
(0.597943 0.0116216 0)
(0.578101 0.0103 0)
(0.558805 0.00908959 0)
(0.539976 0.00797725 0)
(0.521548 0.00695141 0)
(0.503465 0.0060026 0)
(0.485681 0.00512189 0)
(0.468159 0.00430247 0)
(0.450869 0.00353854 0)
(0.43379 0.00282394 0)
(0.416903 0.00215378 0)
(0.40019 0.0015247 0)
(0.383635 0.000932692 0)
(0.367223 0.000374501 0)
(0.350934 -0.000153184 0)
(0.334753 -0.000648828 0)
(0.318659 -0.00111925 0)
(0.302633 -0.00156211 0)
(0.286654 -0.00198233 0)
(0.270699 -0.00238067 0)
(0.254746 -0.00275742 0)
(0.238773 -0.0031131 0)
(0.222759 -0.00345046 0)
(0.206693 -0.00376409 0)
(0.19056 -0.00405625 0)
(0.174348 -0.00432832 0)
(0.15805 -0.004579 0)
(0.141661 -0.00480877 0)
(0.125177 -0.00501763 0)
(0.108609 -0.00520212 0)
(0.0919771 -0.00536673 0)
(0.0752802 -0.00550902 0)
(0.058525 -0.00563084 0)
(0.0417612 -0.00573964 0)
(0.0250447 -0.00580944 0)
(0.00834492 -0.00584186 0)
(0.0349625 -0.105136 0)
(-0.0436212 -0.0424425 0)
(0.0473306 0.111998 0)
(-0.173193 0.113282 0)
(-0.194555 0.220169 0)
(-0.737331 0.226938 0)
(-0.0193378 -0.380821 0)
(1.76219 0.655683 0)
(2.15045 0.568486 0)
(2.02604 0.493345 0)
(1.85158 0.417307 0)
(1.71504 0.352615 0)
(1.58749 0.296669 0)
(1.47356 0.251282 0)
(1.37569 0.214311 0)
(1.28981 0.183404 0)
(1.21468 0.158483 0)
(1.14944 0.137976 0)
(1.09201 0.120843 0)
(1.04086 0.106373 0)
(0.994805 0.0940302 0)
(0.9529 0.0834061 0)
(0.9144 0.0741862 0)
(0.878735 0.0661288 0)
(0.845469 0.059045 0)
(0.814273 0.0527855 0)
(0.784895 0.0472315 0)
(0.757136 0.0422847 0)
(0.73083 0.0378645 0)
(0.705831 0.033904 0)
(0.68201 0.0303446 0)
(0.659242 0.0271362 0)
(0.637407 0.0242353 0)
(0.616392 0.0216043 0)
(0.596091 0.0192105 0)
(0.576406 0.0170244 0)
(0.55725 0.0150214 0)
(0.538544 0.0131801 0)
(0.520225 0.0114816 0)
(0.502239 0.00991042 0)
(0.484541 0.00845193 0)
(0.467097 0.0070946 0)
(0.449877 0.00582833 0)
(0.432861 0.00464504 0)
(0.416031 0.00353548 0)
(0.39937 0.00249362 0)
(0.382863 0.00151322 0)
(0.366492 0.000588426 0)
(0.350246 -0.000285531 0)
(0.334104 -0.00110812 0)
(0.318046 -0.00188841 0)
(0.302055 -0.00262319 0)
(0.286105 -0.00332012 0)
(0.270178 -0.00398059 0)
(0.254254 -0.0046061 0)
(0.238307 -0.00519808 0)
(0.222323 -0.00575287 0)
(0.206288 -0.00627142 0)
(0.190182 -0.00675682 0)
(0.173998 -0.00720763 0)
(0.157728 -0.00762317 0)
(0.141367 -0.00800388 0)
(0.124914 -0.00834706 0)
(0.108376 -0.00865016 0)
(0.0917718 -0.00891727 0)
(0.0751033 -0.00914595 0)
(0.058369 -0.00933533 0)
(0.0416333 -0.00949504 0)
(0.0249683 -0.00961486 0)
(0.0083218 -0.00966808 0)
(0.0458644 -0.224147 0)
(0.0421504 -0.156616 0)
(0.127586 0.0562094 0)
(-0.0432244 0.0325644 0)
(0.0154249 0.593865 0)
(-0.693408 0.22005 0)
(0.725141 0.717268 0)
(1.88621 1.02361 0)
(1.96594 0.807823 0)
(1.89592 0.660602 0)
(1.76733 0.55902 0)
(1.64293 0.470392 0)
(1.52786 0.396982 0)
(1.42554 0.337476 0)
(1.33602 0.289051 0)
(1.25688 0.248638 0)
(1.18788 0.215655 0)
(1.1272 0.188285 0)
(1.0733 0.165289 0)
(1.02496 0.145775 0)
(0.981167 0.129063 0)
(0.941101 0.114628 0)
(0.904117 0.102065 0)
(0.869715 0.0910595 0)
(0.837514 0.0813639 0)
(0.807225 0.0727815 0)
(0.778626 0.0651548 0)
(0.751541 0.0583532 0)
(0.72582 0.0522688 0)
(0.701334 0.0468117 0)
(0.677961 0.0419027 0)
(0.655585 0.037474 0)
(0.634094 0.0334671 0)
(0.613382 0.0298303 0)
(0.593346 0.0265191 0)
(0.573894 0.0234938 0)
(0.554943 0.0207206 0)
(0.53642 0.0181703 0)
(0.518263 0.015817 0)
(0.500419 0.0136391 0)
(0.48285 0.0116174 0)
(0.465521 0.00973572 0)
(0.448405 0.00797882 0)
(0.431484 0.00633697 0)
(0.414738 0.00479843 0)
(0.398155 0.00335296 0)
(0.381718 0.00199274 0)
(0.365413 0.000711453 0)
(0.349227 -0.00049717 0)
(0.33314 -0.0016413 0)
(0.317135 -0.00272247 0)
(0.301193 -0.00374687 0)
(0.285289 -0.00471596 0)
(0.269405 -0.00563287 0)
(0.253521 -0.00650023 0)
(0.23762 -0.00732001 0)
(0.22168 -0.0080885 0)
(0.205683 -0.00881127 0)
(0.189619 -0.00948631 0)
(0.173477 -0.0101123 0)
(0.157249 -0.0106892 0)
(0.140933 -0.0112161 0)
(0.124527 -0.0116912 0)
(0.108035 -0.0121107 0)
(0.0914764 -0.0124768 0)
(0.0748564 -0.0127873 0)
(0.0581691 -0.0130401 0)
(0.0414739 -0.0132379 0)
(0.0248646 -0.0133855 0)
(0.00828985 -0.0134579 0)
(0.0142538 -0.42321 0)
(0.0303415 -0.345696 0)
(-0.0350202 -0.048878 0)
(0.0722426 0.242821 0)
(-0.122765 0.701957 0)
(0.20906 0.554888 0)
(1.38213 1.30058 0)
(1.78526 1.12106 0)
(1.79872 0.957046 0)
(1.76112 0.799221 0)
(1.65823 0.672085 0)
(1.55201 0.568094 0)
(1.45395 0.481895 0)
(1.36549 0.412417 0)
(1.28686 0.35443 0)
(1.21641 0.306793 0)
(1.15433 0.267307 0)
(1.09907 0.23421 0)
(1.04949 0.206209 0)
(1.00463 0.182309 0)
(0.963649 0.161737 0)
(0.925892 0.143892 0)
(0.890821 0.128304 0)
(0.858022 0.114607 0)
(0.827179 0.102507 0)
(0.798051 0.0917736 0)
(0.770454 0.0822162 0)
(0.744237 0.073679 0)
(0.719275 0.0660309 0)
(0.695451 0.0591618 0)
(0.672659 0.0529753 0)
(0.650793 0.0473881 0)
(0.62975 0.0423284 0)
(0.609431 0.0377317 0)
(0.589742 0.0335429 0)
(0.570595 0.0297135 0)
(0.551914 0.0262009 0)
(0.533629 0.0229686 0)
(0.515682 0.0199845 0)
(0.498028 0.0172219 0)
(0.480627 0.0146572 0)
(0.463448 0.0122696 0)
(0.446469 0.0100399 0)
(0.429671 0.00795466 0)
(0.413038 0.0060003 0)
(0.396556 0.00416444 0)
(0.380213 0.0024372 0)
(0.363995 0.000809835 0)
(0.347886 -0.000726382 0)
(0.331872 -0.00217937 0)
(0.315935 -0.00355357 0)
(0.300056 -0.00485528 0)
(0.284214 -0.00608719 0)
(0.268389 -0.00725213 0)
(0.252562 -0.00835283 0)
(0.236714 -0.00939241 0)
(0.220828 -0.0103726 0)
(0.204886 -0.0112916 0)
(0.188877 -0.0121489 0)
(0.172792 -0.0129448 0)
(0.156621 -0.0136772 0)
(0.140362 -0.0143445 0)
(0.124017 -0.0149483 0)
(0.107588 -0.0154809 0)
(0.0910931 -0.0159431 0)
(0.0745382 -0.0163339 0)
(0.0579172 -0.0166505 0)
(0.0412874 -0.0168929 0)
(0.0247495 -0.0170616 0)
(0.00825268 -0.0171464 0)
(-0.00950211 -0.258581 0)
(0.0586662 -0.235584 0)
(0.178097 0.0435339 0)
(0.173255 0.296057 0)
(0.22381 0.739213 0)
(1.06443 1.2219 0)
(1.49933 1.3833 0)
(1.60403 1.21158 0)
(1.64604 1.05727 0)
(1.6142 0.89337 0)
(1.53541 0.755919 0)
(1.4518 0.644073 0)
(1.37169 0.550512 0)
(1.29801 0.474333 0)
(1.23037 0.41024 0)
(1.16977 0.357156 0)
(1.11531 0.312679 0)
(1.06611 0.275067 0)
(1.0214 0.243005 0)
(0.980487 0.215457 0)
(0.942747 0.191606 0)
(0.907664 0.170812 0)
(0.874827 0.152572 0)
(0.843912 0.136484 0)
(0.814674 0.122229 0)
(0.786927 0.109549 0)
(0.760524 0.0982321 0)
(0.735348 0.0881029 0)
(0.711296 0.0790128 0)
(0.68827 0.0708352 0)
(0.66618 0.0634598 0)
(0.64493 0.0567904 0)
(0.62443 0.050743 0)
(0.604589 0.0452431 0)
(0.58532 0.0402262 0)
(0.566545 0.0356358 0)
(0.548191 0.0314215 0)
(0.530197 0.0275407 0)
(0.512509 0.0239558 0)
(0.495085 0.0206358 0)
(0.477891 0.0175523 0)
(0.460897 0.0146808 0)
(0.444085 0.0119986 0)
(0.427439 0.00948965 0)
(0.410943 0.00713718 0)
(0.394587 0.00492744 0)
(0.37836 0.00284824 0)
(0.362246 0.000888369 0)
(0.346234 -0.000961056 0)
(0.33031 -0.00270957 0)
(0.314457 -0.00436407 0)
(0.298657 -0.00593038 0)
(0.28289 -0.00741344 0)
(0.267138 -0.00881633 0)
(0.251379 -0.010142 0)
(0.235598 -0.0113945 0)
(0.21978 -0.0125736 0)
(0.203906 -0.0136794 0)
(0.187964 -0.0147113 0)
(0.171948 -0.0156689 0)
(0.155848 -0.0165499 0)
(0.139661 -0.0173532 0)
(0.12339 -0.0180792 0)
(0.107039 -0.018718 0)
(0.090623 -0.0192721 0)
(0.074149 -0.0197402 0)
(0.057611 -0.0201181 0)
(0.0410647 -0.0204061 0)
(0.0246139 -0.020602 0)
(0.00820755 -0.0207008 0)
(-0.135159 -0.39487 0)
(-0.0970241 -0.371418 0)
(0.0928379 0.120606 0)
(0.643149 0.889931 0)
(1.06924 1.30261 0)
(1.29114 1.48017 0)
(1.42326 1.38667 0)
(1.47315 1.26061 0)
(1.48947 1.10886 0)
(1.46097 0.949445 0)
(1.40803 0.813821 0)
(1.34583 0.698773 0)
(1.28401 0.603337 0)
(1.22521 0.522878 0)
(1.1697 0.455686 0)
(1.11887 0.399183 0)
(1.07226 0.35128 0)
(1.02941 0.310388 0)
(0.989891 0.275236 0)
(0.95323 0.244809 0)
(0.919007 0.218295 0)
(0.886858 0.195052 0)
(0.856491 0.174563 0)
(0.827677 0.156418 0)
(0.800241 0.140283 0)
(0.774051 0.125887 0)
(0.749004 0.113005 0)
(0.725014 0.101448 0)
(0.702003 0.091055 0)
(0.679894 0.0816884 0)
(0.65861 0.0732266 0)
(0.638072 0.0655633 0)
(0.618199 0.0586048 0)
(0.59891 0.0522684 0)
(0.58013 0.0464817 0)
(0.561786 0.0411811 0)
(0.543814 0.0363106 0)
(0.526159 0.0318217 0)
(0.508773 0.0276726 0)
(0.49162 0.0238276 0)
(0.474668 0.0202547 0)
(0.457891 0.0169258 0)
(0.441274 0.0138161 0)
(0.424807 0.0109068 0)
(0.408473 0.00817903 0)
(0.392265 0.0056159 0)
(0.376172 0.00320381 0)
(0.360184 0.000929926 0)
(0.344287 -0.0012156 0)
(0.328468 -0.00324388 0)
(0.312713 -0.00516348 0)
(0.297006 -0.00698031 0)
(0.281328 -0.00870105 0)
(0.265661 -0.0103295 0)
(0.249984 -0.0118699 0)
(0.234283 -0.0133212 0)
(0.218543 -0.0146882 0)
(0.202749 -0.0159708 0)
(0.186888 -0.017168 0)
(0.170953 -0.0182783 0)
(0.154937 -0.0192999 0)
(0.138833 -0.0202316 0)
(0.122652 -0.0210714 0)
(0.106395 -0.0218109 0)
(0.0900713 -0.0224512 0)
(0.0736929 -0.0229915 0)
(0.057253 -0.0234276 0)
(0.0408064 -0.0237582 0)
(0.0244576 -0.023981 0)
(0.00815528 -0.0240926 0)
(0.00283374 1.43044 0)
(0.348135 1.46641 0)
(0.869966 1.62527 0)
(1.02435 1.72648 0)
(1.08392 1.66167 0)
(1.19801 1.57272 0)
(1.27939 1.42312 0)
(1.33011 1.27384 0)
(1.33468 1.12044 0)
(1.31843 0.97492 0)
(1.28388 0.845203 0)
(1.24091 0.734116 0)
(1.19573 0.639883 0)
(1.15033 0.55925 0)
(1.1067 0.491032 0)
(1.06539 0.432872 0)
(1.02653 0.382996 0)
(0.990075 0.339988 0)
(0.95583 0.302683 0)
(0.923553 0.270136 0)
(0.892994 0.241578 0)
(0.863935 0.216391 0)
(0.836195 0.194074 0)
(0.809632 0.17422 0)
(0.784143 0.156498 0)
(0.759647 0.140632 0)
(0.736083 0.126393 0)
(0.713396 0.113586 0)
(0.691534 0.102044 0)
(0.670439 0.0916198 0)
(0.650052 0.0821851 0)
(0.630305 0.0736262 0)
(0.611132 0.0658421 0)
(0.592462 0.0587439 0)
(0.574229 0.0522531 0)
(0.55637 0.0463005 0)
(0.538828 0.0408254 0)
(0.521555 0.0357746 0)
(0.504512 0.0311028 0)
(0.487664 0.0267701 0)
(0.470986 0.0227409 0)
(0.454456 0.0189826 0)
(0.438063 0.0154781 0)
(0.421799 0.0121973 0)
(0.40565 0.00911909 0)
(0.389611 0.00622574 0)
(0.373672 0.00350321 0)
(0.357826 0.000936764 0)
(0.34206 -0.00148606 0)
(0.326362 -0.0037779 0)
(0.31072 -0.00594403 0)
(0.295119 -0.00799495 0)
(0.279541 -0.00993702 0)
(0.26397 -0.0117753 0)
(0.248389 -0.0135145 0)
(0.232781 -0.0151528 0)
(0.217131 -0.0166959 0)
(0.201427 -0.0181435 0)
(0.185658 -0.0194947 0)
(0.169816 -0.0207478 0)
(0.153895 -0.0219011 0)
(0.137889 -0.0229531 0)
(0.121811 -0.023897 0)
(0.10566 -0.0247313 0)
(0.0894429 -0.0254525 0)
(0.0731739 -0.0260609 0)
(0.0568466 -0.026551 0)
(0.0405147 -0.0269207 0)
(0.0242821 -0.027169 0)
(0.0080967 -0.0272928 0)
(0.0739854 2.16532 0)
(0.319224 2.17854 0)
(0.590578 2.06089 0)
(0.787418 1.84037 0)
(0.935324 1.6965 0)
(1.04442 1.55392 0)
(1.11963 1.40988 0)
(1.16918 1.25434 0)
(1.18979 1.11108 0)
(1.1852 0.97721 0)
(1.16688 0.857527 0)
(1.14043 0.753154 0)
(1.10913 0.662404 0)
(1.07637 0.584243 0)
(1.04334 0.516852 0)
(1.01085 0.458568 0)
(0.979384 0.407985 0)
(0.949109 0.363902 0)
(0.920047 0.325305 0)
(0.892131 0.291349 0)
(0.865267 0.261339 0)
(0.839357 0.234704 0)
(0.814323 0.210973 0)
(0.790102 0.189761 0)
(0.766653 0.170748 0)
(0.743947 0.153667 0)
(0.721958 0.13829 0)
(0.700664 0.124421 0)
(0.680035 0.11189 0)
(0.660033 0.100548 0)
(0.640614 0.0902622 0)
(0.621726 0.0809131 0)
(0.603313 0.0723959 0)
(0.585318 0.064617 0)
(0.567683 0.0574935 0)
(0.550355 0.0509523 0)
(0.533285 0.0449291 0)
(0.516433 0.0393676 0)
(0.499766 0.0342187 0)
(0.483255 0.0294401 0)
(0.466878 0.0249945 0)
(0.450625 0.0208459 0)
(0.434487 0.0169747 0)
(0.418446 0.0133503 0)
(0.4025 0.00994678 0)
(0.386648 0.00675126 0)
(0.370883 0.00374343 0)
(0.355194 0.000907446 0)
(0.339572 -0.00176961 0)
(0.32401 -0.00430325 0)
(0.308497 -0.00669734 0)
(0.293014 -0.00896444 0)
(0.277548 -0.0111097 0)
(0.262084 -0.0131403 0)
(0.246608 -0.0150603 0)
(0.231103 -0.0168726 0)
(0.215554 -0.0185783 0)
(0.199951 -0.020178 0)
(0.184285 -0.0216709 0)
(0.168548 -0.0230551 0)
(0.152733 -0.0243293 0)
(0.136838 -0.0254928 0)
(0.120874 -0.0265326 0)
(0.10484 -0.0274538 0)
(0.0887425 -0.0282503 0)
(0.072596 -0.0289201 0)
(0.056396 -0.0294597 0)
(0.0401923 -0.029866 0)
(0.024088 -0.0301385 0)
(0.00803187 -0.0302744 0)
(0.103292 1.9344 0)
(0.303754 1.93057 0)
(0.49001 1.83705 0)
(0.653831 1.72667 0)
(0.795152 1.6057 0)
(0.900712 1.47708 0)
(0.977812 1.34551 0)
(1.03076 1.2131 0)
(1.05732 1.0836 0)
(1.06477 0.963665 0)
(1.05978 0.855505 0)
(1.04578 0.758782 0)
(1.02682 0.673841 0)
(1.00479 0.599357 0)
(0.981038 0.534088 0)
(0.956532 0.476869 0)
(0.931876 0.426609 0)
(0.907404 0.382335 0)
(0.883285 0.343197 0)
(0.859593 0.308475 0)
(0.836353 0.277558 0)
(0.813572 0.249939 0)
(0.791254 0.225193 0)
(0.769409 0.202965 0)
(0.748049 0.182956 0)
(0.727188 0.164913 0)
(0.706836 0.148617 0)
(0.686996 0.133877 0)
(0.66766 0.120524 0)
(0.648809 0.108409 0)
(0.630414 0.0973978 0)
(0.612436 0.0873693 0)
(0.594833 0.0782162 0)
(0.577557 0.0698423 0)
(0.560562 0.062162 0)
(0.543803 0.0550994 0)
(0.527241 0.0485881 0)
(0.510842 0.0425701 0)
(0.494581 0.0369941 0)
(0.478437 0.0318147 0)
(0.46239 0.0269936 0)
(0.446434 0.0224969 0)
(0.430566 0.0182911 0)
(0.41477 0.0143518 0)
(0.39905 0.0106578 0)
(0.383406 0.0071889 0)
(0.367828 0.00392215 0)
(0.352313 0.000841177 0)
(0.33685 -0.0020703 0)
(0.321435 -0.00481628 0)
(0.30606 -0.00741673 0)
(0.290708 -0.00987892 0)
(0.275367 -0.0122091 0)
(0.260021 -0.0144145 0)
(0.244658 -0.0164995 0)
(0.229265 -0.018468 0)
(0.213827 -0.0203207 0)
(0.198336 -0.0220581 0)
(0.182782 -0.0236792 0)
(0.167159 -0.0251823 0)
(0.151459 -0.0265662 0)
(0.135687 -0.0278283 0)
(0.119851 -0.0289564 0)
(0.103943 -0.0299563 0)
(0.0879777 -0.0308207 0)
(0.0719663 -0.0315458 0)
(0.0559038 -0.0321303 0)
(0.0398401 -0.0325707 0)
(0.0238765 -0.0328653 0)
(0.00796127 -0.0330121 0)
(0.0919201 1.73336 0)
(0.270867 1.70659 0)
(0.431542 1.6598 0)
(0.568551 1.58927 0)
(0.686523 1.49386 0)
(0.783274 1.38575 0)
(0.855704 1.27321 0)
(0.907368 1.15794 0)
(0.940353 1.04513 0)
(0.957159 0.939628 0)
(0.962023 0.842277 0)
(0.958775 0.754556 0)
(0.949723 0.67603 0)
(0.93663 0.606018 0)
(0.920861 0.543778 0)
(0.903386 0.488495 0)
(0.88486 0.439357 0)
(0.865705 0.395607 0)
(0.846193 0.356564 0)
(0.826497 0.321631 0)
(0.806735 0.290294 0)
(0.786995 0.262116 0)
(0.76735 0.236725 0)
(0.747867 0.213804 0)
(0.728602 0.193083 0)
(0.709608 0.174326 0)
(0.690921 0.157328 0)
(0.67257 0.141906 0)
(0.654566 0.127897 0)
(0.636904 0.115155 0)
(0.619572 0.103547 0)
(0.602542 0.0929524 0)
(0.585784 0.0832636 0)
(0.569261 0.0743835 0)
(0.552937 0.0662255 0)
(0.536778 0.0587127 0)
(0.520753 0.0517772 0)
(0.504836 0.0453602 0)
(0.489007 0.039409 0)
(0.473252 0.0338763 0)
(0.457558 0.0287208 0)
(0.441921 0.0239144 0)
(0.42634 0.0194168 0)
(0.410811 0.0152014 0)
(0.395336 0.0112514 0)
(0.379912 0.00753684 0)
(0.364535 0.00403912 0)
(0.349202 0.000742357 0)
(0.333915 -0.00237393 0)
(0.318665 -0.00531353 0)
(0.303436 -0.00809688 0)
(0.288223 -0.0107317 0)
(0.273015 -0.0132267 0)
(0.257796 -0.0155877 0)
(0.242556 -0.0178195 0)
(0.227284 -0.0199262 0)
(0.211966 -0.0219091 0)
(0.196595 -0.0237684 0)
(0.181162 -0.0255034 0)
(0.165663 -0.0271127 0)
(0.150088 -0.028594 0)
(0.134449 -0.0299406 0)
(0.118747 -0.0311484 0)
(0.102977 -0.0322182 0)
(0.0871544 -0.0331429 0)
(0.0712886 -0.0339184 0)
(0.0553747 -0.034542 0)
(0.0394619 -0.0350121 0)
(0.0236496 -0.0353266 0)
(0.00788555 -0.0354831 0)
(0.0774265 1.60625 0)
(0.228863 1.57916 0)
(0.367536 1.52816 0)
(0.488287 1.46068 0)
(0.592876 1.38111 0)
(0.680886 1.29061 0)
(0.75048 1.19431 0)
(0.802871 1.0966 0)
(0.839074 0.999959 0)
(0.861953 0.907549 0)
(0.874734 0.821573 0)
(0.879556 0.742598 0)
(0.878305 0.670678 0)
(0.872555 0.605604 0)
(0.863526 0.546958 0)
(0.852121 0.494208 0)
(0.838996 0.44678 0)
(0.824617 0.404112 0)
(0.809314 0.365676 0)
(0.793327 0.331 0)
(0.776842 0.299665 0)
(0.760006 0.271306 0)
(0.742945 0.245607 0)
(0.725769 0.222294 0)
(0.708572 0.201126 0)
(0.691433 0.181891 0)
(0.674416 0.1644 0)
(0.657565 0.148481 0)
(0.640908 0.133981 0)
(0.624457 0.120757 0)
(0.608209 0.10868 0)
(0.59215 0.0976333 0)
(0.576261 0.08751 0)
(0.560516 0.0782141 0)
(0.544888 0.0696595 0)
(0.529351 0.0617696 0)
(0.513885 0.0544763 0)
(0.498471 0.0477204 0)
(0.483095 0.0414486 0)
(0.467747 0.0356139 0)
(0.452425 0.0301749 0)
(0.437128 0.0250982 0)
(0.421851 0.0203483 0)
(0.406603 0.0158976 0)
(0.391385 0.0117203 0)
(0.376194 0.00779247 0)
(0.361034 0.00409444 0)
(0.3459 0.000609693 0)
(0.330795 -0.00267799 0)
(0.315713 -0.00578875 0)
(0.300643 -0.00873193 0)
(0.28558 -0.0115172 0)
(0.270513 -0.0141541 0)
(0.25543 -0.0166496 0)
(0.240322 -0.0190085 0)
(0.225178 -0.0212348 0)
(0.209987 -0.0233302 0)
(0.194744 -0.025295 0)
(0.17944 -0.027129 0)
(0.164071 -0.0288303 0)
(0.148633 -0.0303944 0)
(0.133134 -0.0318142 0)
(0.117574 -0.0330916 0)
(0.10195 -0.0342219 0)
(0.0862791 -0.0351978 0)
(0.0705696 -0.0360166 0)
(0.054814 -0.0366746 0)
(0.0390606 -0.0371706 0)
(0.0234088 -0.0375024 0)
(0.00780524 -0.0376675 0)
(0.0648673 1.45739 0)
(0.191764 1.43493 0)
(0.311978 1.39316 0)
(0.421569 1.3382 0)
(0.516887 1.27282 0)
(0.596903 1.19823 0)
(0.661938 1.11765 0)
(0.713148 1.03432 0)
(0.751386 0.951264 0)
(0.778812 0.871238 0)
(0.797101 0.795473 0)
(0.807901 0.724718 0)
(0.812743 0.659334 0)
(0.812921 0.599355 0)
(0.809474 0.544601 0)
(0.803216 0.494757 0)
(0.79477 0.449447 0)
(0.784607 0.408274 0)
(0.773086 0.37085 0)
(0.76049 0.336813 0)
(0.747044 0.305836 0)
(0.73294 0.277624 0)
(0.71834 0.251918 0)
(0.703387 0.228484 0)
(0.6882 0.207115 0)
(0.672881 0.187623 0)
(0.657512 0.169837 0)
(0.642151 0.1536 0)
(0.62684 0.138765 0)
(0.611602 0.1252 0)
(0.596446 0.112781 0)
(0.581369 0.101395 0)
(0.566362 0.0909381 0)
(0.551408 0.081317 0)
(0.53649 0.0724476 0)
(0.521592 0.0642543 0)
(0.506701 0.0566703 0)
(0.491805 0.0496367 0)
(0.476898 0.0431006 0)
(0.461976 0.0370162 0)
(0.44704 0.0313439 0)
(0.432092 0.0260392 0)
(0.417138 0.0210766 0)
(0.402182 0.0164267 0)
(0.38723 0.0120606 0)
(0.372286 0.00795579 0)
(0.357352 0.00409111 0)
(0.34243 0.000447294 0)
(0.327518 -0.00298982 0)
(0.312613 -0.00623924 0)
(0.297709 -0.00931614 0)
(0.282803 -0.0122272 0)
(0.267885 -0.0149828 0)
(0.252944 -0.0175905 0)
(0.237974 -0.0200558 0)
(0.222965 -0.0223823 0)
(0.207909 -0.0245718 0)
(0.192799 -0.0266247 0)
(0.17763 -0.0285421 0)
(0.162399 -0.0303195 0)
(0.147106 -0.0319523 0)
(0.131754 -0.033435 0)
(0.116341 -0.0347701 0)
(0.100872 -0.0359507 0)
(0.0853615 -0.036969 0)
(0.0698145 -0.0378239 0)
(0.0542249 -0.0385114 0)
(0.0386396 -0.0390291 0)
(0.0231563 -0.0393751 0)
(0.00772097 -0.0395473 0)
(0.0551414 1.32177 0)
(0.164537 1.3044 0)
(0.270672 1.27204 0)
(0.36804 1.2288 0)
(0.453034 1.17433 0)
(0.525817 1.11133 0)
(0.58665 1.04334 0)
(0.636564 0.972561 0)
(0.67604 0.901647 0)
(0.706191 0.832245 0)
(0.728237 0.765559 0)
(0.743433 0.702418 0)
(0.752954 0.643287 0)
(0.757832 0.588347 0)
(0.758935 0.537581 0)
(0.756974 0.490844 0)
(0.752518 0.447912 0)
(0.746024 0.408526 0)
(0.737857 0.372418 0)
(0.728317 0.339325 0)
(0.717656 0.309001 0)
(0.70609 0.281217 0)
(0.693806 0.255765 0)
(0.680967 0.232454 0)
(0.667712 0.211107 0)
(0.654155 0.191562 0)
(0.640392 0.173666 0)
(0.626492 0.157276 0)
(0.612508 0.142258 0)
(0.598471 0.128487 0)
(0.584402 0.115848 0)
(0.570305 0.104232 0)
(0.556181 0.0935408 0)
(0.542023 0.0836842 0)
(0.527822 0.0745812 0)
(0.513572 0.0661585 0)
(0.499265 0.0583517 0)
(0.484899 0.0511021 0)
(0.470472 0.0443581 0)
(0.455988 0.0380739 0)
(0.441447 0.0322076 0)
(0.426859 0.0267292 0)
(0.412238 0.0215992 0)
(0.397586 0.0167893 0)
(0.382914 0.0122739 0)
(0.368225 0.00802823 0)
(0.353526 0.00403035 0)
(0.33882 0.000259494 0)
(0.32411 -0.00329905 0)
(0.309389 -0.00666272 0)
(0.294658 -0.00984365 0)
(0.279917 -0.0128543 0)
(0.265153 -0.0157043 0)
(0.25036 -0.0184019 0)
(0.235533 -0.0209521 0)
(0.220665 -0.0233584 0)
(0.205748 -0.0256229 0)
(0.190777 -0.0277465 0)
(0.175748 -0.0297312 0)
(0.160663 -0.0315672 0)
(0.145519 -0.0332558 0)
(0.130318 -0.0347897 0)
(0.11506 -0.0361705 0)
(0.0997527 -0.0373911 0)
(0.084408 -0.038443 0)
(0.0690303 -0.0393269 0)
(0.0536134 -0.0400376 0)
(0.0382028 -0.0405728 0)
(0.0228944 -0.0409303 0)
(0.00763362 -0.0411081 0)
(0.0475741 1.20527 0)
(0.142008 1.19205 0)
(0.236368 1.16617 0)
(0.323894 1.12903 0)
(0.39944 1.08301 0)
(0.465946 1.03001 0)
(0.523225 0.972725 0)
(0.571487 0.91279 0)
(0.611094 0.851976 0)
(0.642743 0.791703 0)
(0.66729 0.733073 0)
(0.685641 0.676867 0)
(0.698681 0.623581 0)
(0.707223 0.57348 0)
(0.711977 0.526662 0)
(0.713552 0.483099 0)
(0.712457 0.44269 0)
(0.709117 0.405286 0)
(0.703889 0.370717 0)
(0.697076 0.338804 0)
(0.688938 0.309372 0)
(0.679706 0.282251 0)
(0.669579 0.257279 0)
(0.65873 0.234304 0)
(0.647309 0.213179 0)
(0.63544 0.193765 0)
(0.623225 0.175928 0)
(0.610742 0.15954 0)
(0.598051 0.14448 0)
(0.585191 0.130632 0)
(0.572189 0.117889 0)
(0.55906 0.106149 0)
(0.545812 0.0953198 0)
(0.532446 0.0853155 0)
(0.518962 0.076059 0)
(0.50536 0.0674805 0)
(0.491642 0.0595179 0)
(0.47781 0.0521147 0)
(0.463868 0.0452212 0)
(0.449824 0.0387928 0)
(0.435694 0.0327878 0)
(0.421483 0.0271775 0)
(0.407197 0.021922 0)
(0.392857 0.0169934 0)
(0.37847 0.0123654 0)
(0.364043 0.00801293 0)
(0.349585 0.00391453 0)
(0.335102 4.95726e-05 0)
(0.320598 -0.00359889 0)
(0.306071 -0.00704995 0)
(0.29152 -0.0103065 0)
(0.276946 -0.0133912 0)
(0.26234 -0.0163127 0)
(0.2477 -0.0190762 0)
(0.233021 -0.0216889 0)
(0.218298 -0.0241549 0)
(0.203524 -0.0264754 0)
(0.188694 -0.0286518 0)
(0.173812 -0.0306841 0)
(0.158878 -0.0325649 0)
(0.143886 -0.0342936 0)
(0.128841 -0.0358662 0)
(0.113742 -0.037281 0)
(0.0986018 -0.0385314 0)
(0.0834281 -0.0396095 0)
(0.0682232 -0.0405145 0)
(0.0529839 -0.0412415 0)
(0.0377533 -0.0417886 0)
(0.022625 -0.0421545 0)
(0.00754375 -0.0423364 0)
(0.0419454 1.10042 0)
(0.125406 1.09021 0)
(0.207653 1.07008 0)
(0.284919 1.03809 0)
(0.35405 0.999185 0)
(0.415547 0.954713 0)
(0.469441 0.906243 0)
(0.51583 0.855169 0)
(0.554966 0.802849 0)
(0.5873 0.750451 0)
(0.613412 0.698915 0)
(0.633949 0.648947 0)
(0.649574 0.601037 0)
(0.660918 0.555495 0)
(0.668559 0.512489 0)
(0.673007 0.47208 0)
(0.674709 0.434254 0)
(0.674054 0.398948 0)
(0.671377 0.366073 0)
(0.666974 0.335518 0)
(0.661105 0.307168 0)
(0.653999 0.280903 0)
(0.645861 0.256604 0)
(0.636868 0.23415 0)
(0.627173 0.213422 0)
(0.616904 0.194304 0)
(0.606167 0.17668 0)
(0.595044 0.160436 0)
(0.5836 0.145465 0)
(0.57188 0.13166 0)
(0.559917 0.118923 0)
(0.547734 0.10716 0)
(0.535346 0.096285 0)
(0.52276 0.0862176 0)
(0.509986 0.0768854 0)
(0.497029 0.0682234 0)
(0.483897 0.0601722 0)
(0.4706 0.0526779 0)
(0.457149 0.0456932 0)
(0.443553 0.039176 0)
(0.42983 0.0330883 0)
(0.415993 0.0273867 0)
(0.402054 0.0220472 0)
(0.38803 0.0170402 0)
(0.373934 0.0123378 0)
(0.359775 0.00791544 0)
(0.345564 0.00375139 0)
(0.331309 -0.000175335 0)
(0.317013 -0.00388095 0)
(0.302684 -0.00738402 0)
(0.28832 -0.0106949 0)
(0.273914 -0.0138291 0)
(0.259472 -0.0167968 0)
(0.244988 -0.0196038 0)
(0.230459 -0.0222575 0)
(0.215882 -0.0247625 0)
(0.201255 -0.0271207 0)
(0.186572 -0.0293312 0)
(0.171839 -0.0313909 0)
(0.157057 -0.0333031 0)
(0.142221 -0.0350587 0)
(0.127334 -0.0366581 0)
(0.112397 -0.0380933 0)
(0.0974264 -0.0393602 0)
(0.0824274 -0.0404554 0)
(0.0674017 -0.0413735 0)
(0.0523445 -0.0421112 0)
(0.0372963 -0.0426662 0)
(0.0223506 -0.0430373 0)
(0.00745225 -0.043222 0)
(0.0373764 1.00534 0)
(0.111666 0.99689 0)
(0.184267 0.979992 0)
(0.253018 0.954183 0)
(0.316064 0.921842 0)
(0.373007 0.884481 0)
(0.423686 0.843395 0)
(0.468099 0.799754 0)
(0.506383 0.75465 0)
(0.538817 0.709038 0)
(0.565792 0.663716 0)
(0.587768 0.619311 0)
(0.605235 0.576292 0)
(0.618679 0.534987 0)
(0.628566 0.495605 0)
(0.63532 0.458266 0)
(0.639329 0.423022 0)
(0.640939 0.389876 0)
(0.640461 0.358795 0)
(0.638173 0.329729 0)
(0.634326 0.30261 0)
(0.629144 0.277359 0)
(0.622827 0.253892 0)
(0.61555 0.232117 0)
(0.607464 0.21194 0)
(0.598698 0.193263 0)
(0.589358 0.175989 0)
(0.579527 0.160019 0)
(0.569274 0.145256 0)
(0.558649 0.131605 0)
(0.547689 0.118977 0)
(0.536421 0.107287 0)
(0.524868 0.0964537 0)
(0.513045 0.086405 0)
(0.500967 0.0770728 0)
(0.488646 0.068397 0)
(0.476096 0.060322 0)
(0.46333 0.0527977 0)
(0.450365 0.0457782 0)
(0.437218 0.0392232 0)
(0.423904 0.0330964 0)
(0.410442 0.0273552 0)
(0.396851 0.0219776 0)
(0.383148 0.0169338 0)
(0.369346 0.0121965 0)
(0.355458 0.00774148 0)
(0.341496 0.0035466 0)
(0.327473 -0.000408531 0)
(0.313392 -0.00414063 0)
(0.29926 -0.0076665 0)
(0.285079 -0.0110043 0)
(0.270848 -0.0141618 0)
(0.25657 -0.01715 0)
(0.242244 -0.0199778 0)
(0.227867 -0.0226507 0)
(0.213439 -0.0251738 0)
(0.19896 -0.0275498 0)
(0.184428 -0.0297754 0)
(0.169844 -0.0318504 0)
(0.155213 -0.0337753 0)
(0.140535 -0.0355431 0)
(0.125809 -0.0371529 0)
(0.111042 -0.0385976 0)
(0.0962421 -0.0398712 0)
(0.0814175 -0.040973 0)
(0.066571 -0.0418971 0)
(0.0516964 -0.0426402 0)
(0.0368335 -0.0431995 0)
(0.0220729 -0.0435728 0)
(0.00735952 -0.0437589 0)
(0.0335085 0.919639 0)
(0.100059 0.912487 0)
(0.164954 0.898246 0)
(0.226775 0.877075 0)
(0.284349 0.850196 0)
(0.3371 0.818785 0)
(0.384716 0.783909 0)
(0.427088 0.746541 0)
(0.464254 0.707572 0)
(0.49637 0.667798 0)
(0.523688 0.627898 0)
(0.546529 0.588431 0)
(0.565254 0.549832 0)
(0.580235 0.512429 0)
(0.591842 0.476457 0)
(0.600427 0.442071 0)
(0.606321 0.409368 0)
(0.60983 0.378397 0)
(0.611234 0.349175 0)
(0.610791 0.321691 0)
(0.608737 0.295915 0)
(0.605283 0.271804 0)
(0.60062 0.2493 0)
(0.594918 0.228337 0)
(0.588321 0.208841 0)
(0.580955 0.190733 0)
(0.572923 0.173931 0)
(0.564311 0.158349 0)
(0.555186 0.143903 0)
(0.545601 0.130508 0)
(0.535599 0.118085 0)
(0.525211 0.106556 0)
(0.514463 0.095849 0)
(0.503379 0.0858969 0)
(0.491977 0.0766382 0)
(0.480277 0.0680165 0)
(0.468298 0.0599805 0)
(0.456056 0.0524844 0)
(0.443574 0.0454854 0)
(0.430871 0.0389431 0)
(0.417963 0.0328196 0)
(0.404875 0.027092 0)
(0.391633 0.0217224 0)
(0.37825 0.016683 0)
(0.364743 0.011949 0)
(0.351127 0.00749806 0)
(0.337417 0.00330731 0)
(0.323625 -0.000643009 0)
(0.309758 -0.00437305 0)
(0.295824 -0.00789735 0)
(0.281829 -0.0112314 0)
(0.267773 -0.0143858 0)
(0.25366 -0.0173711 0)
(0.239492 -0.0201953 0)
(0.225268 -0.0228657 0)
(0.210988 -0.0253879 0)
(0.196659 -0.0277581 0)
(0.182276 -0.0299814 0)
(0.167843 -0.032057 0)
(0.153368 -0.0339759 0)
(0.138847 -0.0357401 0)
(0.124282 -0.0373459 0)
(0.109682 -0.0387895 0)
(0.0950536 -0.0400622 0)
(0.0804044 -0.0411628 0)
(0.0657382 -0.0420857 0)
(0.0510471 -0.0428274 0)
(0.0363695 -0.0433856 0)
(0.0217945 -0.0437585 0)
(0.00726662 -0.0439441 0)
(0.0302324 0.841835 0)
(0.0902738 0.835786 0)
(0.148865 0.823807 0)
(0.204974 0.806205 0)
(0.257776 0.783727 0)
(0.306721 0.75722 0)
(0.351442 0.727524 0)
(0.391763 0.695428 0)
(0.427642 0.661669 0)
(0.459146 0.626912 0)
(0.486428 0.591738 0)
(0.509704 0.556641 0)
(0.529236 0.522022 0)
(0.545307 0.488199 0)
(0.55821 0.455414 0)
(0.568234 0.423845 0)
(0.575658 0.393617 0)
(0.580749 0.364812 0)
(0.583757 0.337479 0)
(0.584916 0.31164 0)
(0.584441 0.287292 0)
(0.582531 0.264418 0)
(0.579362 0.242983 0)
(0.575093 0.222943 0)
(0.569862 0.204239 0)
(0.56379 0.18681 0)
(0.556975 0.170586 0)
(0.5495 0.155494 0)
(0.541434 0.141463 0)
(0.532831 0.128417 0)
(0.523736 0.116286 0)
(0.514186 0.105001 0)
(0.504209 0.0944988 0)
(0.493834 0.0847172 0)
(0.483086 0.0756015 0)
(0.471988 0.0671001 0)
(0.460564 0.0591655 0)
(0.448835 0.0517553 0)
(0.436824 0.0448309 0)
(0.424553 0.0383547 0)
(0.412054 0.0322884 0)
(0.399346 0.0266151 0)
(0.386444 0.0212935 0)
(0.373376 0.016298 0)
(0.360163 0.0116055 0)
(0.346819 0.00719339 0)
(0.333358 0.00303932 0)
(0.319796 -0.000877043 0)
(0.306142 -0.00457473 0)
(0.292406 -0.00806688 0)
(0.278595 -0.0113702 0)
(0.264713 -0.0144962 0)
(0.250766 -0.017454 0)
(0.236755 -0.0202537 0)
(0.22268 -0.0228997 0)
(0.208552 -0.025398 0)
(0.194372 -0.0277445 0)
(0.180134 -0.0299479 0)
(0.165854 -0.0319999 0)
(0.151535 -0.0339002 0)
(0.137168 -0.0356488 0)
(0.122763 -0.0372403 0)
(0.108329 -0.0386706 0)
(0.0938718 -0.0399314 0)
(0.0793971 -0.041021 0)
(0.0649105 -0.0419347 0)
(0.0504022 -0.0426691 0)
(0.0359091 -0.0432217 0)
(0.0215186 -0.0435914 0)
(0.00717467 -0.0437752 0)
(0.0274658 0.770726 0)
(0.0820341 0.765616 0)
(0.135383 0.755525 0)
(0.186701 0.74075 0)
(0.235367 0.721805 0)
(0.280898 0.699307 0)
(0.322923 0.673905 0)
(0.361234 0.646233 0)
(0.395739 0.616898 0)
(0.426441 0.586455 0)
(0.453419 0.555403 0)
(0.476816 0.524176 0)
(0.496814 0.49314 0)
(0.513629 0.462595 0)
(0.52749 0.432783 0)
(0.538632 0.403889 0)
(0.547291 0.376057 0)
(0.553695 0.349388 0)
(0.558064 0.323954 0)
(0.560607 0.299798 0)
(0.561518 0.276938 0)
(0.560977 0.255376 0)
(0.559147 0.235095 0)
(0.556175 0.216066 0)
(0.55219 0.198248 0)
(0.547303 0.18159 0)
(0.541609 0.166036 0)
(0.535189 0.151525 0)
(0.528109 0.137994 0)
(0.520426 0.125381 0)
(0.512184 0.113623 0)
(0.503424 0.102659 0)
(0.49418 0.0924331 0)
(0.484482 0.0828916 0)
(0.47436 0.0739856 0)
(0.463842 0.0656677 0)
(0.452953 0.0578948 0)
(0.441722 0.0506272 0)
(0.430174 0.0438295 0)
(0.41833 0.0374688 0)
(0.406225 0.0315162 0)
(0.393881 0.0259353 0)
(0.381318 0.0207009 0)
(0.368565 0.0157882 0)
(0.355641 0.0111742 0)
(0.342564 0.00683507 0)
(0.32935 0.00274936 0)
(0.316015 -0.00110036 0)
(0.302573 -0.00473526 0)
(0.289034 -0.00816788 0)
(0.275405 -0.0114143 0)
(0.261694 -0.0144865 0)
(0.247908 -0.0173929 0)
(0.234052 -0.0201453 0)
(0.220129 -0.0227466 0)
(0.206149 -0.0251988 0)
(0.192114 -0.0275054 0)
(0.178026 -0.0296699 0)
(0.163895 -0.0316828 0)
(0.149723 -0.0335519 0)
(0.135511 -0.0352713 0)
(0.121264 -0.0368357 0)
(0.106994 -0.0382396 0)
(0.0927063 -0.0394786 0)
(0.0784045 -0.0405489 0)
(0.0640947 -0.0414465 0)
(0.0497669 -0.0421676 0)
(0.0354561 -0.0427105 0)
(0.0212473 -0.0430737 0)
(0.00708405 -0.0432544 0)
(0.0251272 0.70519 0)
(0.0750767 0.700862 0)
(0.12401 0.692323 0)
(0.17126 0.679818 0)
(0.216336 0.663728 0)
(0.258822 0.644513 0)
(0.298369 0.622675 0)
(0.334756 0.598724 0)
(0.367864 0.573155 0)
(0.397652 0.546434 0)
(0.424151 0.518989 0)
(0.447443 0.4912 0)
(0.467657 0.463397 0)
(0.484952 0.435859 0)
(0.499506 0.408818 0)
(0.51151 0.382463 0)
(0.52116 0.356941 0)
(0.528649 0.332367 0)
(0.534169 0.308825 0)
(0.537902 0.286371 0)
(0.540022 0.265039 0)
(0.540691 0.244843 0)
(0.540055 0.225782 0)
(0.538248 0.207836 0)
(0.535388 0.190979 0)
(0.53158 0.17517 0)
(0.526912 0.160364 0)
(0.521461 0.146512 0)
(0.515292 0.13356 0)
(0.508462 0.121455 0)
(0.501016 0.110143 0)
(0.492997 0.099572 0)
(0.484443 0.0896911 0)
(0.475388 0.0804555 0)
(0.465863 0.0718208 0)
(0.455899 0.0637451 0)
(0.445524 0.0561898 0)
(0.434771 0.0491187 0)
(0.423668 0.0424983 0)
(0.412242 0.0362973 0)
(0.400522 0.0304944 0)
(0.388533 0.0250503 0)
(0.376299 0.0199513 0)
(0.363853 0.0151624 0)
(0.351213 0.0106634 0)
(0.338398 0.0064328 0)
(0.325427 0.00244938 0)
(0.312315 -0.00130354 0)
(0.299079 -0.00484716 0)
(0.285732 -0.00819448 0)
(0.272282 -0.011359 0)
(0.25874 -0.0143525 0)
(0.245113 -0.0171859 0)
(0.231407 -0.0198706 0)
(0.217632 -0.0224046 0)
(0.203799 -0.0247917 0)
(0.189906 -0.0270412 0)
(0.175962 -0.0291476 0)
(0.161977 -0.0311115 0)
(0.147951 -0.0329337 0)
(0.133889 -0.0346093 0)
(0.119799 -0.0361338 0)
(0.105689 -0.0375 0)
(0.0915656 -0.0387074 0)
(0.0774328 -0.0397504 0)
(0.0632966 -0.0406252 0)
(0.0491453 -0.0413277 0)
(0.0350125 -0.0418564 0)
(0.0209813 -0.0422101 0)
(0.00699522 -0.0423863 0)
(0.0231421 0.644184 0)
(0.0691713 0.640502 0)
(0.114349 0.633234 0)
(0.158114 0.622576 0)
(0.200065 0.608818 0)
(0.239847 0.592313 0)
(0.277134 0.573454 0)
(0.311714 0.55265 0)
(0.34345 0.530309 0)
(0.372276 0.506821 0)
(0.398186 0.482551 0)
(0.421224 0.457832 0)
(0.441475 0.432959 0)
(0.459053 0.408188 0)
(0.474097 0.383737 0)
(0.486758 0.35979 0)
(0.497198 0.336493 0)
(0.505581 0.313964 0)
(0.51207 0.292294 0)
(0.516824 0.271547 0)
(0.519994 0.251766 0)
(0.521723 0.232976 0)
(0.522143 0.215181 0)
(0.521375 0.198376 0)
(0.519526 0.182539 0)
(0.516691 0.167644 0)
(0.512954 0.153654 0)
(0.508388 0.140529 0)
(0.503055 0.128224 0)
(0.497011 0.116694 0)
(0.490303 0.105895 0)
(0.482974 0.0957809 0)
(0.475065 0.0863106 0)
(0.466614 0.0774427 0)
(0.457652 0.0691377 0)
(0.448213 0.0613597 0)
(0.438329 0.0540755 0)
(0.428033 0.0472527 0)
(0.417355 0.0408608 0)
(0.406329 0.0348712 0)
(0.39498 0.0292572 0)
(0.383341 0.0239941 0)
(0.371433 0.0190612 0)
(0.35928 0.0144331 0)
(0.346916 0.0100841 0)
(0.334354 0.00599474 0)
(0.321618 0.00214399 0)
(0.308723 -0.00148452 0)
(0.295687 -0.0049108 0)
(0.282527 -0.00814572 0)
(0.269252 -0.0112037 0)
(0.255873 -0.0140964 0)
(0.242396 -0.0168352 0)
(0.22884 -0.0194287 0)
(0.215214 -0.0218758 0)
(0.201518 -0.024183 0)
(0.187764 -0.0263554 0)
(0.173961 -0.0283887 0)
(0.160114 -0.0302873 0)
(0.14623 -0.0320477 0)
(0.132315 -0.0336658 0)
(0.118377 -0.0351385 0)
(0.104424 -0.0364586 0)
(0.0904592 -0.0376249 0)
(0.0764903 -0.0386323 0)
(0.0625222 -0.0394775 0)
(0.0485424 -0.0401559 0)
(0.0345822 -0.0406662 0)
(0.0207231 -0.0410075 0)
(0.00690896 -0.0411774 0)
(0.0214484 0.5868 0)
(0.0641306 0.583652 0)
(0.106093 0.577432 0)
(0.146851 0.568297 0)
(0.186077 0.556472 0)
(0.22346 0.542232 0)
(0.258707 0.52589 0)
(0.291611 0.507777 0)
(0.322035 0.488228 0)
(0.349896 0.467573 0)
(0.375163 0.446122 0)
(0.397852 0.424165 0)
(0.418015 0.401964 0)
(0.435733 0.379751 0)
(0.451111 0.357728 0)
(0.464269 0.336066 0)
(0.475338 0.314909 0)
(0.484454 0.294371 0)
(0.491755 0.274545 0)
(0.497378 0.255499 0)
(0.501455 0.237279 0)
(0.504109 0.219916 0)
(0.505458 0.203423 0)
(0.50561 0.1878 0)
(0.504661 0.173034 0)
(0.502698 0.159106 0)
(0.4998 0.145987 0)
(0.496034 0.133647 0)
(0.491461 0.122048 0)
(0.486136 0.111154 0)
(0.480106 0.100927 0)
(0.473416 0.0913289 0)
(0.466107 0.082326 0)
(0.458218 0.0738817 0)
(0.449783 0.0659624 0)
(0.440839 0.0585373 0)
(0.43142 0.0515764 0)
(0.421559 0.0450515 0)
(0.411289 0.0389356 0)
(0.400641 0.0332033 0)
(0.389648 0.0278253 0)
(0.37834 0.0227852 0)
(0.366742 0.0180531 0)
(0.354879 0.0136153 0)
(0.342779 0.00944635 0)
(0.330462 0.00552524 0)
(0.317952 0.00183619 0)
(0.305266 -0.00164471 0)
(0.292423 -0.00492084 0)
(0.279445 -0.00801711 0)
(0.266337 -0.0109449 0)
(0.253115 -0.013716 0)
(0.239786 -0.0163403 0)
(0.226372 -0.0188172 0)
(0.212884 -0.0211592 0)
(0.199325 -0.0233719 0)
(0.185706 -0.0254499 0)
(0.172035 -0.0273978 0)
(0.158323 -0.0292157 0)
(0.144577 -0.0309006 0)
(0.130802 -0.03245 0)
(0.11701 -0.0338584 0)
(0.103207 -0.0351229 0)
(0.0893953 -0.0362403 0)
(0.075584 -0.0372044 0)
(0.0617777 -0.038012 0)
(0.0479631 -0.0386613 0)
(0.0341687 -0.03915 0)
(0.0204753 -0.0394764 0)
(0.00682633 -0.0396386 0)
(0.0199967 0.532288 0)
(0.059808 0.529587 0)
(0.099004 0.524244 0)
(0.13716 0.516384 0)
(0.174003 0.506186 0)
(0.209266 0.493869 0)
(0.24268 0.479684 0)
(0.274053 0.463901 0)
(0.303247 0.446798 0)
(0.330171 0.428651 0)
(0.354781 0.409726 0)
(0.377069 0.390275 0)
(0.397063 0.370528 0)
(0.414819 0.350692 0)
(0.430415 0.330951 0)
(0.443942 0.311463 0)
(0.455508 0.292363 0)
(0.465222 0.27376 0)
(0.473202 0.255743 0)
(0.479562 0.238381 0)
(0.484416 0.221722 0)
(0.487871 0.205799 0)
(0.490031 0.190629 0)
(0.490991 0.176218 0)
(0.490837 0.162561 0)
(0.489649 0.149642 0)
(0.4875 0.137443 0)
(0.484453 0.125937 0)
(0.480567 0.115098 0)
(0.475893 0.104893 0)
(0.470482 0.0952922 0)
(0.464378 0.0862657 0)
(0.457622 0.0777838 0)
(0.450254 0.0698161 0)
(0.442311 0.0623341 0)
(0.43383 0.0553113 0)
(0.424847 0.0487213 0)
(0.415396 0.0425397 0)
(0.40551 0.0367418 0)
(0.395222 0.0313045 0)
(0.384566 0.0262046 0)
(0.373573 0.0214204 0)
(0.362267 0.0169299 0)
(0.350678 0.0127182 0)
(0.33883 0.0087612 0)
(0.326749 0.00503965 0)
(0.314453 0.00154118 0)
(0.301971 -0.00176106 0)
(0.28932 -0.00486882 0)
(0.276509 -0.00780552 0)
(0.263559 -0.0105824 0)
(0.250484 -0.0132111 0)
(0.237301 -0.0156989 0)
(0.224027 -0.0180459 0)
(0.210666 -0.020267 0)
(0.197234 -0.0223615 0)
(0.183744 -0.0243324 0)
(0.1702 -0.0261805 0)
(0.156617 -0.0279036 0)
(0.143001 -0.029501 0)
(0.129362 -0.0309706 0)
(0.115708 -0.0323047 0)
(0.102046 -0.0335038 0)
(0.0883812 -0.0345626 0)
(0.0747223 -0.0354762 0)
(0.0610699 -0.0362409 0)
(0.0474107 -0.0368562 0)
(0.0337746 -0.0373197 0)
(0.0202395 -0.0376289 0)
(0.00674772 -0.0377826 0)
(0.0187489 0.480055 0)
(0.0560905 0.477733 0)
(0.0928999 0.473135 0)
(0.1288 0.466364 0)
(0.163565 0.457561 0)
(0.19696 0.446904 0)
(0.22874 0.434596 0)
(0.258726 0.42086 0)
(0.286786 0.405926 0)
(0.312826 0.390027 0)
(0.33679 0.373389 0)
(0.358657 0.356231 0)
(0.378435 0.338751 0)
(0.39616 0.321136 0)
(0.411886 0.303548 0)
(0.425685 0.286131 0)
(0.437639 0.269007 0)
(0.447839 0.252281 0)
(0.456382 0.236034 0)
(0.463362 0.220333 0)
(0.468878 0.205225 0)
(0.473022 0.190744 0)
(0.475883 0.176911 0)
(0.477547 0.163734 0)
(0.47809 0.151213 0)
(0.477586 0.139339 0)
(0.4761 0.128097 0)
(0.473694 0.11747 0)
(0.470422 0.107435 0)
(0.466335 0.097967 0)
(0.461484 0.0890436 0)
(0.455912 0.080639 0)
(0.449662 0.0727278 0)
(0.442772 0.0652857 0)
(0.435283 0.0582887 0)
(0.427231 0.0517138 0)
(0.418653 0.045539 0)
(0.409584 0.0397428 0)
(0.400058 0.0343033 0)
(0.390108 0.0291995 0)
(0.379768 0.0244136 0)
(0.36907 0.0199225 0)
(0.358044 0.0157073 0)
(0.346715 0.011753 0)
(0.335105 0.00803809 0)
(0.323247 0.00454561 0)
(0.311157 0.00125869 0)
(0.298861 -0.00183315 0)
(0.286385 -0.00475407 0)
(0.273737 -0.00751088 0)
(0.260938 -0.0101166 0)
(0.248005 -0.0125837 0)
(0.234958 -0.0149143 0)
(0.221811 -0.0171163 0)
(0.208575 -0.0192023 0)
(0.195266 -0.0211644 0)
(0.181893 -0.0230129 0)
(0.16847 -0.0247458 0)
(0.155008 -0.0263616 0)
(0.141515 -0.0278601 0)
(0.128003 -0.0292376 0)
(0.114481 -0.0304894 0)
(0.100952 -0.0316134 0)
(0.0874265 -0.0326049 0)
(0.0739093 -0.0334617 0)
(0.0604022 -0.0341796 0)
(0.0468904 -0.0347563 0)
(0.0334033 -0.0351904 0)
(0.0200171 -0.0354803 0)
(0.00667356 -0.0356243 0)
(0.017676 0.429651 0)
(0.0528927 0.427657 0)
(0.0876438 0.423705 0)
(0.121592 0.417879 0)
(0.154548 0.410294 0)
(0.186304 0.401094 0)
(0.216638 0.390446 0)
(0.245384 0.378533 0)
(0.272416 0.365547 0)
(0.297637 0.351685 0)
(0.320988 0.337138 0)
(0.342434 0.322093 0)
(0.361973 0.306724 0)
(0.37962 0.291191 0)
(0.395414 0.27564 0)
(0.409407 0.260198 0)
(0.421663 0.244976 0)
(0.432255 0.230066 0)
(0.44126 0.215547 0)
(0.448759 0.201477 0)
(0.454834 0.187905 0)
(0.459564 0.174862 0)
(0.463027 0.162371 0)
(0.465299 0.150442 0)
(0.466448 0.139079 0)
(0.46654 0.128276 0)
(0.465637 0.118026 0)
(0.463796 0.108313 0)
(0.461069 0.099121 0)
(0.457508 0.0904332 0)
(0.453159 0.0822305 0)
(0.448067 0.0744924 0)
(0.442274 0.0671971 0)
(0.43582 0.0603252 0)
(0.428744 0.0538576 0)
(0.421085 0.0477745 0)
(0.41288 0.0420571 0)
(0.404164 0.0366866 0)
(0.394972 0.0316448 0)
(0.385337 0.0269135 0)
(0.375293 0.0224736 0)
(0.364871 0.0183085 0)
(0.354103 0.0144013 0)
(0.343013 0.0107307 0)
(0.331628 0.00728377 0)
(0.319975 0.00404432 0)
(0.30808 0.000995176 0)
(0.295964 -0.00187198 0)
(0.283648 -0.00457834 0)
(0.271152 -0.00713414 0)
(0.258493 -0.00954969 0)
(0.245693 -0.0118343 0)
(0.232775 -0.0139945 0)
(0.219745 -0.0160364 0)
(0.206624 -0.0179662 0)
(0.193429 -0.0197863 0)
(0.180168 -0.0214996 0)
(0.166857 -0.0231042 0)
(0.153508 -0.0246015 0)
(0.14013 -0.0259908 0)
(0.126737 -0.0272667 0)
(0.113337 -0.0284261 0)
(0.0999337 -0.0294666 0)
(0.0865363 -0.0303854 0)
(0.0731512 -0.0311791 0)
(0.0597797 -0.0318442 0)
(0.0464058 -0.0323783 0)
(0.0330577 -0.0327799 0)
(0.0198101 -0.0330481 0)
(0.00660451 -0.0331812 0)
(0.0167557 0.380743 0)
(0.0501489 0.379036 0)
(0.0831307 0.375654 0)
(0.115396 0.370663 0)
(0.146785 0.364159 0)
(0.177115 0.356259 0)
(0.206181 0.347099 0)
(0.23383 0.336832 0)
(0.259941 0.325617 0)
(0.284421 0.313618 0)
(0.307202 0.300999 0)
(0.328247 0.287916 0)
(0.347538 0.274521 0)
(0.365082 0.260951 0)
(0.380899 0.247332 0)
(0.395026 0.233777 0)
(0.407514 0.220382 0)
(0.418417 0.207232 0)
(0.4278 0.194395 0)
(0.435728 0.181927 0)
(0.44227 0.16987 0)
(0.447495 0.158255 0)
(0.45147 0.147106 0)
(0.454261 0.136433 0)
(0.455931 0.126242 0)
(0.45654 0.116533 0)
(0.456144 0.1073 0)
(0.454796 0.0985337 0)
(0.452549 0.0902218 0)
(0.449451 0.0823517 0)
(0.445549 0.0749079 0)
(0.440885 0.0678749 0)
(0.435501 0.0612363 0)
(0.429439 0.0549762 0)
(0.422737 0.0490782 0)
(0.415435 0.0435262 0)
(0.40757 0.0383044 0)
(0.399176 0.0333967 0)
(0.39029 0.028787 0)
(0.380942 0.0244573 0)
(0.371168 0.0203987 0)
(0.361002 0.0165898 0)
(0.350471 0.0130155 0)
(0.339603 0.00965865 0)
(0.328424 0.00650636 0)
(0.316964 0.00354413 0)
(0.305246 0.000757956 0)
(0.293293 -0.00186643 0)
(0.281128 -0.00433998 0)
(0.268772 -0.00667675 0)
(0.256244 -0.00888698 0)
(0.243566 -0.0109721 0)
(0.230762 -0.0129447 0)
(0.217845 -0.0148163 0)
(0.204831 -0.0165755 0)
(0.191738 -0.0182385 0)
(0.178581 -0.0198033 0)
(0.165373 -0.0212697 0)
(0.152127 -0.0226388 0)
(0.138854 -0.0239072 0)
(0.125572 -0.0250714 0)
(0.112285 -0.0261305 0)
(0.0989966 -0.0270815 0)
(0.0857173 -0.0279212 0)
(0.0724539 -0.0286464 0)
(0.0592072 -0.0292537 0)
(0.0459603 -0.0297414 0)
(0.0327401 -0.0301077 0)
(0.01962 -0.0303521 0)
(0.00654113 -0.0304729 0)
(0.0159708 0.333083 0)
(0.0478082 0.331632 0)
(0.079279 0.328759 0)
(0.110104 0.324518 0)
(0.140148 0.318988 0)
(0.169248 0.312263 0)
(0.197215 0.304456 0)
(0.223906 0.295692 0)
(0.249206 0.286102 0)
(0.273024 0.275825 0)
(0.295291 0.264996 0)
(0.315962 0.253748 0)
(0.335013 0.242208 0)
(0.352438 0.230493 0)
(0.368247 0.218713 0)
(0.382465 0.206962 0)
(0.395126 0.195327 0)
(0.406276 0.18388 0)
(0.415962 0.172681 0)
(0.424242 0.161779 0)
(0.431171 0.151215 0)
(0.436808 0.141016 0)
(0.441213 0.131204 0)
(0.444444 0.121791 0)
(0.446556 0.112784 0)
(0.447606 0.104186 0)
(0.447646 0.0959927 0)
(0.446725 0.0881989 0)
(0.444895 0.0807976 0)
(0.442201 0.0737785 0)
(0.438689 0.067129 0)
(0.434402 0.0608373 0)
(0.429381 0.0548918 0)
(0.423668 0.0492798 0)
(0.4173 0.0439878 0)
(0.410317 0.0390027 0)
(0.402756 0.0343112 0)
(0.394652 0.0299 0)
(0.386037 0.0257558 0)
(0.376954 0.0218607 0)
(0.367431 0.0182098 0)
(0.357493 0.0147832 0)
(0.347177 0.0115673 0)
(0.33651 0.00854798 0)
(0.325519 0.00571269 0)
(0.314232 0.00304786 0)
(0.302675 0.000539515 0)
(0.290872 -0.00181873 0)
(0.278844 -0.00404297 0)
(0.266611 -0.0061421 0)
(0.254203 -0.00813027 0)
(0.241641 -0.0100045 0)
(0.228936 -0.0117752 0)
(0.21612 -0.0134544 0)
(0.203207 -0.0150372 0)
(0.190207 -0.0165328 0)
(0.177142 -0.0179382 0)
(0.164027 -0.0192561 0)
(0.150875 -0.0204875 0)
(0.137702 -0.0216255 0)
(0.124518 -0.0226699 0)
(0.11133 -0.0236218 0)
(0.0981463 -0.0244766 0)
(0.0849745 -0.025231 0)
(0.071822 -0.0258822 0)
(0.0586887 -0.0264277 0)
(0.0455569 -0.0268659 0)
(0.032453 -0.0271948 0)
(0.0194483 -0.0274134 0)
(0.00648401 -0.0275204 0)
(0.0153077 0.286482 0)
(0.0458308 0.285263 0)
(0.0760253 0.282852 0)
(0.105632 0.279294 0)
(0.134535 0.274653 0)
(0.162588 0.269004 0)
(0.189614 0.26244 0)
(0.215481 0.255062 0)
(0.24008 0.24698 0)
(0.26332 0.238304 0)
(0.285131 0.229149 0)
(0.305466 0.219625 0)
(0.324291 0.209836 0)
(0.341594 0.199883 0)
(0.357376 0.189856 0)
(0.37165 0.179836 0)
(0.38444 0.169896 0)
(0.39578 0.160098 0)
(0.405709 0.150493 0)
(0.414272 0.141126 0)
(0.421516 0.132031 0)
(0.427493 0.123232 0)
(0.432255 0.114751 0)
(0.435852 0.106599 0)
(0.438336 0.098784 0)
(0.439757 0.0913095 0)
(0.440165 0.0841743 0)
(0.439609 0.0773758 0)
(0.438137 0.0709099 0)
(0.435791 0.0647694 0)
(0.432615 0.0589456 0)
(0.428655 0.0534288 0)
(0.42395 0.0482098 0)
(0.418541 0.0432788 0)
(0.412467 0.0386254 0)
(0.405765 0.0342389 0)
(0.398473 0.0301086 0)
(0.390627 0.0262232 0)
(0.382256 0.0225722 0)
(0.373401 0.019145 0)
(0.364096 0.0159248 0)
(0.354365 0.0129036 0)
(0.344242 0.010069 0)
(0.333754 0.0074082 0)
(0.32293 0.00490936 0)
(0.311796 0.00256142 0)
(0.300385 0.000351974 0)
(0.288717 -0.00172712 0)
(0.276811 -0.0036887 0)
(0.26469 -0.00553576 0)
(0.252387 -0.00728338 0)
(0.239927 -0.00893407 0)
(0.227318 -0.0104961 0)
(0.214588 -0.0119687 0)
(0.201758 -0.0133642 0)
(0.188842 -0.0146804 0)
(0.175862 -0.0159177 0)
(0.162829 -0.0170783 0)
(0.149762 -0.0181614 0)
(0.136676 -0.0191625 0)
(0.123579 -0.0200823 0)
(0.110481 -0.0209199 0)
(0.0973906 -0.0216718 0)
(0.0843147 -0.0223351 0)
(0.0712602 -0.0229078 0)
(0.0582272 -0.023388 0)
(0.0451979 -0.0237738 0)
(0.0321975 -0.0240633 0)
(0.0192962 -0.0242546 0)
(0.00643356 -0.0243456 0)
(0.014756 0.240791 0)
(0.0441856 0.239783 0)
(0.0733195 0.237797 0)
(0.101912 0.23487 0)
(0.129863 0.231049 0)
(0.15704 0.226397 0)
(0.183278 0.220986 0)
(0.208451 0.214899 0)
(0.232454 0.208223 0)
(0.255201 0.20105 0)
(0.276619 0.19347 0)
(0.296658 0.185575 0)
(0.31528 0.177449 0)
(0.332467 0.169173 0)
(0.34821 0.160824 0)
(0.362515 0.152468 0)
(0.375399 0.144165 0)
(0.386884 0.135966 0)
(0.397002 0.127916 0)
(0.40579 0.120051 0)
(0.413288 0.112401 0)
(0.41954 0.104988 0)
(0.424591 0.0978297 0)
(0.428488 0.0909377 0)
(0.431278 0.0843198 0)
(0.433007 0.0779796 0)
(0.433722 0.0719184 0)
(0.433471 0.066136 0)
(0.432298 0.0606281 0)
(0.430246 0.0553899 0)
(0.427358 0.050417 0)
(0.423675 0.0457027 0)
(0.41924 0.0412387 0)
(0.414091 0.0370175 0)
(0.408268 0.0330311 0)
(0.401808 0.0292714 0)
(0.394748 0.0257293 0)
(0.387123 0.0223951 0)
(0.378966 0.0192594 0)
(0.370313 0.0163202 0)
(0.361196 0.0135584 0)
(0.351644 0.0109657 0)
(0.341688 0.00853289 0)
(0.331356 0.00624933 0)
(0.320678 0.00410478 0)
(0.309681 0.00209046 0)
(0.298393 0.000196614 0)
(0.286838 -0.00158845 0)
(0.275041 -0.00327054 0)
(0.263023 -0.00485761 0)
(0.250811 -0.0063556 0)
(0.238434 -0.00777119 0)
(0.225908 -0.00911109 0)
(0.213258 -0.0103739 0)
(0.200501 -0.0115699 0)
(0.187659 -0.0126958 0)
(0.174749 -0.0137559 0)
(0.161788 -0.0147516 0)
(0.148795 -0.0156794 0)
(0.135785 -0.0165371 0)
(0.122764 -0.0173255 0)
(0.109744 -0.0180426 0)
(0.0967342 -0.0186867 0)
(0.0837414 -0.0192552 0)
(0.0707722 -0.0197463 0)
(0.057826 -0.0201579 0)
(0.0448855 -0.0204889 0)
(0.0319755 -0.0207374 0)
(0.0191644 -0.0209001 0)
(0.00639016 -0.0209721 0)
(0.0143076 0.195878 0)
(0.0428473 0.195063 0)
(0.0711215 0.193469 0)
(0.0988912 0.19113 0)
(0.126068 0.188076 0)
(0.15253 0.184355 0)
(0.178123 0.180025 0)
(0.202726 0.17515 0)
(0.226239 0.1698 0)
(0.248576 0.164045 0)
(0.269666 0.157958 0)
(0.289454 0.151611 0)
(0.307901 0.14507 0)
(0.324981 0.138402 0)
(0.340682 0.131664 0)
(0.355003 0.124912 0)
(0.367951 0.118194 0)
(0.379545 0.111551 0)
(0.389807 0.105019 0)
(0.39877 0.0986283 0)
(0.406467 0.0924021 0)
(0.412936 0.0863601 0)
(0.418218 0.0805169 0)
(0.422355 0.074883 0)
(0.425391 0.0694653 0)
(0.427368 0.0642681 0)
(0.428334 0.0592944 0)
(0.428331 0.0545439 0)
(0.427403 0.0500134 0)
(0.425591 0.0456996 0)
(0.42294 0.0415997 0)
(0.419488 0.0377099 0)
(0.415276 0.0340245 0)
(0.410344 0.0305373 0)
(0.404731 0.0272424 0)
(0.398473 0.0241337 0)
(0.391606 0.0212038 0)
(0.384166 0.0184451 0)
(0.37619 0.0158494 0)
(0.367709 0.0134165 0)
(0.358751 0.0111307 0)
(0.349348 0.00898438 0)
(0.339534 0.00697063 0)
(0.329334 0.00508024 0)
(0.318779 0.00330525 0)
(0.307896 0.00163792 0)
(0.296714 7.01622e-05 0)
(0.285257 -0.00140525 0)
(0.273549 -0.00279508 0)
(0.261613 -0.00411167 0)
(0.249481 -0.00535068 0)
(0.237178 -0.00652162 0)
(0.224722 -0.00762859 0)
(0.212136 -0.00867277 0)
(0.199442 -0.00966298 0)
(0.186663 -0.0105944 0)
(0.173812 -0.0114709 0)
(0.160911 -0.0122933 0)
(0.147981 -0.0130584 0)
(0.135035 -0.0137676 0)
(0.122078 -0.0144201 0)
(0.109124 -0.0150122 0)
(0.0961813 -0.0155443 0)
(0.0832581 -0.0160142 0)
(0.0703605 -0.0164203 0)
(0.0574877 -0.016761 0)
(0.0446214 -0.0170352 0)
(0.0317871 -0.0172414 0)
(0.0190528 -0.017375 0)
(0.00635366 -0.0174247 0)
(0.0139563 0.151612 0)
(0.0417935 0.150975 0)
(0.0693966 0.149742 0)
(0.0965264 0.147951 0)
(0.123095 0.14562 0)
(0.148996 0.142779 0)
(0.174082 0.139471 0)
(0.198235 0.135745 0)
(0.22136 0.131653 0)
(0.243371 0.127248 0)
(0.264197 0.122587 0)
(0.283783 0.11772 0)
(0.302086 0.112702 0)
(0.319076 0.10758 0)
(0.334736 0.1024 0)
(0.349061 0.0972028 0)
(0.362054 0.0920254 0)
(0.373726 0.0869002 0)
(0.384096 0.081855 0)
(0.39319 0.0769124 0)
(0.401037 0.0720914 0)
(0.407672 0.0674074 0)
(0.413131 0.0628723 0)
(0.417454 0.0584942 0)
(0.42068 0.0542796 0)
(0.422853 0.050233 0)
(0.424015 0.0463565 0)
(0.424206 0.0426488 0)
(0.42347 0.0391096 0)
(0.421849 0.0357374 0)
(0.419384 0.0325299 0)
(0.416115 0.0294843 0)
(0.412082 0.0265972 0)
(0.407324 0.0238643 0)
(0.401879 0.0212813 0)
(0.395783 0.0188436 0)
(0.389073 0.0165459 0)
(0.381782 0.0143828 0)
(0.37395 0.0123489 0)
(0.365607 0.010437 0)
(0.356776 0.00864155 0)
(0.347496 0.00695631 0)
(0.337795 0.00537567 0)
(0.327703 0.00389213 0)
(0.317247 0.00249962 0)
(0.306457 0.00119111 0)
(0.29536 -3.89067e-05 0)
(0.283983 -0.0011965 0)
(0.272345 -0.00228728 0)
(0.260477 -0.00332053 0)
(0.248411 -0.00429 0)
(0.236165 -0.00520914 0)
(0.223765 -0.00607683 0)
(0.211232 -0.00689661 0)
(0.198587 -0.00767508 0)
(0.185858 -0.00840603 0)
(0.173057 -0.00909399 0)
(0.160207 -0.00973704 0)
(0.147327 -0.0103353 0)
(0.134428 -0.0108912 0)
(0.121524 -0.0114017 0)
(0.108624 -0.0118664 0)
(0.0957359 -0.012283 0)
(0.0828688 -0.012651 0)
(0.0700287 -0.0129686 0)
(0.0572144 -0.0132361 0)
(0.0444074 -0.0134529 0)
(0.0316327 -0.0136176 0)
(0.0189591 -0.0137234 0)
(0.00632238 -0.0137476 0)
(0.0136954 0.107868 0)
(0.041002 0.10741 0)
(0.0681091 0.106528 0)
(0.0947769 0.105252 0)
(0.120903 0.103607 0)
(0.14639 0.101604 0)
(0.171098 0.0992716 0)
(0.194919 0.0966449 0)
(0.217755 0.0937595 0)
(0.239524 0.0906525 0)
(0.260153 0.087362 0)
(0.279586 0.0839251 0)
(0.297778 0.080378 0)
(0.314697 0.0767552 0)
(0.330324 0.0730883 0)
(0.344648 0.0694065 0)
(0.357669 0.0657354 0)
(0.369395 0.0620978 0)
(0.379841 0.0585136 0)
(0.389028 0.0549992 0)
(0.396984 0.0515681 0)
(0.403739 0.0482316 0)
(0.409326 0.0449978 0)
(0.413784 0.0418735 0)
(0.417151 0.0388633 0)
(0.419467 0.0359715 0)
(0.420771 0.033199 0)
(0.421106 0.0305434 0)
(0.420513 0.0280072 0)
(0.419033 0.0255897 0)
(0.416708 0.0232888 0)
(0.413576 0.0211032 0)
(0.409676 0.0190306 0)
(0.405048 0.017068 0)
(0.39973 0.0152126 0)
(0.393756 0.0134611 0)
(0.387164 0.0118102 0)
(0.379988 0.0102566 0)
(0.372262 0.00879695 0)
(0.364019 0.00742106 0)
(0.355287 0.00612954 0)
(0.346099 0.0049183 0)
(0.336486 0.00378113 0)
(0.326474 0.00271476 0)
(0.316093 0.00171419 0)
(0.305373 0.000774313 0)
(0.294341 -0.000108776 0)
(0.283023 -0.000941391 0)
(0.271439 -0.00172599 0)
(0.259623 -0.00246897 0)
(0.247605 -0.00316523 0)
(0.235403 -0.00382413 0)
(0.223045 -0.00444939 0)
(0.210548 -0.00504076 0)
(0.197943 -0.00559931 0)
(0.185253 -0.00612447 0)
(0.17249 -0.00661968 0)
(0.159677 -0.00708109 0)
(0.146834 -0.00751118 0)
(0.133974 -0.00791 0)
(0.121108 -0.00827528 0)
(0.108248 -0.00860937 0)
(0.0954012 -0.00890775 0)
(0.0825767 -0.00917026 0)
(0.0697799 -0.00939775 0)
(0.0570083 -0.00959013 0)
(0.0442435 -0.00974835 0)
(0.0315109 -0.00987234 0)
(0.0188813 -0.00994977 0)
(0.0062947 -0.00994431 0)
(0.0135263 0.0645589 0)
(0.0404853 0.0642745 0)
(0.0672516 0.0637538 0)
(0.0936117 0.0629879 0)
(0.119454 0.0620083 0)
(0.14467 0.060816 0)
(0.169132 0.0594288 0)
(0.192734 0.0578666 0)
(0.21538 0.0561504 0)
(0.236987 0.0543021 0)
(0.257485 0.0523437 0)
(0.276815 0.0502973 0)
(0.294933 0.0481845 0)
(0.311804 0.0460252 0)
(0.327407 0.0438388 0)
(0.341728 0.0416421 0)
(0.354766 0.0394506 0)
(0.366525 0.0372779 0)
(0.377019 0.0351354 0)
(0.386267 0.0330336 0)
(0.394292 0.03098 0)
(0.401124 0.0289816 0)
(0.406796 0.0270432 0)
(0.411342 0.0251695 0)
(0.414801 0.0233627 0)
(0.41721 0.0216284 0)
(0.418609 0.0199642 0)
(0.419038 0.0183671 0)
(0.41854 0.0168428 0)
(0.417155 0.0153892 0)
(0.414921 0.0140041 0)
(0.41188 0.012689 0)
(0.40807 0.0114417 0)
(0.403528 0.0102602 0)
(0.398294 0.00914278 0)
(0.392402 0.00808785 0)
(0.385889 0.00709332 0)
(0.378789 0.0061572 0)
(0.371135 0.00527711 0)
(0.362959 0.00444854 0)
(0.354293 0.00367057 0)
(0.345166 0.00294092 0)
(0.33561 0.0022553 0)
(0.325653 0.00161244 0)
(0.315324 0.00100946 0)
(0.304651 0.000443547 0)
(0.293661 -8.77808e-05 0)
(0.282381 -0.000589446 0)
(0.270832 -0.00106241 0)
(0.259052 -0.0015108 0)
(0.247069 -0.00193045 0)
(0.234894 -0.00232743 0)
(0.222561 -0.0027044 0)
(0.210093 -0.00306109 0)
(0.197514 -0.00339556 0)
(0.184847 -0.00371214 0)
(0.17211 -0.00401141 0)
(0.159323 -0.00428964 0)
(0.146505 -0.00454825 0)
(0.133671 -0.00478819 0)
(0.12083 -0.00500867 0)
(0.107997 -0.00520886 0)
(0.09518 -0.00538771 0)
(0.0823842 -0.00554413 0)
(0.069616 -0.00567981 0)
(0.0568741 -0.00579434 0)
(0.0441378 -0.00589093 0)
(0.0314345 -0.00597083 0)
(0.0188358 -0.00601751 0)
(0.00627732 -0.00601325 0)
(0.0134237 0.0215086 0)
(0.040227 0.0213967 0)
(0.0668344 0.0212272 0)
(0.0930349 0.0209758 0)
(0.118734 0.0206518 0)
(0.143815 0.0202563 0)
(0.168156 0.0197959 0)
(0.191649 0.0192772 0)
(0.2142 0.0187073 0)
(0.235727 0.0180935 0)
(0.256159 0.017443 0)
(0.275438 0.0167633 0)
(0.293518 0.0160613 0)
(0.310365 0.0153437 0)
(0.325955 0.0146168 0)
(0.340274 0.0138864 0)
(0.35332 0.0131575 0)
(0.365095 0.0124347 0)
(0.375612 0.0117217 0)
(0.384889 0.011022 0)
(0.392948 0.0103381 0)
(0.399818 0.00967228 0)
(0.405531 0.00902603 0)
(0.410118 0.00840023 0)
(0.413626 0.00779846 0)
(0.416067 0.007213 0)
(0.417532 0.00667011 0)
(0.418007 0.00613362 0)
(0.417552 0.00562392 0)
(0.416217 0.00514132 0)
(0.414027 0.00467748 0)
(0.41103 0.00423789 0)
(0.407264 0.00382138 0)
(0.402767 0.00342732 0)
(0.397573 0.00305396 0)
(0.391722 0.0027015 0)
(0.385249 0.0023692 0)
(0.378186 0.00205623 0)
(0.370568 0.00176177 0)
(0.362427 0.00148505 0)
(0.353793 0.0012251 0)
(0.344697 0.000981071 0)
(0.33517 0.000752179 0)
(0.325241 0.000537235 0)
(0.314937 0.00033574 0)
(0.304288 0.000146442 0)
(0.29332 -3.11868e-05 0)
(0.28206 -0.000198433 0)
(0.270528 -0.000356322 0)
(0.258765 -0.000506139 0)
(0.246798 -0.000646582 0)
(0.234638 -0.000780449 0)
(0.22232 -0.000904879 0)
(0.209865 -0.00102355 0)
(0.197299 -0.00113506 0)
(0.184644 -0.00124079 0)
(0.171918 -0.00134083 0)
(0.159146 -0.00143385 0)
(0.146341 -0.00152009 0)
(0.133519 -0.00160014 0)
(0.120692 -0.00167388 0)
(0.107873 -0.00174028 0)
(0.0950708 -0.00179973 0)
(0.082292 -0.00185173 0)
(0.0695434 -0.00189621 0)
(0.0568238 -0.00193342 0)
(0.0441129 -0.00196567 0)
(0.03144 -0.00199414 0)
(0.0188408 -0.00201191 0)
(0.00626535 -0.00202434 0)
)
;

boundaryField
{
    left
    {
        type            symmetryPlane;
    }
    right
    {
        type            symmetryPlane;
    }
    top
    {
        type            symmetryPlane;
    }
    bottom
    {
        type            symmetryPlane;
    }
    frontAndBack
    {
        type            empty;
    }
}


// ************************************************************************* //
