/*--------------------------------*- C++ -*----------------------------------*\
| =========                 |                                                 |
| \\      /  F ield         | OpenFOAM: The Open Source CFD Toolbox           |
|  \\    /   O peration     | Version:  v1606+                                |
|   \\  /    A nd           | Web:      www.OpenFOAM.com                      |
|    \\/     M anipulation  |                                                 |
\*---------------------------------------------------------------------------*/
FoamFile
{
    version     2.0;
    format      ascii;
    class       volScalarField;
    location    "0.0015";
    object      nut;
}
// * * * * * * * * * * * * * * * * * * * * * * * * * * * * * * * * * * * * * //

dimensions      [0 2 -1 0 0 0 0];

internalField   nonuniform List<scalar> 
2450
(
2.19957e-05
0.000402453
0.000472998
0.000499838
0.000508255
0.000509954
0.000509954
0.000509523
0.000509256
0.000509105
0.000509016
0.000508959
0.000508921
0.000508892
0.00050887
0.000508851
0.000508836
0.000508824
0.000508815
0.000508809
0.000508808
0.000508812
0.000508819
0.000508832
0.000508848
0.000508868
0.000508891
0.000508915
0.00050894
0.000508965
0.000508989
0.000509011
0.000509031
0.000509048
0.000509063
0.000509074
0.000509083
0.000509089
0.000509093
0.000509095
0.000509095
0.000509093
0.000509091
0.000509087
0.000509083
0.000509078
0.000509073
0.000509068
0.000509063
0.000509058
0.000509053
0.000509049
0.000509045
0.000509041
0.000509037
0.000509033
0.00050903
0.000509028
0.000509025
0.000509023
0.000509021
0.000509019
0.000509017
0.000509016
0.000509015
0.000509014
0.000509012
0.000509011
0.000509009
0.000509007
0.000402569
0.000446531
0.000487135
0.000503564
0.000509177
0.000510107
0.000509907
0.000509505
0.000509258
0.000509115
0.000509026
0.000508967
0.000508924
0.000508892
0.000508866
0.000508845
0.000508827
0.000508813
0.000508803
0.000508797
0.000508796
0.0005088
0.000508809
0.000508822
0.00050884
0.000508862
0.000508886
0.000508912
0.000508938
0.000508964
0.000508989
0.000509012
0.000509033
0.000509051
0.000509066
0.000509078
0.000509087
0.000509093
0.000509097
0.000509099
0.000509099
0.000509097
0.000509095
0.000509091
0.000509087
0.000509082
0.000509077
0.000509072
0.000509067
0.000509061
0.000509057
0.000509052
0.000509048
0.000509044
0.00050904
0.000509037
0.000509033
0.000509031
0.000509028
0.000509026
0.000509024
0.000509022
0.00050902
0.000509019
0.000509018
0.000509016
0.000509015
0.000509013
0.000509011
0.000509008
0.000473218
0.00048721
0.000501595
0.000508267
0.000510115
0.000510196
0.000509741
0.00050941
0.000509211
0.00050909
0.000509012
0.000508959
0.000508919
0.000508889
0.000508864
0.000508843
0.000508826
0.000508812
0.000508803
0.000508798
0.000508797
0.000508802
0.000508811
0.000508825
0.000508843
0.000508865
0.00050889
0.000508915
0.000508942
0.000508968
0.000508993
0.000509016
0.000509036
0.000509054
0.000509069
0.000509081
0.00050909
0.000509096
0.0005091
0.000509101
0.000509101
0.000509099
0.000509096
0.000509093
0.000509088
0.000509083
0.000509078
0.000509073
0.000509068
0.000509063
0.000509058
0.000509054
0.000509049
0.000509045
0.000509041
0.000509038
0.000509035
0.000509032
0.000509029
0.000509027
0.000509025
0.000509023
0.000509022
0.00050902
0.000509019
0.000509018
0.000509016
0.000509014
0.000509011
0.000509008
0.000500008
0.000503649
0.000508299
0.000510108
0.000510193
0.000509925
0.00050955
0.000509308
0.000509158
0.000509061
0.000508995
0.000508948
0.000508912
0.000508883
0.00050886
0.000508841
0.000508824
0.000508812
0.000508803
0.000508799
0.000508799
0.000508804
0.000508814
0.000508829
0.000508847
0.000508869
0.000508894
0.00050892
0.000508946
0.000508972
0.000508997
0.000509019
0.00050904
0.000509057
0.000509071
0.000509083
0.000509091
0.000509097
0.000509101
0.000509102
0.000509102
0.0005091
0.000509097
0.000509093
0.000509089
0.000509084
0.000509079
0.000509074
0.000509069
0.000509064
0.000509059
0.000509054
0.00050905
0.000509046
0.000509042
0.000509039
0.000509036
0.000509033
0.00050903
0.000509028
0.000509026
0.000509024
0.000509022
0.000509021
0.00050902
0.000509018
0.000509017
0.000509015
0.000509012
0.000509008
0.000508368
0.000509275
0.000510158
0.000510208
0.00051
0.000509641
0.000509384
0.000509217
0.000509106
0.00050903
0.000508975
0.000508935
0.000508903
0.000508877
0.000508855
0.000508837
0.000508822
0.00050881
0.000508803
0.000508799
0.0005088
0.000508806
0.000508817
0.000508833
0.000508852
0.000508874
0.000508899
0.000508925
0.000508951
0.000508976
0.000509001
0.000509023
0.000509043
0.00050906
0.000509074
0.000509085
0.000509093
0.000509098
0.000509102
0.000509103
0.000509102
0.0005091
0.000509097
0.000509093
0.000509089
0.000509084
0.000509079
0.000509074
0.000509069
0.000509064
0.000509059
0.000509054
0.00050905
0.000509046
0.000509042
0.000509039
0.000509036
0.000509033
0.00050903
0.000509028
0.000509026
0.000509024
0.000509023
0.000509021
0.00050902
0.000509019
0.000509017
0.000509015
0.000509012
0.000509008
0.000510029
0.000510172
0.000510232
0.000509944
0.000509649
0.000509418
0.000509254
0.00050914
0.000509059
0.000509
0.000508956
0.000508921
0.000508893
0.000508869
0.000508849
0.000508832
0.000508819
0.000508808
0.000508802
0.0005088
0.000508802
0.000508809
0.000508821
0.000508837
0.000508857
0.000508879
0.000508904
0.00050893
0.000508956
0.000508981
0.000509005
0.000509027
0.000509046
0.000509062
0.000509076
0.000509086
0.000509094
0.0005091
0.000509102
0.000509103
0.000509103
0.0005091
0.000509097
0.000509093
0.000509089
0.000509084
0.000509079
0.000509073
0.000509068
0.000509063
0.000509059
0.000509054
0.00050905
0.000509046
0.000509042
0.000509039
0.000509036
0.000509033
0.00050903
0.000509028
0.000509026
0.000509024
0.000509023
0.000509021
0.00050902
0.000509019
0.000509017
0.000509015
0.000509012
0.000509008
0.000510006
0.000509952
0.000509774
0.000509572
0.000509397
0.000509259
0.000509155
0.000509077
0.000509018
0.000508973
0.000508936
0.000508907
0.000508882
0.000508861
0.000508843
0.000508828
0.000508815
0.000508806
0.000508801
0.000508801
0.000508805
0.000508813
0.000508826
0.000508842
0.000508863
0.000508886
0.000508911
0.000508937
0.000508962
0.000508987
0.00050901
0.000509031
0.00050905
0.000509066
0.000509079
0.000509089
0.000509096
0.000509101
0.000509103
0.000509104
0.000509103
0.0005091
0.000509097
0.000509093
0.000509088
0.000509083
0.000509078
0.000509073
0.000509068
0.000509063
0.000509058
0.000509054
0.000509049
0.000509045
0.000509042
0.000509038
0.000509035
0.000509033
0.00050903
0.000509028
0.000509026
0.000509024
0.000509022
0.000509021
0.00050902
0.000509019
0.000509017
0.000509015
0.000509012
0.000509008
0.000509564
0.000509543
0.00050944
0.000509331
0.000509232
0.000509149
0.000509082
0.000509027
0.000508983
0.000508948
0.000508918
0.000508893
0.000508872
0.000508853
0.000508837
0.000508823
0.000508812
0.000508805
0.000508802
0.000508802
0.000508808
0.000508817
0.000508831
0.000508849
0.00050887
0.000508893
0.000508918
0.000508944
0.000508969
0.000508994
0.000509016
0.000509037
0.000509054
0.000509069
0.000509082
0.000509091
0.000509098
0.000509102
0.000509104
0.000509104
0.000509103
0.0005091
0.000509097
0.000509093
0.000509088
0.000509083
0.000509078
0.000509073
0.000509067
0.000509063
0.000509058
0.000509053
0.000509049
0.000509045
0.000509042
0.000509038
0.000509035
0.000509032
0.00050903
0.000509028
0.000509026
0.000509024
0.000509022
0.000509021
0.00050902
0.000509018
0.000509017
0.000509015
0.000509012
0.000509008
0.00050929
0.000509292
0.00050924
0.00050918
0.000509123
0.000509071
0.000509026
0.000508987
0.000508954
0.000508926
0.000508901
0.00050888
0.000508861
0.000508845
0.00050883
0.000508818
0.00050881
0.000508804
0.000508803
0.000508805
0.000508812
0.000508823
0.000508838
0.000508857
0.000508878
0.000508902
0.000508927
0.000508952
0.000508977
0.000509001
0.000509023
0.000509042
0.000509059
0.000509073
0.000509085
0.000509093
0.000509099
0.000509103
0.000509105
0.000509105
0.000509103
0.0005091
0.000509097
0.000509092
0.000509087
0.000509082
0.000509077
0.000509072
0.000509067
0.000509062
0.000509057
0.000509053
0.000509049
0.000509045
0.000509041
0.000509038
0.000509035
0.000509032
0.00050903
0.000509027
0.000509026
0.000509024
0.000509022
0.000509021
0.00050902
0.000509018
0.000509017
0.000509015
0.000509011
0.000509008
0.000509136
0.000509145
0.000509117
0.000509083
0.000509048
0.000509014
0.000508983
0.000508954
0.000508929
0.000508906
0.000508886
0.000508868
0.000508851
0.000508837
0.000508824
0.000508815
0.000508808
0.000508804
0.000508805
0.000508809
0.000508818
0.00050883
0.000508847
0.000508866
0.000508888
0.000508912
0.000508937
0.000508962
0.000508986
0.000509009
0.00050903
0.000509048
0.000509064
0.000509078
0.000509088
0.000509096
0.000509101
0.000509104
0.000509106
0.000509105
0.000509103
0.0005091
0.000509096
0.000509092
0.000509087
0.000509082
0.000509077
0.000509071
0.000509066
0.000509061
0.000509057
0.000509052
0.000509048
0.000509044
0.000509041
0.000509038
0.000509035
0.000509032
0.000509029
0.000509027
0.000509025
0.000509024
0.000509022
0.000509021
0.00050902
0.000509018
0.000509017
0.000509014
0.000509011
0.000509008
0.000509045
0.000509054
0.000509039
0.000509018
0.000508995
0.000508972
0.000508949
0.000508928
0.000508908
0.000508889
0.000508872
0.000508856
0.000508842
0.00050883
0.00050882
0.000508812
0.000508807
0.000508806
0.000508808
0.000508815
0.000508825
0.000508839
0.000508856
0.000508877
0.000508899
0.000508923
0.000508948
0.000508972
0.000508995
0.000509017
0.000509037
0.000509055
0.00050907
0.000509082
0.000509091
0.000509098
0.000509103
0.000509106
0.000509106
0.000509105
0.000509103
0.0005091
0.000509096
0.000509091
0.000509086
0.000509081
0.000509076
0.000509071
0.000509066
0.000509061
0.000509056
0.000509052
0.000509048
0.000509044
0.00050904
0.000509037
0.000509034
0.000509032
0.000509029
0.000509027
0.000509025
0.000509023
0.000509022
0.000509021
0.000509019
0.000509018
0.000509017
0.000509014
0.000509011
0.000509008
0.000508988
0.000508995
0.000508985
0.000508972
0.000508956
0.000508939
0.000508922
0.000508905
0.000508889
0.000508874
0.000508859
0.000508846
0.000508834
0.000508824
0.000508816
0.00050881
0.000508808
0.000508809
0.000508813
0.000508822
0.000508834
0.000508849
0.000508868
0.000508889
0.000508911
0.000508935
0.000508959
0.000508983
0.000509005
0.000509026
0.000509045
0.000509061
0.000509075
0.000509086
0.000509095
0.000509101
0.000509105
0.000509107
0.000509107
0.000509106
0.000509103
0.0005091
0.000509095
0.000509091
0.000509086
0.00050908
0.000509075
0.00050907
0.000509065
0.00050906
0.000509056
0.000509051
0.000509047
0.000509044
0.00050904
0.000509037
0.000509034
0.000509031
0.000509029
0.000509027
0.000509025
0.000509023
0.000509022
0.00050902
0.000509019
0.000509018
0.000509017
0.000509014
0.000509011
0.000509008
0.000508949
0.000508953
0.000508947
0.000508937
0.000508926
0.000508913
0.0005089
0.000508887
0.000508873
0.000508861
0.000508848
0.000508837
0.000508828
0.00050882
0.000508814
0.000508811
0.000508811
0.000508814
0.000508821
0.000508831
0.000508844
0.000508861
0.00050888
0.000508902
0.000508925
0.000508948
0.000508972
0.000508994
0.000509016
0.000509036
0.000509053
0.000509068
0.000509081
0.000509091
0.000509099
0.000509104
0.000509107
0.000509108
0.000509108
0.000509106
0.000509103
0.000509099
0.000509095
0.00050909
0.000509085
0.00050908
0.000509074
0.000509069
0.000509064
0.00050906
0.000509055
0.000509051
0.000509047
0.000509043
0.00050904
0.000509037
0.000509034
0.000509031
0.000509029
0.000509027
0.000509025
0.000509023
0.000509022
0.00050902
0.000509019
0.000509018
0.000509016
0.000509014
0.000509011
0.000509007
0.000508922
0.000508922
0.000508918
0.000508911
0.000508902
0.000508892
0.000508882
0.000508871
0.00050886
0.000508849
0.000508839
0.00050883
0.000508823
0.000508817
0.000508814
0.000508813
0.000508816
0.000508821
0.00050883
0.000508842
0.000508857
0.000508874
0.000508894
0.000508916
0.000508939
0.000508962
0.000508985
0.000509006
0.000509027
0.000509045
0.000509062
0.000509075
0.000509087
0.000509096
0.000509102
0.000509106
0.000509109
0.000509109
0.000509108
0.000509106
0.000509103
0.000509099
0.000509094
0.000509089
0.000509084
0.000509079
0.000509074
0.000509069
0.000509064
0.000509059
0.000509054
0.00050905
0.000509046
0.000509043
0.000509039
0.000509036
0.000509033
0.000509031
0.000509028
0.000509026
0.000509025
0.000509023
0.000509021
0.00050902
0.000509019
0.000509018
0.000509016
0.000509014
0.000509011
0.000509007
0.000508901
0.000508898
0.000508895
0.00050889
0.000508883
0.000508875
0.000508867
0.000508858
0.000508849
0.00050884
0.000508833
0.000508826
0.000508821
0.000508818
0.000508817
0.000508818
0.000508823
0.00050883
0.000508841
0.000508855
0.000508871
0.00050889
0.00050891
0.000508932
0.000508954
0.000508977
0.000508998
0.000509019
0.000509038
0.000509055
0.00050907
0.000509082
0.000509092
0.0005091
0.000509106
0.000509109
0.00050911
0.00050911
0.000509109
0.000509106
0.000509102
0.000509098
0.000509094
0.000509088
0.000509083
0.000509078
0.000509073
0.000509068
0.000509063
0.000509058
0.000509054
0.00050905
0.000509046
0.000509042
0.000509039
0.000509036
0.000509033
0.00050903
0.000509028
0.000509026
0.000509024
0.000509023
0.000509021
0.00050902
0.000509019
0.000509018
0.000509016
0.000509014
0.000509011
0.000509007
0.000508885
0.000508879
0.000508877
0.000508873
0.000508868
0.000508861
0.000508855
0.000508847
0.00050884
0.000508834
0.000508828
0.000508824
0.000508821
0.000508821
0.000508822
0.000508826
0.000508833
0.000508842
0.000508855
0.00050887
0.000508887
0.000508906
0.000508927
0.000508949
0.00050897
0.000508992
0.000509012
0.000509032
0.000509049
0.000509065
0.000509078
0.000509089
0.000509098
0.000509104
0.000509109
0.000509111
0.000509112
0.000509111
0.000509109
0.000509106
0.000509102
0.000509098
0.000509093
0.000509088
0.000509082
0.000509077
0.000509072
0.000509067
0.000509062
0.000509057
0.000509053
0.000509049
0.000509045
0.000509042
0.000509038
0.000509035
0.000509033
0.00050903
0.000509028
0.000509026
0.000509024
0.000509023
0.000509021
0.00050902
0.000509019
0.000509018
0.000509016
0.000509014
0.000509011
0.000509007
0.000508872
0.000508864
0.000508863
0.00050886
0.000508856
0.000508851
0.000508846
0.00050884
0.000508835
0.000508831
0.000508828
0.000508826
0.000508825
0.000508827
0.000508831
0.000508837
0.000508846
0.000508857
0.000508871
0.000508887
0.000508905
0.000508925
0.000508945
0.000508966
0.000508987
0.000509007
0.000509027
0.000509045
0.000509061
0.000509075
0.000509086
0.000509096
0.000509103
0.000509109
0.000509112
0.000509113
0.000509113
0.000509112
0.000509109
0.000509106
0.000509102
0.000509097
0.000509092
0.000509087
0.000509081
0.000509076
0.000509071
0.000509066
0.000509061
0.000509057
0.000509052
0.000509048
0.000509045
0.000509041
0.000509038
0.000509035
0.000509032
0.00050903
0.000509028
0.000509026
0.000509024
0.000509022
0.000509021
0.00050902
0.000509019
0.000509017
0.000509016
0.000509014
0.000509011
0.000509007
0.000508863
0.000508853
0.000508853
0.000508851
0.000508848
0.000508844
0.000508841
0.000508837
0.000508834
0.000508832
0.00050883
0.000508831
0.000508832
0.000508836
0.000508842
0.000508851
0.000508861
0.000508874
0.000508889
0.000508906
0.000508924
0.000508944
0.000508964
0.000508984
0.000509004
0.000509023
0.000509041
0.000509057
0.000509072
0.000509084
0.000509094
0.000509102
0.000509108
0.000509112
0.000509115
0.000509115
0.000509114
0.000509112
0.000509109
0.000509105
0.000509101
0.000509096
0.000509091
0.000509086
0.00050908
0.000509075
0.00050907
0.000509065
0.00050906
0.000509056
0.000509052
0.000509048
0.000509044
0.000509041
0.000509037
0.000509035
0.000509032
0.000509029
0.000509027
0.000509025
0.000509024
0.000509022
0.000509021
0.00050902
0.000509018
0.000509017
0.000509016
0.000509014
0.000509011
0.000509007
0.000508858
0.000508847
0.000508847
0.000508846
0.000508844
0.000508842
0.00050884
0.000508838
0.000508837
0.000508836
0.000508837
0.00050884
0.000508844
0.000508849
0.000508857
0.000508867
0.00050888
0.000508894
0.000508909
0.000508927
0.000508945
0.000508964
0.000508984
0.000509003
0.000509021
0.000509039
0.000509055
0.00050907
0.000509082
0.000509093
0.000509102
0.000509108
0.000509113
0.000509116
0.000509117
0.000509117
0.000509115
0.000509113
0.000509109
0.000509105
0.0005091
0.000509095
0.00050909
0.000509085
0.000509079
0.000509074
0.000509069
0.000509064
0.00050906
0.000509055
0.000509051
0.000509047
0.000509043
0.00050904
0.000509037
0.000509034
0.000509032
0.000509029
0.000509027
0.000509025
0.000509023
0.000509022
0.000509021
0.000509019
0.000509018
0.000509017
0.000509016
0.000509014
0.00050901
0.000509007
0.000508857
0.000508845
0.000508846
0.000508846
0.000508845
0.000508844
0.000508843
0.000508843
0.000508844
0.000508845
0.000508848
0.000508852
0.000508858
0.000508866
0.000508876
0.000508887
0.0005089
0.000508915
0.000508931
0.000508949
0.000508967
0.000508985
0.000509004
0.000509022
0.000509039
0.000509055
0.000509069
0.000509082
0.000509093
0.000509102
0.000509109
0.000509114
0.000509118
0.000509119
0.00050912
0.000509118
0.000509116
0.000509113
0.000509109
0.000509105
0.0005091
0.000509094
0.000509089
0.000509084
0.000509078
0.000509073
0.000509068
0.000509063
0.000509059
0.000509054
0.00050905
0.000509046
0.000509043
0.00050904
0.000509036
0.000509034
0.000509031
0.000509029
0.000509027
0.000509025
0.000509023
0.000509022
0.00050902
0.000509019
0.000509018
0.000509017
0.000509016
0.000509013
0.00050901
0.000509007
0.00050886
0.000508849
0.00050885
0.000508851
0.000508851
0.000508851
0.000508852
0.000508853
0.000508855
0.000508859
0.000508863
0.000508869
0.000508877
0.000508886
0.000508897
0.00050891
0.000508923
0.000508939
0.000508955
0.000508972
0.000508989
0.000509007
0.000509024
0.00050904
0.000509056
0.00050907
0.000509083
0.000509094
0.000509103
0.00050911
0.000509116
0.000509119
0.000509122
0.000509122
0.000509121
0.00050912
0.000509117
0.000509113
0.000509109
0.000509104
0.000509099
0.000509094
0.000509088
0.000509083
0.000509077
0.000509072
0.000509067
0.000509062
0.000509058
0.000509054
0.00050905
0.000509046
0.000509042
0.000509039
0.000509036
0.000509033
0.000509031
0.000509029
0.000509027
0.000509025
0.000509023
0.000509022
0.00050902
0.000509019
0.000509018
0.000509017
0.000509015
0.000509013
0.00050901
0.000509007
0.000508868
0.000508857
0.000508859
0.000508861
0.000508862
0.000508863
0.000508865
0.000508868
0.000508872
0.000508877
0.000508883
0.00050889
0.000508899
0.000508909
0.000508921
0.000508934
0.000508948
0.000508963
0.000508979
0.000508995
0.000509012
0.000509028
0.000509044
0.000509059
0.000509072
0.000509085
0.000509095
0.000509105
0.000509112
0.000509118
0.000509122
0.000509124
0.000509125
0.000509125
0.000509123
0.000509121
0.000509117
0.000509113
0.000509108
0.000509103
0.000509098
0.000509093
0.000509087
0.000509082
0.000509076
0.000509071
0.000509066
0.000509062
0.000509057
0.000509053
0.000509049
0.000509045
0.000509042
0.000509039
0.000509036
0.000509033
0.000509031
0.000509028
0.000509026
0.000509024
0.000509023
0.000509021
0.00050902
0.000509019
0.000509018
0.000509017
0.000509015
0.000509013
0.00050901
0.000509007
0.000508881
0.000508871
0.000508873
0.000508876
0.000508878
0.00050888
0.000508883
0.000508887
0.000508892
0.000508898
0.000508905
0.000508914
0.000508924
0.000508935
0.000508947
0.00050896
0.000508974
0.000508989
0.000509004
0.000509019
0.000509034
0.000509049
0.000509063
0.000509076
0.000509088
0.000509098
0.000509107
0.000509115
0.000509121
0.000509125
0.000509127
0.000509128
0.000509128
0.000509127
0.000509125
0.000509121
0.000509117
0.000509113
0.000509108
0.000509103
0.000509097
0.000509092
0.000509086
0.000509081
0.000509075
0.00050907
0.000509065
0.000509061
0.000509056
0.000509052
0.000509048
0.000509045
0.000509041
0.000509038
0.000509035
0.000509033
0.00050903
0.000509028
0.000509026
0.000509024
0.000509023
0.000509021
0.00050902
0.000509019
0.000509018
0.000509017
0.000509015
0.000509013
0.00050901
0.000509007
0.000508898
0.00050889
0.000508893
0.000508896
0.000508898
0.000508902
0.000508906
0.00050891
0.000508916
0.000508923
0.000508931
0.00050894
0.000508951
0.000508962
0.000508974
0.000508987
0.000509001
0.000509015
0.000509029
0.000509043
0.000509057
0.00050907
0.000509082
0.000509093
0.000509103
0.000509112
0.000509119
0.000509124
0.000509128
0.000509131
0.000509132
0.000509132
0.000509131
0.000509129
0.000509126
0.000509122
0.000509117
0.000509112
0.000509107
0.000509102
0.000509096
0.000509091
0.000509085
0.00050908
0.000509074
0.000509069
0.000509064
0.00050906
0.000509056
0.000509051
0.000509048
0.000509044
0.000509041
0.000509038
0.000509035
0.000509032
0.00050903
0.000509028
0.000509026
0.000509024
0.000509022
0.000509021
0.00050902
0.000509019
0.000509018
0.000509017
0.000509015
0.000509013
0.00050901
0.000509007
0.00050892
0.000508913
0.000508916
0.00050892
0.000508923
0.000508927
0.000508931
0.000508937
0.000508943
0.000508951
0.000508959
0.000508969
0.000508979
0.00050899
0.000509002
0.000509015
0.000509027
0.00050904
0.000509053
0.000509066
0.000509078
0.000509089
0.000509099
0.000509109
0.000509117
0.000509124
0.000509129
0.000509133
0.000509135
0.000509137
0.000509137
0.000509135
0.000509133
0.00050913
0.000509126
0.000509122
0.000509117
0.000509112
0.000509106
0.000509101
0.000509095
0.00050909
0.000509084
0.000509079
0.000509073
0.000509068
0.000509064
0.000509059
0.000509055
0.000509051
0.000509047
0.000509044
0.00050904
0.000509037
0.000509034
0.000509032
0.00050903
0.000509028
0.000509026
0.000509024
0.000509022
0.000509021
0.00050902
0.000509019
0.000509018
0.000509017
0.000509015
0.000509013
0.00050901
0.000509006
0.000508945
0.00050894
0.000508943
0.000508947
0.00050895
0.000508955
0.00050896
0.000508966
0.000508972
0.00050898
0.000508989
0.000508998
0.000509008
0.000509019
0.00050903
0.000509042
0.000509053
0.000509065
0.000509077
0.000509088
0.000509098
0.000509107
0.000509116
0.000509123
0.00050913
0.000509134
0.000509138
0.00050914
0.000509142
0.000509142
0.00050914
0.000509138
0.000509135
0.000509131
0.000509127
0.000509122
0.000509117
0.000509111
0.000509106
0.0005091
0.000509094
0.000509089
0.000509083
0.000509078
0.000509072
0.000509068
0.000509063
0.000509058
0.000509054
0.00050905
0.000509046
0.000509043
0.00050904
0.000509037
0.000509034
0.000509032
0.000509029
0.000509027
0.000509025
0.000509024
0.000509022
0.000509021
0.00050902
0.000509019
0.000509018
0.000509016
0.000509015
0.000509013
0.00050901
0.000509006
0.000508972
0.000508968
0.000508972
0.000508976
0.00050898
0.000508984
0.000508989
0.000508995
0.000509002
0.00050901
0.000509018
0.000509028
0.000509037
0.000509047
0.000509058
0.000509068
0.000509079
0.000509089
0.000509099
0.000509108
0.000509116
0.000509124
0.000509131
0.000509137
0.000509141
0.000509144
0.000509146
0.000509147
0.000509147
0.000509146
0.000509144
0.000509141
0.000509137
0.000509132
0.000509127
0.000509122
0.000509117
0.000509111
0.000509105
0.000509099
0.000509093
0.000509088
0.000509082
0.000509077
0.000509072
0.000509067
0.000509062
0.000509058
0.000509053
0.00050905
0.000509046
0.000509043
0.000509039
0.000509037
0.000509034
0.000509031
0.000509029
0.000509027
0.000509025
0.000509024
0.000509022
0.000509021
0.00050902
0.000509018
0.000509017
0.000509016
0.000509015
0.000509013
0.00050901
0.000509006
0.000509
0.000508998
0.000509002
0.000509006
0.00050901
0.000509014
0.000509019
0.000509025
0.000509032
0.00050904
0.000509048
0.000509056
0.000509065
0.000509074
0.000509083
0.000509093
0.000509102
0.000509111
0.000509119
0.000509127
0.000509133
0.000509139
0.000509144
0.000509148
0.000509151
0.000509153
0.000509153
0.000509153
0.000509152
0.000509149
0.000509146
0.000509142
0.000509138
0.000509133
0.000509128
0.000509122
0.000509116
0.00050911
0.000509104
0.000509098
0.000509093
0.000509087
0.000509081
0.000509076
0.000509071
0.000509066
0.000509061
0.000509057
0.000509053
0.000509049
0.000509045
0.000509042
0.000509039
0.000509036
0.000509034
0.000509031
0.000509029
0.000509027
0.000509025
0.000509023
0.000509022
0.000509021
0.000509019
0.000509018
0.000509017
0.000509016
0.000509015
0.000509013
0.00050901
0.000509006
0.000509028
0.000509027
0.000509031
0.000509035
0.000509039
0.000509044
0.000509049
0.000509054
0.000509061
0.000509068
0.000509075
0.000509083
0.000509091
0.000509099
0.000509107
0.000509115
0.000509123
0.00050913
0.000509137
0.000509143
0.000509148
0.000509153
0.000509156
0.000509158
0.00050916
0.00050916
0.00050916
0.000509158
0.000509156
0.000509152
0.000509148
0.000509144
0.000509139
0.000509133
0.000509128
0.000509122
0.000509116
0.00050911
0.000509104
0.000509098
0.000509092
0.000509086
0.00050908
0.000509075
0.00050907
0.000509065
0.000509061
0.000509056
0.000509052
0.000509049
0.000509045
0.000509042
0.000509039
0.000509036
0.000509033
0.000509031
0.000509029
0.000509027
0.000509025
0.000509023
0.000509022
0.00050902
0.000509019
0.000509018
0.000509017
0.000509016
0.000509015
0.000509013
0.00050901
0.000509006
0.000509055
0.000509055
0.000509059
0.000509063
0.000509067
0.000509071
0.000509076
0.000509081
0.000509087
0.000509094
0.0005091
0.000509107
0.000509114
0.000509122
0.000509129
0.000509135
0.000509142
0.000509148
0.000509153
0.000509158
0.000509161
0.000509164
0.000509166
0.000509167
0.000509167
0.000509166
0.000509164
0.000509162
0.000509159
0.000509155
0.00050915
0.000509145
0.000509139
0.000509134
0.000509128
0.000509121
0.000509115
0.000509109
0.000509103
0.000509097
0.000509091
0.000509085
0.00050908
0.000509074
0.000509069
0.000509065
0.00050906
0.000509056
0.000509052
0.000509048
0.000509045
0.000509041
0.000509038
0.000509035
0.000509033
0.000509031
0.000509028
0.000509026
0.000509025
0.000509023
0.000509021
0.00050902
0.000509019
0.000509018
0.000509017
0.000509016
0.000509015
0.000509012
0.00050901
0.000509006
0.000509079
0.00050908
0.000509084
0.000509088
0.000509091
0.000509095
0.0005091
0.000509105
0.00050911
0.000509116
0.000509122
0.000509128
0.000509134
0.000509141
0.000509147
0.000509152
0.000509157
0.000509162
0.000509166
0.000509169
0.000509172
0.000509173
0.000509174
0.000509174
0.000509173
0.000509171
0.000509168
0.000509165
0.000509161
0.000509156
0.000509151
0.000509145
0.000509139
0.000509133
0.000509127
0.000509121
0.000509114
0.000509108
0.000509102
0.000509096
0.00050909
0.000509084
0.000509079
0.000509073
0.000509068
0.000509064
0.000509059
0.000509055
0.000509051
0.000509047
0.000509044
0.000509041
0.000509038
0.000509035
0.000509032
0.00050903
0.000509028
0.000509026
0.000509024
0.000509022
0.000509021
0.00050902
0.000509019
0.000509018
0.000509017
0.000509016
0.000509014
0.000509012
0.000509009
0.000509006
0.000509099
0.0005091
0.000509104
0.000509108
0.000509111
0.000509115
0.000509119
0.000509123
0.000509128
0.000509134
0.000509139
0.000509145
0.00050915
0.000509155
0.00050916
0.000509165
0.000509169
0.000509173
0.000509176
0.000509178
0.000509179
0.00050918
0.000509179
0.000509178
0.000509176
0.000509174
0.00050917
0.000509166
0.000509162
0.000509156
0.000509151
0.000509145
0.000509139
0.000509132
0.000509126
0.000509119
0.000509113
0.000509107
0.0005091
0.000509094
0.000509088
0.000509083
0.000509077
0.000509072
0.000509067
0.000509062
0.000509058
0.000509054
0.00050905
0.000509046
0.000509043
0.00050904
0.000509037
0.000509034
0.000509031
0.000509029
0.000509027
0.000509025
0.000509023
0.000509022
0.00050902
0.000509019
0.000509018
0.000509017
0.000509016
0.000509015
0.000509013
0.000509011
0.000509008
0.000509005
0.000509114
0.000509116
0.000509119
0.000509122
0.000509125
0.000509128
0.000509132
0.000509137
0.000509141
0.000509146
0.000509151
0.000509156
0.00050916
0.000509165
0.000509169
0.000509173
0.000509177
0.000509179
0.000509181
0.000509183
0.000509183
0.000509183
0.000509182
0.00050918
0.000509177
0.000509174
0.00050917
0.000509166
0.000509161
0.000509155
0.000509149
0.000509143
0.000509137
0.00050913
0.000509124
0.000509117
0.000509111
0.000509104
0.000509098
0.000509092
0.000509086
0.00050908
0.000509075
0.00050907
0.000509065
0.00050906
0.000509056
0.000509052
0.000509048
0.000509044
0.000509041
0.000509038
0.000509035
0.000509032
0.000509029
0.000509027
0.000509025
0.000509023
0.000509021
0.00050902
0.000509018
0.000509017
0.000509016
0.000509015
0.000509014
0.000509013
0.000509012
0.000509009
0.000509006
0.000509003
0.000509124
0.000509125
0.000509127
0.00050913
0.000509133
0.000509136
0.000509139
0.000509143
0.000509148
0.000509152
0.000509156
0.000509161
0.000509165
0.000509169
0.000509173
0.000509176
0.000509179
0.000509181
0.000509182
0.000509183
0.000509183
0.000509182
0.000509181
0.000509178
0.000509175
0.000509172
0.000509167
0.000509162
0.000509157
0.000509151
0.000509145
0.000509139
0.000509133
0.000509126
0.00050912
0.000509113
0.000509107
0.0005091
0.000509094
0.000509088
0.000509082
0.000509076
0.000509071
0.000509066
0.000509061
0.000509057
0.000509052
0.000509048
0.000509044
0.000509041
0.000509038
0.000509034
0.000509032
0.000509029
0.000509026
0.000509024
0.000509022
0.00050902
0.000509018
0.000509017
0.000509016
0.000509014
0.000509013
0.000509012
0.000509011
0.00050901
0.000509009
0.000509007
0.000509004
0.000509
0.000509128
0.000509129
0.000509131
0.000509133
0.000509135
0.000509138
0.000509142
0.000509145
0.000509149
0.000509153
0.000509157
0.000509161
0.000509165
0.000509168
0.000509171
0.000509174
0.000509176
0.000509178
0.000509179
0.000509179
0.000509178
0.000509177
0.000509175
0.000509173
0.000509169
0.000509166
0.000509161
0.000509156
0.000509151
0.000509145
0.000509139
0.000509133
0.000509126
0.00050912
0.000509114
0.000509107
0.000509101
0.000509094
0.000509088
0.000509083
0.000509077
0.000509071
0.000509066
0.000509061
0.000509057
0.000509052
0.000509048
0.000509044
0.00050904
0.000509037
0.000509033
0.00050903
0.000509028
0.000509025
0.000509023
0.00050902
0.000509018
0.000509017
0.000509015
0.000509013
0.000509012
0.000509011
0.00050901
0.000509009
0.000509008
0.000509007
0.000509005
0.000509003
0.000509
0.000508997
)
;

boundaryField
{
    left
    {
        type            symmetryPlane;
    }
    right
    {
        type            symmetryPlane;
    }
    top
    {
        type            symmetryPlane;
    }
    bottom
    {
        type            symmetryPlane;
    }
    frontAndBack
    {
        type            empty;
    }
}


// ************************************************************************* //
