/*--------------------------------*- C++ -*----------------------------------*\
| =========                 |                                                 |
| \\      /  F ield         | OpenFOAM: The Open Source CFD Toolbox           |
|  \\    /   O peration     | Version:  2.4.0                                 |
|   \\  /    A nd           | Web:      www.OpenFOAM.org                      |
|    \\/     M anipulation  |                                                 |
\*---------------------------------------------------------------------------*/
FoamFile
{
    version     2.0;
    format      ascii;
    class       volVectorField;
    location    "2.8";
    object      U;
}
// * * * * * * * * * * * * * * * * * * * * * * * * * * * * * * * * * * * * * //

dimensions      [0 1 -1 0 0 0 0];

internalField   nonuniform List<vector> 
3072
(
(-1.12241 0.596833 1.9626e-23)
(-0.929575 -0.194428 7.87207e-23)
(-0.915735 0.246332 -2.09485e-23)
(-0.980206 -0.0779823 -9.97027e-25)
(-1.32516 0.831826 -4.72128e-23)
(1.18201 -0.540777 6.51929e-23)
(2.68068 1.09362 1.62665e-22)
(2.23938 1.62632 -2.95391e-22)
(2.77189 2.11106 -2.26054e-22)
(2.72818 2.28373 7.86004e-24)
(2.94469 2.54645 -7.10845e-23)
(2.7765 2.38633 2.5155e-22)
(-1.12472 0.784957 -8.6499e-24)
(-0.098716 1.15293 4.20041e-23)
(1.26711 0.97285 -4.20613e-23)
(1.72958 1.78466 -1.47366e-31)
(2.61932 2.74518 4.21461e-23)
(2.17498 2.37144 -4.07434e-22)
(2.65839 2.84621 0)
(1.80561 2.57804 1.184e-23)
(2.36166 2.97808 -2.02694e-23)
(1.82111 2.51735 0)
(2.10134 2.91766 1.24276e-22)
(1.58794 2.31121 1.56205e-22)
(0.408214 0.63057 0)
(0.20714 1.67494 6.34012e-23)
(1.35931 1.8361 -2.63382e-23)
(2.05194 2.15824 2.77483e-23)
(2.10238 2.52193 1.47067e-22)
(2.94876 2.54435 -1.34409e-22)
(2.50089 2.41391 1.77161e-22)
(2.29716 2.28512 4.56522e-24)
(2.30159 2.51476 -8.58736e-23)
(1.98601 2.24259 0)
(2.07247 2.44203 -6.16321e-23)
(1.8172 2.08801 -1.81017e-22)
(-0.665654 1.34303 0)
(1.26799 1.13885 0)
(2.2961 1.91483 0)
(1.91012 2.28796 9.91655e-23)
(2.15663 2.5203 8.31739e-23)
(2.47925 2.4761 -9.64682e-23)
(2.11177 2.43904 3.30831e-23)
(2.22976 2.47474 1.06097e-22)
(1.97459 2.53351 1.30323e-22)
(1.89847 2.56897 -2.36622e-23)
(1.67411 2.55739 2.06114e-22)
(1.74225 2.54526 9.22524e-23)
(1.7855 1.45567 3.59969e-26)
(1.81959 1.99858 2.40954e-23)
(1.81123 2.27844 -2.17402e-23)
(2.11006 2.19535 2.4167e-23)
(2.246 2.0816 5.6199e-24)
(2.14078 2.0188 -1.10051e-22)
(2.23837 2.26058 -6.0794e-23)
(2.28438 2.33994 -1.8719e-23)
(1.94401 2.3853 2.00184e-24)
(1.85255 2.33783 -1.30172e-22)
(1.54394 2.29626 -2.23648e-22)
(1.53879 2.20494 0)
(0.72775 1.23769 2.3785e-24)
(1.53203 1.2929 2.94102e-24)
(2.81214 1.36908 -4.00922e-23)
(2.55611 1.56823 8.57626e-23)
(2.25677 2.02865 2.37525e-23)
(2.3601 2.22707 0)
(2.51645 2.57193 -4.06472e-24)
(1.95939 2.4477 6.56848e-24)
(1.91296 2.64163 -6.96812e-23)
(1.3548 2.37596 -3.74444e-23)
(1.3498 2.35229 -2.32451e-24)
(1.15631 2.25806 -1.01255e-22)
(2.18341 1.1686 4.12269e-24)
(2.48214 1.64063 3.29565e-24)
(2.37921 1.96798 0)
(1.85787 2.29442 0)
(2.33853 2.35521 0)
(2.64165 2.21336 2.76577e-23)
(2.14646 2.29999 -1.06322e-22)
(1.88405 2.33276 -1.53196e-22)
(1.47464 2.23293 9.64556e-23)
(1.00213 2.10685 3.44566e-24)
(0.861339 1.79686 1.1347e-22)
(1.04153 2.2356 2.70001e-23)
(1.56721 1.20225 3.91571e-24)
(2.07069 1.4716 -2.93132e-24)
(2.66939 1.46082 0)
(2.75556 1.30874 -4.0183e-23)
(2.92326 1.34811 -7.21928e-23)
(2.49173 1.63047 1.57477e-22)
(2.17853 2.17227 -1.21377e-22)
(1.72695 2.07035 0)
(1.10098 2.1489 -1.21918e-22)
(0.726119 2.21291 -1.46504e-22)
(0.745107 1.6117 -8.21254e-23)
(0.981346 1.39172 -6.75986e-23)
(2.38253 1.21521 -8.56029e-25)
(2.82747 1.43182 -4.05202e-24)
(2.76609 1.55794 -9.28888e-25)
(2.04063 1.82828 8.1797e-24)
(1.84042 1.98959 -6.38361e-23)
(2.26102 2.07005 7.30407e-23)
(2.25958 2.24181 -2.51694e-22)
(1.06752 2.18402 -3.80898e-23)
(1.23817 2.42304 5.19493e-23)
(0.21776 2.61844 1.30702e-22)
(1.02892 2.41569 0)
(0.696523 1.5777 -1.74649e-31)
(1.84881 1.27488 4.93624e-24)
(2.31557 1.40624 5.37592e-24)
(2.5948 1.38711 0)
(2.4336 1.25018 5.34094e-33)
(3.28602 1.06572 -1.65992e-24)
(3.25512 1.35586 9.79662e-24)
(1.8281 1.78103 1.08732e-22)
(1.30462 1.85462 8.75793e-23)
(1.05897 2.06573 7.18111e-23)
(0.558799 2.09101 -3.32463e-23)
(0.615629 2.32586 -1.54857e-22)
(0.495946 1.82673 1.2153e-22)
(2.36242 1.25941 8.70733e-24)
(2.96051 1.33096 1.83509e-23)
(2.85084 1.25281 7.77341e-24)
(2.32939 1.56736 3.49292e-24)
(2.332 1.91286 5.74205e-23)
(1.76674 2.08501 6.76777e-23)
(1.47039 1.93087 -7.22735e-23)
(1.09756 1.96555 -1.80887e-22)
(0.796566 1.99942 -4.39181e-23)
(0.217895 2.16829 -8.1008e-23)
(0.74594 2.34422 -8.31129e-23)
(-0.0485971 1.91507 6.15413e-23)
(1.74979 1.21646 2.67734e-23)
(2.51484 1.20126 7.69008e-24)
(2.66531 1.26994 0)
(2.51743 1.2887 -2.32334e-23)
(3.19907 1.27745 3.75614e-23)
(3.02734 0.954733 2.95498e-23)
(2.0731 1.42921 -7.58557e-23)
(0.782996 1.98134 -8.86918e-23)
(1.00484 2.07677 -4.74708e-23)
(0.168511 1.94623 1.17845e-22)
(0.368479 2.32863 -6.5989e-23)
(-0.556933 2.02158 -7.2043e-23)
(2.99755 2.27102 -6.24713e-23)
(2.70962 1.82142 3.56908e-22)
(2.78683 1.79336 2.71103e-22)
(2.39214 1.15721 2.62953e-22)
(2.59184 1.2974 5.3539e-22)
(1.95551 0.708731 2.73928e-22)
(2.30287 0.758982 -6.45469e-24)
(1.45715 0.267868 0)
(1.82775 0.743318 4.50026e-23)
(0.653208 0.259133 1.37165e-23)
(1.38074 0.372877 2.43475e-24)
(0.354314 0.100975 -1.50523e-24)
(2.01829 2.84537 -9.84322e-23)
(1.59256 2.08681 0)
(2.09883 2.51953 -1.54409e-22)
(1.62201 1.68096 -6.81103e-23)
(2.01973 1.92092 0)
(1.38468 1.28677 6.5569e-23)
(1.86355 1.54561 0)
(1.09987 0.957463 4.7851e-23)
(1.40861 0.929009 8.29616e-23)
(1.13778 0.861586 -4.63054e-24)
(0.957856 0.43435 -1.17047e-25)
(0.937035 0.641138 -5.05735e-25)
(1.81953 2.16898 -7.34942e-23)
(1.67227 1.671 -5.57084e-23)
(1.64892 1.77309 6.14558e-31)
(1.50542 1.47852 -2.42515e-22)
(1.35191 1.31893 3.06775e-24)
(1.23412 1.06326 -1.79732e-23)
(1.26423 1.03523 1.46474e-23)
(1.18945 1.24613 2.3911e-23)
(1.11308 0.785178 0)
(1.02971 1.03841 3.7773e-24)
(1.07573 0.914349 2.18486e-24)
(0.72641 0.781188 1.03354e-24)
(1.47901 2.45393 1.24109e-22)
(1.54592 2.21324 -1.19306e-22)
(1.34721 2.0699 4.72289e-23)
(1.25145 1.77677 0)
(1.21598 1.73695 -3.57051e-23)
(0.815989 1.15721 0)
(1.08322 1.02671 -4.63951e-24)
(0.692749 1.12355 -1.01983e-23)
(1.00173 1.07337 -4.43181e-24)
(0.657978 0.900056 5.49181e-24)
(0.838773 0.831277 0)
(0.987777 0.804586 1.53542e-24)
(1.19753 2.18778 0)
(1.19199 1.78747 1.061e-22)
(1.05608 1.98249 -5.81146e-24)
(0.881025 1.66262 0)
(0.907085 1.8391 -8.72907e-23)
(0.698718 1.57288 -1.4837e-22)
(0.819837 0.954744 -1.57498e-23)
(0.690191 1.13774 5.34149e-24)
(0.726847 0.888468 -3.10538e-23)
(0.7254 1.01832 -6.56402e-24)
(0.807029 0.694903 -7.55217e-24)
(0.83869 0.692671 4.48553e-25)
(0.90429 2.29973 -1.54066e-22)
(0.854487 1.84408 2.01922e-22)
(0.677464 1.79748 1.41329e-22)
(0.591397 1.75604 0)
(0.457385 1.67118 1.167e-22)
(0.272477 1.46063 1.12749e-22)
(0.605321 1.15124 0)
(0.225098 1.00189 0)
(0.630509 0.991402 4.64998e-24)
(0.433426 0.901853 0)
(0.719838 0.602418 -7.88184e-24)
(1.01059 0.553497 4.95676e-24)
(0.630676 2.45505 -1.38336e-23)
(0.65872 2.17415 2.52158e-22)
(0.537146 2.02086 8.20554e-23)
(0.312146 1.65265 0)
(0.219559 1.7821 -1.00161e-22)
(0.040325 1.52432 -1.26768e-22)
(0.14882 0.961273 -2.45311e-23)
(0.100862 0.911835 0)
(0.157832 0.710411 -3.42223e-24)
(0.270282 0.58407 -1.44602e-23)
(0.800205 0.258878 -1.10921e-23)
(1.1464 0.0464247 2.80723e-24)
(0.57894 2.24314 8.5256e-23)
(0.188827 1.95971 1.48237e-22)
(0.252073 2.02384 -7.17331e-23)
(-0.0411194 1.84392 1.1683e-22)
(-0.203362 1.78478 1.81133e-22)
(-0.374495 1.4397 1.13235e-22)
(0.0196706 1.04849 -2.22856e-23)
(-0.32022 0.934638 -2.59805e-24)
(-0.193037 0.524278 -3.14281e-23)
(0.236073 0.544373 1.5624e-23)
(0.402901 -0.318949 2.46141e-23)
(0.859219 0.360858 -2.81596e-24)
(0.276925 2.13853 0)
(-0.107179 2.01782 0)
(-0.137466 1.94687 -1.24906e-22)
(-0.46218 1.76764 -3.03171e-24)
(-0.590264 1.71769 2.40895e-22)
(-0.495582 1.36485 1.79377e-23)
(-0.353981 1.19567 5.81162e-23)
(-0.626867 0.989205 -6.37137e-23)
(0.0548865 0.394204 -8.98102e-23)
(-0.174749 -0.182278 0)
(1.07539 -0.275601 3.98292e-23)
(0.572374 -1.24437 -1.72751e-31)
(-0.129922 2.11814 -7.47849e-23)
(-0.582799 1.92939 0)
(-0.401234 1.91979 -1.00266e-31)
(-0.741061 1.88725 -9.4252e-23)
(-0.764511 1.82936 1.46963e-22)
(-0.80144 1.55639 -1.33639e-22)
(-0.814414 1.25438 2.34567e-22)
(-0.447704 0.919906 -1.08161e-22)
(-0.127293 0.338355 -2.42105e-22)
(0.08911 -0.347677 -1.47573e-22)
(0.58126 -0.753446 -8.48308e-23)
(1.09619 -0.490807 -1.07288e-23)
(-0.535761 2.08246 -5.97223e-23)
(-0.758025 1.89105 4.00932e-23)
(-0.566398 1.90979 1.73105e-22)
(-0.975529 1.83237 6.69267e-23)
(-0.999364 1.85806 -8.50285e-23)
(-1.0271 1.62789 -3.07603e-22)
(-0.547127 0.992576 1.95007e-22)
(-0.265007 0.629907 1.06185e-23)
(0.0449605 -0.0925986 -8.61628e-23)
(0.259393 -0.397508 -8.88324e-23)
(0.789572 -1.35538 -4.91003e-23)
(0.846347 -1.95369 -2.2033e-23)
(-0.752774 2.10098 -1.1591e-22)
(-0.889594 1.88932 -5.98767e-24)
(-0.832388 1.8489 -9.79609e-23)
(-1.29849 1.96431 -1.57956e-31)
(-1.1896 1.89502 -1.28837e-22)
(-0.801367 1.24897 3.31249e-23)
(-0.299944 0.875063 1.73554e-22)
(-0.294595 0.289783 -1.81303e-23)
(0.211695 0.00668506 0)
(0.226205 -0.888516 1.104e-22)
(0.783567 -0.968403 -8.04315e-23)
(1.038 -1.52101 -4.23103e-23)
(0.238024 0.543708 -9.89249e-25)
(0.496289 0.264986 7.08928e-24)
(0.0306509 0.153158 -3.61205e-23)
(0.925102 0.632898 -4.36644e-23)
(0.260558 -0.800044 -9.66771e-24)
(1.42386 -2.08623 7.33443e-24)
(1.8137 -1.32332 2.31891e-22)
(2.071 -1.89359 1.39695e-22)
(2.06668 -1.63 -1.29593e-22)
(2.09236 -2.07035 9.55612e-24)
(1.96092 -1.58144 -1.69713e-22)
(1.73796 -1.9556 -3.93241e-23)
(0.671817 0.84018 2.36559e-24)
(1.01101 -0.0271309 7.09584e-24)
(0.779717 -0.73622 -1.37897e-24)
(1.85182 -1.87919 6.56004e-24)
(1.94435 -1.83559 1.05232e-22)
(2.10933 -1.71954 5.80371e-24)
(2.32087 -1.38386 -5.18818e-24)
(2.49134 -1.5331 0)
(2.55866 -1.42986 -4.37769e-23)
(2.5218 -1.46522 -1.61871e-23)
(2.49196 -1.54549 1.83966e-23)
(2.21143 -1.66236 0)
(0.632182 -0.198105 4.39772e-24)
(1.49997 -0.647263 -1.30322e-23)
(1.45038 -1.67218 -3.4666e-23)
(2.16621 -2.07244 0)
(2.05508 -2.02259 3.86582e-23)
(2.16649 -1.93571 1.71646e-23)
(2.09744 -1.6962 5.12495e-23)
(2.27576 -1.82718 -2.19514e-25)
(2.22569 -1.64445 -8.50794e-25)
(2.41166 -1.81472 7.12055e-23)
(2.38032 -1.55388 0)
(2.24732 -1.68013 0)
(1.27811 0.390494 2.43599e-24)
(1.20826 -1.55151 -8.46232e-24)
(1.91234 -1.97917 -2.03958e-23)
(1.96073 -1.93032 -3.53896e-23)
(1.94262 -1.94907 -8.76956e-23)
(1.96026 -1.807 1.69363e-23)
(1.97084 -1.5859 7.70782e-23)
(2.01788 -1.61127 3.5456e-23)
(2.07889 -1.40069 2.38562e-23)
(2.10757 -1.41679 7.12201e-24)
(2.20351 -1.24657 0)
(1.9717 -1.24653 0)
(1.57804 -1.35431 -6.34021e-24)
(1.75185 -1.69121 -3.38416e-24)
(1.95498 -1.96833 3.00406e-23)
(1.65968 -1.96535 1.1984e-23)
(1.68876 -1.7478 -2.19884e-24)
(1.69421 -1.57505 -7.90336e-24)
(1.73662 -1.51366 8.51604e-24)
(1.75409 -1.45896 -4.44502e-24)
(1.83004 -1.38175 -3.42049e-25)
(1.87027 -1.30432 0)
(2.20793 -1.19224 -1.50977e-22)
(2.04855 -1.02417 -1.40289e-22)
(1.36958 -1.16969 2.03738e-24)
(1.19511 -1.99669 0)
(1.57989 -2.28807 7.98603e-24)
(1.5499 -1.73563 1.16301e-23)
(1.68399 -1.59776 3.94516e-23)
(1.6908 -1.60981 -1.3516e-24)
(1.87911 -1.52146 8.2905e-23)
(1.79566 -1.44821 2.84845e-23)
(1.86256 -1.32343 -6.06181e-23)
(1.69166 -1.27746 -7.23817e-24)
(1.99743 -1.0999 3.5757e-23)
(1.94944 -0.884447 -5.32632e-23)
(1.32752 -1.81791 7.66363e-24)
(1.57838 -2.06606 0)
(1.82374 -1.98302 0)
(1.61799 -1.58125 -1.15212e-25)
(1.84752 -1.92014 9.78892e-33)
(2.03618 -1.76504 -4.84166e-24)
(2.34733 -1.73688 -7.97155e-23)
(2.22243 -1.61771 -9.6489e-23)
(2.39551 -1.57229 1.47089e-22)
(1.86959 -1.31838 9.39591e-23)
(1.92374 -0.963401 1.04617e-23)
(1.61298 -0.635617 -1.14051e-23)
(1.36387 -1.81482 7.45979e-24)
(1.30624 -2.22719 1.77675e-23)
(1.51228 -2.30863 1.69559e-23)
(1.56015 -2.03443 -2.24765e-23)
(2.15324 -2.25161 -2.82873e-23)
(2.40896 -1.89941 -5.92887e-23)
(2.70272 -2.13873 -8.70405e-23)
(2.71801 -1.69179 -3.70497e-23)
(2.81673 -1.65519 0)
(2.38843 -1.04768 0)
(2.36687 -0.70767 9.65081e-23)
(1.78833 -0.380455 4.19539e-23)
(1.32494 -2.20866 -3.89554e-24)
(1.55511 -2.38164 1.50745e-24)
(1.80837 -2.26874 -1.06353e-23)
(1.88918 -1.97607 3.60031e-23)
(2.32704 -2.24829 -8.09953e-23)
(2.37916 -2.38217 5.96488e-23)
(2.75918 -2.02113 0)
(2.81918 -1.7205 -1.38927e-22)
(2.79228 -1.3081 -1.22892e-22)
(2.49193 -0.871109 -5.8325e-23)
(2.67426 -0.331875 2.39641e-23)
(2.06845 -0.222362 2.95644e-23)
(1.36167 -2.12917 7.44126e-24)
(1.41005 -2.50133 8.83324e-24)
(1.51754 -2.53528 -1.80062e-32)
(1.5674 -2.48907 4.3816e-23)
(1.99935 -2.93726 -1.13967e-23)
(2.3291 -2.19831 -4.93824e-23)
(2.62889 -2.00664 -2.85383e-23)
(2.6615 -1.5691 -1.54888e-22)
(2.76202 -1.05308 -8.29507e-23)
(2.50546 -0.577363 2.27746e-22)
(2.81992 -0.252513 0)
(2.24512 0.0182447 1.58383e-22)
(1.3151 -2.3749 -6.22697e-24)
(1.53899 -2.66201 -2.91509e-24)
(1.66681 -2.5632 2.28134e-23)
(1.80518 -2.46348 1.63134e-24)
(2.1334 -2.34975 -1.36672e-22)
(2.18635 -1.98102 -2.15794e-22)
(2.52923 -2.25152 -1.17606e-22)
(2.46271 -1.13322 -1.35531e-22)
(2.93731 -1.00341 9.10702e-23)
(2.57736 -0.18711 4.23315e-22)
(2.8102 0.00534819 0)
(2.49581 0.06 7.5268e-23)
(1.34709 -2.15536 6.11476e-25)
(1.27807 -2.69835 -3.10673e-24)
(1.38292 -2.74392 0)
(1.40725 -2.68734 -1.01429e-23)
(1.57347 -3.02808 -1.46155e-22)
(1.8007 -2.68949 0)
(2.23106 -1.74356 -8.80617e-23)
(2.27361 -1.20531 -1.80064e-22)
(2.67678 -0.559476 -3.14519e-22)
(2.66414 -0.109778 -2.62177e-23)
(2.68826 0.240179 0)
(2.41568 0.404202 0)
(1.67638 -1.56831 -2.59417e-22)
(1.26759 -1.71239 -2.34485e-22)
(1.44051 -1.42549 6.70508e-24)
(0.617559 -1.09328 -9.01847e-24)
(1.23233 -1.13235 5.22479e-23)
(0.809312 -0.387401 1.75972e-24)
(0.0788037 -1.15355 0)
(0.623661 -0.781314 0)
(0.232714 -0.554822 -2.38167e-24)
(0.0126554 -0.74346 4.46611e-24)
(0.0111541 -0.675367 -1.81809e-33)
(-0.0746129 -0.688665 2.7279e-34)
(2.10734 -1.72068 -1.81719e-22)
(1.7528 -1.5472 4.73879e-23)
(1.82683 -1.56878 1.08347e-22)
(1.42696 -1.22727 1.68772e-22)
(0.932276 -1.09953 1.50485e-22)
(0.818743 -1.20026 0)
(0.253781 -1.11753 7.64065e-24)
(0.960006 -0.617281 1.72378e-23)
(0.363805 -1.0002 5.35747e-25)
(0.138751 -0.751855 4.8575e-24)
(0.202347 -0.950187 2.3114e-24)
(0.160506 -0.748339 -1.29396e-24)
(2.22199 -1.44438 0)
(1.92326 -1.53835 -1.56108e-23)
(2.12769 -1.38258 -1.09158e-23)
(1.95134 -1.1764 0)
(1.54011 -1.12562 7.20962e-24)
(1.3416 -0.808479 6.42621e-23)
(0.701142 -1.01719 4.37037e-32)
(0.697053 -0.703053 -7.59091e-24)
(0.349458 -1.05908 0)
(0.185295 -0.870361 0)
(0.0425782 -0.93299 -4.60162e-24)
(0.253823 -0.864652 -1.09881e-24)
(1.97823 -1.21573 0)
(1.58973 -1.16974 -4.87649e-23)
(1.83591 -1.32126 0)
(1.93209 -0.930913 -1.7217e-22)
(1.78948 -1.2053 -1.13909e-22)
(1.35287 -0.707173 -6.10101e-23)
(1.07383 -1.15415 -7.52454e-24)
(0.89097 -0.633745 -7.02052e-24)
(0.443455 -1.14903 -3.57683e-24)
(0.384362 -0.809409 9.36629e-24)
(0.253336 -1.1406 -5.26407e-24)
(0.416112 -0.784724 3.50363e-24)
(2.01914 -0.992631 3.46185e-23)
(1.49644 -0.836385 -7.07833e-23)
(1.62128 -1.05617 0)
(1.83481 -0.719203 1.69086e-23)
(1.97832 -0.911187 -1.03554e-22)
(1.71381 -0.704339 -1.31215e-22)
(1.06738 -0.933012 -3.45777e-23)
(0.892711 -0.846914 1.14009e-24)
(0.403372 -1.10481 -6.0792e-24)
(0.170173 -0.858634 8.06849e-24)
(0.138215 -1.01781 -5.46772e-24)
(0.324351 -0.95334 2.91455e-24)
(2.18067 -0.826452 0)
(1.64484 -0.684887 3.3038e-23)
(1.40107 -0.968654 2.68067e-23)
(1.59821 -0.590412 0)
(1.78955 -0.742624 0)
(1.53972 -0.388385 1.02808e-23)
(1.20362 -0.846064 0)
(0.888097 -0.64954 0)
(0.583171 -1.04473 0)
(0.550142 -0.784184 -2.08796e-24)
(0.118093 -0.806008 1.44856e-24)
(0.43098 -0.886946 7.09722e-25)
(1.94598 -0.625464 0)
(1.7528 -0.427274 -3.21402e-23)
(1.47939 -0.726237 6.62876e-24)
(1.49177 -0.303272 0)
(1.70573 -0.309497 6.91683e-23)
(1.61521 -0.220511 6.46519e-23)
(1.01841 -0.580552 -2.22883e-23)
(0.627889 -0.629963 -2.85527e-24)
(0.491987 -0.952062 0)
(0.329512 -0.658944 0)
(0.154171 -1.37431 1.18706e-23)
(-0.20514 -0.872352 -1.17963e-24)
(1.82968 -0.457375 0)
(1.69309 -0.321903 -1.48133e-24)
(1.50616 -0.521104 -3.88786e-24)
(1.54341 -0.119622 5.37084e-23)
(1.68809 -0.123682 5.65957e-23)
(1.39757 0.0889479 -3.02178e-23)
(0.963947 -0.444518 -4.94368e-23)
(0.622272 -0.420264 -1.60036e-23)
(0.346884 -0.319685 -1.50401e-23)
(0.184129 -0.754439 7.61815e-24)
(-0.151011 -0.663624 6.0656e-24)
(0.433022 -1.23821 -1.97659e-24)
(1.98321 -0.380683 3.04162e-23)
(1.77371 -0.191908 3.84504e-23)
(1.55647 -0.371425 -1.04375e-23)
(1.55397 0.101942 8.36247e-23)
(1.59953 0.231599 -5.21957e-23)
(1.41417 0.129599 -5.85916e-23)
(0.921052 -0.28398 -1.21326e-22)
(0.670137 0.181592 3.58737e-24)
(0.33357 -0.470379 7.62955e-23)
(-0.013238 -0.201442 1.08003e-23)
(-0.152297 -1.04246 5.81467e-24)
(-0.817802 -0.727674 -2.1359e-24)
(1.89521 -0.257613 4.19941e-23)
(1.81926 -0.0525673 -5.05647e-23)
(1.66195 -0.128218 4.04319e-23)
(1.64265 0.363563 1.16155e-22)
(1.57238 0.328926 5.66202e-23)
(1.19195 0.285417 1.6181e-22)
(1.03263 0.247376 -1.29036e-22)
(0.500881 0.17813 -7.36294e-23)
(0.113618 -0.184848 -4.97466e-32)
(-0.317235 -0.36516 6.37886e-23)
(-0.734113 -0.636712 9.80155e-24)
(-0.273953 -1.28791 4.54911e-24)
(2.03319 -0.0628528 0)
(1.85663 0.085507 -3.26144e-23)
(1.79086 0.113801 6.41187e-23)
(1.63198 0.595455 1.13709e-22)
(1.53968 0.553367 2.10406e-22)
(1.22985 0.616743 1.93426e-22)
(0.736835 0.298039 1.51919e-22)
(0.478117 0.107003 -1.0429e-22)
(-0.0828906 -0.113234 -1.04359e-22)
(-0.249517 -0.362706 1.04429e-22)
(-0.952767 -0.739321 8.79748e-24)
(-1.5331 -0.896914 -1.38391e-23)
(2.02296 0.132192 0)
(1.84381 0.27456 -9.02322e-23)
(1.86739 0.471831 0)
(1.78745 0.920343 0)
(1.62445 0.847749 1.9175e-22)
(1.0589 0.58662 -1.5849e-23)
(0.766458 0.253459 1.90248e-22)
(0.199411 0.2087 0)
(-0.15476 -0.158805 0)
(-0.764165 -0.251028 -9.81437e-23)
(-0.944406 -0.699895 -6.3248e-23)
(-1.24156 -1.10277 -2.4474e-24)
(0.958935 -0.806683 -2.83525e-23)
(0.768201 0.297217 1.84013e-23)
(0.665722 -0.100026 3.76093e-23)
(0.440512 0.224817 -6.11559e-24)
(0.551317 -0.135077 6.89138e-24)
(0.472996 -0.377283 0)
(-1.1734 0.0113216 -3.27133e-23)
(-2.11891 -0.982799 3.69145e-33)
(-1.89476 -1.55433 -1.70085e-22)
(-2.0258 -1.84909 2.60632e-24)
(-2.19741 -1.83732 -6.15498e-23)
(-2.14101 -2.00733 0)
(1.19013 -0.858354 -2.03559e-23)
(0.828281 -0.35795 -1.03983e-23)
(-0.377218 -0.967752 3.88635e-24)
(-1.03161 -0.955926 1.05221e-23)
(-1.76133 -1.48585 0)
(-2.13288 -1.98798 -7.95588e-24)
(-2.26883 -1.91688 5.85839e-22)
(-2.05043 -2.04612 1.84684e-22)
(-1.87817 -2.17924 -2.07837e-23)
(-1.95861 -2.42314 0)
(-1.90979 -2.28605 9.86239e-24)
(-1.83879 -2.44324 0)
(0.832686 -1.14239 -1.679e-23)
(-0.476523 -1.13873 3.90076e-24)
(-0.958383 -1.77236 -3.01031e-23)
(-1.65478 -1.67927 5.0031e-24)
(-1.90365 -2.05512 -4.44253e-23)
(-2.27279 -2.22724 -6.84306e-32)
(-2.50818 -2.16026 0)
(-2.23651 -2.05464 -4.39524e-23)
(-2.09861 -1.93973 1.73655e-23)
(-1.90049 -2.04802 -9.00759e-24)
(-1.7997 -1.93531 6.94009e-24)
(-1.55431 -2.01552 1.97594e-23)
(0.955806 -1.80834 3.65715e-24)
(-0.711949 -0.880899 2.12474e-23)
(-1.6862 -2.19618 -3.60116e-24)
(-1.93827 -2.17011 -1.59453e-24)
(-2.21962 -2.47781 -2.08291e-23)
(-2.16927 -2.26941 5.5328e-23)
(-2.23549 -2.25942 -1.70101e-22)
(-1.88518 -1.91787 4.40439e-23)
(-1.86368 -1.97314 7.97053e-23)
(-1.52053 -1.92063 -4.80635e-23)
(-1.53856 -1.94681 -6.81038e-23)
(-1.12516 -2.03971 -6.40908e-23)
(-0.959922 -1.78045 -2.7046e-23)
(-1.36362 -2.27279 -1.83585e-24)
(-1.93464 -2.71684 -5.52376e-24)
(-2.12833 -2.46253 -2.3469e-23)
(-2.05334 -2.50782 -6.84775e-23)
(-1.90066 -2.18986 -2.89597e-24)
(-1.8573 -2.15275 0)
(-1.4999 -1.70835 1.23122e-23)
(-1.71429 -1.86033 3.27508e-23)
(-1.18925 -1.67664 1.82964e-23)
(-1.50596 -1.97001 5.06151e-23)
(-0.906318 -1.92519 0)
(-0.855009 -1.27109 -1.8857e-25)
(-1.7107 -1.41174 2.20315e-23)
(-2.36964 -2.01342 3.15465e-23)
(-1.76473 -1.75392 -4.04652e-23)
(-1.73985 -1.97224 -8.71038e-24)
(-1.61854 -1.7432 2.55426e-23)
(-1.34832 -1.63143 4.93084e-23)
(-1.25577 -1.50815 -2.34917e-23)
(-1.2384 -1.18344 -3.88915e-23)
(-0.973676 -1.16982 -2.82206e-23)
(-1.31671 -1.55404 0)
(-0.844616 -1.8101 0)
(-1.74723 -1.35061 0)
(-1.95874 -1.76603 3.69709e-24)
(-1.82874 -2.09344 -2.5666e-23)
(-1.37359 -1.80636 1.39862e-25)
(-1.79143 -1.92521 -1.81701e-23)
(-1.39819 -1.77555 -1.83913e-23)
(-1.20489 -1.96442 -1.36437e-23)
(-0.996469 -1.75758 -1.30816e-23)
(-0.957247 -1.59497 0)
(-1.21338 -1.07297 -2.25509e-23)
(-1.16182 -0.989342 -1.38376e-22)
(-0.808365 -1.55422 -3.466e-23)
(-1.77593 -1.37765 0)
(-2.19465 -1.32357 3.01078e-23)
(-2.18164 -1.34601 0)
(-1.84473 -1.46933 -7.65784e-24)
(-1.91624 -1.83709 3.07922e-23)
(-1.35893 -1.99864 4.74207e-23)
(-1.64561 -2.42951 -4.45911e-23)
(-1.05276 -2.28679 -5.09405e-23)
(-1.33813 -2.36397 0)
(-0.711129 -1.54406 -9.2001e-23)
(-1.42216 -1.32324 2.10807e-31)
(-0.622914 -1.13987 0)
(-2.28773 -1.35392 3.48917e-24)
(-2.3596 -1.66438 1.89128e-23)
(-2.06523 -1.83258 -1.45284e-24)
(-1.74268 -1.98427 2.40812e-32)
(-1.76722 -2.20061 -1.26273e-24)
(-2.06627 -2.46622 1.02115e-22)
(-1.79868 -2.97136 5.22786e-23)
(-1.43675 -2.90479 2.7559e-22)
(-1.17836 -2.91014 0)
(-1.06376 -2.00102 4.28339e-24)
(-1.369 -1.75296 3.74211e-23)
(-0.351205 -1.31311 -2.65546e-24)
(-2.128 -1.41341 8.71949e-25)
(-2.36072 -1.35451 2.33213e-24)
(-2.32409 -1.41852 1.02812e-23)
(-2.04192 -1.61395 1.02118e-23)
(-2.67978 -1.85737 2.28044e-32)
(-2.29598 -2.53533 1.75291e-22)
(-1.66933 -3.0757 -3.78603e-22)
(-1.51174 -3.17564 -1.24867e-32)
(-0.956739 -3.22264 0)
(-0.834525 -2.68347 -2.39918e-22)
(-0.832577 -2.15372 -6.48265e-23)
(-0.197403 -1.53508 2.35045e-32)
(-2.44668 -1.34251 3.21389e-24)
(-2.48934 -1.43503 -1.81859e-24)
(-2.40151 -1.63537 6.85951e-24)
(-2.34974 -1.87613 0)
(-2.19233 -2.19233 -8.33257e-23)
(-2.06358 -2.62368 -1.98627e-23)
(-2.16274 -2.85338 -4.84482e-22)
(-1.19343 -3.10535 -8.42321e-22)
(-0.960324 -3.16693 -1.72907e-22)
(-0.322274 -2.76853 -2.95038e-23)
(-0.403631 -2.53786 0)
(-0.192395 -1.7535 -2.60188e-23)
(-2.06643 -1.32213 1.48194e-23)
(-2.42974 -1.22781 -7.40347e-24)
(-2.59344 -1.27651 -1.53413e-24)
(-2.317 -1.50037 -3.45139e-23)
(-2.86649 -1.50366 -1.07174e-22)
(-3.02492 -1.9408 2.21017e-23)
(-1.45196 -2.49477 -1.53749e-22)
(-1.37637 -2.85037 -4.72528e-22)
(-0.178576 -3.27201 -2.16694e-22)
(-0.232088 -2.82392 -1.037e-22)
(0.0167252 -2.49185 0)
(-0.14465 -1.86048 6.5516e-23)
(-2.13751 -1.67184 4.01263e-23)
(-1.97468 -1.72703 2.61638e-22)
(-1.76798 -1.06213 1.02745e-23)
(-1.72366 -1.26641 -1.74655e-22)
(-1.1474 -0.345811 2.13052e-22)
(-1.61738 -0.568266 1.12138e-22)
(-0.689835 -0.643234 -2.09953e-24)
(-1.05026 0.100626 -7.95293e-25)
(-0.955574 -0.102572 5.41937e-24)
(-0.67926 -0.0310706 -1.22112e-24)
(-0.761 -0.0906319 -1.93251e-24)
(-0.589032 0.0217614 -4.383e-25)
(-1.70578 -2.14023 0)
(-1.65216 -2.31063 -1.75781e-22)
(-1.58525 -1.84375 -1.56314e-22)
(-1.5033 -1.93648 1.0531e-22)
(-1.31951 -1.38301 0)
(-1.20385 -1.04208 1.26502e-23)
(-0.999116 -1.33697 0)
(-1.08806 -0.48621 -3.36858e-23)
(-0.757444 -0.82691 -6.82818e-24)
(-0.775875 -0.510334 2.93866e-24)
(-0.600589 -0.163293 1.38308e-24)
(-0.740239 -0.0864058 -3.18226e-25)
(-1.47338 -1.77821 0)
(-1.22215 -1.8079 0)
(-1.37192 -1.54639 1.84281e-22)
(-1.09996 -1.6289 5.3575e-24)
(-1.11724 -1.50532 -5.47523e-24)
(-1.03678 -0.92237 -6.55784e-23)
(-0.939884 -1.34213 -1.60827e-24)
(-0.960388 -0.644963 3.48132e-24)
(-0.719477 -0.597739 0)
(-0.876704 -0.632216 2.48023e-24)
(-0.736765 -0.243733 7.21447e-25)
(-0.779765 0.184629 -2.57824e-25)
(-1.20522 -1.91689 0)
(-0.844771 -1.67854 0)
(-1.13025 -1.62442 1.67234e-22)
(-0.786194 -1.54433 1.31598e-22)
(-0.956428 -1.70284 7.2545e-23)
(-0.668969 -1.0181 1.66118e-24)
(-0.676374 -1.18943 5.57823e-24)
(-0.79882 -1.14848 1.92333e-23)
(-0.72285 -0.815379 9.62582e-24)
(-0.728251 -0.547974 -3.23982e-24)
(-0.953432 -0.324663 2.49055e-24)
(-0.814964 0.0740912 -5.00182e-25)
(-1.06184 -2.12297 4.20819e-23)
(-0.580702 -1.76945 2.08154e-23)
(-0.981449 -1.56635 0)
(-0.568861 -1.38701 -4.59363e-24)
(-0.685033 -1.76665 9.24571e-24)
(-0.511173 -1.35561 9.67179e-24)
(-0.655943 -1.19987 -4.93968e-24)
(-0.551492 -0.75431 2.03448e-24)
(-0.73409 -0.749613 1.45922e-24)
(-0.838469 -0.504797 3.41614e-24)
(-1.01928 -0.256873 4.84192e-25)
(-0.878661 0.217317 -1.43168e-25)
(-0.885824 -2.09523 6.72994e-23)
(-0.480565 -2.03385 -6.67721e-24)
(-0.759694 -1.79303 -8.37688e-25)
(-0.51248 -1.51618 3.12622e-23)
(-0.57313 -1.64773 5.28122e-23)
(-0.420272 -1.34532 4.56429e-23)
(-0.511539 -1.14604 -4.41031e-25)
(-0.591468 -1.01984 -9.88034e-24)
(-0.687096 -0.649848 -2.92827e-25)
(-0.681913 -0.319968 2.62613e-24)
(-0.995548 -0.299099 0)
(-0.980598 0.0410605 1.6917e-32)
(-0.658308 -1.91434 5.37503e-23)
(-0.275021 -1.81079 7.58235e-23)
(-0.640549 -1.71347 -2.36397e-23)
(-0.377024 -1.5188 -3.35645e-23)
(-0.386849 -1.73596 4.60398e-23)
(-0.289248 -1.464 2.60204e-23)
(-0.492175 -1.23055 1.25428e-23)
(-0.470788 -0.824808 -4.35704e-33)
(-0.722093 -0.66608 -8.57128e-24)
(-0.760915 -0.182844 0)
(-1.15998 0.0304238 0)
(-1.08448 0.398618 -8.30857e-25)
(-0.63235 -1.7443 -2.28918e-23)
(-0.0973896 -1.81733 -5.81263e-23)
(-0.480259 -1.72325 0)
(-0.258047 -1.51886 0)
(-0.246987 -1.71788 -4.9683e-23)
(-0.159979 -1.40533 -2.81816e-23)
(-0.364373 -1.11126 -1.55255e-23)
(-0.42403 -0.876679 1.81195e-23)
(-0.487076 -0.569755 -1.2107e-24)
(-0.917165 -0.102818 -1.21839e-23)
(-0.788019 0.088856 -9.04632e-24)
(-1.31899 -0.00260343 2.74998e-25)
(-0.513047 -1.80117 1.42129e-23)
(-0.0139955 -1.73275 8.6671e-23)
(-0.43819 -1.73886 2.91775e-23)
(-0.0821532 -1.52751 3.3576e-23)
(-0.0456681 -1.70967 3.64391e-23)
(-0.0345047 -1.35744 0)
(-0.404543 -1.23575 -1.94911e-23)
(-0.310529 -0.804915 1.67982e-23)
(-1.05029 -0.443365 -7.09476e-24)
(-0.644659 0.0724366 -2.62095e-24)
(-1.39367 0.247738 2.03174e-24)
(-0.877287 0.740584 2.07757e-24)
(-0.592366 -1.78436 -2.58689e-23)
(0.0793501 -1.76864 0)
(-0.293573 -1.76654 -2.19452e-23)
(0.0954066 -1.56434 2.71477e-23)
(0.0537096 -1.71039 -1.76009e-23)
(-0.0963464 -1.33062 -9.68849e-24)
(-0.282887 -1.01822 5.28184e-23)
(-0.729496 -0.585442 -5.98758e-24)
(-0.575353 -0.367274 -2.04933e-23)
(-0.98894 0.0361132 -1.1489e-23)
(-0.81825 0.441032 -8.24926e-24)
(-1.46132 0.313971 -1.592e-24)
(-0.392554 -1.80283 -3.05565e-23)
(0.150809 -1.7534 0)
(-0.191067 -1.76433 -6.73251e-23)
(0.270905 -1.64094 -4.22076e-24)
(0.0385344 -1.67984 6.13793e-23)
(-0.0435528 -1.17662 5.80124e-23)
(-0.643726 -0.885234 3.8393e-23)
(-0.281852 -0.558299 6.63346e-23)
(-0.620298 -0.24367 5.06273e-23)
(-0.644976 0.259691 -2.73216e-23)
(-1.15827 0.505386 -3.43224e-24)
(-0.849279 1.16601 1.35889e-24)
(-0.190681 -1.8488 -3.42761e-23)
(0.309242 -1.76587 0)
(0.020178 -1.76191 -2.77584e-23)
(0.392675 -1.64425 5.11936e-23)
(0.127617 -1.59072 1.45629e-22)
(-0.233045 -1.06321 1.12079e-22)
(0.0546673 -1.01772 0)
(0.0611856 -0.545117 1.24987e-22)
(-0.25496 -0.234385 -1.50059e-23)
(-0.308064 0.458696 0)
(-0.767066 0.68455 -3.08418e-24)
(-1.23253 0.928512 1.17534e-24)
(-0.639291 -0.507961 1.24718e-23)
(0.0302094 -0.637641 5.86776e-23)
(-0.0719329 -0.56082 2.98553e-23)
(0.0342181 -0.515999 -1.72613e-23)
(-0.315033 -0.785081 6.27852e-24)
(-0.453199 -0.516076 -3.49002e-23)
(0.0500344 1.55076 -2.97912e-22)
(-1.16519 2.20492 1.34799e-22)
(-1.52045 1.8074 1.70494e-22)
(-1.79182 1.97237 1.37801e-22)
(-1.69594 2.06033 1.93877e-23)
(-1.82921 2.03796 3.92859e-23)
(-0.584047 -1.15167 -2.63292e-24)
(-0.796605 -0.655958 -2.45208e-24)
(-0.774204 0.481412 -3.00679e-24)
(-1.04635 1.13161 4.81889e-25)
(-1.52108 1.79055 1.38164e-22)
(-2.24392 2.21125 0)
(-1.95969 2.17187 1.00498e-23)
(-2.21032 1.75284 0)
(-2.22296 1.5682 8.26953e-24)
(-2.33228 1.59441 4.4885e-23)
(-2.13873 1.61178 0)
(-2.13308 1.53257 3.77328e-23)
(-0.977177 -0.254614 -1.9925e-23)
(-1.18238 0.194109 1.71958e-23)
(-1.6122 0.8731 -4.46431e-23)
(-1.73778 1.6537 0)
(-1.839 1.83162 -4.47988e-23)
(-2.20374 2.25438 -5.56992e-23)
(-1.90466 2.32606 -1.26609e-22)
(-2.00367 2.0562 2.80954e-23)
(-1.97814 1.95698 3.95431e-23)
(-2.13095 1.79531 -7.20577e-33)
(-2.02846 1.85021 4.03627e-23)
(-2.02447 1.69312 1.95597e-23)
(-1.52101 -0.637936 -1.73439e-23)
(-1.11688 0.788518 2.90319e-23)
(-2.06446 1.53836 1.13401e-23)
(-1.92902 1.83052 -3.62979e-23)
(-2.25825 1.91326 -1.1396e-22)
(-2.22119 2.18977 3.09819e-23)
(-2.28425 2.05464 0)
(-2.35023 2.09845 -3.14707e-23)
(-2.43463 1.84976 0)
(-2.37065 1.70178 -2.0423e-23)
(-2.22248 1.63114 -2.2229e-24)
(-2.10833 1.64564 1.27814e-23)
(-1.36944 0.999687 -1.07359e-23)
(-1.76904 1.13319 -5.02333e-25)
(-2.13028 1.57762 -2.20147e-23)
(-2.13937 1.7736 2.4172e-23)
(-2.19434 2.14428 -4.46027e-23)
(-2.08547 1.99554 1.08983e-22)
(-2.13457 2.08772 -1.29619e-22)
(-2.10904 2.0018 -4.06324e-23)
(-2.24543 1.80955 0)
(-2.20977 1.47996 -9.10394e-23)
(-2.12766 1.64737 -1.07752e-22)
(-1.92317 1.4517 0)
(-1.36604 0.706484 3.80279e-24)
(-1.20542 1.31003 2.06854e-23)
(-1.63784 1.99099 0)
(-1.69044 2.24792 -5.83814e-23)
(-2.08302 2.09673 0)
(-1.93634 1.85126 0)
(-2.12708 2.09885 8.37858e-23)
(-2.09803 1.81014 1.18401e-22)
(-2.34148 1.7338 0)
(-2.26511 1.3794 -2.36801e-22)
(-2.36042 1.6417 -3.84519e-22)
(-2.04608 1.45688 1.97248e-22)
(-1.14411 1.4498 -3.27693e-24)
(-1.58598 1.86429 2.06087e-23)
(-1.91494 2.09471 1.22159e-23)
(-2.06837 1.78371 1.58906e-23)
(-1.99978 1.76221 0)
(-1.90142 2.0487 -5.45128e-23)
(-1.89494 1.98242 -1.8764e-22)
(-1.87851 1.79073 -1.1373e-22)
(-2.1303 1.68182 0)
(-2.17629 1.31757 -3.57379e-23)
(-2.52527 1.67321 -5.49753e-23)
(-2.33434 1.32589 -3.17496e-25)
(-1.41101 1.34034 4.9797e-25)
(-1.36162 1.95939 -9.93852e-24)
(-1.5391 2.27417 -1.45864e-24)
(-1.18882 2.12576 -3.25533e-23)
(-1.45738 2.40814 -2.00812e-24)
(-1.52672 1.95927 1.13116e-22)
(-1.62246 1.73646 7.81526e-23)
(-1.63167 1.81157 1.66234e-22)
(-1.80759 1.45541 6.92564e-23)
(-1.87865 1.39133 -5.53062e-23)
(-1.84084 1.25311 -5.98875e-24)
(-2.24266 1.10938 -1.08909e-22)
(-1.15747 1.80933 -3.41195e-24)
(-1.49638 2.19928 -3.10277e-24)
(-1.59953 2.33884 0)
(-1.8288 1.96727 1.01462e-32)
(-1.95292 1.67173 3.44008e-23)
(-1.86755 1.40091 -6.6402e-23)
(-1.75666 2.09581 3.83181e-23)
(-1.99676 1.84187 5.48945e-23)
(-2.11509 1.6977 1.47759e-22)
(-2.07867 1.17861 7.65201e-23)
(-1.62305 1.10584 0)
(-1.67052 0.723967 0)
(-1.46973 1.58864 5.62316e-25)
(-1.3279 2.16428 5.8672e-24)
(-1.44261 2.33998 5.74057e-24)
(-1.31237 1.98997 2.16522e-23)
(-1.4536 2.29108 2.26695e-23)
(-1.50567 2.50348 -1.66421e-23)
(-2.20402 2.4142 3.21312e-22)
(-2.36719 1.99373 1.60061e-22)
(-2.3051 1.61327 1.37871e-22)
(-2.55396 0.832384 -9.64474e-23)
(-2.23938 0.858247 0)
(-1.78822 0.404315 -6.51144e-25)
(-1.18357 1.9182 -2.15151e-24)
(-1.36232 2.31872 2.06189e-25)
(-1.25294 2.37719 2.20995e-23)
(-1.57165 2.1844 7.82246e-32)
(-1.83561 2.192 1.48566e-23)
(-2.17355 1.68496 -1.02671e-22)
(-2.25928 2.10782 4.47472e-22)
(-1.91199 1.72155 1.46703e-22)
(-2.11116 1.15855 -5.28944e-23)
(-2.19976 0.736005 -6.48219e-23)
(-2.24719 0.297278 -6.85152e-23)
(-1.82746 -0.140495 2.06148e-24)
(-1.34153 1.40294 -1.59002e-23)
(-1.07944 2.19715 -5.72335e-24)
(-1.12275 2.44214 -1.09177e-23)
(-1.0843 2.20513 -6.31955e-24)
(-1.38024 2.3942 -2.45221e-23)
(-0.905357 2.58274 -1.10026e-22)
(-1.34268 2.80199 1.02293e-22)
(-1.56983 0.809398 6.65566e-23)
(-1.56001 1.06837 1.44337e-31)
(-2.02474 0.244719 -2.65868e-23)
(-2.04182 -0.164887 6.44417e-23)
(-1.73816 -0.412781 1.51149e-24)
(-1.55689 2.06146 -7.75412e-23)
(-1.57701 1.93581 3.54627e-23)
(-1.12927 1.82263 1.08013e-23)
(-1.13725 1.66101 -2.80452e-22)
(-0.669611 1.51023 -3.19706e-22)
(-0.751647 1.36022 -2.09176e-22)
(-0.589127 1.25341 -1.87264e-23)
(-0.430318 0.854698 2.14193e-24)
(0.0497305 1.05151 8.29903e-25)
(-0.228156 0.889111 1.60259e-24)
(-0.271049 0.7675 -1.21054e-23)
(0.058362 0.515239 -7.33806e-25)
(-1.96835 1.59732 -8.53672e-23)
(-1.88555 1.42282 -8.8268e-23)
(-1.74497 1.49554 0)
(-1.40219 1.26443 4.5146e-23)
(-1.38531 1.43863 3.80391e-23)
(-0.629125 1.03935 0)
(-1.15145 1.44573 5.89859e-23)
(-0.82314 0.964946 3.34762e-23)
(-0.488074 1.34691 9.78809e-33)
(-0.503393 0.62989 -1.31864e-24)
(-0.574704 1.16413 -2.06681e-24)
(-0.0126376 0.490406 6.6484e-26)
(-1.9122 1.80986 1.5168e-22)
(-1.87637 1.53761 2.20593e-22)
(-1.73695 1.50664 0)
(-1.5231 1.27649 1.2719e-22)
(-1.44226 1.24767 2.13984e-23)
(-0.897288 1.07081 4.25597e-23)
(-0.605743 1.06974 1.32099e-23)
(-0.95403 0.919374 1.11668e-23)
(-0.601024 1.02889 -3.46267e-24)
(-0.593901 0.92949 -1.55454e-24)
(-0.509044 0.957217 -1.45978e-24)
(-0.271958 0.965986 0)
(-2.12243 1.67635 4.2013e-23)
(-2.13355 1.44109 -2.50551e-23)
(-1.95784 1.27775 -2.98092e-23)
(-1.59673 1.25516 -1.57623e-22)
(-1.63378 1.15266 -1.54621e-22)
(-1.40725 1.135 -4.1008e-23)
(-1.03418 0.901148 -5.22869e-25)
(-0.842989 0.881693 4.23056e-24)
(-0.640641 0.958461 -1.95917e-24)
(-0.575977 0.848117 0)
(-0.609516 1.01873 0)
(-0.502917 0.944781 0)
(-1.97359 1.6476 0)
(-2.19123 1.18391 2.10364e-22)
(-2.02876 1.04564 1.89686e-23)
(-1.77029 1.01012 3.79307e-23)
(-1.63701 0.952111 5.73076e-23)
(-1.49502 0.849859 5.02101e-23)
(-1.19401 0.832385 1.59312e-23)
(-0.956564 0.802604 9.64963e-25)
(-0.651309 0.889415 9.14207e-25)
(-0.542192 0.906068 -5.62757e-24)
(-0.444559 0.911752 -2.58849e-24)
(-0.419928 1.01329 7.48682e-25)
(-1.91241 1.5189 7.35141e-23)
(-2.15134 1.02045 0)
(-1.95451 0.742525 -1.72537e-22)
(-1.59867 0.818927 -5.69625e-24)
(-1.76172 0.708492 7.6018e-23)
(-1.56083 0.624613 7.94689e-24)
(-1.35708 0.688032 0)
(-0.892632 0.706106 -4.6364e-24)
(-0.643309 0.94719 2.50823e-24)
(-0.512174 0.866683 -2.37623e-24)
(-0.424237 0.997237 -5.12507e-25)
(-0.445964 1.00845 8.50078e-25)
(-2.02841 1.34614 4.11425e-22)
(-2.32845 0.589124 1.67659e-22)
(-2.42747 0.60338 -1.5328e-22)
(-1.68215 0.512676 -9.20503e-23)
(-1.59663 0.491267 8.23435e-23)
(-1.52168 0.340087 7.01098e-23)
(-1.21922 0.473245 3.92574e-24)
(-0.813688 0.586836 0)
(-0.570405 0.751488 0)
(-0.530917 0.812406 0)
(-0.346694 0.911256 1.11593e-24)
(-0.263462 1.06131 -8.31517e-26)
(-2.14275 0.924108 2.02132e-22)
(-1.95142 0.115626 1.61154e-22)
(-2.08248 0.20782 1.3196e-23)
(-1.79849 0.201459 3.76265e-23)
(-1.64453 0.0864021 0)
(-1.37235 0.0752978 -2.50088e-24)
(-1.18542 0.23416 -4.94765e-23)
(-0.740848 0.37206 4.47679e-24)
(-0.445022 0.614438 -1.44825e-24)
(-0.38774 0.7527 0)
(-0.250855 1.02764 9.52094e-25)
(-0.213177 1.16844 2.26203e-24)
(-2.11109 0.416404 -1.5401e-31)
(-2.17161 -0.213017 0)
(-2.05566 -0.0717091 -2.35364e-23)
(-1.74807 -0.145442 -4.12555e-23)
(-1.64974 -0.191541 5.7861e-23)
(-1.37987 -0.203201 1.19357e-22)
(-1.00925 -0.0304355 9.33873e-24)
(-0.551364 0.396407 6.14636e-24)
(-0.21433 0.62328 1.18999e-23)
(-0.0748432 0.824127 2.83377e-24)
(0.0469725 1.16702 4.82815e-25)
(0.0329979 1.29374 8.43264e-25)
(-1.96511 -0.0778588 -1.14727e-23)
(-1.97878 -0.44687 9.44022e-23)
(-1.96522 -0.260412 3.0575e-23)
(-1.70803 -0.402991 -5.16761e-23)
(-1.62286 -0.435883 -5.95012e-23)
(-1.27896 -0.353239 -7.40767e-23)
(-0.832706 -0.0711809 1.16979e-22)
(-0.424152 0.311425 6.07755e-23)
(-0.0989647 0.256712 -2.24504e-32)
(0.00893638 0.749895 0)
(0.204763 0.735403 1.08902e-23)
(-0.107308 1.22103 1.41715e-24)
(-1.97119 -0.339773 -3.47845e-23)
(-2.02423 -0.67528 1.43805e-23)
(-1.93445 -0.58617 8.94747e-23)
(-1.70198 -0.66145 5.80376e-23)
(-1.57556 -0.584473 9.56908e-23)
(-1.24571 -0.398007 5.75851e-23)
(-0.761542 0.0759488 4.03162e-23)
(-0.268565 -0.0184512 -8.25418e-23)
(0.130853 0.393558 -3.9949e-23)
(0.404267 0.553227 1.00448e-23)
(0.450692 1.07862 2.82168e-23)
(0.727048 1.09443 3.96094e-24)
(-1.86697 -0.551128 0)
(-1.86172 -0.79486 5.44101e-23)
(-1.85941 -0.733683 -6.2285e-23)
(-1.61582 -0.864766 4.20338e-23)
(-1.44342 -0.729667 1.01359e-22)
(-1.08919 -0.275649 2.20144e-22)
(-0.77058 -0.150829 -1.45157e-22)
(-0.266906 -0.0524557 -1.62737e-22)
(0.231909 0.185732 -2.23028e-23)
(0.579224 0.358164 0)
(0.665102 0.734744 5.33881e-24)
(0.582584 1.22078 1.61786e-23)
(2.08328 1.00426 1.05378e-23)
(2.98616 1.06137 0)
(2.94753 1.04532 0)
(2.58667 1.29411 0)
(2.53494 1.58238 -5.31237e-23)
(1.51986 1.92187 4.5491e-23)
(0.923993 2.25855 -1.11889e-22)
(1.3458 2.04997 -8.87962e-23)
(0.165813 1.98241 0)
(0.215247 2.11227 -1.94029e-31)
(0.0312953 2.21875 0)
(-0.994997 1.92446 0)
(1.39735 0.664439 1.22658e-23)
(2.5589 0.745585 -2.41753e-23)
(2.80143 0.969715 -1.72842e-23)
(2.69809 0.978146 4.33428e-23)
(3.13043 1.09101 1.42956e-24)
(2.5488 0.691948 -5.53928e-23)
(2.73798 1.09696 9.86238e-24)
(0.0682736 1.87961 -4.85512e-31)
(0.499276 1.84334 0)
(-0.00559626 1.70813 1.23368e-23)
(-0.485312 1.98614 5.25362e-23)
(-1.28769 1.86823 1.1226e-22)
(1.92892 0.89855 1.88087e-23)
(2.87856 0.418884 7.64273e-24)
(3.00968 0.684393 0)
(2.65664 1.06201 0)
(2.46283 1.24927 3.76405e-31)
(1.44067 1.38037 1.86899e-23)
(0.425787 1.87301 1.51491e-23)
(0.439565 1.49774 -1.04741e-22)
(0.147267 1.82686 1.19446e-22)
(-0.164394 1.77261 -5.25181e-23)
(-0.821446 1.92057 -1.19185e-24)
(-1.51315 1.81369 7.45724e-23)
(1.60867 0.673827 0)
(2.45347 0.359899 0)
(2.97779 0.322023 0)
(2.84329 0.46088 0)
(2.99002 0.629761 -1.00586e-32)
(2.32423 0.302992 0)
(2.28479 0.481989 0)
(0.127767 1.05215 0)
(0.332287 1.53218 4.83758e-23)
(-0.627034 1.35304 -2.50404e-23)
(-1.2525 1.84398 -7.43662e-25)
(-1.5653 1.75626 2.18684e-23)
(-0.894553 2.01092 -7.31048e-33)
(-1.01285 1.82836 0)
(-1.10232 1.91 -4.78466e-22)
(-1.69066 1.95735 -6.07559e-22)
(-1.24102 1.66184 5.3099e-22)
(-0.94213 1.2623 2.82698e-22)
(-0.640391 0.764375 -1.9612e-23)
(-0.461611 0.233754 3.08128e-22)
(-0.0432958 -0.297796 -2.99053e-22)
(0.2371 -0.956989 -5.83724e-32)
(0.656262 -2.11572 -1.44629e-22)
(0.875322 -2.65846 -8.09786e-23)
(-0.970397 1.99057 6.35756e-23)
(-1.17011 1.8041 -8.61055e-23)
(-1.63164 1.98953 -2.59053e-22)
(-1.8882 1.97981 -4.04027e-22)
(-1.32016 1.75992 1.21712e-21)
(-1.16973 1.2133 -1.08308e-23)
(-0.727232 0.789634 3.90381e-22)
(-0.495987 0.134104 7.85098e-22)
(-0.181877 -0.51655 -3.83711e-22)
(-0.0170256 -0.853203 -1.82939e-22)
(0.428944 -1.20095 -8.43012e-23)
(0.452467 -2.28774 -9.83594e-23)
(-1.03977 1.96613 1.03226e-23)
(-1.58752 1.76982 -9.06007e-23)
(-1.87975 2.19278 -1.04799e-22)
(-1.90646 1.9997 -3.10605e-22)
(-1.27759 1.70709 4.49337e-22)
(-1.21555 1.17388 -2.86007e-23)
(-0.694807 0.719218 4.84899e-22)
(-0.398122 -0.131449 9.55938e-22)
(0.0488537 -0.864792 -4.48368e-22)
(0.0900854 -1.82682 0)
(0.439406 -2.22957 -1.10423e-23)
(0.555418 -2.86351 -8.28198e-23)
(-1.11818 1.95434 5.54452e-23)
(-1.99993 1.88722 1.06374e-22)
(-1.88766 2.21021 0)
(-1.63205 1.85325 -2.19345e-22)
(-1.01054 1.66104 -2.60537e-22)
(-1.07835 1.15985 -1.15412e-22)
(-0.553854 0.765757 0)
(-0.439661 -0.0174571 3.5677e-22)
(0.00476635 -0.223759 -2.84721e-22)
(0.0410942 -1.10811 0)
(0.270554 -1.6398 1.72474e-23)
(0.330007 -2.64227 -2.65795e-23)
(1.1992 -2.31413 1.32249e-23)
(1.31623 -2.79174 0)
(1.37246 -2.73464 0)
(1.46526 -2.7136 0)
(1.67082 -2.59756 -7.76794e-23)
(1.92382 -1.68182 0)
(2.1132 -1.53912 0)
(2.29059 -1.03089 -4.69916e-23)
(2.49383 -0.500631 8.70977e-24)
(2.49471 0.292193 0)
(2.64991 0.476098 -1.12439e-22)
(2.34449 0.630216 -8.83603e-23)
(0.912259 -2.1484 -2.42889e-23)
(0.923185 -2.76495 -7.89154e-24)
(1.07746 -2.79808 0)
(1.13495 -2.76128 2.5937e-23)
(1.21542 -2.98943 -5.23332e-23)
(1.32425 -2.69096 -4.52402e-23)
(1.76576 -2.0634 2.02896e-23)
(1.88414 -0.733945 9.47942e-24)
(2.4705 -0.108494 1.31754e-22)
(2.37083 0.397914 0)
(2.47707 0.749441 0)
(2.30357 0.939878 2.1442e-22)
(0.849437 -2.42967 -2.60997e-23)
(0.954786 -2.72567 -1.82575e-23)
(1.02282 -2.78135 0)
(1.12692 -2.77804 -3.96926e-23)
(1.22779 -2.7106 -2.86772e-23)
(1.55012 -1.71792 2.92011e-23)
(1.71501 -0.69144 4.68438e-23)
(2.30931 -0.699434 0)
(2.19302 0.108488 1.07607e-22)
(2.10889 0.818553 -3.25161e-25)
(2.42704 0.894015 2.06091e-24)
(2.14466 1.12239 2.34371e-22)
(0.614837 -2.49737 -3.70355e-23)
(0.636697 -2.81733 -2.07094e-23)
(0.776319 -2.85636 1.89424e-23)
(0.773315 -2.81074 -2.33865e-23)
(0.845907 -3.00564 -3.50274e-23)
(0.874368 -2.55011 0)
(1.38692 -2.37041 0)
(0.984353 -0.596568 9.27853e-23)
(1.98545 0.228963 0)
(1.95356 0.952425 -1.0734e-22)
(2.38482 1.11908 3.36959e-23)
(1.98593 1.2401 3.4574e-23)
(2.02953 0.312207 0)
(1.86426 0.520443 -1.30928e-22)
(1.92331 0.759823 -2.33776e-23)
(1.87919 1.17473 0)
(1.49643 0.864986 -2.03727e-22)
(1.10252 0.58673 2.70898e-22)
(0.692004 0.518457 0)
(0.239004 0.272758 0)
(-0.344932 0.114371 0)
(-0.798617 -0.226358 -2.92596e-22)
(-1.72203 -0.545864 -6.87349e-23)
(-2.25297 -0.822836 3.52683e-23)
(1.97227 0.559465 0)
(1.79393 0.643679 -5.98053e-23)
(1.99639 1.0146 5.03577e-23)
(1.82699 1.36807 0)
(1.63324 0.89162 -5.14686e-22)
(1.17677 0.948921 -4.28795e-24)
(0.775969 0.614716 3.42312e-22)
(0.174518 0.431112 -3.79419e-22)
(-0.448078 0.188138 -1.79182e-23)
(-0.880897 0.0705887 -1.90751e-22)
(-1.17563 -0.343494 -1.10861e-23)
(-1.9686 -0.529159 -7.01165e-33)
(1.92067 0.660731 0)
(1.86202 0.861745 2.59823e-23)
(2.01621 1.17832 6.52392e-23)
(1.95912 1.4057 2.11465e-22)
(1.70651 1.08983 4.46951e-22)
(1.28204 1.03598 -3.05269e-22)
(0.79525 0.583625 -1.40398e-23)
(0.014221 0.374249 -3.9491e-22)
(-0.662858 -0.0519885 2.46741e-23)
(-1.55159 -0.0886556 0)
(-2.02064 -0.313262 -1.50526e-22)
(-2.60343 -0.572115 -3.13001e-23)
(1.81579 0.790029 0)
(1.84213 1.00576 -1.44929e-23)
(2.21195 1.23124 -1.3194e-22)
(1.97493 1.29257 5.2005e-23)
(1.73667 0.874523 1.89823e-22)
(1.21485 0.850338 0)
(0.849252 0.347449 -2.35338e-22)
(0.0877429 0.327806 -1.24168e-23)
(-0.192694 -0.0853125 -4.48353e-23)
(-0.961192 -0.106012 0)
(-1.4937 -0.286381 -1.13362e-22)
(-2.30744 -0.368181 0)
(-2.27946 -1.20326 1.10535e-23)
(-2.544 -1.24784 6.29655e-24)
(-2.58054 -1.27333 4.38489e-24)
(-2.60203 -1.44792 2.65134e-23)
(-2.7172 -1.54746 0)
(-1.83203 -2.10372 -2.30984e-23)
(-1.5058 -2.20036 4.96533e-24)
(-1.02717 -2.76347 -2.56409e-22)
(-0.23878 -2.86726 0)
(0.453498 -2.71519 0)
(0.191532 -2.53139 8.97975e-23)
(0.207986 -1.82006 1.51339e-22)
(-1.98538 -0.842189 6.88877e-24)
(-2.44596 -0.915197 -1.81969e-23)
(-2.70775 -1.01898 -1.26088e-23)
(-2.51792 -1.24504 7.2816e-23)
(-2.88192 -1.13369 1.74249e-24)
(-3.02108 -1.22535 -9.1182e-25)
(-1.7919 -1.64388 -1.45336e-23)
(-0.925571 -1.71401 -4.81237e-23)
(0.309315 -2.69616 -1.43289e-22)
(0.472363 -2.38347 1.12831e-22)
(0.615709 -2.46879 7.20778e-23)
(0.343434 -1.86629 -8.48107e-23)
(-2.39685 -0.867082 1.50382e-23)
(-2.52949 -0.962898 0)
(-2.6766 -0.907069 0)
(-2.7299 -1.0863 1.69126e-23)
(-2.83648 -1.21567 3.22714e-23)
(-1.81209 -1.58106 1.13036e-31)
(-0.488088 -1.64041 -3.12679e-23)
(-0.614378 -2.33075 0)
(0.457184 -2.32967 1.19301e-22)
(0.909955 -2.33948 2.7041e-22)
(0.653667 -2.38623 0)
(0.578927 -1.68281 -9.99276e-23)
(-2.3286 -0.548473 0)
(-2.51293 -0.661745 -2.77256e-24)
(-2.77779 -0.755698 8.82311e-24)
(-2.5976 -0.835045 -6.71591e-23)
(-2.89196 -0.837196 -1.74425e-23)
(-2.89155 -0.862877 2.76143e-23)
(-2.08295 -1.36117 8.47176e-23)
(-0.955884 -1.16998 0)
(0.778483 -2.16698 -1.02952e-22)
(0.942598 -2.04184 -1.34538e-22)
(0.906036 -2.27816 -3.35701e-23)
(0.760829 -1.52303 -5.648e-24)
(0.0282485 -1.78862 -1.97326e-23)
(0.42741 -1.74451 -2.55274e-24)
(0.214017 -1.78733 0)
(0.49934 -1.60463 -5.06873e-23)
(0.0363036 -1.56367 4.55235e-24)
(0.442095 -1.17923 0)
(0.293121 -0.964741 0)
(0.180394 -0.516297 1.86841e-22)
(-0.0115043 -0.00763756 0)
(-0.255327 0.542493 0)
(-0.476849 1.13777 -4.8035e-23)
(-0.74201 1.84158 4.33165e-23)
(0.10681 -1.79983 -1.89128e-23)
(0.546143 -1.62377 0)
(0.370884 -1.66897 0)
(0.520321 -1.53268 -7.83811e-23)
(0.494619 -1.61664 2.71359e-23)
(0.526059 -1.16583 -1.4036e-22)
(0.287978 -0.982571 8.83937e-24)
(0.221879 -0.356545 2.01524e-22)
(-0.0206354 -0.0401552 5.37261e-24)
(-0.130903 0.614167 0)
(-0.290388 0.81891 -6.13936e-23)
(-0.48736 1.47541 6.1952e-23)
(0.296299 -1.83572 -9.0758e-23)
(0.723813 -1.64863 1.61198e-24)
(0.412081 -1.65071 -1.5943e-24)
(0.687063 -1.50836 4.22832e-23)
(0.41032 -1.51266 0)
(0.674251 -1.26103 -1.82646e-22)
(0.434322 -0.994718 -1.01262e-23)
(0.179072 -0.400767 0)
(-0.123475 0.21833 2.67365e-22)
(-0.294145 0.897377 0)
(-0.335113 1.54577 1.03169e-22)
(-0.389277 2.14255 3.47683e-23)
(0.442622 -1.80307 -5.69598e-23)
(0.836385 -1.57838 1.87265e-23)
(0.595022 -1.56894 1.92278e-23)
(0.593983 -1.47044 0)
(0.508607 -1.6302 6.15475e-23)
(0.727295 -1.29871 0)
(0.278052 -0.993297 0)
(0.340378 -0.461257 1.64803e-23)
(0.068886 -0.128406 -2.41168e-23)
(-0.0885419 0.386318 -2.04617e-22)
(-0.317067 0.77709 9.80649e-23)
(-0.21337 1.8447 4.18757e-23)
(-1.12509 1.58171 -3.2016e-24)
(-1.04108 2.18134 6.37692e-25)
(-0.809637 2.43372 7.5989e-32)
(-1.07114 2.3349 7.08341e-24)
(-1.2789 2.31591 -6.03815e-24)
(-1.51013 1.76687 -5.15138e-23)
(-1.90754 1.25047 -4.39699e-23)
(-1.21214 0.849776 0)
(-1.49754 0.759802 -1.47424e-22)
(-1.70284 0.232493 -2.40595e-22)
(-1.93992 -0.519186 0)
(-1.66775 -0.556995 8.43208e-32)
(-0.737339 1.31376 2.5626e-23)
(-0.663354 1.96789 2.20255e-23)
(-0.679972 2.40767 9.1398e-24)
(-0.596941 2.3048 -1.61923e-23)
(-1.02398 2.43023 -5.14318e-24)
(-0.557796 2.25047 -5.68747e-24)
(-0.861771 2.60378 -6.57359e-23)
(-1.82736 0.470226 -1.01705e-24)
(-1.15959 0.955196 -9.25768e-23)
(-1.7734 -0.23204 -1.13931e-22)
(-1.89094 -0.815237 -6.50535e-23)
(-1.51713 -0.66261 3.19808e-23)
(-0.7879 1.65333 3.28859e-23)
(-0.677663 1.86011 2.83107e-23)
(-0.509235 2.37622 0)
(-0.563581 2.44894 -9.9131e-25)
(-0.824675 2.2452 4.5516e-23)
(-1.0913 1.67003 5.56147e-23)
(-1.51048 1.01395 5.76444e-23)
(-1.66265 0.405458 -1.16042e-23)
(-2.04353 0.590154 -1.90864e-22)
(-1.65199 -0.525968 -4.55349e-23)
(-1.85122 -0.903792 -4.16543e-23)
(-1.56556 -0.68421 1.18976e-23)
(-0.44129 1.79515 3.93812e-24)
(-0.537463 1.86783 2.77877e-24)
(-0.394183 2.2259 0)
(-0.200109 2.39479 4.99556e-23)
(-0.529388 2.5414 1.97126e-23)
(-0.0817853 2.31787 0)
(-0.474555 2.66607 1.25556e-23)
(-1.00769 0.724141 -9.34198e-23)
(-0.911914 0.661816 -1.31503e-22)
(-1.53727 -0.641344 0)
(-1.79018 -1.0728 1.91354e-24)
(-1.46709 -0.748853 -1.64715e-23)
(-1.854 -0.621305 0)
(-1.89949 -0.985844 0)
(-1.8464 -0.993317 -7.82631e-32)
(-1.6485 -1.0195 0)
(-1.3931 -0.586924 2.33293e-22)
(-1.04082 -0.474215 2.85366e-22)
(-0.806583 -0.287979 -1.54479e-22)
(-0.327803 -0.0439436 1.6195e-22)
(0.318572 0.146271 0)
(0.757854 0.24594 0)
(1.18706 0.619742 4.02773e-23)
(1.35291 0.927703 1.98102e-23)
(-1.7751 -0.724249 7.00641e-23)
(-1.75622 -1.18443 1.10704e-23)
(-1.824 -1.0255 1.15585e-22)
(-1.59891 -0.900682 0)
(-1.46193 -0.623926 3.8567e-33)
(-1.03335 -0.417053 1.53443e-22)
(-0.646842 -0.102184 -1.22103e-23)
(-0.21825 0.0408946 4.36868e-24)
(0.192329 0.222745 1.8942e-23)
(0.751081 0.148299 -1.72674e-23)
(0.981083 0.358314 3.7113e-23)
(0.922894 0.715928 -1.9761e-23)
(-1.78337 -0.824792 1.30074e-22)
(-1.89003 -1.21015 -1.17487e-25)
(-1.83429 -1.03595 -3.44477e-23)
(-1.61837 -0.952692 1.25837e-22)
(-1.37642 -0.414849 -1.35962e-22)
(-0.991422 -0.3119 -6.13212e-24)
(-0.547481 -0.155504 1.30455e-23)
(-0.187552 0.236981 -1.38693e-31)
(0.401348 0.329295 0)
(0.985981 0.518343 0)
(1.70311 0.25483 5.28132e-24)
(1.75014 0.65113 -1.23065e-23)
(-1.78083 -1.06349 -5.82454e-24)
(-1.8332 -1.25352 -1.9989e-24)
(-1.74353 -1.09929 -5.42392e-23)
(-1.40102 -0.684456 4.16612e-23)
(-1.27134 -0.432903 0)
(-1.04357 -0.659659 0)
(-0.69019 -0.50074 0)
(-0.230868 -0.180461 1.42834e-32)
(0.0252414 0.000289142 0)
(0.3371 0.361482 0)
(1.04494 0.312252 0)
(1.47546 0.271547 0)
(1.87955 0.562093 6.01492e-24)
(2.61641 0.266838 1.81047e-24)
(3.03446 0.237306 -1.62387e-23)
(2.69928 0.356544 1.06203e-24)
(2.36391 0.741666 -1.7809e-23)
(1.02213 0.617534 -7.80569e-23)
(0.559809 1.16564 0)
(-0.395403 0.880923 1.52835e-23)
(-0.472958 1.54638 -3.68392e-23)
(-1.35667 1.56747 1.76007e-22)
(-1.50657 1.79658 -3.18037e-23)
(-1.44299 1.67696 9.4996e-23)
(1.92156 0.487376 5.08638e-36)
(2.68171 0.271286 -8.88965e-24)
(3.02509 0.129234 -3.00399e-24)
(2.70127 0.272874 -3.36783e-23)
(2.29677 0.497585 -3.99353e-23)
(1.66933 0.364823 -5.95902e-24)
(1.12193 0.804832 -3.39916e-22)
(0.262966 0.978484 -1.38956e-23)
(-0.260606 0.76495 1.44721e-22)
(-0.785802 1.29466 6.61526e-23)
(-1.30728 1.66242 -4.97176e-23)
(-1.44443 1.71884 2.48605e-23)
(1.84726 0.453039 8.80822e-24)
(2.56931 0.222001 -2.91847e-23)
(3.03113 0.128862 0)
(2.61095 0.108824 0)
(2.15786 0.446394 -1.65978e-22)
(1.3372 0.397216 -1.22617e-23)
(0.387887 0.680473 -2.82784e-22)
(-0.13113 1.23515 1.73188e-22)
(-0.645301 1.43712 1.19632e-22)
(-1.59453 1.28734 -7.87353e-23)
(-1.52606 1.61257 -4.63182e-23)
(-1.44118 1.52027 9.64577e-23)
(1.75855 0.414693 -4.28027e-25)
(2.57337 0.270916 8.3763e-24)
(2.92426 0.00289438 1.44089e-23)
(2.6453 -0.0306167 0)
(2.20972 0.0764159 -8.87864e-23)
(1.69758 0.142914 -1.44546e-22)
(0.764527 0.346174 2.46007e-22)
(0.203321 0.774491 1.43247e-22)
(-0.665476 0.89665 4.90358e-24)
(-1.06459 1.31423 9.21264e-23)
(-1.45551 1.46022 -1.36199e-24)
(-1.47572 1.36741 1.25932e-23)
(-1.46021 1.93837 4.848e-23)
(-2.30784 2.00743 -1.05954e-22)
(-1.39471 2.07722 0)
(-1.15135 1.68662 -2.17863e-22)
(-0.771727 1.56355 -1.41467e-22)
(-0.664029 0.887961 -4.8646e-23)
(0.140797 0.327984 -3.74971e-23)
(-0.259411 -0.569477 -5.86321e-24)
(0.622447 -1.13416 -4.04796e-23)
(0.471132 -1.66014 -1.19243e-22)
(0.521105 -2.02363 -2.15462e-23)
(0.471218 -2.78118 -1.68994e-23)
(-1.44932 1.99603 0)
(-1.70905 1.96733 0)
(-1.27267 2.19006 0)
(-1.26499 1.90498 -2.78731e-22)
(-0.647569 1.86921 -3.69292e-23)
(-0.567262 1.36036 8.79691e-31)
(0.0101989 1.20512 0)
(-0.0920641 -0.0315308 1.36983e-23)
(0.596176 -0.771683 3.27186e-23)
(0.562324 -1.54555 1.553e-31)
(0.7859 -2.1064 1.91333e-23)
(0.667824 -2.8265 -2.40467e-24)
(-1.59787 1.96293 2.59199e-22)
(-1.82914 2.0204 0)
(-1.04505 2.11177 0)
(-0.768122 1.74559 -1.4126e-22)
(-0.295549 1.63545 -1.38216e-22)
(-0.085675 0.946158 9.94e-23)
(0.576696 0.519993 -2.20459e-22)
(0.54857 -0.0684768 -1.40486e-23)
(0.890607 -0.837478 -4.4643e-23)
(0.80281 -1.50666 -2.36199e-22)
(0.863276 -2.03877 4.48449e-23)
(0.689463 -2.80729 -2.50656e-23)
(-1.5208 1.87879 -3.94917e-22)
(-1.19911 1.92379 5.46657e-22)
(-0.64706 2.18805 0)
(-0.775885 2.0039 -1.44407e-22)
(-0.156605 2.00141 -5.84915e-22)
(-0.0126107 1.48386 -2.07486e-22)
(0.640207 1.17339 -2.44158e-22)
(0.716273 -0.0684218 0)
(1.06922 -0.61815 0)
(0.874715 -1.27944 -2.75513e-22)
(1.10226 -1.94329 -1.38182e-23)
(0.876457 -2.67953 -4.79308e-23)
(0.669252 -2.67327 -7.93644e-24)
(0.686882 -2.7887 7.4884e-25)
(0.732027 -2.86206 7.87316e-24)
(0.757932 -2.77561 1.2982e-22)
(0.92666 -2.76213 -5.857e-23)
(1.08298 -1.68424 -2.80788e-22)
(1.42121 -0.376605 -3.14841e-22)
(1.34311 0.474826 -7.38719e-22)
(2.10269 0.663818 -3.30659e-23)
(1.98819 1.45067 -2.98802e-22)
(2.31244 1.32531 -6.50703e-23)
(1.68712 1.25197 5.31709e-23)
(0.721308 -2.72191 7.85464e-24)
(0.65558 -2.89774 -1.97083e-25)
(0.721922 -2.82523 5.45224e-24)
(0.701105 -2.79823 6.64461e-23)
(0.850439 -2.64404 -1.43421e-22)
(0.864049 -1.50126 -3.74221e-22)
(0.957277 -1.26356 -4.71015e-22)
(1.31539 -0.230034 -5.31944e-22)
(1.80747 0.34341 0)
(1.84044 1.18608 0)
(2.34772 1.46403 0)
(1.81802 1.39792 -4.21228e-23)
(0.780294 -2.72025 0)
(0.643114 -2.8504 0)
(0.66942 -2.77379 0)
(0.594396 -2.74342 6.05667e-23)
(0.719576 -2.55362 3.46889e-22)
(0.430759 -1.38862 0)
(0.798165 -0.863598 0)
(0.800752 0.545221 -3.36709e-22)
(1.77947 0.708665 6.47883e-24)
(1.74735 1.59113 1.45505e-22)
(2.24376 1.56604 0)
(1.6214 1.35309 -1.74001e-22)
(0.777279 -2.64648 0)
(0.588088 -2.87855 5.84718e-24)
(0.538157 -2.7336 2.44115e-23)
(0.398315 -2.73879 -7.9903e-23)
(0.512988 -2.51133 -5.50829e-23)
(0.341386 -0.836125 0)
(0.626218 -0.682245 1.01656e-22)
(0.57195 0.19039 -1.80029e-22)
(1.31257 0.630807 -2.31533e-23)
(1.54821 1.37995 -1.6422e-22)
(2.14179 1.73236 -1.07132e-22)
(1.82106 1.4553 8.86467e-23)
(1.69526 0.812076 -2.27433e-23)
(1.9378 1.15081 -9.17205e-32)
(2.16825 1.19186 -4.50595e-23)
(1.93044 1.07373 -2.45579e-22)
(1.58639 0.716261 -1.46723e-22)
(0.958198 0.462897 0)
(0.562492 -0.109471 0)
(-0.268339 0.373287 4.4702e-24)
(-0.926201 -0.585088 -8.62922e-23)
(-1.42396 -0.529989 0)
(-1.91517 -0.547103 -2.04535e-23)
(-2.58157 -0.591988 -1.64287e-23)
(1.65328 0.81627 -8.12403e-23)
(1.7892 0.875145 -2.78957e-24)
(2.31907 0.979396 -2.24869e-22)
(2.14556 0.935249 -3.03303e-22)
(1.92351 0.478403 -2.90227e-22)
(1.446 0.418461 -1.69096e-22)
(1.29753 -0.146304 7.42096e-23)
(0.120131 -0.0796616 4.27531e-25)
(-0.671268 -0.741354 1.95412e-22)
(-1.34225 -0.678167 0)
(-1.90349 -0.846718 -3.11836e-23)
(-2.49574 -0.717961 0)
(1.49059 0.82244 0)
(1.81373 0.960405 -1.28739e-22)
(2.19894 0.870794 0)
(2.04436 0.697528 3.0552e-23)
(1.68998 0.24641 -1.87556e-22)
(1.07145 -0.0428186 1.52984e-23)
(0.728415 -0.586378 3.02941e-22)
(0.136557 -0.709545 -5.55831e-24)
(-0.717039 -0.966015 1.21968e-22)
(-1.25525 -0.892813 0)
(-1.92791 -0.9586 -8.17237e-23)
(-2.58614 -0.857238 1.38521e-23)
(1.33032 0.800837 -3.25073e-22)
(1.57507 0.707334 -2.93292e-22)
(2.32611 0.65735 4.23357e-22)
(2.21491 0.610375 7.42274e-23)
(2.03645 0.000241503 -1.38154e-22)
(1.56522 -0.0681058 -5.80339e-23)
(1.23272 -0.684362 -2.71259e-23)
(0.163526 -0.824953 -2.00261e-24)
(-0.458896 -1.16986 -3.28344e-23)
(-1.04667 -1.00693 0)
(-1.7447 -1.13236 0)
(-2.3289 -0.940077 3.77354e-23)
(-2.649 -0.732963 7.32906e-24)
(-2.57431 -0.728229 -6.23222e-25)
(-2.67639 -0.619587 1.42652e-23)
(-2.80099 -0.784011 -6.64383e-24)
(-2.87317 -0.870736 8.52356e-24)
(-1.85773 -1.24631 -1.13027e-23)
(-0.14856 -1.43484 -5.12425e-22)
(0.0980636 -1.82367 8.5773e-24)
(1.1926 -2.21245 -7.75107e-23)
(1.44515 -2.14624 -2.47593e-22)
(0.905967 -2.03897 2.2189e-23)
(0.771043 -1.05844 1.01201e-22)
(-2.364 -0.716482 -1.04233e-23)
(-2.55712 -0.568318 4.33514e-24)
(-2.81572 -0.664593 -9.44214e-24)
(-2.64933 -0.689524 0)
(-2.65672 -0.830391 2.70904e-22)
(-1.91929 -0.997375 4.17366e-22)
(-1.17002 -0.958865 -1.07365e-23)
(-0.252003 -1.62293 -7.32515e-22)
(0.704231 -2.11486 3.40656e-22)
(1.4916 -1.95487 -1.45767e-23)
(1.23089 -2.4023 5.86974e-31)
(0.956008 -1.25068 7.83221e-31)
(-2.61641 -0.83687 -4.2912e-24)
(-2.63471 -0.719991 1.33082e-23)
(-2.59549 -0.483679 6.07012e-24)
(-2.79748 -0.571352 7.18457e-23)
(-2.87334 -0.63605 1.33391e-22)
(-1.82786 -0.667291 7.4814e-23)
(-0.362791 -0.299049 6.12022e-24)
(0.18778 -0.978331 -5.7859e-22)
(1.15836 -1.89187 -3.63066e-22)
(1.72531 -1.88485 -3.65234e-22)
(1.19003 -1.92356 9.88171e-23)
(0.887688 -1.09882 2.55418e-31)
(-2.1813 -0.777478 0)
(-2.42896 -0.487982 2.40246e-23)
(-2.75577 -0.514033 4.22062e-23)
(-2.70677 -0.332502 7.62568e-23)
(-2.65897 -0.464354 7.21666e-23)
(-0.881213 -0.514996 -8.58484e-23)
(-0.216983 -0.0126191 -7.40098e-23)
(0.127762 -0.932238 -1.30858e-22)
(0.864571 -1.60755 -2.34309e-22)
(1.86565 -1.60968 -5.55213e-23)
(1.53659 -2.14119 -6.51818e-23)
(0.994133 -1.20133 -2.55371e-23)
(0.650975 -1.7407 2.81728e-23)
(0.933509 -1.4726 7.04238e-23)
(0.492117 -1.45304 -2.69522e-23)
(0.696666 -1.50562 -4.61136e-23)
(0.445451 -1.53447 -9.18486e-23)
(0.336751 -1.0738 2.11484e-23)
(0.043868 -0.786351 5.14218e-23)
(0.0490549 -0.156755 -4.83701e-23)
(-0.5245 0.602437 3.92835e-23)
(-0.542452 0.869622 1.18875e-23)
(-0.575122 1.23544 2.5714e-23)
(-0.425867 1.94497 5.86516e-24)
(0.705842 -1.59193 0)
(0.7534 -1.48224 1.11728e-22)
(0.658356 -1.41243 0)
(0.533939 -1.36208 0)
(0.322691 -1.73336 -1.4687e-22)
(0.325025 -1.50254 -2.67751e-22)
(-0.171321 -1.1828 -9.24962e-23)
(-0.461985 -0.594458 -6.82229e-23)
(-0.504547 0.0778132 9.3976e-23)
(-0.553828 0.71707 -8.45493e-23)
(-0.819071 1.27405 1.00999e-23)
(-0.596234 2.03033 -8.70826e-24)
(0.8131 -1.55932 9.27343e-23)
(0.836919 -1.44073 0)
(0.539615 -1.34479 2.55071e-23)
(0.603955 -1.32339 -2.18548e-24)
(0.187096 -1.45398 -1.73769e-22)
(-0.0550204 -1.17667 -1.10608e-22)
(-0.229587 -0.861648 0)
(-0.448913 -0.433861 1.30043e-22)
(-0.752149 0.090467 1.0281e-23)
(-0.78486 0.578426 0)
(-0.929841 1.19282 0)
(-0.732827 1.8579 0)
(0.852548 -1.25155 -1.6617e-22)
(0.740753 -1.41731 -2.73162e-22)
(0.594158 -1.38486 -3.00425e-23)
(0.392989 -1.17357 2.62524e-23)
(0.0833655 -1.66791 -1.75799e-22)
(-0.0823493 -1.53202 1.337e-22)
(-0.614383 -1.1183 0)
(-0.61679 -0.321863 1.22173e-23)
(-0.970152 0.00488587 -9.0439e-24)
(-0.79918 0.585811 1.14321e-23)
(-1.1295 1.10624 2.01685e-23)
(-0.814433 1.79021 0)
(-0.504277 1.73942 6.25244e-24)
(-0.464045 1.8052 -2.91316e-24)
(-0.432847 2.23554 1.15192e-23)
(-0.30883 2.40848 -1.43776e-23)
(-0.594312 2.07633 -1.09794e-23)
(-0.723462 1.47779 9.6739e-24)
(-1.03877 1.16447 8.94478e-23)
(-0.733935 -0.901863 -1.01168e-24)
(-1.66182 -0.127671 -2.95345e-22)
(-1.77093 -1.0883 1.04451e-22)
(-1.67441 -1.34804 4.17756e-32)
(-1.33136 -0.949934 -1.56382e-31)
(-0.559955 1.72571 8.85038e-24)
(-0.461194 1.987 -7.90678e-24)
(-0.302491 2.30177 -6.49808e-32)
(-0.224188 2.39784 3.34321e-23)
(-0.342417 2.28481 3.61022e-23)
(-0.295153 2.20534 0)
(-0.420436 1.51584 2.98618e-31)
(-0.567925 0.886913 2.95127e-22)
(-0.459999 0.331532 -2.75677e-22)
(-1.38073 -1.06361 1.14855e-22)
(-1.79908 -1.33959 -3.90965e-23)
(-1.29981 -0.727056 6.44203e-23)
(-0.652502 1.59136 1.24172e-23)
(-0.395588 1.8709 -2.65786e-23)
(-0.278951 2.20084 7.23482e-23)
(-0.0579617 2.2655 -4.90817e-23)
(-0.33752 2.32612 -6.43508e-23)
(-0.599068 1.66766 -2.92351e-22)
(-1.00565 0.369342 5.03054e-22)
(-1.64024 -0.328769 1.89775e-23)
(-1.22709 -0.269411 -1.02844e-23)
(-0.982809 -1.59059 0)
(-1.39034 -1.25832 -4.04378e-23)
(-1.34299 -0.939179 -2.92278e-23)
(-0.641747 1.40051 2.39363e-23)
(-0.294402 1.83409 -5.29399e-24)
(-0.140149 2.10269 1.0165e-22)
(-0.12882 2.34367 0)
(-0.139333 2.25334 0)
(-0.241375 2.04876 -2.12e-22)
(-0.194189 1.29083 -3.10124e-22)
(-0.388816 0.568645 -4.76721e-22)
(-1.07046 -0.392025 -4.07981e-23)
(-1.14887 -1.3094 0)
(-1.17243 -1.42341 3.67473e-23)
(-0.979826 -0.912149 2.82362e-23)
(-1.79822 -1.26058 2.07993e-23)
(-1.79474 -1.14814 -5.94396e-23)
(-1.5529 -0.829259 4.31221e-24)
(-1.294 -0.692529 -3.40144e-23)
(-1.28674 -0.775767 -6.48663e-23)
(-1.00307 -0.662407 1.75446e-23)
(-0.127594 -0.241977 5.39755e-23)
(0.29574 -0.0533664 -4.00527e-23)
(0.803439 0.175471 4.12546e-23)
(0.939118 0.540794 3.91785e-23)
(1.29469 0.407119 -7.7692e-24)
(1.64728 0.312849 -3.46216e-24)
(-1.65295 -1.07888 3.66619e-32)
(-1.85116 -1.09526 -1.45439e-22)
(-1.74471 -1.04064 2.57919e-23)
(-1.37725 -0.694331 3.89007e-23)
(-1.40607 -0.473789 -6.92834e-23)
(-1.15348 -0.202849 -1.34194e-22)
(-0.649589 -0.0388868 7.19339e-25)
(-0.209208 0.195588 -2.08549e-23)
(0.544585 -0.0677286 -3.32842e-23)
(0.870478 0.387393 -3.30435e-23)
(1.31724 0.486633 1.58885e-23)
(1.70239 0.384744 -9.71151e-33)
(-1.68725 -1.30012 -9.61815e-24)
(-1.75819 -1.0898 -2.78635e-22)
(-1.56409 -0.744789 -6.86065e-23)
(-1.15777 -0.570351 2.67175e-23)
(-1.28258 -0.677849 -1.11751e-23)
(-1.05748 -0.310836 -2.7781e-23)
(-0.435907 0.095747 1.20486e-23)
(-0.135215 0.217489 -3.06739e-23)
(0.479272 0.312298 0)
(0.912817 0.463575 0)
(1.23416 0.468883 2.65124e-23)
(1.61412 0.439759 -6.62037e-24)
(-1.43854 -1.0059 -2.07023e-22)
(-1.74819 -1.02206 -1.74443e-22)
(-1.83938 -0.883094 8.0031e-23)
(-1.38646 -0.769718 -2.89354e-24)
(-1.38496 -0.334516 7.8306e-24)
(-1.10788 0.111153 3.78071e-23)
(-0.564273 0.280089 -7.52019e-23)
(-0.206153 0.574144 -1.07178e-22)
(0.425974 0.675599 0)
(0.961186 0.401851 1.43844e-23)
(1.1646 0.544885 2.19077e-23)
(1.54223 0.429582 4.65299e-24)
(1.67594 0.353949 2.01958e-23)
(2.4127 0.176149 0)
(2.83837 -0.0177801 0)
(2.49871 -0.167074 1.64552e-22)
(2.09261 0.0145523 6.86144e-23)
(1.40805 0.191989 0)
(0.221975 0.59043 2.45871e-22)
(-0.393799 0.893135 1.03546e-22)
(-0.917826 1.1809 -9.74013e-23)
(-1.61245 1.15806 0)
(-1.56696 1.57928 0)
(-1.59396 1.15997 0)
(1.63658 0.337243 3.80351e-23)
(2.41458 0.24499 -9.3955e-24)
(2.70074 -0.0739571 -1.74388e-23)
(2.41295 -0.309883 8.22922e-23)
(2.08327 -0.206898 -3.80184e-23)
(1.44166 0.0955989 7.80787e-23)
(0.495668 0.160618 0)
(-0.0171808 0.380442 6.86133e-23)
(-0.832927 0.811251 -1.15898e-22)
(-1.39874 1.09733 1.26494e-22)
(-1.33302 1.47568 -1.49678e-22)
(-1.42448 1.2034 0)
(1.54111 0.361073 2.05511e-23)
(2.28656 0.166976 -5.02352e-24)
(2.52101 -0.0782754 1.07642e-22)
(2.27399 -0.313099 1.92346e-22)
(1.98563 -0.262616 9.9493e-23)
(1.13825 -0.165317 5.87348e-23)
(0.111648 0.136525 7.65302e-24)
(-0.854045 0.528742 -7.36508e-23)
(-1.12924 0.866642 -2.59893e-23)
(-1.5732 0.92736 -1.51438e-22)
(-1.61594 1.51695 -4.0401e-22)
(-1.54614 1.134 0)
(1.49951 0.419758 -3.2628e-24)
(2.21953 0.207799 9.63628e-25)
(2.40273 -0.0546956 1.17329e-22)
(2.21424 -0.304004 4.74366e-22)
(1.93374 -0.524876 -1.00161e-23)
(1.17601 -0.370948 -1.09487e-23)
(-0.0182663 -0.412714 -8.25956e-23)
(-0.106308 -0.117531 3.6306e-25)
(-1.10882 0.380089 -1.47213e-22)
(-1.60811 0.649612 -2.53892e-22)
(-1.29718 1.22793 1.14796e-22)
(-1.30156 1.02636 -3.03521e-22)
(1.32083 0.577603 0)
(2.12518 0.151137 0)
(2.25401 -0.123345 1.31399e-22)
(1.97079 -0.44481 2.71558e-22)
(1.777 -0.76694 -1.09982e-22)
(0.702642 -0.785633 1.31987e-22)
(-0.0452889 -0.315736 1.53089e-22)
(-1.17094 -0.219442 -1.66924e-22)
(-1.49198 0.418092 -4.37193e-24)
(-1.64631 0.566085 1.67855e-22)
(-1.58111 1.11154 5.37896e-22)
(-1.52038 1.00187 -8.166e-22)
(1.19737 0.829314 -8.60991e-24)
(1.97863 0.211578 -9.13208e-25)
(2.06781 -0.201647 1.20817e-22)
(1.67226 -0.736495 -8.1085e-23)
(1.52875 -1.07318 -2.418e-22)
(0.613917 -1.13482 -7.8052e-23)
(-0.41647 -1.03277 3.37552e-23)
(-0.644277 -0.525966 -9.98838e-23)
(-1.2364 -0.455925 0)
(-1.47498 0.138702 0)
(-1.40914 0.823539 6.05721e-22)
(-1.07878 0.870647 -4.50752e-22)
(0.915592 0.858495 0)
(1.72323 0.081075 1.75035e-22)
(1.824 -0.250441 0)
(1.26858 -0.964016 -4.68914e-22)
(1.35729 -1.21098 -1.25034e-22)
(0.150642 -1.68761 9.14745e-23)
(-0.401377 -1.1975 -2.28753e-23)
(-1.30426 -1.22387 4.77489e-22)
(-1.7336 -0.185498 -6.93343e-24)
(-1.89867 0.121614 -4.7607e-22)
(-1.54085 0.654728 -1.28461e-22)
(-1.4221 0.654497 0)
(0.977128 0.962447 -3.78736e-23)
(1.4745 0.304223 -4.32396e-24)
(1.57955 -0.392821 3.15447e-22)
(0.900367 -1.40192 -3.10613e-22)
(0.930896 -1.64309 -1.29579e-22)
(-0.035027 -2.20087 6.49118e-22)
(-0.571483 -1.69445 6.9114e-22)
(-1.37833 -1.66714 -5.73133e-22)
(-1.32123 -0.908287 4.08868e-22)
(-1.35239 -0.658911 -5.5588e-22)
(-1.29308 0.0498885 1.01325e-22)
(-0.911602 0.470776 -4.07656e-22)
(0.775454 0.864813 -2.41394e-23)
(1.17218 0.294383 -1.45297e-22)
(1.06767 -0.221801 5.20176e-22)
(0.373546 -1.54339 -7.99894e-23)
(0.774187 -1.47317 -2.32764e-22)
(-0.307138 -2.53953 6.2678e-22)
(-0.741636 -1.96691 6.6174e-22)
(-1.48801 -2.04137 -1.20815e-21)
(-1.44516 -0.995128 4.52655e-22)
(-2.12199 -0.654824 -1.48726e-22)
(-1.55156 0.216868 -5.92694e-24)
(-1.14536 0.22405 -3.43499e-22)
(0.570521 1.01386 1.00857e-23)
(0.953508 0.0864344 4.08547e-24)
(0.836235 -0.316164 2.04363e-22)
(0.251843 -1.49479 1.05252e-22)
(0.530135 -1.30099 5.75797e-24)
(-0.472368 -2.4873 7.80368e-23)
(-0.861318 -2.30629 -5.1467e-22)
(-1.35386 -2.22296 -6.15799e-23)
(-1.56267 -1.46834 3.58794e-22)
(-1.67614 -1.3532 6.55603e-22)
(-1.01004 -0.541906 1.69379e-22)
(-0.465464 -0.131237 -1.81169e-22)
(0.448696 1.22988 0)
(0.60913 0.238026 -8.48782e-23)
(0.411419 -0.0896935 -1.492e-23)
(-0.169083 -1.6866 8.86404e-23)
(0.125831 -1.38833 -7.72627e-23)
(-0.738067 -2.48009 3.84099e-22)
(-1.06547 -2.39057 -5.07831e-22)
(-1.60681 -2.49131 1.05194e-21)
(-1.73677 -1.78972 5.87133e-22)
(-1.72523 -1.23869 5.11452e-22)
(-1.12604 -0.348987 5.23668e-22)
(-1.02358 -0.359463 7.05533e-23)
(0.266392 1.3041 1.30778e-23)
(0.292572 -0.123593 -4.5512e-23)
(0.000884687 -0.481688 -2.72814e-23)
(-0.22471 -1.41469 0)
(-0.115885 -1.54355 -7.55328e-23)
(-0.731162 -2.62354 2.71959e-22)
(-1.157 -2.79131 2.28375e-23)
(-1.29803 -2.57742 5.41798e-22)
(-1.20742 -2.1099 -1.1813e-22)
(-0.777458 -1.03551 3.20751e-22)
(-0.135427 -0.29031 1.79671e-22)
(0.659615 -0.0471394 0)
(-1.48831 1.7183 -1.40333e-21)
(-1.10942 1.94241 4.56594e-22)
(-0.471375 2.14028 0)
(-0.362734 1.76702 -1.52091e-22)
(0.219792 1.67764 -5.42465e-22)
(0.409119 0.947689 -3.53931e-22)
(0.957264 0.781531 2.74545e-22)
(0.967851 0.115167 -1.16791e-23)
(1.30222 -0.558828 -3.21857e-22)
(1.12591 -1.26505 -1.49508e-22)
(1.19589 -1.86586 6.96588e-23)
(0.894089 -2.58844 -5.53289e-23)
(-1.09553 1.65758 -6.20975e-22)
(-0.743889 1.71852 0)
(-0.279621 2.14572 0)
(-0.37389 2.05354 -1.5619e-22)
(0.348444 2.11152 -1.35601e-22)
(0.466794 1.48033 0)
(1.09489 0.915294 3.01107e-22)
(1.15011 0.144176 -1.07058e-23)
(1.43837 -0.501986 -3.52012e-22)
(1.18736 -1.08574 0)
(1.31638 -1.75751 8.78172e-23)
(1.00721 -2.37905 -4.62588e-23)
(-1.05519 1.44388 0)
(-0.703706 1.70262 -3.85e-22)
(-0.0941179 2.00858 0)
(-0.00648983 1.69857 -1.55831e-22)
(0.675758 1.70211 4.82605e-22)
(0.862352 1.16678 -5.12851e-23)
(1.29835 0.993362 5.11024e-24)
(1.3666 0.138787 -3.48788e-22)
(1.6238 -0.280515 0)
(1.4361 -1.03429 0)
(1.47872 -1.70081 -2.06038e-22)
(0.907839 -2.2665 -1.12234e-22)
(-0.676755 1.31245 4.90613e-22)
(-0.326195 1.56808 -3.01146e-22)
(0.0340993 2.04174 1.4093e-22)
(0.065917 2.0568 -1.02721e-23)
(0.824879 2.07516 5.0821e-22)
(1.04414 1.32112 0)
(1.57812 0.868263 3.22245e-22)
(1.59037 0.291347 -3.23008e-22)
(1.89083 -0.240379 0)
(1.50495 -0.966829 0)
(1.51983 -1.47897 -4.25282e-22)
(1.00372 -2.04022 -4.7075e-23)
(-0.644025 1.00494 4.42147e-22)
(-0.349843 1.23837 6.90588e-23)
(0.188905 1.73085 3.83484e-22)
(0.406923 1.52404 -1.39401e-22)
(1.01423 1.78761 1.0556e-23)
(1.33593 1.42644 7.95159e-23)
(1.60929 0.970314 3.53487e-22)
(1.82813 0.355786 -5.61754e-24)
(1.86215 -0.144148 4.42717e-23)
(1.77792 -0.717078 0)
(1.70087 -1.35476 -1.5804e-23)
(1.0454 -1.81948 -5.01164e-23)
(-0.227495 1.1062 2.78648e-22)
(-0.118769 1.37099 1.27708e-22)
(0.396089 1.88886 1.63138e-22)
(0.544537 1.82165 5.38926e-22)
(1.20895 1.80175 -8.68065e-22)
(1.54687 1.30055 -7.36399e-23)
(1.89224 1.00536 6.66386e-22)
(1.93766 0.377993 3.07562e-22)
(2.21677 -0.027194 -4.62807e-23)
(1.74826 -0.768593 0)
(1.83917 -1.05668 -3.74175e-31)
(1.10859 -1.54681 -4.6671e-23)
(-0.383126 0.465619 1.61774e-22)
(0.0543934 0.804662 5.03968e-23)
(0.508361 1.48175 -7.50086e-23)
(0.644107 1.44417 3.4356e-22)
(1.36434 1.77956 8.24248e-31)
(1.65811 1.35788 -6.46416e-22)
(1.97887 0.957683 5.69535e-22)
(2.05148 0.448389 3.19732e-22)
(2.44689 0.211877 2.78064e-22)
(1.85067 -0.47222 0)
(1.73248 -0.92796 -1.4938e-23)
(1.0305 -1.18787 -5.07697e-23)
(0.13015 0.923692 -1.3688e-23)
(0.0393614 1.06436 4.0702e-23)
(0.648694 1.60178 4.95393e-22)
(0.851068 1.41196 -7.55889e-23)
(1.37486 1.53404 3.39044e-22)
(1.78756 1.3821 -6.13435e-23)
(1.99958 0.94104 1.10855e-23)
(1.99829 0.37245 -1.21406e-23)
(1.90744 -0.0372157 -3.02441e-31)
(1.88573 -0.313405 -2.60432e-23)
(1.50686 -0.691753 2.2441e-22)
(0.834814 -1.04568 -4.17492e-23)
(0.107755 0.139702 1.4198e-23)
(0.0220285 0.0332129 2.89457e-23)
(0.668515 1.21172 1.83672e-22)
(0.918107 1.2988 0)
(1.46919 1.41228 7.95459e-23)
(1.89857 1.33971 5.27261e-22)
(2.22417 1.09566 -7.46219e-24)
(2.18354 0.65559 4.20283e-22)
(1.91598 0.0511638 -3.99142e-22)
(1.64376 -0.286042 1.37367e-22)
(1.37944 -0.519616 5.79472e-23)
(0.602253 -0.787753 -1.48886e-23)
(0.435598 1.0209 -8.16907e-23)
(-0.0622403 0.473931 -1.94141e-23)
(0.694792 0.956369 0)
(0.722286 0.914417 -5.15979e-23)
(1.43035 1.10083 2.13086e-22)
(1.8179 0.99672 3.30621e-22)
(2.10452 0.968826 -3.85555e-22)
(2.31714 0.67293 4.58741e-22)
(2.23937 0.339278 -1.46419e-22)
(1.60504 -0.128505 1.9248e-23)
(1.5263 -0.159827 -9.56352e-24)
(0.331157 -0.453963 -5.18624e-23)
(0.527722 -0.134843 7.73858e-24)
(-0.183181 -0.248425 -7.17713e-24)
(0.377271 0.688249 -1.01305e-22)
(0.714435 0.960622 -9.07357e-23)
(1.13352 0.879679 1.30343e-22)
(1.49485 0.948976 -9.33996e-32)
(1.64791 0.743637 5.39331e-24)
(1.77875 0.608984 -1.08644e-23)
(1.69201 0.410519 0)
(1.53427 0.220601 -8.66904e-23)
(1.12778 -0.0501886 4.06981e-24)
(0.58504 -0.0859156 -1.77345e-23)
(-0.546464 0.08673 -1.3003e-23)
(0.138183 0.320037 4.32988e-23)
(0.0278545 -0.197819 -6.57264e-24)
(0.595717 0.361528 3.15856e-23)
(1.06343 0.553984 -1.49722e-22)
(1.33768 0.524922 -1.57167e-22)
(1.51615 0.569765 1.12403e-22)
(1.70881 0.462691 -1.02146e-24)
(1.67563 0.249117 3.22674e-23)
(1.50009 0.0957732 2.33808e-25)
(1.40522 0.0452715 2.26008e-24)
(0.66864 -0.183659 5.07104e-24)
(0.880842 -2.48258 0)
(0.490063 -2.76326 0)
(0.411356 -2.61603 0)
(0.270388 -2.6232 -6.97518e-23)
(0.371698 -2.30002 -2.97922e-22)
(-0.100964 -0.601312 1.37134e-23)
(0.469151 -0.70163 1.10255e-23)
(0.0679114 0.614057 5.66329e-23)
(1.11426 0.884023 1.66148e-22)
(1.31358 1.73226 2.05705e-22)
(1.81151 1.7663 4.24945e-22)
(1.42543 1.55955 1.27227e-22)
(0.773299 -2.28069 -8.44234e-23)
(0.374537 -2.64479 2.13335e-23)
(0.377938 -2.60695 3.10703e-23)
(0.040114 -2.51105 -4.11181e-22)
(0.127021 -2.24099 -9.56303e-23)
(-0.281467 -0.165834 0)
(0.308072 -0.376725 0)
(0.257961 0.555424 -5.60382e-23)
(0.856547 0.882912 -2.37224e-22)
(1.06642 1.60113 1.52906e-30)
(1.65176 1.91129 1.36435e-22)
(1.64524 1.60913 -7.223e-23)
(0.80551 -2.18346 -9.61935e-23)
(0.409505 -2.59676 -1.41685e-22)
(0.386382 -2.52546 6.07962e-23)
(-0.195178 -2.22877 -2.21019e-22)
(0.0060414 -1.94657 -8.65348e-23)
(-0.521588 -0.0624146 2.53948e-23)
(0.328223 -0.534094 0)
(-0.387185 0.7601 -6.92856e-23)
(0.483747 1.08316 -3.30844e-24)
(0.808836 1.87525 -3.41551e-22)
(1.31001 1.87979 -4.20235e-22)
(1.14544 1.60656 6.86336e-23)
(0.703594 -1.97315 -7.9117e-23)
(0.336627 -2.50126 -2.49942e-22)
(0.217992 -2.29894 1.93919e-22)
(-0.530843 -1.93289 -1.22206e-22)
(-0.266034 -1.77416 -1.01128e-23)
(-0.504601 0.0208001 -1.97874e-23)
(0.421142 -0.375757 -1.42291e-24)
(-0.161648 1.1954 9.66545e-25)
(0.415144 1.19984 -1.67012e-22)
(0.535515 1.80825 -6.91292e-22)
(1.1623 1.99525 -5.17278e-22)
(1.21048 1.52013 5.34567e-23)
(0.627965 -1.72476 -1.09914e-22)
(0.19619 -2.35556 -1.39037e-22)
(-0.12248 -2.03125 1.2055e-22)
(-0.792904 -1.65403 0)
(-0.576329 -1.45487 1.45549e-22)
(-1.25865 0.152557 -1.3055e-22)
(-0.0637813 -0.0660304 -2.31914e-22)
(-0.703925 1.2363 -9.76011e-23)
(-0.135724 1.3476 -2.58207e-22)
(0.144798 2.02765 -3.72241e-22)
(0.77632 1.89359 -5.61196e-22)
(0.730374 1.45514 4.41729e-23)
(0.467319 -1.36978 -7.40615e-23)
(-0.0318043 -2.16976 0)
(-0.49765 -1.69894 -3.38621e-22)
(-1.15549 -1.37037 -4.56351e-22)
(-0.839328 -1.27705 2.33497e-22)
(-1.75952 0.403345 -4.33685e-22)
(-0.871186 0.246125 -4.90461e-22)
(-1.0282 1.52171 5.47761e-22)
(-0.235402 1.48171 -1.25484e-21)
(-0.0394885 1.93788 0)
(0.730922 1.89736 -4.04735e-22)
(0.785084 1.18038 5.31761e-23)
(0.487593 -1.08287 -2.22445e-23)
(-0.318212 -1.74097 -1.90006e-22)
(-0.873013 -1.46292 -3.57414e-22)
(-1.43676 -1.12254 -4.62801e-22)
(-1.18693 -0.984536 5.83926e-22)
(-1.90793 0.573769 -5.92402e-22)
(-1.28252 0.613547 0)
(-1.32451 1.54677 1.25823e-21)
(-0.678478 1.43554 -1.73458e-22)
(-0.444933 2.13282 -8.32684e-22)
(0.208975 1.79453 3.71413e-22)
(0.277334 1.14908 0)
(0.483241 -0.830685 0)
(-0.602559 -1.44804 -1.12664e-31)
(-0.96523 -1.28314 -3.7313e-22)
(-1.62894 -0.929839 0)
(-1.25913 -0.7133 3.00771e-22)
(-2.14176 0.706582 5.25963e-22)
(-1.50031 0.751541 -4.99255e-22)
(-1.7187 1.58859 5.6854e-22)
(-0.798973 1.55334 5.0286e-22)
(-0.677644 2.04781 -6.4433e-22)
(0.239785 1.61576 6.02675e-22)
(0.397834 0.819897 3.38929e-24)
(0.207605 -0.475975 -1.46053e-23)
(-0.535856 -0.929537 1.12843e-22)
(-0.93241 -1.06637 -4.05385e-22)
(-2.22419 -0.485461 -1.62447e-22)
(-1.87827 -0.333783 -2.30708e-22)
(-2.37764 0.899896 -5.39338e-23)
(-1.96127 1.04566 5.22287e-31)
(-1.96539 1.78869 0)
(-1.19307 1.49484 -6.91665e-22)
(-0.98417 2.13004 0)
(-0.105004 1.3972 0)
(-0.181338 0.855229 1.73533e-22)
(0.379435 -0.491289 -1.19757e-23)
(-0.274871 -0.984552 0)
(-0.562793 -0.79323 0)
(-2.26126 -0.226671 -2.99022e-22)
(-2.2221 -0.156828 -9.11699e-23)
(-2.64285 0.78577 1.4467e-30)
(-2.41236 1.2513 1.13472e-21)
(-2.32763 1.61535 -1.0395e-22)
(-1.49394 1.46542 -1.05274e-23)
(-1.15897 1.915 4.35605e-22)
(-0.184436 0.814835 -6.9944e-23)
(0.113537 -0.0578721 3.06132e-23)
(0.801217 -0.239628 -9.08625e-24)
(-0.851795 -0.474408 7.59406e-23)
(-0.428205 -0.391425 -2.43318e-22)
(-1.92397 0.225877 -7.45934e-23)
(-2.45959 0.414704 4.31803e-22)
(-2.70499 1.12739 7.59676e-22)
(-2.78737 1.60569 -3.73261e-24)
(-2.21484 1.70879 8.9248e-24)
(-1.71385 1.64098 4.25789e-22)
(-1.09493 1.74155 4.4767e-22)
(-0.140191 0.79107 4.88281e-23)
(-0.334425 0.815186 2.25531e-23)
(0.98574 -0.139168 -3.3853e-32)
(-0.505024 -0.435518 4.07846e-23)
(-1.16264 -0.130476 -1.06806e-22)
(-2.0402 0.296284 0)
(-2.55208 0.534401 1.49691e-22)
(-2.64435 0.820443 -5.05071e-23)
(-2.63336 1.07774 -2.68727e-22)
(-2.04719 0.85687 -7.10155e-23)
(-1.74357 0.990294 1.50707e-22)
(-0.765857 0.462762 0)
(0.252918 -0.527285 0)
(-0.430751 -0.300032 0)
(1.17944 0.863329 -3.86187e-22)
(1.50477 0.804666 -3.20081e-22)
(2.0371 0.461103 4.32027e-22)
(2.04793 0.387342 -1.42801e-22)
(1.75108 -0.228129 -1.32295e-22)
(1.11228 -0.501018 0)
(0.903253 -0.967527 0)
(0.285567 -1.12083 4.18774e-24)
(-0.416891 -1.30893 3.22953e-23)
(-1.05464 -1.20462 0)
(-1.78784 -1.24615 0)
(-2.29845 -0.978194 4.36297e-23)
(1.04821 0.528519 0)
(1.32398 0.505537 -2.79321e-22)
(2.14474 0.299874 0)
(2.18776 0.241561 -1.35904e-22)
(2.10931 -0.459996 -1.25034e-22)
(1.54319 -0.518527 0)
(0.983065 -1.13762 0)
(0.297879 -1.23979 -2.8921e-24)
(-0.290877 -1.47546 -3.21577e-23)
(-0.881034 -1.28492 0)
(-1.53388 -1.37465 -1.31135e-23)
(-2.00296 -0.986744 -9.88703e-24)
(0.871926 0.61296 2.79875e-22)
(1.12581 0.568831 -2.84731e-22)
(1.73807 0.130599 -6.98909e-23)
(1.927 0.0691627 4.3454e-22)
(1.72746 -0.65885 -1.1809e-22)
(1.29108 -0.9585 2.72149e-22)
(1.03853 -1.30995 -1.59043e-23)
(0.324971 -1.47524 -3.12458e-24)
(-0.207938 -1.58398 -3.16345e-23)
(-0.859787 -1.52806 0)
(-1.58735 -1.49086 -1.86965e-22)
(-1.94174 -1.03063 -3.53184e-23)
(0.820798 0.199179 2.1735e-22)
(1.08755 0.302283 2.43393e-22)
(1.84983 -0.0266915 6.13763e-23)
(2.02976 -0.107591 5.56701e-22)
(2.08125 -0.811494 -2.23966e-22)
(1.33815 -1.02449 9.04666e-22)
(0.967519 -1.56466 -2.1334e-23)
(0.481058 -1.63895 8.10899e-24)
(-0.120739 -1.71718 -3.42362e-22)
(-0.764456 -1.55833 2.11461e-22)
(-1.26128 -1.6607 -1.72774e-22)
(-1.62622 -1.03883 -8.00466e-23)
(0.60394 0.403086 1.93847e-23)
(0.626553 0.36431 1.56643e-22)
(1.37769 -0.139482 2.49617e-22)
(1.59672 -0.204039 -9.11922e-23)
(1.77185 -1.01863 -9.98937e-23)
(1.41081 -1.23296 5.73598e-22)
(0.972183 -1.59877 5.05071e-24)
(0.576533 -1.80177 -1.34955e-23)
(-0.131241 -1.82857 -3.87297e-22)
(-0.644027 -1.807 -2.32625e-23)
(-1.24419 -1.6787 -3.15631e-23)
(-1.40152 -1.07905 -6.82428e-23)
(0.702359 -0.0515978 1.69402e-23)
(0.889571 0.19567 2.30418e-23)
(1.52272 -0.228082 2.49627e-22)
(1.66095 -0.437675 -3.61948e-22)
(1.74704 -1.1116 -7.73738e-22)
(1.28181 -1.4004 -6.67005e-23)
(1.03841 -1.82758 1.70454e-23)
(0.557746 -1.88138 -3.44954e-22)
(0.00454884 -1.83277 -3.79116e-22)
(-0.497966 -2.00326 -5.00051e-22)
(-0.990536 -1.61281 1.48033e-22)
(-1.08151 -1.0425 -4.02848e-23)
(0.392737 0.0875147 -1.01599e-22)
(0.0219848 0.164865 6.00788e-23)
(0.853007 -0.22476 1.29641e-22)
(1.28673 -0.486959 -3.55672e-22)
(1.55255 -1.16821 -4.88393e-22)
(1.31464 -1.51664 -3.28939e-23)
(0.879923 -1.82751 4.56674e-24)
(0.781526 -2.17822 -3.2562e-22)
(-0.035057 -2.07507 -6.64605e-22)
(-0.441551 -1.83664 -2.67701e-22)
(-0.721653 -1.60453 -2.37313e-31)
(-0.756733 -0.759554 -4.45531e-23)
(0.791145 -0.317201 4.86208e-24)
(0.941853 0.0513738 1.47592e-23)
(1.09887 -0.335764 -1.11462e-23)
(1.14652 -0.466355 -3.66479e-23)
(1.21945 -1.10077 1.99643e-22)
(1.26675 -1.59169 3.25816e-22)
(0.649973 -1.49464 4.34769e-22)
(0.513058 -1.85022 -2.22013e-23)
(0.256145 -1.93493 -5.0695e-22)
(-0.231044 -1.78486 -1.89719e-22)
(-0.490689 -1.16504 -1.55497e-22)
(-0.416136 -0.584852 -1.46559e-23)
(-0.173396 0.0399657 8.35712e-24)
(-0.284723 0.00201767 7.08781e-24)
(0.553234 -0.244401 -1.0671e-22)
(1.08189 -0.647877 -2.78768e-23)
(0.939868 -0.906665 1.66734e-22)
(1.23914 -1.56257 3.11092e-22)
(0.948656 -1.83498 1.56621e-31)
(0.407284 -1.54909 -3.33151e-22)
(0.169859 -1.77686 -1.70883e-22)
(-0.126923 -1.4459 -1.34068e-22)
(-0.299159 -0.98366 -6.35145e-24)
(-0.410823 -0.49802 -3.23048e-24)
(0.406702 0.136799 -4.33522e-23)
(1.00023 -0.526693 1.44908e-23)
(0.517577 -0.303584 1.93204e-23)
(0.840997 -0.535617 -2.00118e-23)
(0.7575 -0.857518 -3.21718e-23)
(0.579769 -1.01924 0)
(0.854945 -1.77489 -4.20044e-22)
(0.36429 -1.4819 -2.50255e-22)
(0.241925 -1.62744 -1.1599e-23)
(-0.109568 -1.15559 -6.11881e-23)
(-0.124428 -0.959753 2.05265e-23)
(-0.1983 -0.230455 7.18923e-24)
(-0.221716 -0.409352 -8.49603e-24)
(-0.255733 -0.324421 -6.43613e-23)
(0.655663 -0.258535 4.3746e-23)
(0.815912 -0.544148 -1.12706e-23)
(0.87968 -1.03797 0)
(0.645593 -1.00356 0)
(0.631287 -1.29652 -1.11561e-22)
(0.487743 -1.26819 -4.08056e-24)
(0.33557 -1.29273 4.82145e-23)
(0.1555 -0.953561 -1.0153e-22)
(0.110814 -0.884621 1.79476e-24)
(-0.079195 -0.320507 1.45308e-23)
(0.169719 0.129593 1.08679e-23)
(-0.105554 0.461625 -1.18831e-23)
(-0.360408 0.269963 1.49455e-23)
(0.0759641 -0.0447097 1.0492e-22)
(0.544056 -0.914124 0)
(0.415068 -1.00342 -9.39527e-23)
(0.519972 -1.38578 5.79197e-25)
(0.324524 -1.37128 -3.70988e-24)
(0.332064 -1.53829 4.13825e-23)
(0.115139 -1.46363 -6.63657e-32)
(0.0570294 -1.39192 0)
(-0.142147 -1.14411 7.94399e-24)
(-2.36653 -0.80017 -3.46492e-23)
(-2.56143 -0.668862 2.2176e-23)
(-2.51544 -0.379891 -2.23602e-23)
(-2.6418 -0.268885 -1.81226e-22)
(-2.67684 -0.316877 1.78337e-22)
(-0.431589 0.479668 1.50122e-23)
(-0.349112 0.0266109 2.57409e-23)
(0.174556 0.355777 -9.89983e-23)
(1.19685 -1.17609 -1.72463e-22)
(1.99476 -1.38319 0)
(1.49557 -1.53596 1.45499e-30)
(1.09931 -0.948889 -5.21267e-23)
(-1.97352 -0.795489 -3.39253e-23)
(-2.27132 -0.433037 -4.90095e-23)
(-2.56192 -0.38849 0)
(-2.46853 0.0460105 1.15302e-22)
(-2.45265 0.00504756 2.01366e-23)
(0.17524 -0.106917 0)
(-0.53611 -0.878153 -1.88372e-23)
(0.517329 -0.0456051 2.54355e-23)
(1.08818 -1.05552 -1.71812e-22)
(2.12747 -1.14632 -2.58542e-22)
(1.74401 -1.68774 -1.83232e-22)
(1.12031 -0.945988 0)
(-2.03137 -0.690249 6.89847e-25)
(-2.39097 -0.499404 -6.56525e-23)
(-2.36676 -0.222774 5.93698e-23)
(-2.10033 0.218987 -1.20249e-22)
(-2.15605 0.0366989 2.34421e-24)
(-0.487718 0.391787 1.34081e-22)
(-0.439829 -0.999995 1.63936e-23)
(0.496168 0.21074 -8.1287e-23)
(1.53231 -0.628316 -3.95356e-24)
(2.22883 -0.804972 2.66221e-22)
(1.62789 -1.05959 -3.37108e-22)
(1.04535 -0.760751 0)
(-1.51941 -0.663898 -7.059e-25)
(-2.0519 -0.159124 -1.23985e-22)
(-2.17706 -0.00780396 9.27186e-23)
(-1.92512 0.673623 -4.28264e-22)
(-2.05103 0.482992 -5.18495e-22)
(-0.0115942 0.665606 -4.98273e-23)
(-0.122144 -0.561133 -2.88173e-23)
(1.32427 0.0851242 -1.08926e-22)
(1.42564 -0.437811 -4.29803e-22)
(2.32184 -0.519676 -2.58026e-22)
(1.75388 -1.21716 -2.0808e-22)
(0.891146 -0.732546 2.93146e-22)
(-1.48416 -0.462205 -2.02359e-23)
(-2.04762 -0.0250134 9.6892e-24)
(-1.96479 0.290638 -1.24144e-22)
(-1.52415 0.764575 -4.30316e-22)
(-1.78216 0.801937 -4.14236e-22)
(-0.0727428 1.55889 5.58959e-23)
(0.183964 0.157385 4.06187e-22)
(1.29414 0.766616 -6.85303e-22)
(1.77125 0.15864 -9.28167e-24)
(2.2578 -0.226469 2.43474e-22)
(1.49888 -0.700331 -8.05784e-22)
(0.874019 -0.550392 5.21129e-22)
(-0.862673 -0.443311 -1.35513e-23)
(-1.60422 0.322517 2.46099e-22)
(-1.82351 0.519811 -1.29834e-22)
(-1.4222 1.08569 2.93917e-22)
(-1.47355 0.958284 -1.50024e-22)
(0.0659185 1.87268 -6.14407e-23)
(0.632081 1.19602 0)
(1.69337 1.17803 -9.42588e-22)
(1.62528 0.252893 -1.02848e-23)
(2.35861 0.0820952 2.23522e-22)
(1.59428 -0.670098 -2.45799e-22)
(0.648886 -0.516623 2.67291e-22)
(-1.01125 -0.317307 -5.46395e-24)
(-1.50264 0.276041 8.54996e-23)
(-1.83801 0.296457 -3.10378e-23)
(-0.989734 1.29532 3.90556e-22)
(-0.908895 1.34989 8.1407e-24)
(0.132696 1.73681 7.07436e-23)
(1.27383 1.82835 0)
(1.3837 1.19414 -1.09941e-22)
(1.88116 0.620792 -6.90144e-22)
(2.32723 0.323884 -3.50063e-22)
(1.36638 -0.0880806 1.09266e-22)
(0.674436 -0.247702 -1.93758e-22)
(-0.47827 -0.680605 -1.99675e-23)
(-1.1084 0.698422 -1.02808e-22)
(-1.38747 0.599296 3.19494e-22)
(-0.746195 1.65824 1.89786e-22)
(-0.468306 1.79163 6.72238e-24)
(0.280272 1.774 -8.29888e-24)
(1.36314 2.00679 6.85021e-22)
(1.54345 1.53845 7.30618e-22)
(1.85077 0.974284 -7.28509e-22)
(2.23712 0.796313 -1.84816e-22)
(1.0964 0.0188559 -4.77602e-23)
(0.113035 -0.132591 -1.71945e-22)
(-0.610277 -0.413372 -5.69114e-24)
(-0.973274 0.523788 -8.0186e-23)
(-1.3677 0.592562 -3.28894e-23)
(-0.176213 1.75153 -2.5959e-22)
(-0.333143 2.10606 -1.02668e-22)
(0.405582 2.27357 9.45318e-22)
(1.51817 2.41147 7.97643e-22)
(1.4942 1.71715 -1.06328e-22)
(2.03022 1.31212 -1.49196e-22)
(2.05817 0.919106 0)
(0.870353 0.0653066 4.3117e-24)
(0.969196 0.476402 1.00995e-22)
(-0.173058 -0.562057 5.83599e-24)
(-0.482918 0.44148 -1.95993e-25)
(-0.910326 1.31472 5.82438e-31)
(-0.0738307 1.83756 -3.04186e-22)
(0.119015 1.86602 5.33908e-24)
(0.765089 2.73705 8.61876e-22)
(1.388 2.29101 7.26259e-22)
(1.44662 2.041 -8.48393e-22)
(1.96825 1.52799 -9.19208e-23)
(1.57655 0.897798 -1.06184e-22)
(0.154769 0.0534248 -3.02398e-23)
(-0.288598 0.338862 4.93886e-25)
(-0.338489 -0.847484 -4.16429e-24)
(-0.214506 0.199515 2.68409e-24)
(-0.766364 0.0565081 2.88328e-22)
(0.244124 2.48506 -7.08061e-23)
(0.160244 1.42196 -1.2134e-22)
(0.927067 2.68435 3.66217e-24)
(1.08623 1.9786 -7.22334e-24)
(1.53587 2.17481 0)
(1.65249 1.0507 0)
(1.00921 0.677527 3.17737e-31)
(-0.0133904 -0.234343 -1.16379e-22)
(0.295032 0.0158827 1.51926e-23)
(-0.211792 -1.20461 3.65712e-24)
(-0.204604 0.396957 0)
(-0.285597 -0.295329 -1.15495e-22)
(0.438233 2.26117 0)
(0.331816 1.40212 3.67975e-23)
(0.826094 2.27912 -1.50017e-22)
(0.768754 1.78619 -2.61517e-22)
(1.12584 1.77015 -2.24203e-22)
(0.29739 0.400438 -1.89402e-23)
(-0.74163 -0.628111 2.5701e-23)
(-0.171002 0.268914 -2.33619e-23)
(-0.622171 -0.155218 1.04714e-22)
(0.925267 -1.27824 -4.44167e-22)
(0.815702 -1.26951 -6.82063e-22)
(0.348046 -1.40015 -1.76368e-22)
(0.418027 -1.11729 2.7501e-22)
(-0.13427 -1.20933 5.3005e-23)
(-0.34086 -1.14785 1.91674e-22)
(-0.629192 -1.02718 -2.65342e-23)
(-0.885482 -0.53326 -3.4367e-22)
(-0.986445 0.00233614 1.72327e-22)
(-1.04995 0.64217 0)
(-1.26625 1.10071 0)
(-0.828384 1.55999 0)
(0.609935 -1.0784 -6.72811e-24)
(0.578013 -1.33394 -3.56258e-22)
(0.199439 -1.46108 -2.17854e-31)
(0.111136 -1.20648 1.21832e-22)
(-0.159836 -1.55723 -3.90793e-23)
(-0.438697 -1.32274 1.66235e-22)
(-0.997761 -0.943351 0)
(-0.965257 -0.503517 -1.78092e-22)
(-1.2521 -0.0235964 3.65428e-22)
(-1.14499 0.586813 1.23799e-23)
(-1.38726 0.962789 2.01742e-23)
(-0.842363 1.39562 2.41477e-23)
(0.642302 -0.98649 9.14066e-24)
(0.442512 -1.1126 2.43485e-22)
(-0.067501 -1.4096 1.71502e-22)
(0.142974 -0.993587 -2.42167e-24)
(-0.337989 -1.01173 -4.55634e-23)
(-0.486267 -1.08922 1.64671e-22)
(-1.07454 -1.07545 2.09443e-22)
(-1.23678 -0.552537 8.53604e-24)
(-1.36462 -0.107208 2.04336e-22)
(-1.27218 0.574926 -1.27077e-22)
(-1.41876 1.01569 7.98643e-23)
(-0.857367 1.16351 1.50853e-23)
(0.260526 -0.779559 1.49607e-23)
(0.214039 -1.20974 1.85853e-22)
(-0.127527 -1.5968 1.12209e-22)
(-0.0218098 -1.26598 -4.72897e-23)
(-0.308347 -1.35129 3.47454e-24)
(-0.725076 -0.890938 1.94359e-23)
(-1.21346 -0.852545 3.62558e-22)
(-1.44565 -0.656032 -1.9081e-22)
(-1.41449 -0.111931 -1.43187e-23)
(-1.52838 0.465163 -2.27457e-22)
(-1.39736 0.791851 1.95718e-22)
(-0.763496 0.926406 4.18896e-23)
(0.281176 -0.68309 -1.28056e-23)
(-0.0728142 -0.961658 8.86557e-23)
(-0.323252 -1.48119 2.65099e-22)
(-0.0878903 -1.09429 2.5143e-22)
(-0.401146 -0.947963 -3.97643e-23)
(-0.733728 -1.00893 1.78214e-22)
(-1.26107 -0.732674 1.70654e-22)
(-1.57513 -0.695314 -1.87962e-22)
(-1.49314 -0.0649038 0)
(-1.62792 0.267132 -9.46032e-23)
(-1.1796 0.717621 8.48626e-23)
(-0.635163 0.605137 4.98234e-23)
(-0.249321 -0.645144 1.53629e-23)
(0.124116 -0.956844 1.05145e-22)
(-0.400565 -1.61874 0)
(-0.479354 -1.60488 3.82477e-22)
(-0.499671 -1.12888 -2.30413e-22)
(-0.937008 -0.617307 1.76624e-22)
(-1.21533 -0.647568 2.22832e-22)
(-1.71081 -0.637705 -1.60804e-22)
(-1.32327 -0.184954 1.6238e-22)
(-1.59823 0.192054 0)
(-1.02198 0.390571 0)
(-0.420921 0.289006 1.77716e-23)
(0.241311 -0.125668 0)
(0.0686661 -0.0791514 -6.40385e-23)
(-0.326049 -1.13051 7.22812e-23)
(-0.475297 -1.36396 -5.22952e-23)
(-0.702572 -1.27744 -4.1972e-22)
(-0.807 -0.7514 0)
(-1.11442 -0.321759 1.73082e-22)
(-1.65493 -0.687075 -2.68934e-22)
(-1.32438 -0.169427 1.09944e-22)
(-1.34808 0.128462 8.56632e-23)
(-0.841047 0.154521 2.98576e-23)
(-0.276103 0.108027 4.45313e-24)
(-0.269708 -0.492295 3.15179e-23)
(-0.164343 -0.806297 7.79416e-23)
(-0.619576 -1.17432 1.4267e-22)
(-0.534525 -1.37944 -1.95002e-22)
(-0.800217 -1.29254 -2.11747e-22)
(-0.996884 -0.713038 1.36234e-22)
(-0.964622 -0.184677 -1.24508e-22)
(-1.49002 -0.459544 -8.67001e-23)
(-1.32121 -0.411162 0)
(-1.03036 0.0169331 5.35715e-23)
(-0.722917 0.0191731 2.33966e-32)
(-0.692699 0.0853792 0)
(-0.203411 -0.0411307 5.18745e-23)
(0.161703 0.483728 0)
(-0.386337 -0.66204 0)
(-0.747471 -1.2987 9.87527e-23)
(-0.922372 -1.42851 2.11767e-22)
(-1.10077 -0.885803 -4.08523e-31)
(-1.18792 -0.229728 5.29591e-24)
(-1.09299 -0.326312 -8.42829e-24)
(-1.49756 -0.552193 -1.07416e-23)
(-1.14697 -0.119476 -5.76958e-24)
(-1.14654 -0.0095129 -2.71149e-23)
(-1.06759 0.0589074 7.38517e-24)
(-0.0597891 -0.35652 3.03338e-23)
(-0.241301 -0.458993 -1.65518e-23)
(-0.445815 -0.457867 1.7293e-23)
(-0.525153 -0.933692 -9.8194e-25)
(-0.952635 -1.37244 2.44442e-22)
(-1.4983 -1.03712 -5.31555e-22)
(-1.22136 -0.292256 1.52704e-31)
(-1.17316 -0.131575 -1.46006e-24)
(-1.48828 -0.40011 5.43976e-23)
(-1.54271 -0.17095 0)
(-1.31902 -0.0190998 0)
(-1.41107 0.023667 -4.97072e-24)
(-0.31818 0.124111 7.10276e-24)
(-0.231992 0.295761 7.15559e-24)
(0.20919 0.129157 -3.17317e-23)
(-0.225481 -0.455386 -4.08904e-23)
(-0.675644 -0.998249 4.76149e-24)
(-1.64233 -1.2394 -3.41313e-22)
(-1.46615 -0.517873 -2.08674e-22)
(-1.34632 -0.353638 -1.5315e-22)
(-1.32126 -0.400596 1.21413e-24)
(-1.72379 -0.361492 -2.56275e-24)
(-1.25693 -0.0991877 -3.18707e-23)
(-1.70979 -0.115356 -1.07207e-32)
(-0.0342523 -0.162871 -8.38211e-23)
(0.588198 0.124563 0)
(0.132868 0.0740044 0)
(0.240261 0.298723 -3.81093e-24)
(-0.0571552 -0.136915 1.16763e-23)
(-1.48814 -0.767166 0)
(-1.74462 -0.627096 1.23119e-23)
(-1.39868 -0.227923 -8.95674e-23)
(-1.26511 -0.181078 -8.23342e-23)
(-1.48063 -0.173819 0)
(-1.25113 0.00407786 -1.54375e-23)
(-1.32379 0.0717543 -1.35221e-32)
(-0.596788 1.1425 2.15142e-23)
(-0.182594 1.79489 -3.88293e-23)
(-0.13503 2.08351 5.81688e-23)
(0.07164 2.11902 -6.85246e-24)
(-0.237357 2.40745 -7.46047e-23)
(-0.119432 1.7196 9.51699e-23)
(-0.451768 0.487986 -1.58086e-22)
(-0.824032 -0.74067 -2.3748e-22)
(-1.17957 -0.412264 -6.13622e-23)
(-1.19205 -1.78323 0)
(-1.2006 -1.30593 -3.43171e-23)
(-0.893713 -1.10788 2.62305e-23)
(-0.590761 0.894424 1.78522e-23)
(-0.0691139 1.6172 -4.03263e-23)
(0.0710117 1.9223 0)
(0.0272645 2.36189 1.55903e-23)
(0.227296 2.19178 -7.78462e-23)
(0.208163 1.69427 -5.10531e-25)
(-0.0505416 0.590627 0)
(-0.104906 0.212148 -5.32678e-23)
(-0.774327 -0.66334 -7.77409e-23)
(-1.22848 -1.34186 0)
(-1.27209 -1.29866 0)
(-0.676185 -0.921674 0)
(-0.535193 0.638651 2.49645e-23)
(-0.0640136 1.70216 8.69757e-23)
(-0.166483 2.01302 0)
(0.155798 2.00376 0)
(0.285396 2.03007 3.71952e-23)
(0.368562 1.27246 1.53624e-24)
(0.0809559 0.470882 1.77036e-23)
(-0.110685 -0.874615 6.86039e-24)
(-0.805248 -0.791852 -7.84782e-23)
(-0.903282 -1.97491 0)
(-1.25069 -1.37761 1.88635e-22)
(-0.729256 -1.06353 0)
(-0.345763 0.348618 8.88327e-24)
(-0.00521295 1.45575 1.26012e-22)
(0.105816 1.81589 0)
(0.140579 2.12954 1.4089e-22)
(0.87338 1.69447 3.08773e-22)
(0.74649 1.33585 -8.45626e-23)
(0.355006 0.14021 0)
(0.332253 -0.291958 -1.44513e-22)
(-0.235905 -0.735107 -3.01697e-24)
(-0.734173 -1.4121 1.71075e-22)
(-1.1219 -1.21882 3.96382e-22)
(-0.610342 -0.78965 -2.24732e-22)
(-0.241954 0.368677 5.64827e-24)
(-0.0302371 1.52285 1.96669e-25)
(-0.0349117 1.8327 0)
(0.439594 1.57661 2.23666e-22)
(0.63863 1.56118 -4.36071e-24)
(0.86206 0.942399 -3.21984e-22)
(0.848036 -0.0108337 -6.53436e-23)
(0.422636 -0.806222 4.25533e-24)
(-0.182039 -1.14736 -1.06343e-22)
(-0.420468 -1.96644 -3.34783e-22)
(-1.1888 -1.30435 1.0768e-22)
(-0.579421 -1.0018 -3.09399e-22)
(-0.1582 0.133892 3.53531e-24)
(0.0261717 1.34222 -6.12736e-32)
(0.291294 1.60033 0)
(0.317961 1.71974 -3.75355e-23)
(0.694433 1.39036 -1.13882e-22)
(1.20682 0.854756 -5.68608e-22)
(1.0494 -0.10415 8.04892e-23)
(0.871635 -0.800518 1.95022e-22)
(0.188905 -0.975935 -4.4324e-22)
(-0.0186575 -1.51498 -1.47368e-22)
(-0.860321 -1.11148 1.83927e-22)
(-0.517865 -0.738232 -3.50055e-22)
(-0.594668 0.304415 8.81271e-24)
(-0.00914915 1.36893 5.09247e-24)
(0.0792108 1.68977 0)
(0.437091 1.3734 -2.39806e-22)
(0.800402 0.999508 3.78982e-24)
(1.27261 0.324873 -3.70881e-22)
(1.26908 -0.196458 4.5183e-22)
(0.915759 -0.950864 -1.88185e-31)
(0.628552 -1.24519 -5.84416e-22)
(0.309569 -1.88502 -1.10584e-22)
(-0.637441 -1.24143 7.22424e-23)
(-0.419071 -0.843843 -3.15571e-22)
(-0.918594 0.232543 1.66607e-23)
(-0.168662 1.22013 -1.85197e-22)
(0.0962263 1.51733 2.53684e-24)
(0.561124 1.23493 2.08404e-31)
(1.15405 0.692896 -5.03197e-23)
(1.40563 0.354444 -5.01916e-23)
(1.31104 -0.307168 6.04645e-23)
(1.70659 -1.04007 -5.61446e-22)
(0.969609 -1.39535 -9.39472e-23)
(0.6515 -1.48988 -4.61455e-22)
(-0.22813 -1.14675 5.94808e-23)
(0.00614063 -0.71823 2.03529e-22)
(-1.19073 0.264017 6.89059e-24)
(-0.439344 1.00358 -1.17485e-22)
(0.141782 1.26949 -2.1447e-22)
(0.652468 0.780818 3.60813e-22)
(0.981113 0.467564 -4.34224e-22)
(1.33869 0.0669407 4.8584e-23)
(1.79489 -0.648963 -5.83552e-22)
(1.72055 -1.43231 5.17875e-22)
(1.07127 -1.10884 -4.80414e-22)
(0.774544 -1.60825 -3.93522e-22)
(-0.109814 -1.10217 4.21334e-23)
(-0.100115 -0.623888 9.55542e-24)
(-1.38234 0.13356 1.7963e-23)
(-0.175446 0.661812 1.4821e-23)
(-0.221822 0.991014 -3.26721e-24)
(0.962435 0.535627 3.68295e-22)
(1.03261 0.295969 -2.2247e-22)
(1.34553 -0.274716 3.67078e-22)
(1.79192 -0.939726 -3.05363e-22)
(1.42997 -0.803252 -6.31814e-24)
(1.06993 -1.12105 -3.64168e-22)
(0.718638 -1.29561 0)
(0.0394849 -0.791935 -3.3415e-23)
(0.181676 -0.196334 -4.99462e-23)
(-1.45811 -0.0537142 0)
(-0.968822 0.496753 -5.6682e-23)
(-0.19354 0.834106 2.23351e-22)
(0.885262 0.313259 1.35686e-22)
(1.46164 -0.0370814 -6.2106e-23)
(1.79643 -0.5969 -5.16878e-23)
(1.79274 -0.829852 -1.23004e-31)
(1.56204 -0.95817 -2.85822e-22)
(1.297 -1.17209 -1.18216e-22)
(0.921858 -1.22173 1.24461e-22)
(0.00679345 -0.551336 -2.66811e-22)
(-0.233449 0.0384384 -1.5015e-24)
(-1.18631 0.0983131 -1.49246e-23)
(-1.19348 0.263795 -3.05135e-24)
(0.102733 0.167462 6.63802e-25)
(0.756492 -0.0647818 5.31418e-23)
(1.69465 -0.419883 -9.00349e-25)
(1.58512 -0.518 -2.52715e-22)
(1.83449 -0.746375 3.31571e-22)
(1.76789 -0.857226 1.28597e-22)
(1.62195 -1.01582 -2.78252e-22)
(0.730712 -0.688889 1.32763e-22)
(0.0676436 0.0760351 -8.41756e-23)
(0.137561 -0.0504447 -2.19443e-24)
(-1.39742 -1.06657 0)
(-1.67074 -0.881 0)
(-1.63565 -0.490273 0)
(-1.04845 -0.495804 -6.52848e-23)
(-1.23228 -0.322437 2.37713e-23)
(-1.06518 0.022955 8.20143e-23)
(-0.480369 0.359703 0)
(-0.29525 0.632061 5.88197e-24)
(0.224997 0.758571 -8.64011e-23)
(0.797134 0.531836 0)
(1.14197 0.528355 0)
(1.47321 0.407811 -1.48309e-23)
(-1.12988 -0.841262 0)
(-1.67661 -0.766538 3.55727e-22)
(-2.04977 -0.610075 8.99485e-23)
(-1.37781 -0.595264 -2.29181e-22)
(-1.27439 -0.0200498 3.06679e-23)
(-1.10409 0.454291 0)
(-0.471292 0.642248 8.80273e-23)
(-0.197488 0.806474 -1.37423e-22)
(0.0866934 1.02144 -1.25615e-22)
(0.674721 0.572443 -1.20586e-23)
(1.06775 0.595878 -1.96837e-23)
(1.43339 0.418321 -3.27229e-23)
(-1.07932 -0.760171 0)
(-1.50604 -0.509124 2.46276e-22)
(-1.85833 -0.204112 2.99275e-22)
(-1.17367 -0.286756 -2.70693e-22)
(-1.1825 0.110623 -5.64274e-23)
(-1.04824 0.583981 -2.30338e-23)
(-0.536305 0.741736 -5.08949e-24)
(-0.27988 1.00633 -2.50446e-22)
(-0.0359897 0.921752 -1.15911e-22)
(0.473366 0.82685 -6.55088e-23)
(1.02928 0.694474 -1.53664e-23)
(1.31084 0.482881 -1.56761e-23)
(-1.04166 -0.327162 2.69404e-22)
(-1.56904 -0.399828 6.27342e-23)
(-2.21789 -0.271762 3.4528e-22)
(-1.5065 -0.132037 -6.88286e-23)
(-1.19539 0.323602 4.05293e-24)
(-1.14526 0.856775 -1.95914e-22)
(-0.44412 0.902089 -2.30335e-22)
(-0.35556 1.04719 -1.17343e-22)
(-0.0599462 1.11209 -1.29397e-22)
(0.294174 1.06449 -5.61393e-23)
(0.931698 0.774618 8.74182e-24)
(1.27353 0.655091 9.36124e-24)
(-0.601242 -0.360707 2.86345e-22)
(-1.13835 -0.202849 -1.32604e-22)
(-1.91343 -0.00329694 9.08462e-23)
(-1.50026 0.138488 -6.05999e-24)
(-0.996093 0.479745 2.44508e-22)
(-1.17004 0.988724 -3.14677e-22)
(-0.54826 1.01225 -1.15549e-22)
(-0.293244 1.16432 -3.09676e-24)
(-0.158109 1.26479 0)
(0.168918 1.2537 -6.37439e-23)
(0.836147 0.859601 0)
(1.1126 0.844357 0)
(-0.877853 0.13285 9.2146e-23)
(-1.22673 -0.388183 -1.0445e-22)
(-2.03912 0.0740367 0)
(-1.68137 0.40041 -3.86046e-22)
(-1.17177 0.734951 -6.76923e-23)
(-1.10366 1.15509 -4.62392e-23)
(-0.68531 1.21924 -2.31492e-22)
(-0.324084 1.24729 -4.57841e-24)
(-0.206841 1.33651 -1.12167e-23)
(0.0875697 1.41569 -7.90734e-23)
(0.670996 1.13527 -8.67702e-24)
(1.21944 0.947296 1.17995e-23)
(-0.303356 0.019934 0)
(-0.599848 -0.269537 -1.90714e-22)
(-1.66234 0.154125 4.11176e-22)
(-1.73781 0.509792 -4.14644e-22)
(-1.02622 0.842249 -3.65448e-22)
(-1.26711 1.41176 1.96788e-23)
(-0.661478 1.46838 -3.15861e-22)
(-0.462466 1.41692 -2.31754e-25)
(-0.128232 1.30515 1.1458e-22)
(-0.0417907 1.50998 0)
(0.408477 1.3705 -6.82117e-23)
(1.01622 0.677803 0)
(-0.352974 -0.0453143 1.07992e-22)
(-0.702608 -0.296371 -1.47736e-22)
(-1.43335 0.356039 3.23305e-22)
(-1.69322 0.873458 -5.0549e-22)
(-1.02694 1.03562 2.9939e-22)
(-1.14677 1.47863 -3.33643e-22)
(-0.906092 1.66526 1.30022e-23)
(-0.525775 1.6365 2.48783e-25)
(-0.250665 1.54056 1.20025e-22)
(0.0810992 1.51455 -1.31078e-22)
(0.227822 1.64157 8.65064e-24)
(0.975547 0.752734 3.29886e-23)
(-0.0304018 -0.0528774 7.59758e-23)
(-0.0184339 -0.0267589 -1.26459e-24)
(-1.06676 0.160744 -2.91617e-23)
(-1.62517 0.941245 -4.21248e-22)
(-1.16463 1.28709 2.79553e-22)
(-0.962545 1.44102 -3.19284e-22)
(-0.958791 1.86042 1.47224e-23)
(-0.642545 1.69941 5.15146e-24)
(-0.464216 1.86758 -1.06116e-23)
(0.06311 1.51944 -2.68368e-22)
(0.0127088 2.03506 5.33905e-23)
(0.742935 1.0044 3.02509e-32)
(-0.467577 0.14167 7.12247e-24)
(-0.836027 0.326508 1.34413e-23)
(-0.890482 0.535228 -5.26561e-23)
(-1.4288 0.969768 -2.86905e-22)
(-1.23293 1.56984 -3.89532e-22)
(-0.822809 1.36345 2.73015e-22)
(-0.920246 2.00324 -1.59845e-23)
(-0.572767 1.7218 1.85464e-24)
(-0.561383 2.14096 -8.49925e-23)
(0.0630763 1.47699 -1.12961e-22)
(-0.04759 1.95103 -1.08177e-23)
(0.397731 1.20724 -3.36792e-23)
(0.150383 0.313964 1.5631e-24)
(0.229705 0.131316 2.50666e-23)
(-0.58494 0.294449 5.79674e-25)
(-1.2139 0.822118 -2.36802e-22)
(-1.38428 1.63117 -6.11568e-22)
(-1.00851 1.60938 3.4843e-22)
(-1.0324 2.21186 -2.57297e-22)
(-0.751645 1.95224 5.40412e-24)
(-0.778146 2.43563 -1.26901e-22)
(-0.1363 1.9099 -1.23818e-23)
(-0.102404 1.9077 4.17157e-23)
(0.275609 1.53877 0)
(-0.130183 -0.0557714 0)
(0.0886642 -0.437628 3.40605e-24)
(0.1187 -0.0586339 5.61802e-23)
(-0.0234967 0.136572 -1.25564e-23)
(-0.773667 1.43875 -3.62454e-22)
(-0.514006 1.44862 -2.40797e-23)
(-0.684767 1.92346 -1.32556e-22)
(-0.513778 1.87171 1.87675e-24)
(-0.520304 2.47718 0)
(-0.335433 2.45605 9.78984e-23)
(-0.0122752 2.09639 6.53816e-23)
(0.117548 1.71778 -1.78285e-23)
)
;

boundaryField
{
    rotor
    {
        type            fixedValue;
        value           nonuniform List<vector> 
192
(
(0.020547 0.627646 -0)
(0.061553 0.624958 -0)
(0.102295 0.619594 -0)
(0.1426 0.611577 -0)
(0.182294 0.600941 -0)
(0.221207 0.587732 -0)
(0.259173 0.572006 -0)
(0.296029 0.553831 -0)
(0.331617 0.533284 -0)
(0.365786 0.510453 -0)
(0.398388 0.485437 -0)
(0.429284 0.458342 -0)
(0.458342 0.429284 -0)
(0.485437 0.398388 -0)
(0.510453 0.365786 -0)
(0.533284 0.331617 -0)
(0.553831 0.296029 -0)
(0.572006 0.259173 -0)
(0.587732 0.221207 -0)
(0.600941 0.182294 -0)
(0.611577 0.1426 -0)
(0.619594 0.102295 -0)
(0.624958 0.061553 -0)
(0.627646 0.020547 -0)
(0.627646 -0.020547 0)
(0.624958 -0.061553 0)
(0.619594 -0.102295 0)
(0.611577 -0.1426 0)
(0.600941 -0.182294 0)
(0.587732 -0.221207 0)
(0.572006 -0.259173 0)
(0.553831 -0.296029 0)
(0.533284 -0.331617 0)
(0.510453 -0.365786 0)
(0.485437 -0.398388 0)
(0.458342 -0.429284 0)
(0.429284 -0.458342 0)
(0.398388 -0.485437 0)
(0.365786 -0.510453 0)
(0.331617 -0.533284 0)
(0.296029 -0.553831 0)
(0.259173 -0.572006 0)
(0.221207 -0.587732 0)
(0.182294 -0.600941 0)
(0.1426 -0.611577 0)
(0.102295 -0.619594 0)
(0.061553 -0.624958 0)
(0.020547 -0.627646 0)
(-0.020547 -0.627646 0)
(-0.061553 -0.624958 0)
(-0.102295 -0.619594 0)
(-0.1426 -0.611577 0)
(-0.182294 -0.600941 0)
(-0.221207 -0.587732 0)
(-0.259173 -0.572006 0)
(-0.296029 -0.553831 0)
(-0.331617 -0.533284 0)
(-0.365786 -0.510453 0)
(-0.398388 -0.485437 0)
(-0.429284 -0.458342 0)
(-0.458342 -0.429284 0)
(-0.485437 -0.398388 0)
(-0.510453 -0.365786 0)
(-0.533284 -0.331617 0)
(-0.553831 -0.296029 0)
(-0.572006 -0.259173 0)
(-0.587732 -0.221207 0)
(-0.600941 -0.182294 0)
(-0.611577 -0.1426 0)
(-0.619594 -0.102295 0)
(-0.624958 -0.061553 0)
(-0.627646 -0.020547 0)
(-0.627646 0.020547 0)
(-0.624958 0.061553 0)
(-0.619594 0.102295 0)
(-0.611577 0.1426 0)
(-0.600941 0.182294 0)
(-0.587732 0.221207 0)
(-0.572006 0.259173 0)
(-0.553831 0.296029 0)
(-0.533284 0.331617 0)
(-0.510453 0.365786 0)
(-0.485437 0.398388 0)
(-0.458342 0.429284 0)
(-0.429284 0.458342 0)
(-0.398388 0.485437 0)
(-0.365786 0.510453 0)
(-0.331617 0.533284 0)
(-0.296029 0.553831 0)
(-0.259173 0.572006 0)
(-0.221207 0.587732 0)
(-0.182294 0.600941 0)
(-0.1426 0.611577 0)
(-0.102295 0.619594 0)
(-0.061553 0.624958 0)
(-0.020547 0.627646 0)
(0 0.667588 0)
(0 0.746128 0)
(0 0.824668 0)
(0 0.903208 0)
(0 0.981748 0)
(0 1.06029 0)
(0 1.13883 0)
(0 1.21737 0)
(0 1.29591 0)
(0 1.37445 0)
(0 1.45299 0)
(0 1.53153 0)
(0 0.667588 0)
(0 0.746128 0)
(0 0.824668 0)
(0 0.903208 0)
(0 0.981748 0)
(0 1.06029 0)
(0 1.13883 0)
(0 1.21737 0)
(0 1.29591 0)
(0 1.37445 0)
(0 1.45299 0)
(0 1.53153 0)
(0.667588 1.19825e-09 -0)
(0.746128 1.33922e-09 -0)
(0.824668 1.48019e-09 -0)
(0.903208 1.62116e-09 -0)
(0.981748 1.76214e-09 -0)
(1.06029 1.90311e-09 -0)
(1.13883 2.04408e-09 -0)
(1.21737 2.18505e-09 -0)
(1.29591 2.32602e-09 -0)
(1.37445 2.46699e-09 -0)
(1.45299 2.60796e-09 -0)
(1.53153 2.74893e-09 -0)
(0.667588 1.19825e-09 -0)
(0.746128 1.33922e-09 -0)
(0.824668 1.48019e-09 -0)
(0.903208 1.62116e-09 -0)
(0.981748 1.76214e-09 -0)
(1.06029 1.90311e-09 -0)
(1.13883 2.04408e-09 -0)
(1.21737 2.18505e-09 -0)
(1.29591 2.32602e-09 -0)
(1.37445 2.46699e-09 -0)
(1.45299 2.60796e-09 -0)
(1.53153 2.74893e-09 -0)
(-2.3965e-09 -0.667588 0)
(-2.67845e-09 -0.746128 0)
(-2.96039e-09 -0.824668 0)
(-3.24233e-09 -0.903208 0)
(-3.52427e-09 -0.981748 0)
(-3.80621e-09 -1.06029 0)
(-4.08815e-09 -1.13883 0)
(-4.3701e-09 -1.21737 0)
(-4.65204e-09 -1.29591 0)
(-4.93398e-09 -1.37445 0)
(-5.21592e-09 -1.45299 0)
(-5.49786e-09 -1.53153 0)
(-2.3965e-09 -0.667588 0)
(-2.67845e-09 -0.746128 0)
(-2.96039e-09 -0.824668 0)
(-3.24233e-09 -0.903208 0)
(-3.52427e-09 -0.981748 0)
(-3.80621e-09 -1.06029 0)
(-4.08815e-09 -1.13883 0)
(-4.3701e-09 -1.21737 0)
(-4.65204e-09 -1.29591 0)
(-4.93398e-09 -1.37445 0)
(-5.21592e-09 -1.45299 0)
(-5.49786e-09 -1.53153 0)
(-0.667588 1.19825e-09 0)
(-0.746128 1.33922e-09 0)
(-0.824668 1.48019e-09 0)
(-0.903208 1.62116e-09 0)
(-0.981748 1.76214e-09 0)
(-1.06029 1.90311e-09 0)
(-1.13883 2.04408e-09 0)
(-1.21737 2.18505e-09 0)
(-1.29591 2.32602e-09 0)
(-1.37445 2.46699e-09 0)
(-1.45299 2.60796e-09 0)
(-1.53153 2.74893e-09 0)
(-0.667588 1.19825e-09 0)
(-0.746128 1.33922e-09 0)
(-0.824668 1.48019e-09 0)
(-0.903208 1.62116e-09 0)
(-0.981748 1.76214e-09 0)
(-1.06029 1.90311e-09 0)
(-1.13883 2.04408e-09 0)
(-1.21737 2.18505e-09 0)
(-1.29591 2.32602e-09 0)
(-1.37445 2.46699e-09 0)
(-1.45299 2.60796e-09 0)
(-1.53153 2.74893e-09 0)
)
;
    }
    stator
    {
        type            fixedValue;
        value           uniform (0 0 0);
    }
    front
    {
        type            empty;
    }
    back
    {
        type            empty;
    }
}


// ************************************************************************* //
