/*--------------------------------*- C++ -*----------------------------------*\
| =========                 |                                                 |
| \\      /  F ield         | OpenFOAM: The Open Source CFD Toolbox           |
|  \\    /   O peration     | Version:  v1606+                                |
|   \\  /    A nd           | Web:      www.OpenFOAM.com                      |
|    \\/     M anipulation  |                                                 |
\*---------------------------------------------------------------------------*/
FoamFile
{
    version     2.0;
    format      ascii;
    class       volScalarField;
    location    "0.0033";
    object      rho;
}
// * * * * * * * * * * * * * * * * * * * * * * * * * * * * * * * * * * * * * //

dimensions      [1 -3 0 0 0 0 0];

internalField   nonuniform List<scalar> 
2450
(
0.170118
0.170124
0.17013
0.184956
0.349382
0.812183
1.16288
1.3067
1.36686
1.39574
1.40456
1.40694
1.40761
1.4076
1.40759
1.40758
1.40755
1.40752
1.40749
1.40746
1.40743
1.40739
1.40736
1.40733
1.40731
1.40728
1.40726
1.40723
1.40721
1.40719
1.40717
1.40715
1.40713
1.40711
1.40709
1.40706
1.40704
1.40702
1.407
1.40697
1.40695
1.40693
1.4069
1.40688
1.40686
1.40684
1.40682
1.4068
1.40678
1.40677
1.40675
1.40674
1.40672
1.40671
1.4067
1.40669
1.40668
1.40668
1.40667
1.40666
1.40666
1.40665
1.40665
1.40664
1.40663
1.40662
1.40661
1.40659
1.40657
1.40656
0.170122
0.170125
0.173942
0.195253
0.382887
0.889509
1.20082
1.3201
1.37285
1.39778
1.40523
1.4076
1.4076
1.4076
1.40758
1.40756
1.40754
1.40751
1.40748
1.40744
1.40741
1.40738
1.40735
1.40732
1.40729
1.40727
1.40724
1.40722
1.4072
1.40718
1.40716
1.40714
1.40712
1.4071
1.40708
1.40706
1.40704
1.40702
1.40699
1.40697
1.40695
1.40692
1.4069
1.40688
1.40686
1.40684
1.40682
1.4068
1.40678
1.40676
1.40675
1.40673
1.40672
1.40671
1.4067
1.40669
1.40668
1.40667
1.40666
1.40666
1.40665
1.40665
1.40664
1.40664
1.40663
1.40662
1.4066
1.40657
1.40654
1.40655
0.170122
0.174095
0.183938
0.243105
0.570387
1.0297
1.25624
1.34588
1.38402
1.40111
1.40614
1.40764
1.40764
1.40763
1.40761
1.40759
1.40757
1.40753
1.4075
1.40747
1.40743
1.4074
1.40737
1.40734
1.40732
1.4073
1.40727
1.40725
1.40723
1.40721
1.4072
1.40718
1.40716
1.40714
1.40712
1.4071
1.40708
1.40705
1.40703
1.40701
1.40698
1.40696
1.40694
1.40692
1.40689
1.40687
1.40685
1.40683
1.40682
1.4068
1.40678
1.40677
1.40676
1.40675
1.40673
1.40672
1.40672
1.40671
1.4067
1.40669
1.40669
1.40668
1.40668
1.40667
1.40666
1.40665
1.40663
1.40659
1.40655
1.40655
0.185776
0.196692
0.2453
0.473035
0.874549
1.17538
1.31588
1.37022
1.39482
1.40429
1.40691
1.40767
1.40767
1.40765
1.40764
1.40761
1.40758
1.40755
1.40752
1.40748
1.40745
1.40742
1.40739
1.40736
1.40734
1.40732
1.4073
1.40728
1.40726
1.40724
1.40722
1.4072
1.40718
1.40716
1.40714
1.40712
1.4071
1.40708
1.40706
1.40703
1.40701
1.40699
1.40696
1.40694
1.40692
1.4069
1.40688
1.40686
1.40684
1.40683
1.40681
1.4068
1.40678
1.40677
1.40676
1.40675
1.40674
1.40673
1.40673
1.40672
1.40671
1.40671
1.4067
1.4067
1.40669
1.40667
1.40665
1.4066
1.40656
1.40655
0.359557
0.393288
0.598671
0.850733
1.13948
1.29378
1.35784
1.39011
1.4018
1.40622
1.40769
1.40768
1.40767
1.40766
1.40764
1.40762
1.40759
1.40755
1.40752
1.40749
1.40746
1.40743
1.4074
1.40737
1.40735
1.40733
1.40731
1.40729
1.40727
1.40725
1.40723
1.40721
1.40719
1.40717
1.40715
1.40713
1.40711
1.40709
1.40707
1.40705
1.40702
1.407
1.40698
1.40696
1.40693
1.40691
1.40689
1.40687
1.40686
1.40684
1.40682
1.40681
1.4068
1.40678
1.40677
1.40676
1.40675
1.40675
1.40674
1.40673
1.40673
1.40672
1.40672
1.40671
1.4067
1.40669
1.40666
1.40661
1.40656
1.40656
0.834624
0.915135
1.03777
1.18176
1.29278
1.35445
1.38644
1.40039
1.4054
1.40714
1.40769
1.40768
1.40767
1.40766
1.40764
1.40761
1.40758
1.40755
1.40752
1.40748
1.40745
1.40743
1.4074
1.40737
1.40735
1.40733
1.40731
1.40729
1.40727
1.40726
1.40724
1.40722
1.4072
1.40718
1.40716
1.40714
1.40712
1.4071
1.40708
1.40705
1.40703
1.40701
1.40699
1.40696
1.40694
1.40692
1.4069
1.40688
1.40686
1.40685
1.40683
1.40682
1.4068
1.40679
1.40678
1.40677
1.40676
1.40675
1.40675
1.40674
1.40673
1.40673
1.40672
1.40672
1.40671
1.40669
1.40667
1.40662
1.40657
1.40656
1.17428
1.20465
1.26048
1.32006
1.36067
1.38672
1.39987
1.4053
1.40703
1.40769
1.40769
1.40768
1.40767
1.40765
1.40763
1.4076
1.40757
1.40754
1.40751
1.40748
1.40745
1.40742
1.4074
1.40737
1.40735
1.40733
1.40731
1.40729
1.40728
1.40726
1.40724
1.40722
1.40721
1.40719
1.40717
1.40715
1.40713
1.4071
1.40708
1.40706
1.40704
1.40701
1.40699
1.40697
1.40695
1.40693
1.40691
1.40689
1.40687
1.40685
1.40684
1.40682
1.40681
1.4068
1.40679
1.40678
1.40677
1.40676
1.40675
1.40674
1.40674
1.40673
1.40673
1.40672
1.40671
1.4067
1.40667
1.40662
1.40657
1.40657
1.30852
1.3226
1.34762
1.37202
1.39044
1.40067
1.40532
1.40703
1.40769
1.40769
1.40768
1.40768
1.40766
1.40764
1.40762
1.40759
1.40756
1.40753
1.4075
1.40747
1.40744
1.40742
1.40739
1.40737
1.40735
1.40733
1.40731
1.4073
1.40728
1.40726
1.40725
1.40723
1.40721
1.40719
1.40717
1.40715
1.40713
1.40711
1.40709
1.40707
1.40704
1.40702
1.407
1.40698
1.40695
1.40693
1.40691
1.40689
1.40688
1.40686
1.40684
1.40683
1.40682
1.4068
1.40679
1.40678
1.40677
1.40677
1.40676
1.40675
1.40674
1.40674
1.40673
1.40673
1.40672
1.4067
1.40668
1.40663
1.40658
1.40657
1.37248
1.37845
1.38747
1.3961
1.4022
1.40565
1.40709
1.40769
1.40769
1.40769
1.40768
1.40766
1.40765
1.40763
1.4076
1.40758
1.40755
1.40752
1.40749
1.40746
1.40744
1.40741
1.40739
1.40737
1.40735
1.40733
1.40732
1.4073
1.40728
1.40727
1.40725
1.40723
1.40722
1.4072
1.40718
1.40716
1.40714
1.40712
1.40709
1.40707
1.40705
1.40703
1.407
1.40698
1.40696
1.40694
1.40692
1.4069
1.40688
1.40687
1.40685
1.40684
1.40682
1.40681
1.4068
1.40679
1.40678
1.40677
1.40676
1.40676
1.40675
1.40674
1.40674
1.40673
1.40672
1.40671
1.40668
1.40663
1.40658
1.40658
1.39538
1.39776
1.40106
1.40424
1.40622
1.40769
1.40769
1.40769
1.40768
1.40768
1.40767
1.40765
1.40763
1.40761
1.40759
1.40756
1.40753
1.40751
1.40748
1.40745
1.40743
1.40741
1.40739
1.40737
1.40735
1.40733
1.40732
1.4073
1.40729
1.40727
1.40725
1.40724
1.40722
1.4072
1.40718
1.40716
1.40714
1.40712
1.4071
1.40708
1.40706
1.40703
1.40701
1.40699
1.40697
1.40695
1.40693
1.40691
1.40689
1.40688
1.40686
1.40685
1.40683
1.40682
1.40681
1.4068
1.40679
1.40678
1.40677
1.40676
1.40676
1.40675
1.40674
1.40674
1.40673
1.40671
1.40669
1.40664
1.40659
1.40658
1.40488
1.40547
1.40627
1.40698
1.40769
1.40769
1.40769
1.40768
1.40767
1.40766
1.40765
1.40763
1.40761
1.40759
1.40757
1.40754
1.40752
1.40749
1.40747
1.40745
1.40742
1.4074
1.40738
1.40737
1.40735
1.40733
1.40732
1.4073
1.40729
1.40727
1.40726
1.40724
1.40723
1.40721
1.40719
1.40717
1.40715
1.40713
1.40711
1.40709
1.40706
1.40704
1.40702
1.407
1.40698
1.40696
1.40694
1.40692
1.4069
1.40688
1.40687
1.40685
1.40684
1.40683
1.40682
1.40681
1.4068
1.40679
1.40678
1.40677
1.40676
1.40676
1.40675
1.40674
1.40674
1.40672
1.40669
1.40665
1.40659
1.40659
1.40706
1.4076
1.40764
1.40767
1.40768
1.40768
1.40767
1.40767
1.40766
1.40765
1.40763
1.40761
1.4076
1.40757
1.40755
1.40753
1.4075
1.40748
1.40746
1.40744
1.40742
1.4074
1.40738
1.40737
1.40735
1.40734
1.40732
1.40731
1.40729
1.40728
1.40726
1.40725
1.40723
1.40721
1.4072
1.40718
1.40716
1.40714
1.40712
1.40709
1.40707
1.40705
1.40703
1.40701
1.40699
1.40697
1.40695
1.40693
1.40691
1.40689
1.40688
1.40686
1.40685
1.40684
1.40682
1.40681
1.4068
1.40679
1.40679
1.40678
1.40677
1.40676
1.40676
1.40675
1.40674
1.40673
1.4067
1.40665
1.4066
1.40659
1.4076
1.40759
1.40763
1.40765
1.40766
1.40766
1.40766
1.40765
1.40764
1.40763
1.40761
1.40759
1.40758
1.40755
1.40753
1.40751
1.40749
1.40747
1.40745
1.40743
1.40741
1.4074
1.40738
1.40737
1.40735
1.40734
1.40732
1.40731
1.4073
1.40728
1.40727
1.40725
1.40724
1.40722
1.4072
1.40718
1.40717
1.40714
1.40712
1.4071
1.40708
1.40706
1.40704
1.40702
1.407
1.40698
1.40696
1.40694
1.40692
1.4069
1.40689
1.40687
1.40686
1.40685
1.40683
1.40682
1.40681
1.4068
1.40679
1.40679
1.40678
1.40677
1.40677
1.40676
1.40675
1.40673
1.40671
1.40666
1.40661
1.4066
1.40759
1.40758
1.40762
1.40764
1.40765
1.40765
1.40764
1.40763
1.40762
1.4076
1.40759
1.40757
1.40755
1.40753
1.40752
1.4075
1.40748
1.40746
1.40744
1.40742
1.40741
1.40739
1.40738
1.40736
1.40735
1.40734
1.40733
1.40732
1.4073
1.40729
1.40728
1.40726
1.40725
1.40723
1.40721
1.40719
1.40717
1.40715
1.40713
1.40711
1.40709
1.40707
1.40705
1.40703
1.40701
1.40699
1.40697
1.40695
1.40693
1.40691
1.4069
1.40688
1.40687
1.40686
1.40684
1.40683
1.40682
1.40681
1.4068
1.40679
1.40679
1.40678
1.40677
1.40677
1.40676
1.40674
1.40671
1.40667
1.40661
1.40661
1.40758
1.40757
1.4076
1.40762
1.40763
1.40762
1.40762
1.40761
1.4076
1.40758
1.40757
1.40755
1.40753
1.40752
1.4075
1.40748
1.40746
1.40745
1.40743
1.40742
1.4074
1.40739
1.40738
1.40736
1.40735
1.40734
1.40733
1.40732
1.40731
1.40729
1.40728
1.40727
1.40725
1.40724
1.40722
1.4072
1.40718
1.40716
1.40714
1.40712
1.4071
1.40708
1.40706
1.40704
1.40702
1.407
1.40698
1.40696
1.40694
1.40692
1.40691
1.40689
1.40688
1.40687
1.40685
1.40684
1.40683
1.40682
1.40681
1.4068
1.4068
1.40679
1.40678
1.40677
1.40676
1.40675
1.40672
1.40667
1.40662
1.40662
1.40756
1.40755
1.40758
1.4076
1.4076
1.4076
1.40759
1.40758
1.40757
1.40756
1.40754
1.40753
1.40751
1.4075
1.40748
1.40747
1.40745
1.40744
1.40742
1.40741
1.4074
1.40739
1.40738
1.40737
1.40736
1.40734
1.40733
1.40732
1.40731
1.4073
1.40729
1.40727
1.40726
1.40724
1.40723
1.40721
1.40719
1.40717
1.40715
1.40713
1.40711
1.40709
1.40707
1.40705
1.40703
1.40701
1.40699
1.40697
1.40695
1.40694
1.40692
1.4069
1.40689
1.40688
1.40686
1.40685
1.40684
1.40683
1.40682
1.40681
1.4068
1.4068
1.40679
1.40678
1.40677
1.40676
1.40673
1.40668
1.40663
1.40662
1.40754
1.40753
1.40756
1.40757
1.40758
1.40758
1.40757
1.40756
1.40755
1.40754
1.40752
1.40751
1.40749
1.40748
1.40747
1.40745
1.40744
1.40743
1.40742
1.40741
1.40739
1.40738
1.40738
1.40737
1.40736
1.40735
1.40734
1.40733
1.40732
1.40731
1.40729
1.40728
1.40727
1.40725
1.40723
1.40722
1.4072
1.40718
1.40716
1.40714
1.40712
1.4071
1.40708
1.40706
1.40704
1.40702
1.407
1.40698
1.40696
1.40695
1.40693
1.40692
1.4069
1.40689
1.40687
1.40686
1.40685
1.40684
1.40683
1.40682
1.40681
1.4068
1.4068
1.40679
1.40678
1.40676
1.40673
1.40669
1.40664
1.40663
1.40752
1.40751
1.40753
1.40755
1.40755
1.40755
1.40754
1.40753
1.40752
1.40751
1.4075
1.40749
1.40748
1.40747
1.40745
1.40744
1.40743
1.40742
1.40741
1.4074
1.40739
1.40738
1.40738
1.40737
1.40736
1.40735
1.40734
1.40733
1.40732
1.40731
1.4073
1.40729
1.40727
1.40726
1.40724
1.40722
1.40721
1.40719
1.40717
1.40715
1.40713
1.40711
1.40709
1.40707
1.40705
1.40703
1.40701
1.40699
1.40698
1.40696
1.40694
1.40693
1.40691
1.4069
1.40689
1.40687
1.40686
1.40685
1.40684
1.40683
1.40682
1.40681
1.40681
1.4068
1.40679
1.40677
1.40674
1.40669
1.40664
1.40664
1.4075
1.40748
1.40751
1.40752
1.40753
1.40753
1.40752
1.40751
1.4075
1.40749
1.40748
1.40747
1.40746
1.40745
1.40744
1.40743
1.40742
1.40741
1.40741
1.4074
1.40739
1.40738
1.40738
1.40737
1.40736
1.40735
1.40735
1.40734
1.40733
1.40732
1.40731
1.40729
1.40728
1.40726
1.40725
1.40723
1.40721
1.4072
1.40718
1.40716
1.40714
1.40712
1.4071
1.40708
1.40706
1.40704
1.40702
1.407
1.40699
1.40697
1.40695
1.40694
1.40692
1.40691
1.4069
1.40688
1.40687
1.40686
1.40685
1.40684
1.40683
1.40682
1.40681
1.40681
1.40679
1.40678
1.40675
1.4067
1.40665
1.40664
1.40747
1.40746
1.40748
1.4075
1.40751
1.4075
1.4075
1.40749
1.40748
1.40748
1.40747
1.40746
1.40745
1.40744
1.40743
1.40742
1.40742
1.40741
1.4074
1.4074
1.40739
1.40738
1.40738
1.40737
1.40736
1.40736
1.40735
1.40734
1.40733
1.40732
1.40731
1.4073
1.40729
1.40727
1.40726
1.40724
1.40722
1.4072
1.40719
1.40717
1.40715
1.40713
1.40711
1.40709
1.40707
1.40705
1.40703
1.40702
1.407
1.40698
1.40697
1.40695
1.40693
1.40692
1.40691
1.40689
1.40688
1.40687
1.40686
1.40685
1.40684
1.40683
1.40682
1.40681
1.4068
1.40678
1.40676
1.40671
1.40666
1.40665
1.40745
1.40744
1.40746
1.40748
1.40748
1.40748
1.40748
1.40747
1.40747
1.40746
1.40745
1.40745
1.40744
1.40743
1.40742
1.40742
1.40741
1.40741
1.4074
1.40739
1.40739
1.40738
1.40738
1.40737
1.40737
1.40736
1.40735
1.40735
1.40734
1.40733
1.40732
1.4073
1.40729
1.40728
1.40726
1.40725
1.40723
1.40721
1.40719
1.40718
1.40716
1.40714
1.40712
1.4071
1.40708
1.40706
1.40705
1.40703
1.40701
1.40699
1.40698
1.40696
1.40695
1.40693
1.40692
1.4069
1.40689
1.40688
1.40687
1.40686
1.40685
1.40684
1.40683
1.40682
1.40681
1.40679
1.40676
1.40672
1.40666
1.40666
1.40743
1.40742
1.40744
1.40746
1.40747
1.40747
1.40746
1.40746
1.40745
1.40745
1.40744
1.40744
1.40743
1.40742
1.40742
1.40741
1.40741
1.4074
1.4074
1.40739
1.40739
1.40739
1.40738
1.40738
1.40737
1.40736
1.40736
1.40735
1.40734
1.40733
1.40732
1.40731
1.4073
1.40728
1.40727
1.40725
1.40724
1.40722
1.4072
1.40719
1.40717
1.40715
1.40713
1.40711
1.40709
1.40707
1.40706
1.40704
1.40702
1.407
1.40699
1.40697
1.40696
1.40694
1.40693
1.40691
1.4069
1.40689
1.40688
1.40687
1.40686
1.40685
1.40684
1.40683
1.40682
1.4068
1.40677
1.40672
1.40667
1.40666
1.40741
1.4074
1.40743
1.40744
1.40745
1.40745
1.40745
1.40745
1.40744
1.40744
1.40743
1.40743
1.40742
1.40742
1.40741
1.40741
1.40741
1.4074
1.4074
1.4074
1.40739
1.40739
1.40738
1.40738
1.40737
1.40737
1.40736
1.40735
1.40735
1.40734
1.40733
1.40731
1.4073
1.40729
1.40728
1.40726
1.40724
1.40723
1.40721
1.40719
1.40718
1.40716
1.40714
1.40712
1.4071
1.40708
1.40707
1.40705
1.40703
1.40701
1.407
1.40698
1.40697
1.40695
1.40694
1.40692
1.40691
1.4069
1.40688
1.40687
1.40686
1.40685
1.40684
1.40683
1.40682
1.40681
1.40678
1.40673
1.40668
1.40667
1.4074
1.40739
1.40741
1.40743
1.40744
1.40744
1.40744
1.40744
1.40743
1.40743
1.40743
1.40742
1.40742
1.40742
1.40741
1.40741
1.40741
1.4074
1.4074
1.4074
1.40739
1.40739
1.40739
1.40738
1.40738
1.40737
1.40736
1.40736
1.40735
1.40734
1.40733
1.40732
1.40731
1.40729
1.40728
1.40727
1.40725
1.40724
1.40722
1.4072
1.40718
1.40717
1.40715
1.40713
1.40711
1.40709
1.40708
1.40706
1.40704
1.40702
1.40701
1.40699
1.40698
1.40696
1.40695
1.40693
1.40692
1.4069
1.40689
1.40688
1.40687
1.40686
1.40685
1.40684
1.40683
1.40681
1.40678
1.40673
1.40668
1.40668
1.40739
1.40737
1.4074
1.40742
1.40743
1.40743
1.40743
1.40743
1.40743
1.40742
1.40742
1.40742
1.40742
1.40741
1.40741
1.40741
1.40741
1.4074
1.4074
1.4074
1.4074
1.40739
1.40739
1.40738
1.40738
1.40737
1.40737
1.40736
1.40735
1.40734
1.40733
1.40732
1.40731
1.4073
1.40729
1.40727
1.40726
1.40724
1.40723
1.40721
1.40719
1.40717
1.40716
1.40714
1.40712
1.4071
1.40709
1.40707
1.40705
1.40703
1.40702
1.407
1.40699
1.40697
1.40695
1.40694
1.40693
1.40691
1.4069
1.40689
1.40688
1.40687
1.40686
1.40685
1.40684
1.40682
1.40679
1.40674
1.40669
1.40668
1.40738
1.40737
1.40739
1.40742
1.40742
1.40743
1.40743
1.40742
1.40742
1.40742
1.40742
1.40742
1.40741
1.40741
1.40741
1.40741
1.40741
1.40741
1.4074
1.4074
1.4074
1.4074
1.40739
1.40739
1.40738
1.40738
1.40737
1.40736
1.40736
1.40735
1.40734
1.40733
1.40732
1.4073
1.40729
1.40728
1.40726
1.40725
1.40723
1.40722
1.4072
1.40718
1.40717
1.40715
1.40713
1.40711
1.4071
1.40708
1.40706
1.40704
1.40703
1.40701
1.40699
1.40698
1.40696
1.40695
1.40693
1.40692
1.40691
1.40689
1.40688
1.40687
1.40686
1.40685
1.40684
1.40682
1.40679
1.40674
1.40669
1.40669
1.40737
1.40736
1.40739
1.40741
1.40742
1.40742
1.40742
1.40742
1.40742
1.40742
1.40742
1.40742
1.40741
1.40741
1.40741
1.40741
1.40741
1.40741
1.40741
1.4074
1.4074
1.4074
1.40739
1.40739
1.40739
1.40738
1.40737
1.40737
1.40736
1.40735
1.40734
1.40733
1.40732
1.40731
1.4073
1.40728
1.40727
1.40725
1.40724
1.40722
1.40721
1.40719
1.40717
1.40716
1.40714
1.40712
1.4071
1.40709
1.40707
1.40705
1.40703
1.40702
1.407
1.40699
1.40697
1.40695
1.40694
1.40693
1.40691
1.4069
1.40689
1.40688
1.40687
1.40686
1.40685
1.40683
1.4068
1.40675
1.4067
1.40669
1.40736
1.40735
1.40739
1.40741
1.40742
1.40742
1.40742
1.40742
1.40742
1.40742
1.40742
1.40742
1.40742
1.40741
1.40741
1.40741
1.40741
1.40741
1.40741
1.40741
1.4074
1.4074
1.4074
1.40739
1.40739
1.40738
1.40738
1.40737
1.40736
1.40735
1.40734
1.40733
1.40732
1.40731
1.4073
1.40729
1.40727
1.40726
1.40724
1.40723
1.40721
1.40719
1.40718
1.40716
1.40714
1.40713
1.40711
1.40709
1.40708
1.40706
1.40704
1.40702
1.40701
1.40699
1.40698
1.40696
1.40695
1.40693
1.40692
1.40691
1.40689
1.40688
1.40687
1.40686
1.40685
1.40683
1.4068
1.40675
1.4067
1.40669
1.40736
1.40735
1.40738
1.4074
1.40741
1.40742
1.40742
1.40742
1.40742
1.40742
1.40742
1.40742
1.40742
1.40741
1.40741
1.40741
1.40741
1.40741
1.40741
1.40741
1.4074
1.4074
1.4074
1.40739
1.40739
1.40738
1.40738
1.40737
1.40736
1.40735
1.40734
1.40733
1.40732
1.40731
1.4073
1.40729
1.40727
1.40726
1.40725
1.40723
1.40721
1.4072
1.40718
1.40717
1.40715
1.40713
1.40712
1.4071
1.40708
1.40706
1.40705
1.40703
1.40701
1.407
1.40698
1.40696
1.40695
1.40694
1.40692
1.40691
1.4069
1.40689
1.40688
1.40686
1.40685
1.40683
1.4068
1.40675
1.4067
1.4067
1.40735
1.40734
1.40738
1.4074
1.40741
1.40741
1.40741
1.40741
1.40741
1.40741
1.40741
1.40741
1.40741
1.40741
1.40741
1.40741
1.40741
1.40741
1.40741
1.4074
1.4074
1.4074
1.4074
1.40739
1.40739
1.40738
1.40737
1.40737
1.40736
1.40735
1.40734
1.40733
1.40732
1.40731
1.4073
1.40729
1.40727
1.40726
1.40724
1.40723
1.40721
1.4072
1.40718
1.40717
1.40715
1.40713
1.40712
1.4071
1.40708
1.40706
1.40705
1.40703
1.40701
1.407
1.40698
1.40696
1.40695
1.40694
1.40692
1.40691
1.4069
1.40688
1.40687
1.40686
1.40685
1.40683
1.4068
1.40675
1.4067
1.40669
1.40734
1.40733
1.40737
1.40739
1.4074
1.4074
1.4074
1.4074
1.4074
1.4074
1.4074
1.4074
1.4074
1.4074
1.4074
1.4074
1.4074
1.4074
1.4074
1.4074
1.40739
1.40739
1.40739
1.40738
1.40738
1.40737
1.40736
1.40736
1.40735
1.40734
1.40733
1.40732
1.40731
1.4073
1.40729
1.40728
1.40726
1.40725
1.40723
1.40722
1.40721
1.40719
1.40717
1.40716
1.40714
1.40713
1.40711
1.40709
1.40707
1.40706
1.40704
1.40702
1.40701
1.40699
1.40697
1.40696
1.40694
1.40693
1.40691
1.4069
1.40689
1.40688
1.40687
1.40685
1.40684
1.40682
1.40679
1.40674
1.40669
1.40668
1.40733
1.40732
1.40734
1.40736
1.40737
1.40738
1.40738
1.40738
1.40738
1.40738
1.40738
1.40738
1.40738
1.40738
1.40738
1.40738
1.40738
1.40737
1.40737
1.40737
1.40737
1.40736
1.40736
1.40736
1.40735
1.40735
1.40734
1.40733
1.40732
1.40731
1.40731
1.4073
1.40729
1.40727
1.40726
1.40725
1.40724
1.40722
1.40721
1.4072
1.40718
1.40717
1.40715
1.40714
1.40712
1.4071
1.40709
1.40707
1.40705
1.40704
1.40702
1.407
1.40698
1.40697
1.40695
1.40693
1.40692
1.4069
1.40689
1.40688
1.40686
1.40685
1.40684
1.40683
1.40682
1.4068
1.40677
1.40672
1.40667
1.40666
1.40731
1.40729
1.40731
1.40732
1.40733
1.40733
1.40733
1.40734
1.40734
1.40734
1.40734
1.40734
1.40734
1.40733
1.40733
1.40733
1.40733
1.40733
1.40733
1.40733
1.40732
1.40732
1.40731
1.40731
1.4073
1.4073
1.40729
1.40728
1.40728
1.40727
1.40726
1.40725
1.40724
1.40723
1.40722
1.40721
1.40719
1.40718
1.40717
1.40715
1.40714
1.40712
1.40711
1.40709
1.40708
1.40706
1.40704
1.40703
1.40701
1.40699
1.40698
1.40696
1.40694
1.40692
1.40691
1.40689
1.40688
1.40686
1.40685
1.40683
1.40682
1.40681
1.4068
1.40679
1.40678
1.40676
1.40672
1.40668
1.40662
1.40662
1.4073
1.40727
1.40727
1.40728
1.40728
1.40728
1.40728
1.40728
1.40728
1.40728
1.40728
1.40728
1.40728
1.40728
1.40728
1.40728
1.40728
1.40728
1.40727
1.40727
1.40727
1.40726
1.40726
1.40726
1.40725
1.40724
1.40724
1.40723
1.40722
1.40721
1.4072
1.4072
1.40719
1.40717
1.40716
1.40715
1.40714
1.40713
1.40711
1.4071
1.40709
1.40707
1.40706
1.40704
1.40703
1.40701
1.40699
1.40698
1.40696
1.40694
1.40693
1.40691
1.40689
1.40687
1.40686
1.40684
1.40683
1.40681
1.4068
1.40679
1.40677
1.40676
1.40675
1.40674
1.40673
1.40671
1.40668
1.40663
1.40658
1.40657
1.40729
1.40728
1.40727
1.40728
1.40728
1.40728
1.40728
1.40728
1.40728
1.40728
1.40728
1.40728
1.40728
1.40728
1.40727
1.40727
1.40727
1.40727
1.40727
1.40726
1.40726
1.40726
1.40725
1.40725
1.40724
1.40724
1.40723
1.40722
1.40721
1.40721
1.4072
1.40719
1.40718
1.40717
1.40716
1.40714
1.40713
1.40712
1.40711
1.40709
1.40708
1.40707
1.40705
1.40704
1.40702
1.407
1.40699
1.40697
1.40696
1.40694
1.40692
1.4069
1.40689
1.40687
1.40685
1.40684
1.40682
1.40681
1.40679
1.40678
1.40677
1.40676
1.40675
1.40674
1.40672
1.4067
1.40667
1.40662
1.40658
1.40658
)
;

boundaryField
{
    left
    {
        type            symmetryPlane;
    }
    right
    {
        type            symmetryPlane;
    }
    top
    {
        type            symmetryPlane;
    }
    bottom
    {
        type            symmetryPlane;
    }
    frontAndBack
    {
        type            empty;
    }
}


// ************************************************************************* //
