/*--------------------------------*- C++ -*----------------------------------*\
| =========                 |                                                 |
| \\      /  F ield         | OpenFOAM: The Open Source CFD Toolbox           |
|  \\    /   O peration     | Version:  v1606+                                |
|   \\  /    A nd           | Web:      www.OpenFOAM.com                      |
|    \\/     M anipulation  |                                                 |
\*---------------------------------------------------------------------------*/
FoamFile
{
    version     2.0;
    format      ascii;
    class       surfaceScalarField;
    location    "12";
    object      phi;
}
// * * * * * * * * * * * * * * * * * * * * * * * * * * * * * * * * * * * * * //

dimensions      [0 3 -1 0 0 0 0];

internalField   nonuniform List<scalar> 
9981
(
3.64688
0.00791418
3.61628
0.0306063
3.5622
0.0540795
3.49094
0.0712577
3.4021
0.0888445
3.28601
0.116089
3.14971
0.136301
3.00124
0.148461
2.82803
0.17321
2.63015
0.197881
2.42067
0.20948
2.1962
0.224472
1.95633
0.239877
1.70741
0.248913
1.44224
0.265169
1.15052
0.291721
0.842019
0.308502
0.532276
0.309743
0.220069
0.312207
0.220068
3.51067
0.0211086
3.47725
0.0640265
3.42579
0.105543
3.35616
0.140889
3.26501
0.179998
3.15659
0.224506
3.02713
0.265761
2.87707
0.298517
2.71106
0.339219
2.51748
0.391467
2.30473
0.422229
2.09049
0.438707
1.85688
0.473489
1.60348
0.502317
1.35447
0.514176
1.10489
0.541303
0.844062
0.569329
0.571745
0.58206
0.293656
0.590297
0.513724
3.38679
0.0319453
3.35697
0.0938497
3.30554
0.156972
3.23901
0.207422
3.15423
0.264776
3.04531
0.333427
2.923
0.388064
2.7833
0.438225
2.62454
0.497972
2.4532
0.562807
2.26975
0.605682
2.08553
0.622932
1.8967
0.662317
1.7024
0.696612
1.53411
0.682465
1.38135
0.694068
1.16743
0.783251
0.863536
0.885952
0.502664
0.951168
1.01639
3.26558
0.042281
3.23649
0.122939
3.19019
0.203268
3.12524
0.272374
3.04495
0.345065
2.94145
0.436926
2.82117
0.508341
2.68647
0.572925
2.5193
0.665148
2.34093
0.741169
2.15216
0.794456
1.92668
0.848415
1.70084
0.888159
1.48369
0.913756
1.22392
0.942235
0.925798
0.992191
0.637385
1.07166
0.374521
1.14882
0.139452
1.18624
1.15584
3.15004
0.0507945
3.12066
0.152324
3.07732
0.24661
3.01678
0.332906
2.93657
0.425276
2.84331
0.530192
2.72475
0.626903
2.58781
0.709856
2.43739
0.815572
2.26019
0.918366
2.06571
0.988939
1.85691
1.05722
1.63537
1.1097
1.39431
1.15481
1.11441
1.22213
0.81597
1.29063
0.549376
1.33826
0.325163
1.37303
0.116204
1.3952
1.27204
3.03726
0.0589411
3.01265
0.176937
2.96837
0.290888
2.91358
0.387691
2.84059
0.498267
2.74907
0.621716
2.63955
0.736424
2.51272
0.836681
2.37197
0.956319
2.20578
1.08456
2.02104
1.17367
1.8378
1.24046
1.63362
1.31388
1.41461
1.37383
1.19508
1.44166
0.981205
1.5045
0.780604
1.53886
0.610072
1.54356
0.441556
1.56371
1.7136
2.92729
0.0679558
2.90595
0.198274
2.86729
0.329557
2.81603
0.438944
2.75073
0.563572
2.66437
0.708073
2.5661
0.834693
2.4497
0.953084
2.31526
1.09076
2.15768
1.24214
1.98824
1.34311
1.80894
1.41977
1.61277
1.51005
1.38937
1.59723
1.16336
1.66767
0.916845
1.75102
0.628559
1.82714
0.289702
1.88242
-0.0520335
1.90545
1.66157
2.82337
0.0757033
2.80281
0.218832
2.76981
0.362559
2.72309
0.485667
2.66527
0.621383
2.58833
0.785016
2.49637
0.926651
2.39018
1.05927
2.25947
1.22147
2.11897
1.38264
1.96076
1.50132
1.79676
1.58377
1.6188
1.68801
1.43827
1.77776
1.26626
1.83968
1.10029
1.91699
0.904396
2.02304
0.690155
2.09666
0.409777
2.18583
2.07134
2.72405
0.0813438
2.70518
0.237707
2.67634
0.391399
2.6358
0.52621
2.58475
0.672428
2.51622
0.853551
2.4319
1.01097
2.33278
1.15839
2.21625
1.338
2.08361
1.51528
1.9399
1.64504
1.78086
1.7428
1.61747
1.8514
1.45411
1.94112
1.29761
1.99618
1.12982
2.08478
0.937966
2.21489
0.6873
2.34733
0.448032
2.42509
2.51937
2.62736
0.0858915
2.61252
0.252548
2.58779
0.416125
2.55349
0.560505
2.50794
0.717981
2.44918
0.912316
2.37228
1.08786
2.28401
1.24667
2.17806
1.44395
2.0509
1.64244
1.90882
1.78712
1.74544
1.90617
1.57177
2.02508
1.3898
2.12308
1.18255
2.20343
0.956704
2.31063
0.702524
2.46907
0.473075
2.57677
0.232739
2.66543
2.75211
2.53309
0.0904182
2.52294
0.262702
2.50339
0.435671
2.47464
0.589262
2.43685
0.755766
2.38786
0.961307
2.32136
1.15437
2.24464
1.32339
2.14657
1.54202
2.02512
1.76389
1.88202
1.93022
1.72103
2.06716
1.55502
2.19109
1.37208
2.30602
1.18124
2.39427
0.965419
2.52645
0.756758
2.67773
0.464601
2.86893
0.204758
2.92527
2.95687
2.44223
0.094896
2.43615
0.268787
2.42246
0.449359
2.40045
0.611272
2.37235
0.783867
2.33342
1.00024
2.28069
1.20709
2.21296
1.39112
2.12698
1.628
2.01415
1.87671
1.87854
2.06583
1.73277
2.21294
1.5647
2.35916
1.38657
2.48415
1.15229
2.62855
0.912296
2.76645
0.624119
2.96591
0.436932
3.05612
0.154544
3.20766
3.11141
2.35561
0.0983501
2.35231
0.272086
2.34531
0.456356
2.33155
0.625031
2.31278
0.80264
2.28635
1.02667
2.24674
1.24671
2.19057
1.44729
2.12091
1.69766
2.0197
1.97792
1.89968
2.18585
1.76137
2.35125
1.60915
2.51138
1.42499
2.66831
1.24522
2.80831
1.02116
2.99051
0.858103
3.12896
0.565307
3.34892
0.420679
3.35229
3.53209
2.2728
0.100098
2.27178
0.273114
2.27223
0.455899
2.2667
0.630566
2.25721
0.812125
2.24444
1.03944
2.21784
1.27331
2.17792
1.48721
2.12444
1.75114
2.04198
2.06039
1.93712
2.2907
1.81534
2.47303
1.66715
2.65957
1.49892
2.83654
1.26915
3.03808
1.03747
3.2222
0.695149
3.47128
0.506075
3.53799
0.13779
3.72057
3.66988
2.19304
0.100123
2.19502
0.271133
2.20246
0.448462
2.20467
0.628354
2.20461
0.812192
2.20498
1.03907
2.19461
1.28367
2.17297
1.50885
2.13795
1.78615
2.07973
2.11861
1.99083
2.37961
1.88589
2.57797
1.75198
2.79348
1.58593
3.00259
1.4115
3.21251
1.17877
3.45492
1.02686
3.62319
0.65353
3.91132
0.530739
3.84336
4.20062
2.116
0.09863
2.122
0.265128
2.13498
0.435482
2.14476
0.618573
2.15369
0.803263
2.16753
1.02523
2.17721
1.27398
2.17465
1.51142
2.16149
1.79931
2.12864
2.15146
2.0606
2.44764
1.97238
2.6662
1.86455
2.90131
1.71223
3.15491
1.52538
3.39936
1.30308
3.67722
0.910162
4.01611
0.685931
4.13555
0.0761819
4.45311
4.2768
2.04166
0.0957252
2.0521
0.254686
2.0692
0.418383
2.08606
0.601712
2.10404
0.785287
2.13263
0.996635
2.16428
1.24234
2.18187
1.49383
2.19172
1.78946
2.18308
2.1601
2.13973
2.49099
2.07344
2.73248
1.98274
2.992
1.8676
3.27005
1.70272
3.56424
1.51614
3.8638
1.36167
4.17058
0.922565
4.57466
0.834141
4.54154
5.11095
1.97005
0.0913932
1.98458
0.240151
2.00476
0.398211
2.02782
0.578649
2.05593
0.75717
2.10041
0.952163
2.15274
1.19
2.19279
1.45378
2.22082
1.76142
2.23895
2.14198
2.22024
2.5097
2.18224
2.77049
2.12835
3.04589
2.0384
3.36001
1.94029
3.66234
1.76152
4.04258
1.44136
4.49073
1.15245
4.86357
0.256286
5.4377
5.36723
1.90111
0.0855759
1.91885
0.222412
1.94135
0.375713
1.96992
0.550083
2.0099
0.717183
2.06968
0.892391
2.1406
1.11908
2.20021
1.39417
2.2462
1.71543
2.28294
2.10524
2.30287
2.48977
2.2859
2.78745
2.27727
3.05452
2.25453
3.38275
2.16637
3.75051
2.11795
4.09099
1.96959
4.6391
1.59402
5.23914
1.67756
5.35416
7.04479
1.8347
0.078279
1.85451
0.202594
1.87882
0.351405
1.913
0.5159
1.96561
0.664581
2.03889
0.81911
2.12375
1.03422
2.1981
1.31982
2.25795
1.65558
2.31412
2.04906
2.36024
2.44365
2.39738
2.75031
2.41031
3.04158
2.4652
3.32786
2.522
3.69372
2.41691
4.19608
2.54349
4.51252
2.11003
5.6726
1.21652
6.24767
8.26132
-4.11454
4.11454
-6.49514
2.38059
-6.98134
0.486206
-7.31003
0.328689
-7.32151
0.0114775
-7.42772
0.106208
-7.40635
-0.0213673
-7.40134
-0.00501072
-7.36881
-0.032528
-7.36639
-0.00241539
-7.30909
-0.0573019
-7.09984
-0.209251
-6.0847
-1.01514
-1.65435
-4.43035
3.58203
-5.23638
7.45592
-3.8739
10.0939
-2.63802
11.7173
-1.62336
12.5898
-0.872531
13.0052
-0.415344
13.1741
-0.168901
13.2017
-0.0275717
13.1361
0.0655782
13.0252
0.110862
12.8979
0.127265
12.7734
0.124565
12.6592
0.114204
12.5592
0.100003
12.4741
0.0850534
12.4054
0.0686745
12.3478
0.0576584
12.2927
0.0551115
12.2386
0.0540976
12.1858
0.0527377
12.1403
0.045522
12.0988
0.0415069
12.0628
0.0360464
12.0305
0.0322554
12.0018
0.0287014
11.9803
0.0214957
11.9578
0.0225579
11.942
0.0157877
11.9197
0.0222897
11.9046
0.0150793
11.8927
0.0119495
11.883
0.00964704
11.8848
-0.00180363
11.8724
0.0124498
11.8691
0.00327392
11.8544
0.0146766
11.8497
0.00467976
11.8498
-0.000104843
11.8495
0.000336051
11.8664
-0.0169065
11.889
-0.0226179
11.9268
-0.037748
11.9656
-0.0387842
11.9729
-0.00734315
11.9502
0.0226973
0.0489972
-2.96886
7.0834
-5.25757
4.66931
-6.84608
2.07472
-7.60846
1.09107
-7.73034
0.133362
-7.69471
0.0705762
-7.64991
-0.0661702
-7.51996
-0.134963
-7.34526
-0.207227
-7.07992
-0.267752
-6.50018
-0.637044
-5.24704
-1.46239
-3.72229
-2.53989
-0.11707
-8.03557
3.6556
-9.00905
6.94379
-7.16208
9.45746
-5.15169
11.1359
-3.30184
12.0945
-1.83108
12.5602
-0.881017
12.7556
-0.364346
12.8083
-0.0803039
12.8062
0.067734
12.77
0.14701
12.7186
0.178653
12.6656
0.177583
12.6186
0.161273
12.5811
0.13749
12.5551
0.11101
12.5398
0.0839679
12.5307
0.0667324
12.5203
0.0655874
12.5046
0.0697299
12.4869
0.0704623
12.4698
0.0626175
12.4546
0.0567103
12.4405
0.0501333
12.4282
0.0445969
12.4175
0.0393834
12.4083
0.0307344
12.4006
0.0302501
12.3922
0.024207
12.3848
0.0296272
12.3764
0.0234657
12.3718
0.0165922
12.3688
0.0126789
12.3654
0.00158961
12.3617
0.0161472
12.3528
0.0121631
12.3498
0.0176361
12.3504
0.00411484
12.3601
-0.00978722
12.3693
-0.00885343
12.3762
-0.0238416
12.3855
-0.0319515
12.4091
-0.0613057
12.4369
-0.0666085
12.4526
-0.0230156
12.4426
0.032717
0.0864021
-1.49146
8.57486
-2.7314
5.90925
-5.18803
4.53135
-7.3984
3.30144
-7.86373
0.598689
-7.9619
0.168755
-7.98984
-0.0382197
-7.93494
-0.189865
-7.84129
-0.300871
-7.70119
-0.407861
-7.55381
-0.784421
-5.15315
-3.86305
-2.27765
-5.41539
1.22331
-11.5365
4.08445
-11.8702
6.80505
-9.88268
9.07734
-7.42398
10.655
-4.87951
11.5796
-2.75567
12.0539
-1.35535
12.2913
-0.601681
12.4167
-0.205759
12.4934
-0.00891131
12.5303
0.110063
12.5531
0.155891
12.5665
0.164127
12.577
0.150814
12.589
0.125499
12.6056
0.0944164
12.6272
0.0623336
12.6505
0.0433981
12.6688
0.0473673
12.677
0.0614396
12.6792
0.068337
12.6789
0.0629032
12.6778
0.0577656
12.6759
0.0520256
12.6738
0.0467149
12.6719
0.0413091
12.6699
0.0327289
12.6684
0.0317111
12.6658
0.026833
12.6636
0.0318655
12.6602
0.0268848
12.6577
0.0190616
12.6564
0.0140077
12.6541
0.00380238
12.6507
0.0195832
12.6435
0.0193448
12.6416
0.0196113
12.6463
-0.000603155
12.6598
-0.0232914
12.6748
-0.0238564
12.678
-0.0270546
12.6777
-0.0316193
12.6899
-0.0735333
12.7102
-0.0869495
12.7279
-0.0407231
12.7277
0.0329131
0.119105
-0.477687
9.05255
-0.973666
6.40523
-0.974332
4.53202
-3.78919
6.1163
-6.22061
3.0301
-7.54777
1.49591
-8.54795
0.961985
-9.34772
0.609916
-10.0641
0.415516
-10.7519
0.279949
-10.6828
-0.853511
-7.02902
-7.51686
-0.242873
-12.2015
2.61609
-14.3955
4.75946
-14.0136
6.93976
-12.063
8.89267
-9.37689
10.2716
-6.2584
11.0942
-3.57828
11.5693
-1.83043
11.8869
-0.919291
12.1093
-0.428229
12.2692
-0.168779
12.3963
-0.0170765
12.493
0.0592199
12.5672
0.0899104
12.6257
0.0923132
12.6752
0.0760395
12.7212
0.048409
12.7664
0.0171711
12.8095
0.000269764
12.8461
0.0107793
12.8686
0.0388968
12.8812
0.0557539
12.8897
0.0544376
12.8955
0.0519766
12.8993
0.0482234
12.9018
0.0441641
12.9036
0.0395144
12.9049
0.0313996
12.9057
0.0309785
12.9058
0.026704
12.9059
0.031789
12.905
0.0277633
12.9036
0.0204915
12.9014
0.0161656
12.8986
0.00660308
12.8949
0.0233378
12.8902
0.0240285
12.8895
0.0202934
12.8951
-0.00624118
12.9088
-0.0369278
12.9251
-0.0401915
12.9293
-0.0312466
12.9231
-0.025406
12.9275
-0.0779816
12.9401
-0.0995303
12.9572
-0.0578521
12.9709
0.0192675
0.152816
-0.0236028
9.07615
-0.395595
6.77722
-1.24765
5.38406
-2.156
7.02468
-4.30073
5.17482
-5.98439
3.17955
-7.1879
2.16551
-7.92292
1.34494
-8.09666
0.589238
-7.71328
-0.103405
-6.47441
-2.09238
-2.1739
-11.8174
1.49511
-15.8705
3.72489
-16.6253
5.38163
-15.6703
7.12724
-13.8086
8.74562
-10.9953
9.86646
-7.37924
10.5728
-4.28459
11.0898
-2.34742
11.5633
-1.39282
11.9118
-0.776764
12.1754
-0.432359
12.3792
-0.220841
12.5333
-0.0949433
12.6509
-0.0276627
12.7408
0.00240102
12.8122
0.00462202
12.8725
-0.0119122
12.928
-0.0382371
12.9803
-0.052117
13.0234
-0.0323192
13.0457
0.0166543
13.0539
0.0475043
13.0645
0.0438805
13.0727
0.0438115
13.079
0.0418562
13.0842
0.0389822
13.0887
0.035039
13.0928
0.0272892
13.0956
0.0281767
13.0981
0.0241945
13.1014
0.028455
13.1041
0.0250937
13.1049
0.0197197
13.1028
0.0182718
13.099
0.0103588
13.0974
0.0249599
13.0984
0.0230324
13.1021
0.0165455
13.1096
-0.0137174
13.1218
-0.0491602
13.137
-0.0553054
13.1475
-0.0418286
13.149
-0.0268751
13.148
-0.0769823
13.1487
-0.10019
13.161
-0.0702153
13.1665
0.0137841
0.157141
0.380346
8.6958
0.335386
6.82218
-0.490797
6.21021
-1.10334
7.63722
-2.61867
6.69017
-4.12953
4.69044
-5.26574
3.30171
-5.80573
1.88494
-5.53642
0.319944
-4.28366
-1.35615
-2.21395
-4.16208
1.23782
-15.2692
3.13498
-17.7677
4.60067
-18.091
5.83143
-16.9011
7.22626
-15.2034
8.54148
-12.3105
9.44909
-8.28685
10.1495
-4.98501
10.769
-2.96695
11.4452
-2.06898
11.9001
-1.23168
12.2274
-0.759686
12.4687
-0.462108
12.65
-0.276199
12.7866
-0.164304
12.8903
-0.101294
12.9711
-0.0761812
13.0366
-0.0773684
13.0898
-0.0914447
13.1322
-0.0944973
13.1599
-0.0600298
13.1757
0.000841676
13.1847
0.0384487
13.1917
0.0369453
13.2015
0.0339698
13.2114
0.0319166
13.2221
0.0282921
13.2325
0.0246629
13.24
0.0198144
13.245
0.0232011
13.2486
0.020509
13.2533
0.0238302
13.2549
0.0234168
13.2507
0.0239825
13.2404
0.0285736
13.2284
0.0223278
13.223
0.0304039
13.2199
0.0260764
13.2098
0.0266768
13.1605
0.0356164
13.0188
0.092524
12.8301
0.133396
12.6929
0.0953799
12.6356
0.030422
12.6028
-0.0442473
12.5764
-0.0737388
12.5551
-0.0489259
12.527
0.0419292
0.170617
0.53611
8.15969
0.953762
6.40453
0.679751
6.48421
0.489122
7.82782
-0.867719
8.04699
-2.17286
5.99558
-3.18034
4.30918
-3.56881
2.27339
-3.03217
-0.216699
-1.34054
-3.04779
0.998366
-6.501
3.30151
-17.5723
4.51501
-18.9812
5.23869
-18.8146
6.10602
-17.7684
7.22775
-16.3251
8.42996
-13.5127
9.09501
-8.9519
9.25809
-5.14809
10.9488
-4.65766
11.7596
-2.87976
12.1783
-1.65035
12.3835
-0.964926
12.496
-0.57459
12.5557
-0.335891
12.5829
-0.191474
12.5919
-0.110297
12.5909
-0.0752479
12.5845
-0.0709537
12.5733
-0.0803053
12.5597
-0.0808914
12.5464
-0.0466695
12.5323
0.0148828
12.5177
0.0530364
12.5013
0.0533604
12.4861
0.0491867
12.4729
0.0451231
12.4616
0.0396
12.4516
0.0346452
12.4408
0.0305442
12.4318
0.0322032
12.423
0.0293027
12.4175
0.0293642
12.412
0.0288822
12.4057
0.0303723
12.3992
0.0350349
12.3897
0.0318206
12.3844
0.0357039
12.3759
0.0346204
12.3568
0.0457894
12.3081
0.0843227
12.235
0.165608
12.1606
0.207737
12.1017
0.154333
12.0614
0.0707238
12.0242
-0.00702866
11.984
-0.0335356
11.9383
-0.00324525
11.901
0.0792478
0.184596
0.605916
7.55378
1.20378
5.80666
1.69726
5.99072
2.05556
7.46951
0.951256
9.15131
-0.22064
7.16748
-1.15949
5.24806
-1.54286
2.65677
-0.968563
-0.791014
0.994533
-5.0109
4.16939
-9.67585
5.17908
-18.582
5.38366
-19.1858
5.65307
-19.084
6.25845
-18.3738
7.19655
-17.2632
8.84569
-15.1619
11.6479
-11.7541
12.5037
-6.00391
12.4365
-4.59043
12.4334
-2.87669
12.4446
-1.66154
12.4442
-0.964568
12.4141
-0.544451
12.3623
-0.284086
12.2995
-0.128763
12.2336
-0.0443183
12.1671
-0.00877605
12.1052
-0.00902403
12.0472
-0.0223086
11.9906
-0.024307
11.9379
0.00604563
11.8999
0.052889
11.8678
0.0850531
11.8331
0.0881245
11.7988
0.0834645
11.7666
0.0773246
11.7363
0.0698877
11.7077
0.0632207
11.6805
0.0577037
11.6572
0.0555237
11.6365
0.0500646
11.6198
0.0459833
11.6061
0.0425743
11.5951
0.0414186
11.5876
0.0425859
11.5802
0.0391646
11.575
0.0409
11.5656
0.0440082
11.5468
0.064654
11.5153
0.115783
11.4895
0.191448
11.476
0.221192
11.4612
0.169205
11.44
0.0918876
11.4057
0.0272572
11.3615
0.0107337
11.3143
0.0438901
11.2765
0.117058
0.201053
0.687385
6.86639
1.27176
5.22228
1.99512
5.26737
2.78738
6.67722
2.55818
9.38052
1.66466
8.06098
0.726992
6.18576
0.197994
3.18579
0.544095
-1.13715
2.33869
-6.80548
5.12171
-12.4589
5.59739
-19.0577
5.73419
-19.3226
5.88664
-19.2365
6.34227
-18.8294
7.17147
-18.0924
8.67687
-16.6673
9.47608
-12.5533
11.4283
-7.95621
11.883
-5.04506
11.9541
-2.94783
11.9503
-1.65776
11.9126
-0.926782
11.8531
-0.484988
11.7807
-0.211639
11.7029
-0.0510311
11.6255
0.0331324
11.5516
0.0650655
11.4788
0.0638238
11.406
0.0504901
11.3353
0.0463435
11.2736
0.0677945
11.2233
0.1032
11.18
0.128273
11.1354
0.132764
11.0903
0.128573
11.046
0.121611
11.0028
0.113129
10.9611
0.104842
10.9219
0.0968873
10.8874
0.0900963
10.8569
0.0805373
10.8317
0.0712093
10.8116
0.0626166
10.7971
0.055948
10.7883
0.0513301
10.7823
0.045225
10.7785
0.0446936
10.772
0.0504715
10.7615
0.0752197
10.7523
0.125004
10.7594
0.184315
10.7783
0.202285
10.7877
0.159804
10.7795
0.100115
10.7515
0.0552401
10.7109
0.051381
10.6678
0.0870082
10.6334
0.151457
0.219731
0.72484
6.14155
1.43349
4.51363
2.49594
4.20492
3.4185
5.75466
4.03973
8.7593
3.43685
8.66388
2.47747
7.14512
1.7285
3.93477
1.67392
-1.08259
3.08841
-8.21994
5.75706
-15.1276
5.84923
-19.1499
5.88104
-19.3544
5.984
-19.3395
6.34557
-19.191
7.13193
-18.8788
8.06716
-17.6025
8.73915
-13.2252
9.61213
-8.82922
10.185
-5.61787
10.5347
-3.29761
10.7279
-1.8509
10.8128
-1.01166
10.8385
-0.510725
10.8324
-0.205515
10.8085
-0.0271844
10.7737
0.0679707
10.7315
0.10727
10.6823
0.113042
10.6271
0.105685
10.5692
0.104177
10.5156
0.121431
10.4692
0.149544
10.4268
0.170718
10.3822
0.177338
10.3351
0.17565
10.2866
0.170138
10.2375
0.16226
10.1891
0.153218
10.1431
0.142905
10.1016
0.131551
10.0651
0.117012
10.0349
0.101457
10.0115
0.0859886
9.99557
0.0718844
9.98702
0.0598791
9.98328
0.048965
9.9832
0.0447794
9.98384
0.0498406
9.98651
0.0725482
9.99809
0.11343
10.0263
0.156077
10.0613
0.167306
10.0829
0.138276
10.083
0.10001
10.0618
0.0764182
10.0274
0.0857419
9.98982
0.124611
9.95811
0.183165
0.239975
0.727925
5.41363
1.47456
3.767
2.74202
2.93746
3.97145
4.52523
5.32835
7.40239
5.05543
8.93681
4.07535
8.12519
3.12644
4.88372
2.70764
-0.663779
3.47194
-8.98427
6.02986
-17.6855
5.99115
-19.1112
5.9274
-19.2906
6.00559
-19.4177
6.27073
-19.4561
6.68859
-19.2967
7.29533
-18.2093
7.43524
-13.3651
7.86942
-9.26346
8.31677
-6.06524
8.74978
-3.73062
9.08523
-2.18634
9.31215
-1.2386
9.46402
-0.662597
9.56772
-0.309204
9.63736
-0.0968331
9.68185
0.0234768
9.70491
0.0842142
9.70944
0.108514
9.6981
0.117002
9.67548
0.126789
9.6487
0.148211
9.62174
0.176494
9.59289
0.199556
9.55857
0.211656
9.51844
0.21579
9.47369
0.214878
9.42591
0.210027
9.37726
0.201869
9.33004
0.190126
9.28675
0.174839
9.24868
0.155077
9.21743
0.132705
9.19415
0.109277
9.17954
0.0864901
9.17354
0.065883
9.17422
0.0482814
9.18053
0.0384779
9.19107
0.0393055
9.2079
0.0557257
9.23572
0.0856129
9.2762
0.115605
9.31807
0.125443
9.34465
0.111695
9.3494
0.0952603
9.33346
0.0923553
9.30432
0.114884
9.27064
0.158295
9.24006
0.213746
0.261647
0.761991
4.65163
1.35063
3.17836
2.01432
2.27377
3.5759
2.96364
5.52806
5.45023
6.13902
8.32588
5.3398
8.92442
4.2862
5.93731
3.75307
-0.130631
4.4537
-9.68488
5.84396
-19.0757
5.88157
-19.1488
5.88977
-19.2988
5.97962
-19.5075
6.16162
-19.6381
6.2898
-19.4248
6.3586
-18.2781
6.16197
-13.1684
6.29742
-9.39892
6.60479
-6.3726
6.9768
-4.10262
7.33068
-2.54023
7.63151
-1.53942
7.88263
-0.913711
8.09212
-0.518711
8.26426
-0.268973
8.40178
-0.114039
8.50732
-0.0213132
8.58287
0.0329489
8.632
0.0678674
8.6601
0.0986942
8.67421
0.134085
8.67896
0.171726
8.67454
0.203973
8.65953
0.226668
8.63434
0.24098
8.60074
0.248475
8.5611
0.249661
8.51834
0.244631
8.47544
0.233023
8.43535
0.214922
8.40015
0.190271
8.3719
0.160964
8.35213
0.12905
8.34175
0.0968689
8.34082
0.066814
8.34807
0.0410371
8.36269
0.0238635
8.38393
0.0180715
8.413
0.0266514
8.45161
0.0470093
8.49758
0.0696482
8.54043
0.0825988
8.5673
0.0848235
8.57322
0.0893417
8.55955
0.106025
8.53291
0.141531
8.50083
0.190371
8.47005
0.244524
0.284693
0.781488
3.87015
1.28385
2.676
1.67125
1.88637
2.56853
2.06636
4.35974
3.65901
5.89268
6.79295
5.80831
9.00878
4.89078
6.8548
4.28683
0.473294
5.7156
-11.1136
5.76077
-19.1209
5.77643
-19.1644
5.81278
-19.3352
5.92002
-19.6147
6.02912
-19.7472
6.05992
-19.4556
5.51924
-17.7374
5.20961
-12.8588
5.11214
-9.30146
5.21334
-6.4738
5.42085
-4.31013
5.67793
-2.79729
5.95808
-1.81956
6.24543
-1.20107
6.52381
-0.797101
6.77911
-0.52427
7.00239
-0.337319
7.18951
-0.208451
7.33989
-0.117423
7.45576
-0.0480052
7.54199
0.0124578
7.60491
0.0711494
7.64932
0.12731
7.67689
0.176406
7.68802
0.215532
7.68414
0.244853
7.66776
0.264855
7.64202
0.2754
7.61052
0.27613
7.57687
0.266667
7.54452
0.247266
7.51624
0.218552
7.49453
0.18268
7.48128
0.1423
7.4776
0.100542
7.48373
0.0606948
7.49881
0.02596
7.52209
0.000588795
7.55266
-0.0124996
7.59033
-0.0110118
7.63427
0.00306987
7.68041
0.0235245
7.71985
0.0431641
7.74332
0.0613452
7.74742
0.0852457
7.73358
0.119865
7.70728
0.167836
7.67479
0.222866
7.64219
0.277119
0.309481
0.736534
3.13361
1.18438
2.22815
1.48777
1.58297
2.05949
1.49464
3.10097
2.61753
4.51478
5.37916
5.26123
8.26234
4.78075
7.33529
3.98232
1.27175
6.15471
-13.286
5.80334
-18.7696
5.69132
-19.0524
5.72883
-19.3727
5.83685
-19.7228
5.87345
-19.7838
5.85975
-19.4419
4.83784
-16.7155
4.49324
-12.5142
4.25521
-9.06345
4.14696
-6.36554
4.14639
-4.30956
4.23461
-2.88552
4.41319
-1.99815
4.66755
-1.45543
4.96325
-1.09279
5.26582
-0.826836
5.55119
-0.622693
5.80569
-0.462965
6.0232
-0.334937
6.20268
-0.227497
6.34683
-0.131705
6.46052
-0.0425484
6.54784
0.0399815
6.61135
0.112892
6.6528
0.174076
6.67456
0.223093
6.67982
0.259589
6.67238
0.282844
6.65638
0.292127
6.63595
0.287085
6.61501
0.268206
6.59688
0.236694
6.58442
0.195136
6.57981
0.146903
6.58432
0.0960272
6.59826
0.0467665
6.62093
0.00329822
6.65137
-0.0298499
6.68812
-0.049245
6.72978
-0.0526711
6.77403
-0.0411664
6.81627
-0.0187143
6.84949
0.00994976
6.8672
0.043629
6.8672
0.0852492
6.85089
0.136184
6.82262
0.196105
6.78765
0.257838
6.75179
0.312968
0.336231
0.609486
2.52413
0.998563
1.83908
1.25652
1.32502
1.52251
1.22865
2.08888
2.05116
3.12245
4.34561
4.38541
6.99941
4.33585
7.38487
3.65055
1.95706
5.88196
-15.5174
5.6761
-18.5637
5.5873
-18.9636
5.64853
-19.4339
5.74748
-19.8217
5.73925
-19.7756
5.65651
-19.3592
4.57266
-15.6317
3.98202
-11.9235
3.59752
-8.67894
3.3208
-6.08882
3.12993
-4.11869
3.03035
-2.78594
3.05927
-2.02707
3.22405
-1.62022
3.48525
-1.35399
3.79263
-1.13422
4.10768
-0.937745
4.40621
-0.761485
4.6748
-0.603534
4.90741
-0.460117
5.10318
-0.327489
5.26424
-0.20362
5.39351
-0.0892889
5.49351
0.0128807
5.56677
0.100813
5.61629
0.173574
5.64581
0.230073
5.65951
0.26914
5.66191
0.28972
5.6575
0.291494
5.65049
0.275215
5.64458
0.242611
5.64288
0.196822
5.64774
0.142044
5.66046
0.0833046
5.6813
0.0259385
5.70964
-0.0250391
5.74411
-0.0643171
5.78283
-0.0879686
5.82368
-0.0935064
5.86373
-0.0812156
5.89881
-0.053787
5.92368
-0.0149182
5.93395
0.0333623
5.92824
0.0909603
5.9078
0.156628
5.87597
0.22793
5.8372
0.296613
5.79713
0.353034
0.364871
0.44414
2.07999
0.745442
1.53777
0.921564
1.1489
1.025
1.12522
1.2383
1.83785
1.91942
3.66448
2.91903
5.99979
2.579
7.72487
3.25329
1.28273
5.38669
-17.6508
5.39837
-18.5754
5.45901
-19.0242
5.57231
-19.5472
5.6547
-19.9041
5.65542
-19.7763
5.25844
-18.9622
4.24219
-14.6155
3.51241
-11.1937
3.02934
-8.19588
2.6479
-5.70738
2.32115
-3.79193
2.05845
-2.52324
1.92522
-1.89384
1.96387
-1.65888
2.14574
-1.53586
2.4148
-1.40329
2.72294
-1.24589
3.03668
-1.07522
3.33465
-0.901511
3.60445
-0.72992
3.84044
-0.563489
4.04131
-0.404504
4.20789
-0.255866
4.34181
-0.121053
4.44594
-0.00331456
4.5232
0.0963178
4.57771
0.17556
4.61379
0.233063
4.63603
0.267468
4.64905
0.278477
4.65714
0.267127
4.66412
0.235628
4.6732
0.187735
4.68672
0.128519
4.70599
0.0640357
4.7311
0.000841074
4.76152
-0.0554579
4.79564
-0.0984392
4.83151
-0.123837
4.86689
-0.128875
4.89904
-0.113367
4.9246
-0.0793439
4.93987
-0.0301818
4.94188
0.0313516
4.92978
0.103068
4.90455
0.181854
4.86857
0.263906
4.82565
0.339535
4.78097
0.397709
0.39494
0.266706
1.81328
0.434769
1.36971
0.493636
1.09003
0.603205
1.01565
1.09115
1.34991
2.13485
2.6208
2.84544
5.28921
3.03151
7.53879
4.34375
-0.0295059
5.26265
-18.5697
5.26368
-18.5764
5.33777
-19.0983
5.48921
-19.6987
5.53918
-19.9541
5.47995
-19.7171
4.59961
-18.0819
3.77677
-13.7926
3.07199
-10.489
2.53487
-7.65875
2.08921
-5.26173
1.68105
-3.38378
1.30586
-2.14805
1.03285
-1.62083
0.933128
-1.55915
0.999824
-1.60256
1.18739
-1.59085
1.44818
-1.50669
1.74322
-1.37026
2.04357
-1.20187
2.32962
-1.01598
2.59004
-0.82392
2.81923
-0.633697
3.01512
-0.451758
3.1779
-0.283841
3.30904
-0.134448
3.41222
-0.00686162
3.4906
0.0971774
3.54858
0.175085
3.59054
0.225499
3.6209
0.248118
3.64374
0.244289
3.66272
0.216645
3.68091
0.169534
3.70055
0.108873
3.72283
0.0417585
3.74821
-0.0245318
3.77584
-0.0830865
3.80466
-0.127256
3.83304
-0.152208
3.85917
-0.155006
3.88096
-0.135154
3.89591
-0.0942883
3.90143
-0.0356996
3.89548
0.0373126
3.87736
0.121183
3.8478
0.211406
3.80816
0.30354
3.762
0.385702
3.71299
0.446719
0.425472
0.0847797
1.7285
0.133009
1.32148
0.183114
1.03993
0.321585
0.877177
0.597529
1.07397
1.17803
2.04029
1.96847
4.49878
1.25926
8.24801
5.8442
-4.61446
5.16942
-17.8949
5.07841
-18.4854
5.21291
-19.2328
5.3909
-19.8767
5.4343
-19.9975
5.38046
-19.6632
4.13993
-16.8413
3.41007
-13.0628
2.71168
-9.79057
2.1229
-7.06996
1.62791
-4.76673
1.17911
-2.93498
0.757693
-1.72663
0.416468
-1.2796
0.208038
-1.35072
0.141558
-1.53607
0.20039
-1.64968
0.360612
-1.66691
0.589752
-1.59942
0.854204
-1.46633
1.127
-1.28878
1.38968
-1.08661
1.63089
-0.874909
1.84425
-0.66512
2.02724
-0.466833
2.17995
-0.287154
2.30418
-0.131087
2.40356
-0.00221209
2.4811
0.0975458
2.54095
0.165658
2.58695
0.202113
2.62259
0.208643
2.65106
0.188168
2.67509
0.145494
2.69683
0.08714
2.71746
0.0211265
2.73792
-0.0449788
2.75791
-0.103084
2.77709
-0.146433
2.79466
-0.16977
2.80956
-0.169901
2.82037
-0.145961
2.82524
-0.0991609
2.82216
-0.0326102
2.8097
0.0497812
2.78702
0.143853
2.7547
0.243717
2.71298
0.345253
2.66616
0.432523
2.61415
0.498737
0.454792
-0.0242723
1.75277
-0.0698221
1.36703
-0.0696562
1.03976
-0.0459919
0.853513
0.0414204
0.986554
0.317945
1.76376
0.986167
3.83055
-0.17303
9.40721
5.5018
-10.2893
4.79786
-17.191
4.90244
-18.59
5.12797
-19.4583
5.30164
-20.0503
5.32711
-20.0229
5.23837
-19.5745
4.03198
-15.6349
3.12127
-12.1521
2.38796
-9.05726
1.76561
-6.44762
1.23892
-4.24003
0.777876
-2.47394
0.38476
-1.33351
0.13883
-1.03368
-0.0351204
-1.17678
-0.210683
-1.36051
-0.343632
-1.51674
-0.373678
-1.63686
-0.296877
-1.67622
-0.139545
-1.62366
0.0674099
-1.49575
0.296095
-1.3153
0.523321
-1.10214
0.735513
-0.877314
0.925329
-0.656643
1.08965
-0.451474
1.22832
-0.269763
1.34262
-0.116508
1.4354
0.00477209
1.50916
0.0918914
1.56731
0.14397
1.61218
0.163762
1.64625
0.154091
1.67179
0.119945
1.69099
0.0679368
1.70564
0.00648299
1.71713
-0.0564618
1.72635
-0.112301
1.73409
-0.154174
1.74043
-0.176108
1.74489
-0.174358
1.74645
-0.147514
1.74357
-0.0962831
1.73417
-0.0231994
1.71786
0.0660885
1.69318
0.168531
1.66116
0.275726
1.62044
0.385964
1.57841
0.474553
1.52765
0.549507
0.480342
-0.0680949
1.82087
-0.191708
1.49064
-0.289682
1.13773
-0.378498
0.942327
-0.464578
1.07263
-0.524161
1.82335
0.0785959
3.2278
1.44945
8.03634
4.62616
-13.466
4.7191
-17.2839
4.86888
-18.7398
5.09616
-19.6856
5.22655
-20.1807
5.25691
-20.0533
4.74505
-19.0626
3.66402
-14.5539
2.75187
-11.2399
2.03804
-8.34342
1.42656
-5.83614
0.897093
-3.71056
0.442927
-2.01978
0.134535
-1.02512
0.00391927
-0.903059
-0.0902213
-1.08264
-0.202908
-1.24782
-0.34139
-1.37826
-0.512945
-1.46532
-0.665699
-1.52347
-0.732482
-1.55688
-0.692492
-1.53575
-0.575378
-1.43242
-0.416317
-1.26121
-0.241906
-1.05172
-0.0698773
-0.828664
0.0893472
-0.610697
0.230219
-0.410639
0.350921
-0.237209
0.451436
-0.0957399
0.532723
0.0106038
0.597748
0.078941
0.646831
0.114672
0.681791
0.119121
0.704735
0.0969965
0.718387
0.0542888
0.726627
-0.00175116
0.729442
-0.0592725
0.730252
-0.113107
0.730199
-0.154118
0.7295
-0.175408
0.727711
-0.172569
0.723853
-0.143657
0.716853
-0.089279
0.704996
-0.011339
0.689179
0.0819033
0.667426
0.190274
0.64261
0.300532
0.611576
0.416993
0.587857
0.498274
0.555829
0.581539
0.495627
-0.107815
1.92868
-0.291843
1.67467
-0.47372
1.31961
-0.650349
1.11896
-0.814484
1.23677
-1.05242
2.06128
-1.5545
3.72987
2.75248
3.72937
4.32735
-15.0409
4.63788
-17.5945
4.82705
-18.929
5.04111
-19.8997
5.11262
-20.2523
5.04829
-19.989
4.0268
-18.0411
3.19138
-13.7185
2.38828
-10.4368
1.70494
-7.66009
1.11226
-5.24346
0.596744
-3.19504
0.176682
-1.59972
-0.0167722
-0.83167
-0.0681315
-0.8517
-0.144095
-1.00667
-0.244008
-1.14791
-0.355373
-1.26689
-0.46486
-1.35584
-0.580488
-1.40784
-0.718653
-1.41872
-0.859079
-1.39533
-0.952211
-1.33929
-0.971494
-1.24193
-0.923106
-1.10011
-0.831535
-0.920228
-0.72033
-0.721903
-0.605734
-0.525235
-0.497566
-0.345373
-0.400927
-0.192378
-0.317366
-0.0729596
-0.248401
0.00997152
-0.192745
0.0590081
-0.149067
0.0754362
-0.116494
0.0644228
-0.0938436
0.0316426
-0.0812168
-0.0143725
-0.0755359
-0.0649487
-0.0753142
-0.113323
-0.0787455
-0.150682
-0.0842238
-0.169929
-0.0905628
-0.166233
-0.0969955
-0.137226
-0.103084
-0.0831886
-0.108188
-0.00623507
-0.110442
0.0841517
-0.1101
0.189922
-0.100439
0.290863
-0.0831796
0.39973
-0.0454944
0.46059
0.0053033
0.530742
0.467194
-0.290808
2.21949
-0.395575
1.77944
-0.608373
1.53241
-0.900369
1.41095
-1.10896
1.44536
-1.14486
2.09719
-0.599502
3.18451
1.80486
1.32499
3.53332
-16.7693
4.27639
-18.3375
4.69021
-19.3428
4.9398
-20.1493
5.01117
-20.3236
4.99999
-19.9778
3.72645
-16.7676
2.90595
-12.898
2.11479
-9.64567
1.42429
-6.96959
0.835834
-4.65501
0.336643
-2.69585
-0.0180048
-1.24507
-0.112909
-0.736762
-0.136607
-0.828001
-0.193592
-0.949681
-0.271556
-1.06995
-0.36464
-1.17382
-0.467315
-1.25317
-0.571757
-1.3034
-0.669574
-1.32091
-0.761569
-1.30333
-0.851162
-1.24969
-0.931345
-1.16174
-0.987126
-1.04432
-1.00608
-0.901267
-0.986974
-0.741013
-0.936971
-0.575236
-0.865971
-0.41637
-0.783143
-0.275206
-0.696373
-0.159733
-0.611895
-0.0745118
-0.533273
-0.0196193
-0.464562
0.00672234
-0.408203
0.00806507
-0.366884
-0.00967176
-0.340986
-0.0402662
-0.329878
-0.0760498
-0.332474
-0.110718
-0.345703
-0.137447
-0.365303
-0.15033
-0.386555
-0.144987
-0.404771
-0.119013
-0.415941
-0.07202
-0.416765
-0.00541476
-0.406605
0.0739841
-0.382468
0.165775
-0.341495
0.249883
-0.28333
0.341563
-0.210625
0.387885
-0.124149
0.444264
0.403938
-0.740617
2.96013
-0.598434
1.63724
-0.795674
1.72965
-1.30999
1.92527
-1.62183
1.7572
-1.61686
2.09222
-1.5889
3.15655
3.8601
-4.12401
3.79586
-16.7051
4.24633
-18.788
4.65628
-19.7527
4.86506
-20.358
4.89935
-20.3579
4.83041
-19.9089
3.60574
-15.5429
2.63388
-11.9261
1.84216
-8.85396
1.16113
-6.28856
0.584582
-4.07847
0.10792
-2.2192
-0.165218
-0.97193
-0.182793
-0.719183
-0.199704
-0.811087
-0.241619
-0.907774
-0.30355
-1.00803
-0.379683
-1.09769
-0.464597
-1.16825
-0.554068
-1.21394
-0.64366
-1.23133
-0.727974
-1.21902
-0.80159
-1.17608
-0.860458
-1.10287
-0.901862
-1.00291
-0.922221
-0.88091
-0.919096
-0.744141
-0.892607
-0.601722
-0.845681
-0.463294
-0.783382
-0.337509
-0.711874
-0.231245
-0.637442
-0.148948
-0.565489
-0.0915756
-0.50042
-0.0583465
-0.445708
-0.0466447
-0.403242
-0.0521339
-0.374277
-0.0692261
-0.358484
-0.0918336
-0.354962
-0.114228
-0.361577
-0.130826
-0.375256
-0.136654
-0.392217
-0.128034
-0.407962
-0.103274
-0.41822
-0.0617662
-0.418098
-0.00554404
-0.406603
0.0624805
-0.380269
0.139432
-0.339682
0.209292
-0.281522
0.283402
-0.216051
0.322414
-0.138002
0.366213
0.343308
-1.29719
4.25728
-0.839447
1.17953
-0.957913
1.8481
-1.7643
2.73164
-2.41263
2.40553
-2.24838
1.92797
-2.28161
3.18979
4.12277
-10.5284
4.31119
-16.8935
4.48084
-18.9577
4.70175
-19.9736
4.78718
-20.4435
4.79165
-20.3624
4.28902
-19.4062
3.16246
-14.4164
2.23056
-10.9942
1.50355
-8.12695
0.879299
-5.66431
0.340343
-3.53951
-0.0939714
-1.78488
-0.257015
-0.808887
-0.243175
-0.733026
-0.254669
-0.799595
-0.285566
-0.876883
-0.334241
-0.959355
-0.39643
-1.0355
-0.467778
-1.0969
-0.543741
-1.13798
-0.620042
-1.15503
-0.692914
-1.14614
-0.758198
-1.11079
-0.811384
-1.04968
-0.848843
-0.965449
-0.867784
-0.861971
-0.866846
-0.745079
-0.846511
-0.622055
-0.808981
-0.500825
-0.758024
-0.388471
-0.698194
-0.29108
-0.634623
-0.212523
-0.571799
-0.154401
-0.513614
-0.11653
-0.463237
-0.0970192
-0.422878
-0.0924896
-0.393645
-0.0984526
-0.375424
-0.110043
-0.367376
-0.122264
-0.367774
-0.130424
-0.374076
-0.130357
-0.383026
-0.119092
-0.391147
-0.09516
-0.394975
-0.0579447
-0.39128
-0.00924761
-0.377729
0.0489187
-0.351791
0.113487
-0.314932
0.172431
-0.263493
0.231964
-0.207755
0.266675
-0.142085
0.300541
0.289846
-0.550311
4.80758
-2.32686
2.95612
-3.45298
2.97426
-4.14961
3.42829
-4.06582
2.32174
-3.08718
0.949337
-1.07454
1.17713
3.58067
-15.1836
4.4329
-17.7457
4.60016
-19.1249
4.68748
-20.0609
4.62609
-20.3821
4.49026
-20.2266
3.44029
-18.3563
2.58237
-13.5584
1.81802
-10.2299
1.17269
-7.48162
0.605884
-5.09751
0.109732
-3.04337
-0.254768
-1.42038
-0.315418
-0.748239
-0.298747
-0.7497
-0.303536
-0.794808
-0.325541
-0.854872
-0.363328
-0.921569
-0.413612
-0.985217
-0.472728
-1.03779
-0.536858
-1.07385
-0.602244
-1.08963
-0.665003
-1.08338
-0.72155
-1.05425
-0.768248
-1.00298
-0.801956
-0.931742
-0.820249
-0.843678
-0.821831
-0.743493
-0.806875
-0.637008
-0.776996
-0.530708
-0.735044
-0.430429
-0.684699
-0.34143
-0.630083
-0.267142
-0.575039
-0.209447
-0.523011
-0.168557
-0.476866
-0.143162
-0.438657
-0.130696
-0.409375
-0.127728
-0.389221
-0.130185
-0.377555
-0.133921
-0.372965
-0.135012
-0.373296
-0.130031
-0.375975
-0.116419
-0.378144
-0.0929981
-0.37675
-0.0593461
-0.369335
-0.0166742
-0.353823
0.0333958
-0.328282
0.0879385
-0.293918
0.138067
-0.248786
0.186833
-0.200287
0.218175
-0.14491
0.245161
0.243226
1.16843
3.63911
-1.77429
5.8988
-4.90945
6.10938
-7.90058
6.41944
-10.9765
5.39758
-11.948
1.92095
-0.255563
-10.5153
3.40074
-18.8399
4.30346
-18.6485
4.56129
-19.3828
4.62573
-20.1254
4.54442
-20.3008
4.41856
-20.1007
3.01617
-16.9539
2.26798
-12.8102
1.54908
-9.51097
0.918897
-6.85143
0.379066
-4.55768
-0.0801711
-2.58413
-0.361555
-1.139
-0.359751
-0.750042
-0.345917
-0.763533
-0.346477
-0.794254
-0.361517
-0.839839
-0.3903
-0.892792
-0.430453
-0.945068
-0.479015
-0.989237
-0.532647
-1.02022
-0.588014
-1.03426
-0.641808
-1.02959
-0.690712
-1.00534
-0.731564
-0.962126
-0.761669
-0.901639
-0.778923
-0.826421
-0.782156
-0.740255
-0.771302
-0.647862
-0.747551
-0.554466
-0.713061
-0.464926
-0.670751
-0.383746
-0.623908
-0.313989
-0.575816
-0.257541
-0.529451
-0.214921
-0.487326
-0.185286
-0.451257
-0.166762
-0.422323
-0.156654
-0.400803
-0.151695
-0.386255
-0.148461
-0.377577
-0.143689
-0.373045
-0.134566
-0.370509
-0.118959
-0.367575
-0.0959378
-0.361988
-0.0649425
-0.351556
-0.0271202
-0.334461
0.0162894
-0.309363
0.0628347
-0.277144
0.105848
-0.237099
0.146789
-0.194093
0.175168
-0.146584
0.197649
0.201961
2.63119
1.00794
0.790934
7.73909
-1.58591
8.4862
-3.24581
8.0794
-3.85879
6.01055
-1.40248
-0.535437
4.86576
-16.7835
4.10969
-18.0839
4.3498
-18.8886
4.54443
-19.5774
4.57384
-20.1548
4.48902
-20.216
4.37271
-19.9844
3.05913
-15.6403
2.09829
-11.8494
1.34927
-8.76194
0.719141
-6.22131
0.194431
-4.03298
-0.236106
-2.1536
-0.421023
-0.954084
-0.397667
-0.7734
-0.385709
-0.775494
-0.383844
-0.796116
-0.39355
-0.830137
-0.414951
-0.871387
-0.446486
-0.913531
-0.485846
-0.949874
-0.530237
-0.975816
-0.576761
-0.987727
-0.622481
-0.983865
-0.664488
-0.963331
-0.700017
-0.926596
-0.726684
-0.87497
-0.742666
-0.810434
-0.746883
-0.736036
-0.739095
-0.655654
-0.720188
-0.573381
-0.691766
-0.493355
-0.656138
-0.419381
-0.616004
-0.354128
-0.574051
-0.299495
-0.532831
-0.256141
-0.494534
-0.223583
-0.460781
-0.200514
-0.432575
-0.184855
-0.410287
-0.173976
-0.393632
-0.165112
-0.381746
-0.155574
-0.373307
-0.143005
-0.366526
-0.125741
-0.359514
-0.102955
-0.350407
-0.0740601
-0.337474
-0.0400681
-0.31903
-0.00216539
-0.294374
0.0381746
-0.26394
0.075413
-0.227661
0.110509
-0.188785
0.136289
-0.146789
0.155649
0.164286
0.408404
0.599531
1.09073
7.05678
0.508642
9.06826
0.54197
8.04607
2.29546
4.25707
4.5491
-2.78908
4.77857
-17.013
4.65361
-17.9589
4.56837
-18.8033
4.59307
-19.6021
4.50587
-20.0676
4.40831
-20.1184
4.00634
-19.5824
2.78275
-14.4167
1.81823
-10.8849
1.10258
-8.0463
0.51511
-5.63384
0.0201837
-3.53805
-0.359006
-1.77441
-0.451412
-0.861677
-0.432071
-0.792736
-0.42028
-0.78728
-0.416463
-0.799937
-0.422027
-0.824577
-0.437325
-0.856089
-0.461537
-0.889321
-0.49288
-0.918522
-0.529174
-0.939513
-0.567845
-0.949054
-0.606381
-0.945328
-0.642149
-0.927561
-0.672758
-0.895986
-0.696133
-0.851592
-0.710613
-0.795948
-0.715233
-0.731416
-0.709681
-0.661212
-0.694525
-0.588544
-0.670995
-0.516892
-0.640901
-0.449483
-0.606412
-0.388622
-0.569752
-0.336158
-0.5331
-0.292795
-0.498309
-0.258376
-0.466844
-0.23198
-0.439644
-0.212054
-0.417074
-0.196543
-0.398985
-0.183198
-0.384742
-0.169815
-0.373242
-0.154502
-0.363121
-0.13586
-0.352837
-0.113244
-0.340877
-0.0860314
-0.325764
-0.0551936
-0.306431
-0.0215079
-0.281965
0.0137049
-0.252923
0.0463702
-0.219383
0.0769664
-0.183634
0.100535
-0.145549
0.117561
0.129072
-0.627727
1.22725
0.406511
6.02255
0.898536
8.57626
0.648665
8.29592
1.68202
3.22372
5.79767
-6.9047
5.1815
-16.3969
4.88214
-17.6595
4.72831
-18.6495
4.62979
-19.5036
4.39746
-19.8353
4.21992
-19.9409
3.25677
-18.6193
2.23275
-13.3927
1.45476
-10.1069
0.837372
-7.42891
0.313756
-5.11023
-0.130582
-3.09372
-0.446302
-1.45869
-0.475056
-0.832922
-0.461138
-0.806662
-0.450258
-0.798164
-0.445014
-0.805191
-0.447238
-0.822354
-0.45748
-0.845849
-0.475537
-0.871264
-0.500058
-0.893994
-0.529228
-0.91034
-0.560966
-0.917318
-0.592996
-0.913299
-0.62315
-0.897407
-0.64924
-0.869895
-0.669448
-0.831379
-0.682321
-0.783072
-0.686872
-0.726868
-0.682883
-0.665207
-0.67058
-0.600853
-0.650931
-0.536549
-0.625341
-0.475081
-0.595559
-0.418411
-0.563373
-0.368347
-0.530681
-0.32549
-0.499019
-0.290043
-0.469697
-0.261306
-0.44354
-0.238212
-0.420974
-0.21911
-0.401956
-0.202214
-0.385922
-0.185845
-0.372032
-0.168385
-0.359293
-0.148596
-0.346459
-0.126082
-0.332136
-0.100365
-0.315459
-0.0718803
-0.295292
-0.0416807
-0.27102
-0.0105695
-0.243103
0.0184508
-0.211671
0.0455287
-0.178403
0.0672615
-0.143301
0.0824549
0.095741
-0.892987
2.12024
-0.487287
5.61683
0.421976
7.66701
0.992902
7.72502
1.05752
3.1591
5.38542
-11.2326
5.28239
-16.2938
5.04921
-17.4264
4.90523
-18.5055
4.71283
-19.3112
4.39492
-19.5173
4.10549
-19.6514
2.56562
-17.0794
1.86793
-12.695
1.21172
-9.45068
0.63961
-6.8568
0.153815
-4.62444
-0.252379
-2.68752
-0.499317
-1.21175
-0.497933
-0.834308
-0.487499
-0.81709
-0.477115
-0.808548
-0.470442
-0.811861
-0.469666
-0.823122
-0.475654
-0.839859
-0.488469
-0.858445
-0.507072
-0.875385
-0.530118
-0.887294
-0.555764
-0.891671
-0.582101
-0.886959
-0.607161
-0.872346
-0.629089
-0.847965
-0.646285
-0.814181
-0.657432
-0.771926
-0.661662
-0.722641
-0.658594
-0.668279
-0.648458
-0.610995
-0.631843
-0.553175
-0.609902
-0.497031
-0.583954
-0.444365
-0.555575
-0.39673
-0.526247
-0.354824
-0.49735
-0.318946
-0.469937
-0.288725
-0.444871
-0.263283
-0.422465
-0.241517
-0.402761
-0.221916
-0.385421
-0.203179
-0.369776
-0.184023
-0.354962
-0.163408
-0.340015
-0.141034
-0.323998
-0.11639
-0.305926
-0.0899577
-0.285218
-0.0623912
-0.261244
-0.0345454
-0.234234
-0.00856268
-0.204501
0.0157887
-0.173225
0.0359797
-0.140475
0.0497021
0.0639708
-1.03778
3.15803
-0.767007
5.34605
0.122244
6.77774
1.34183
6.50544
2.8529
1.64803
5.88516
-14.2649
5.55035
-15.959
5.29462
-17.1706
5.10169
-18.3126
4.83645
-19.0459
4.53864
-19.2195
4.26603
-19.3788
2.75957
-15.5729
1.82786
-11.7632
1.11471
-8.73754
0.520746
-6.26284
0.0378036
-4.14149
-0.34742
-2.3023
-0.522069
-1.0371
-0.517441
-0.838938
-0.510177
-0.824356
-0.500372
-0.818361
-0.492684
-0.819549
-0.489544
-0.826266
-0.491978
-0.837431
-0.500289
-0.850135
-0.513872
-0.861805
-0.531606
-0.869563
-0.551955
-0.87132
-0.573236
-0.865676
-0.593731
-0.851851
-0.611883
-0.829812
-0.626216
-0.799848
-0.635638
-0.762505
-0.639251
-0.71903
-0.636767
-0.670766
-0.62814
-0.61963
-0.613905
-0.567421
-0.594901
-0.516045
-0.572123
-0.467149
-0.546892
-0.421966
-0.520445
-0.381277
-0.493895
-0.345504
-0.468273
-0.314354
-0.444198
-0.287362
-0.422122
-0.263596
-0.402003
-0.242033
-0.383721
-0.221456
-0.366672
-0.201067
-0.350241
-0.179838
-0.333793
-0.157485
-0.31637
-0.133817
-0.297339
-0.10899
-0.27617
-0.0835596
-0.252394
-0.0583238
-0.226293
-0.034669
-0.197892
-0.0126187
-0.168207
0.00628998
-0.137332
0.0188257
0.0335343
-1.74323
4.90126
-1.77007
5.37289
-1.01972
6.02739
0.07989
5.40583
5.26742
-3.53949
5.87542
-14.8729
5.73775
-15.8214
5.50729
-16.9402
5.26868
-18.074
4.94483
-18.7221
4.68028
-18.955
4.20884
-18.9074
2.74974
-14.1138
1.71425
-10.7277
0.977405
-8.00069
0.391396
-5.67682
-0.0789125
-3.67119
-0.439983
-1.94123
-0.552343
-0.92475
-0.547019
-0.844259
-0.537901
-0.833473
-0.52569
-0.83057
-0.515085
-0.830153
-0.508373
-0.832986
-0.50696
-0.83885
-0.511077
-0.846022
-0.520274
-0.852611
-0.533419
-0.856417
-0.549116
-0.855621
-0.565932
-0.84886
-0.582394
-0.83539
-0.597086
-0.815121
-0.608791
-0.788146
-0.616461
-0.754838
-0.619375
-0.716119
-0.617079
-0.673067
-0.609553
-0.627164
-0.597098
-0.579887
-0.580366
-0.532785
-0.560189
-0.487331
-0.537573
-0.444588
-0.513548
-0.405309
-0.489098
-0.369961
-0.465019
-0.33844
-0.441923
-0.310463
-0.420192
-0.285329
-0.399963
-0.262262
-0.380962
-0.240454
-0.362957
-0.219069
-0.345354
-0.197443
-0.327691
-0.175151
-0.309183
-0.152325
-0.28945
-0.128721
-0.267927
-0.105081
-0.244481
-0.0817712
-0.219045
-0.0601111
-0.191769
-0.0399009
-0.16336
-0.0221223
-0.134006
-0.0105274
0.00425303
-3.3489
8.25015
-3.63133
5.65531
-2.88531
5.28139
-0.185904
2.70644
6.82991
-10.5553
6.15478
-14.1977
5.89483
-15.5614
5.71255
-16.7579
5.43849
-17.7999
5.02409
-18.3077
4.76366
-18.6946
3.58748
-17.7312
2.30542
-12.8317
1.43504
-9.85735
0.773237
-7.33889
0.228679
-5.13227
-0.211465
-3.23105
-0.525959
-1.62674
-0.579145
-0.871562
-0.571197
-0.852206
-0.560411
-0.844262
-0.546084
-0.844896
-0.532817
-0.843428
-0.523607
-0.842208
-0.519588
-0.842876
-0.520749
-0.844866
-0.526333
-0.847029
-0.535456
-0.847291
-0.54708
-0.843995
-0.560046
-0.835896
-0.572875
-0.822564
-0.584493
-0.803506
-0.593785
-0.778859
-0.599758
-0.748868
-0.601799
-0.714081
-0.599442
-0.67543
-0.592629
-0.633986
-0.581531
-0.590995
-0.566598
-0.547724
-0.548452
-0.505481
-0.527998
-0.465048
-0.506003
-0.427312
-0.4833
-0.39267
-0.460586
-0.36116
-0.438442
-0.332611
-0.417146
-0.306627
-0.396849
-0.282558
-0.377489
-0.259813
-0.358761
-0.237798
-0.340314
-0.215892
-0.321679
-0.193787
-0.302496
-0.171507
-0.282208
-0.149005
-0.260501
-0.126787
-0.237251
-0.105023
-0.212384
-0.0849838
-0.186012
-0.0662773
-0.158699
-0.0494361
-0.130571
-0.0386529
-0.0240111
-3.3176
11.5678
-4.26105
6.59877
-2.47541
3.49578
4.6451
-4.41407
6.66345
-12.5737
6.48243
-14.0167
6.18511
-15.2641
5.9567
-16.5295
5.62954
-17.4728
5.08412
-17.7623
4.4687
-18.0791
2.6027
-15.8652
1.94425
-12.1733
1.24589
-9.159
0.610881
-6.70389
0.078269
-4.59966
-0.344565
-2.80821
-0.615691
-1.35562
-0.627729
-0.85952
-0.612849
-0.86709
-0.597226
-0.859887
-0.576967
-0.865161
-0.557098
-0.86331
-0.542536
-0.85678
-0.533602
-0.851818
-0.530101
-0.848373
-0.53157
-0.84556
-0.53701
-0.841849
-0.545235
-0.83577
-0.554773
-0.82636
-0.564527
-0.812812
-0.573376
-0.794661
-0.580425
-0.771816
-0.584834
-0.744462
-0.585925
-0.712995
-0.583321
-0.678041
-0.576915
-0.6404
-0.566754
-0.601161
-0.553153
-0.561328
-0.53666
-0.521979
-0.517973
-0.483744
-0.497696
-0.447595
-0.476505
-0.413867
-0.455047
-0.382622
-0.433743
-0.353918
-0.412961
-0.327412
-0.392731
-0.302789
-0.373138
-0.279407
-0.353991
-0.256948
-0.334978
-0.23491
-0.315731
-0.213035
-0.295981
-0.191253
-0.275306
-0.169676
-0.253567
-0.148525
-0.230472
-0.128121
-0.206158
-0.109302
-0.180572
-0.0918653
-0.154149
-0.075858
-0.12704
-0.0657598
-0.0513487
-1.47785
13.0456
-1.05608
6.17704
1.92485
0.514843
6.83751
-9.32678
6.81413
-12.5503
6.64404
-13.8466
6.42918
-15.0492
6.15733
-16.2576
5.82277
-17.1382
5.4886
-17.4281
5.12552
-17.7161
3.36348
-14.1031
2.12677
-10.9366
1.23673
-8.26896
0.516721
-5.98389
-0.054361
-4.02858
-0.475462
-2.38712
-0.68413
-1.14695
-0.664332
-0.87932
-0.64317
-0.888255
-0.622825
-0.880236
-0.5964
-0.891594
-0.569828
-0.88989
-0.551209
-0.875405
-0.540265
-0.862768
-0.535665
-0.852975
-0.535804
-0.845421
-0.539172
-0.838481
-0.544536
-0.830408
-0.551134
-0.819762
-0.558093
-0.805854
-0.564476
-0.788283
-0.569449
-0.766848
-0.572228
-0.741688
-0.572311
-0.712917
-0.569242
-0.681115
-0.562884
-0.646761
-0.55331
-0.610737
-0.540662
-0.573979
-0.525455
-0.537193
-0.508102
-0.501105
-0.489169
-0.466535
-0.469273
-0.433767
-0.448831
-0.403068
-0.428283
-0.374469
-0.407949
-0.347748
-0.387975
-0.322764
-0.368289
-0.299096
-0.348841
-0.276401
-0.329446
-0.254308
-0.309761
-0.232719
-0.289635
-0.211376
-0.268789
-0.190519
-0.247009
-0.170304
-0.224149
-0.150983
-0.200273
-0.133181
-0.175343
-0.116794
-0.149709
-0.10149
-0.123482
-0.091985
-0.0778586
-0.279836
13.3255
1.62951
4.26767
6.31219
-4.16789
7.57492
-10.5895
7.25636
-12.2317
6.96351
-13.5538
6.71881
-14.8045
6.40603
-15.9449
6.00507
-16.7372
5.91913
-17.3421
4.84948
-16.6464
3.04836
-12.302
1.86306
-9.75126
1.01553
-7.42143
0.319405
-5.28776
-0.249389
-3.45979
-0.658393
-1.97812
-0.776194
-1.02915
-0.717019
-0.938503
-0.687377
-0.917901
-0.669833
-0.897785
-0.63968
-0.921755
-0.600481
-0.929095
-0.571851
-0.904041
-0.554495
-0.880128
-0.544276
-0.863196
-0.539706
-0.84999
-0.539303
-0.838884
-0.542013
-0.827695
-0.546379
-0.815393
-0.551267
-0.800968
-0.555672
-0.783883
-0.558919
-0.763606
-0.560285
-0.740327
-0.559388
-0.713818
-0.555845
-0.684659
-0.549502
-0.653102
-0.540336
-0.619902
-0.528496
-0.585822
-0.514318
-0.551378
-0.49809
-0.517342
-0.48035
-0.484282
-0.461545
-0.452576
-0.442099
-0.422518
-0.422354
-0.394218
-0.402516
-0.367589
-0.382747
-0.342536
-0.36311
-0.318736
-0.343517
-0.295998
-0.323849
-0.273978
-0.303972
-0.252596
-0.283618
-0.231727
-0.262626
-0.211509
-0.240857
-0.192073
-0.21821
-0.17363
-0.194717
-0.156673
-0.170341
-0.141169
-0.145371
-0.126458
-0.119902
-0.117454
-0.103627
-0.080416
13.4059
4.44639
-0.259192
7.80932
-7.53081
7.66774
-10.4479
7.51558
-12.0796
7.27438
-13.3126
6.9677
-14.4978
6.61279
-15.5899
5.91635
-16.0408
4.91371
-16.3395
2.89955
-14.6322
2.30898
-11.7114
1.541
-8.98329
0.768805
-6.64923
0.0823236
-4.60128
-0.481273
-2.89619
-0.850771
-1.60862
-0.859657
-1.02027
-0.76914
-1.02902
-0.729229
-0.957812
-0.703394
-0.92362
-0.66189
-0.963259
-0.605418
-0.985569
-0.567577
-0.941888
-0.549791
-0.89792
-0.541639
-0.87135
-0.539244
-0.852385
-0.53982
-0.838303
-0.541784
-0.825726
-0.544289
-0.812883
-0.546849
-0.79841
-0.549074
-0.781662
-0.550282
-0.762402
-0.550047
-0.740565
-0.547842
-0.716023
-0.543459
-0.689038
-0.536629
-0.659926
-0.527424
-0.629104
-0.515956
-0.597295
-0.502353
-0.564989
-0.486904
-0.532799
-0.470098
-0.501093
-0.452182
-0.470497
-0.433539
-0.441165
-0.414472
-0.413289
-0.395133
-0.38693
-0.37574
-0.361933
-0.356275
-0.338206
-0.336728
-0.315549
-0.317071
-0.293636
-0.297155
-0.272511
-0.276803
-0.252077
-0.255908
-0.232403
-0.234344
-0.213637
-0.211999
-0.195974
-0.188983
-0.179687
-0.165214
-0.164935
-0.140928
-0.150742
-0.116202
-0.142181
-0.128671
1.31064
12.0952
6.85824
-5.80676
8.10687
-8.77943
8.14976
-10.4908
7.91338
-11.8432
7.62063
-13.0198
7.2707
-14.1479
6.89563
-15.2149
6.54007
-15.6852
6.2398
-16.0392
4.39662
-12.789
2.78473
-10.0995
1.60258
-7.80113
0.640775
-5.68742
-0.140881
-3.81962
-0.744808
-2.29227
-1.08072
-1.27272
-0.942025
-1.15897
-0.776214
-1.19484
-0.742972
-0.991056
-0.751908
-0.914684
-0.727586
-0.987581
-0.650675
-1.06248
-0.58801
-1.00456
-0.562472
-0.923461
-0.549696
-0.884128
-0.543548
-0.858531
-0.541221
-0.840622
-0.54137
-0.825568
-0.542842
-0.811407
-0.5445
-0.796753
-0.545582
-0.780583
-0.545597
-0.76239
-0.544204
-0.741959
-0.541074
-0.71915
-0.536061
-0.694044
-0.528922
-0.667057
-0.519605
-0.638419
-0.508288
-0.608615
-0.495096
-0.578188
-0.480293
-0.547607
-0.463997
-0.517395
-0.446692
-0.487808
-0.428545
-0.459319
-0.409859
-0.431981
-0.390835
-0.405958
-0.371511
-0.381261
-0.352045
-0.357675
-0.33243
-0.335166
-0.312569
-0.313497
-0.292426
-0.292653
-0.271901
-0.2726
-0.250882
-0.253422
-0.22927
-0.235248
-0.207084
-0.218159
-0.184243
-0.202526
-0.160783
-0.188392
-0.136911
-0.174614
-0.112689
-0.166404
-0.153123
7.56668
4.52856
8.82944
-7.0695
8.77817
-8.72817
8.59196
-10.3046
8.30054
-11.5518
7.9294
-12.6487
7.56456
-13.7831
7.03593
-14.6863
6.79984
-15.4491
5.35334
-14.5927
3.52862
-10.9643
2.22127
-8.79217
1.18933
-6.76918
0.296614
-4.7947
-0.47195
-3.05106
-1.05743
-1.70679
-1.27825
-1.0519
-0.986358
-1.45086
-0.731925
-1.44927
-0.651134
-1.07185
-0.649078
-0.916741
-0.657825
-0.978837
-0.611224
-1.10909
-0.543264
-1.07252
-0.521746
-0.944981
-0.520981
-0.884893
-0.524367
-0.855139
-0.527894
-0.837084
-0.530558
-0.822894
-0.532007
-0.809953
-0.532561
-0.796198
-0.532179
-0.780966
-0.530826
-0.763743
-0.528226
-0.744557
-0.524196
-0.723173
-0.518474
-0.699756
-0.511133
-0.674391
-0.50202
-0.64753
-0.491132
-0.619506
-0.478621
-0.590703
-0.464602
-0.561631
-0.449366
-0.532636
-0.432968
-0.504214
-0.415813
-0.476482
-0.397992
-0.449808
-0.379688
-0.424268
-0.36101
-0.399942
-0.342099
-0.37659
-0.322947
-0.354318
-0.303507
-0.332936
-0.283777
-0.312381
-0.263585
-0.292792
-0.24299
-0.274018
-0.221884
-0.256354
-0.200203
-0.239839
-0.177991
-0.224736
-0.155268
-0.211113
-0.132145
-0.197737
-0.108657
-0.189892
-0.176884
9.78067
-5.2521
9.57831
-6.86714
9.41259
-8.56245
9.13692
-10.0289
8.71359
-11.1284
8.29512
-12.2302
7.91005
-13.398
7.12911
-13.9053
5.92399
-14.244
3.69416
-12.3629
2.79891
-10.069
1.80724
-7.8005
0.829853
-5.79178
-0.0480146
-3.91683
-0.801278
-2.29779
-1.31618
-1.1919
-1.26287
-1.10521
-0.858378
-1.85536
-0.542417
-1.76523
-0.392671
-1.22159
-0.439237
-0.870177
-0.554436
-0.863643
-0.609697
-1.05383
-0.566539
-1.11568
-0.533422
-0.9781
-0.534232
-0.88408
-0.536012
-0.853351
-0.5375
-0.835586
-0.538443
-0.821944
-0.538589
-0.809802
-0.537748
-0.797035
-0.535776
-0.782937
-0.532477
-0.767041
-0.528028
-0.749001
-0.5223
-0.728892
-0.515256
-0.706791
-0.506686
-0.682954
-0.496642
-0.657572
-0.485172
-0.630975
-0.47234
-0.603535
-0.458271
-0.575702
-0.443084
-0.54783
-0.427004
-0.520304
-0.410109
-0.493385
-0.392587
-0.467337
-0.374572
-0.442288
-0.356171
-0.418346
-0.337374
-0.395388
-0.318292
-0.3734
-0.298889
-0.352338
-0.27912
-0.33215
-0.259004
-0.31291
-0.238395
-0.29463
-0.217314
-0.277436
-0.195751
-0.261402
-0.173686
-0.2468
-0.15117
-0.233629
-0.128288
-0.220619
-0.105198
-0.212981
-0.200121
1.7699
0.0696441
1.79072
0.181776
1.8166
0.325521
1.85703
0.475466
1.92114
0.600477
2.00541
0.734839
2.09658
0.943053
2.18164
1.23476
2.24717
1.59005
2.32449
1.97174
2.3977
2.37044
2.46227
2.68575
2.58364
2.92021
2.60178
3.30972
2.8776
3.4179
2.89878
4.17489
3.1712
4.2401
3.28817
5.55563
4.27009
5.26575
9.25325
3.27815
1.77134
0.0595667
1.79303
0.160089
1.82196
0.296588
1.87104
0.426384
1.94764
0.52388
2.04046
0.642013
2.13671
0.846805
2.22317
1.1483
2.30476
1.50846
2.38148
1.89502
2.51851
2.23341
2.58488
2.61938
2.81017
2.69493
2.91877
3.20112
3.21614
3.12053
3.45099
3.94004
4.17928
3.51181
4.22385
5.51105
6.16248
3.32712
7.34705
8.06869
1.77246
0.0483654
1.79462
0.137937
1.82767
0.263537
1.8861
0.367949
1.97219
0.43779
2.06671
0.547493
2.16143
0.75209
2.24043
1.0693
2.3361
1.41279
2.41841
1.81271
2.58573
2.06609
2.7229
2.48222
2.94706
2.47076
3.16494
2.98324
3.63877
2.6467
3.74573
3.83309
4.90562
2.35192
5.30429
5.11239
6.03707
2.59433
4.99851
8.38561
1.77297
0.0366598
1.79581
0.115094
1.83492
0.224433
1.90248
0.300388
1.991
0.349271
2.07951
0.458975
2.16044
0.671169
2.23461
0.995126
2.32598
1.32141
2.43656
1.70214
2.59575
1.9069
2.79856
2.27941
3.08343
2.18588
3.26648
2.80019
3.9031
2.01008
4.11296
3.62323
4.72649
1.73839
5.83064
4.00823
5.91176
2.51321
3.37613
7.53414
1.77315
0.0247722
1.79788
0.0903682
1.84416
0.178151
1.91798
0.226569
2.00043
0.266817
2.0733
0.386101
2.13134
0.613132
2.19816
0.928308
2.27972
1.23985
2.41549
1.56636
2.58791
1.73448
2.80944
2.05788
3.1371
1.85822
3.40533
2.53196
3.79691
1.6185
4.42945
2.99069
4.5428
1.62504
5.64986
2.90117
5.9233
2.23978
2.3403
6.95913
1.77344
0.0125909
1.80385
0.0599658
1.85884
0.123154
1.93033
0.155079
1.99373
0.203415
2.03819
0.341649
2.07163
0.57969
2.12888
0.871052
2.21651
1.15223
2.37312
1.40975
2.56907
1.53853
2.84047
1.78647
3.10935
1.58934
3.54477
2.09654
3.73035
1.43291
4.45571
2.26534
4.54603
1.53472
5.41555
2.03165
5.88605
1.76928
1.62563
6.60072
1.77599
-0.00213241
1.81601
0.0199379
1.87653
0.0626402
1.93458
0.0970237
1.96503
0.172965
1.97548
0.331199
1.99515
0.560028
2.05778
0.808418
2.17407
1.03593
2.36039
1.22343
2.58134
1.31758
2.89487
1.47294
3.13605
1.34817
3.60772
1.62487
3.76881
1.27182
4.40832
1.62583
4.63494
1.3081
5.26568
1.4009
5.76085
1.27412
1.09526
6.29121
1.79348
-0.0343465
1.8449
-0.031489
1.89765
0.00988927
1.92553
0.0691526
1.92224
0.176245
1.91781
0.335637
1.94889
0.528943
2.03662
0.72069
2.18567
0.886882
2.39435
1.01475
2.63033
1.08161
2.94184
1.16143
3.18598
1.10402
3.60522
1.20563
3.82801
1.04903
4.31908
1.13476
4.63406
0.993115
5.09595
0.939017
5.54478
0.825289
0.650811
5.98923
1.8176
-0.0906824
1.87974
-0.0936266
1.91779
-0.0281692
1.92289
0.0640591
1.90791
0.191219
1.90572
0.33783
1.94918
0.485482
2.0508
0.619073
2.20943
0.728247
2.41699
0.807196
2.6505
0.848096
2.93285
0.87908
3.18719
0.849689
3.53145
0.861362
3.80024
0.780244
4.17723
0.757767
4.50936
0.66098
4.8849
0.563483
5.2764
0.433792
0.260701
5.66651
1.87223
-0.201649
1.97002
-0.191421
1.95604
-0.0141885
1.886
0.134103
1.83186
0.245363
1.82965
0.340039
1.88802
0.427104
2.00345
0.50365
2.16783
0.56386
2.3714
0.603634
2.59978
0.61971
2.85775
0.621114
3.11437
0.593069
3.40992
0.565811
3.68966
0.500499
4.00823
0.439196
4.32569
0.343521
4.65863
0.23055
5.00772
0.084698
-0.0951488
5.36357
1.81595
-0.256338
1.81089
-0.186362
1.74712
0.0495845
1.68628
0.194944
1.66897
0.262673
1.70404
0.30497
1.78966
0.341481
1.92123
0.372084
2.09198
0.393102
2.29435
0.401269
2.51935
0.394709
2.76446
0.376006
3.01721
0.340322
3.28838
0.29464
3.56208
0.226799
3.85436
0.146913
4.15576
0.0421238
4.46442
-0.0781092
4.77921
-0.230099
-0.423968
5.10803
1.65941
-0.154667
1.55525
-0.0822024
1.50201
0.102819
1.5024
0.194557
1.54528
0.219789
1.62078
0.229475
1.72808
0.234175
1.86922
0.230952
2.04242
0.219901
2.24363
0.200055
2.46682
0.171523
2.70722
0.135597
2.95659
0.0909591
3.21147
0.03976
3.46813
-0.0298635
3.73721
-0.122164
4.01452
-0.235189
4.28313
-0.34672
4.59986
-0.546823
-0.796221
4.97211
1.18628
-0.313964
1.24893
-0.144858
1.32568
0.0260673
1.41528
0.104964
1.50729
0.12778
1.60374
0.133018
1.71814
0.119781
1.86018
0.0889039
2.03124
0.0488423
2.23511
-0.00381162
2.46274
-0.0561108
2.71508
-0.116741
2.98921
-0.183168
3.2772
-0.248235
3.57549
-0.328152
3.8866
-0.433274
4.23938
-0.587964
4.62897
-0.736316
4.81438
-0.732226
-1.21885
5.23701
0.859219
-1.17318
0.980724
-0.26636
1.21884
-0.212046
1.41568
-0.0918797
1.54825
-0.00478373
1.64828
0.0329824
1.76201
0.00605848
1.90431
-0.0533961
2.07586
-0.122705
2.27791
-0.205864
2.51307
-0.29126
2.77231
-0.375978
3.05162
-0.462484
3.34796
-0.544571
3.65476
-0.634944
3.93836
-0.716872
4.07501
-0.724613
3.88738
-0.548678
3.86089
-0.705733
-1.14525
3.78728
0.325467
-1.49865
0.703489
-0.644376
0.879393
-0.387946
1.01167
-0.224153
1.10199
-0.0950939
1.17545
-0.0404788
1.23878
-0.057263
1.3171
-0.131711
1.42983
-0.235429
1.57448
-0.350506
1.73365
-0.450421
1.90328
-0.545602
2.07858
-0.637781
2.25768
-0.723659
2.43685
-0.814104
2.61012
-0.890142
2.76232
-0.876803
2.92289
-0.709246
2.89412
-0.676957
-0.908951
2.65783
-0.283282
-1.21536
-0.0999887
-0.827661
0.0991728
-0.587101
0.284109
-0.409084
0.471533
-0.282511
0.655541
-0.224479
0.83266
-0.234374
0.990793
-0.289835
1.12413
-0.368753
1.22952
-0.455895
1.31851
-0.539401
1.39223
-0.619318
1.45048
-0.696017
1.49566
-0.76883
1.51861
-0.837047
1.51341
-0.884943
1.51704
-0.880428
1.61097
-0.803171
1.71087
-0.776849
-0.89844
1.70036
-0.218844
-0.996511
-0.197458
-0.849042
-0.100007
-0.684547
0.0390081
-0.548093
0.207656
-0.451153
0.386721
-0.403537
0.552853
-0.400499
0.69384
-0.430816
0.80687
-0.481777
0.893624
-0.542642
0.959942
-0.605712
1.00922
-0.668583
1.04284
-0.729634
1.06096
-0.786943
1.06117
-0.837246
1.04639
-0.870161
1.03669
-0.870719
1.07276
-0.839241
1.13157
-0.835653
-0.894185
1.12731
-0.118269
-0.878239
-0.13583
-0.831476
-0.0850115
-0.735361
0.012167
-0.645266
0.13681
-0.575791
0.269365
-0.536087
0.39419
-0.525318
0.501827
-0.538447
0.588407
-0.568352
0.654038
-0.608268
0.701408
-0.653075
0.732675
-0.699844
0.749344
-0.746295
0.752484
-0.790076
0.743169
-0.827925
0.727071
-0.854057
0.719088
-0.862732
0.73794
-0.85809
0.768153
-0.865862
-0.901258
0.775227
-0.0594533
-0.818782
-0.0729905
-0.817934
-0.0456649
-0.762683
0.0168863
-0.707813
0.100554
-0.659454
0.192198
-0.627726
0.281277
-0.614392
0.360564
-0.617728
0.426339
-0.634121
0.477651
-0.659574
0.515242
-0.69066
0.54019
-0.724786
0.553644
-0.759742
0.55695
-0.793377
0.552279
-0.823249
0.544646
-0.846419
0.543006
-0.861087
0.555405
-0.870484
0.574907
-0.885361
-0.912336
0.585988
-0.027821
-0.790959
-0.032622
-0.813129
-0.0152087
-0.780092
0.0251794
-0.748198
0.0800937
-0.714364
0.142283
-0.689912
0.204829
-0.676933
0.262556
-0.67545
0.312311
-0.683871
0.352684
-0.699941
0.383429
-0.7214
0.404882
-0.746234
0.417777
-0.772632
0.42333
-0.798925
0.423651
-0.823565
0.422509
-0.845272
0.425186
-0.863761
0.435351
-0.880646
0.449551
-0.899557
-0.922774
0.459989
-0.0063122
-0.784644
-0.00722371
-0.812214
0.00681936
-0.794132
0.032444
-0.773819
0.0676202
-0.749537
0.10884
-0.731128
0.15173
-0.719818
0.192724
-0.71644
0.229307
-0.72045
0.259982
-0.730611
0.284033
-0.745446
0.301281
-0.763478
0.311987
-0.783333
0.316903
-0.803837
0.317505
-0.824163
0.316354
-0.844117
0.316912
-0.864315
0.321189
-0.88492
0.326906
-0.905273
-0.925565
0.329697
0.0131333
-0.797775
0.0138462
-0.812924
0.0221055
-0.802389
0.0367428
-0.788453
0.057355
-0.770146
0.0828585
-0.756628
0.110391
-0.747348
0.137508
-0.743553
0.162231
-0.745169
0.18313
-0.751508
0.19926
-0.761573
0.21005
-0.774265
0.215244
-0.788524
0.214893
-0.803483
0.209457
-0.818724
0.200169
-0.834825
0.189403
-0.853547
0.178999
-0.874515
0.168383
-0.894658
-0.913381
0.156199
0.0359586
-0.833732
0.0284008
-0.805364
0.0312198
-0.805206
0.0348891
-0.79212
0.0440966
-0.779351
0.0570187
-0.769548
0.0717077
-0.762035
0.0864495
-0.758293
0.0997134
-0.758431
0.110256
-0.762048
0.117119
-0.768435
0.119576
-0.77672
0.117068
-0.786014
0.109163
-0.795575
0.0955809
-0.80514
0.076582
-0.815825
0.0540159
-0.83098
0.0324241
-0.852922
0.0162856
-0.878519
-0.90544
0.00834385
0.0609845
0.0240493
0.0281087
0.0212937
0.0231355
0.0261871
0.0302511
0.0341391
0.0368381
0.0375881
0.0358862
0.0315052
0.0245298
0.0154402
0.00525914
-0.00424094
-0.0106239
-0.0131565
-0.0130477
-0.0120977
-1.85542
5.13357
-3.32878
1.47336
-4.02192
0.693144
-3.70349
-0.318432
-2.93117
-0.772315
-1.98922
-0.941951
-0.659295
-1.32992
0.427197
-1.08649
1.83299
-1.40579
3.2948
-1.46181
4.53663
-1.24183
6.17405
-1.63743
7.59011
-1.41606
9.71784
-2.12773
-2.37079
12.0886
7.24243
5.95983
4.57368
4.14211
3.19361
2.07321
2.53701
0.338173
2.56934
-0.804647
3.07768
-1.45029
3.75723
-2.00947
4.80569
-2.13495
5.75136
-2.35147
6.74026
-2.4507
7.93396
-2.43554
8.91568
-2.61914
10.2258
-2.7262
11.2964
-3.19834
-3.56572
12.4914
9.21672
5.12872
9.59848
3.76034
9.49261
2.17909
9.06962
0.761162
8.76451
-0.499542
8.74702
-1.4328
8.80268
-2.06514
9.10393
-2.43619
9.41637
-2.66391
9.80508
-2.83941
10.3131
-2.94351
10.7966
-3.10271
11.3862
-3.31578
11.8547
-3.66681
-4.11917
12.4081
9.01884
3.64402
9.97555
2.80363
10.3874
1.76726
10.5142
0.634368
10.4844
-0.469723
10.4002
-1.34861
10.3189
-1.98392
10.2903
-2.40755
10.3187
-2.69234
10.3884
-2.90913
10.5529
-3.108
10.7726
-3.32236
11.06
-3.60315
11.3504
-3.95725
-4.4098
11.641
8.12597
2.47719
9.01791
1.91169
9.63789
1.14727
9.99579
0.276462
10.0844
-0.558366
10.0408
-1.30501
9.9469
-1.88998
9.87269
-2.33334
9.85784
-2.67749
9.91682
-2.96811
10.0632
-3.25434
10.2738
-3.53297
10.544
-3.87337
10.8082
-4.2215
-4.68245
11.0809
7.44278
1.63512
8.16334
1.19114
8.71866
0.591956
9.08147
-0.0863471
9.264
-0.740906
9.32396
-1.36497
9.33289
-1.89891
9.35469
-2.35513
9.41867
-2.74147
9.54083
-3.09026
9.72739
-3.4409
9.94978
-3.75536
10.2298
-4.15341
10.4989
-4.4906
-4.93855
10.755
6.93581
0.990531
7.51348
0.613465
7.9831
0.122334
8.31232
-0.415566
8.53519
-0.963773
8.67921
-1.50899
8.78138
-2.00108
8.89544
-2.46919
9.03506
-2.88108
9.21573
-3.27093
9.459
-3.68417
9.72654
-4.0229
10.0118
-4.43865
10.3801
-4.85898
-5.74418
11.1858
6.5022
0.477562
6.98055
0.135116
7.37923
-0.276352
7.69406
-0.730388
7.94091
-1.21063
8.1484
-1.71647
8.32285
-2.17554
8.519
-2.66535
8.74134
-3.10342
8.9986
-3.52819
9.26899
-3.95457
9.67534
-4.42925
10.4591
-5.2224
10.5385
-4.93842
-4.8364
9.63075
6.10391
0.0401538
6.51852
-0.279493
6.88459
-0.642423
7.19078
-1.03658
7.46187
-1.48172
7.73665
-1.99125
7.99191
-2.4308
8.26955
-2.94299
8.53762
-3.37148
9.02072
-4.0113
9.79682
-4.73066
9.78009
-4.41252
9.19042
-4.63273
8.33974
-4.08774
-3.69171
7.19505
5.75421
-0.350484
6.14163
-0.666919
6.49885
-0.999638
6.81989
-1.35762
7.1415
-1.80333
7.46232
-2.31207
7.83002
-2.7985
8.41846
-3.53143
9.05628
-4.0093
9.15821
-4.11323
8.31633
-3.88879
7.52026
-3.61645
6.45973
-3.57219
5.44249
-3.0705
-2.66148
4.41225
5.49354
-0.735992
5.88178
-1.05516
6.22351
-1.34136
6.63658
-1.7707
7.17892
-2.34566
7.97189
-3.10504
8.17409
-3.0007
8.5263
-3.88364
7.82189
-3.30489
6.99641
-3.28775
6.10379
-2.99616
5.12054
-2.63319
3.99306
-2.4447
3.14464
-2.22207
-2.01171
2.49486
5.4536
-1.21749
6.02831
-1.62987
6.69065
-2.0037
6.99275
-2.0728
7.50978
-2.8627
7.10475
-2.70001
6.59825
-2.4942
5.76156
-3.04694
5.09804
-2.64137
4.15137
-2.34107
3.29433
-2.13911
2.64555
-1.98441
2.06474
-1.86389
1.56559
-1.72291
-1.59213
1.14601
5.72696
-1.70744
6.07418
-1.97709
5.66261
-1.59213
5.40269
-1.81288
4.97659
-2.4366
4.63773
-2.36114
4.17468
-2.03115
3.17004
-2.0423
2.48664
-1.95796
1.99204
-1.84646
1.57675
-1.72382
1.20452
-1.61217
0.860505
-1.51987
0.577277
-1.43969
-1.38544
0.370583
3.75519
-1.67534
3.73802
-1.95992
3.79865
-1.65276
3.51267
-1.5269
2.81294
-1.73687
2.26535
-1.81355
1.94549
-1.71129
1.58482
-1.68162
1.24449
-1.61763
0.924805
-1.52676
0.652708
-1.45172
0.438745
-1.3982
0.288783
-1.36991
0.216652
-1.36755
-1.37368
0.2049
2.31032
-1.32784
1.91523
-1.56482
1.79771
-1.53524
1.73673
-1.46592
1.53026
-1.5304
1.26399
-1.54728
1.02668
-1.47397
0.778182
-1.43312
0.556448
-1.39589
0.396168
-1.36648
0.305412
-1.36096
0.272623
-1.36541
0.26851
-1.36579
0.255704
-1.35474
-1.34439
0.226407
1.56012
-1.1876
1.33956
-1.34426
1.16607
-1.36176
1.03347
-1.33331
0.8508
-1.34773
0.657063
-1.35355
0.520904
-1.33781
0.427056
-1.33927
0.375591
-1.34442
0.357465
-1.34835
0.338114
-1.3416
0.301374
-1.32866
0.262995
-1.32741
0.238893
-1.33064
-1.3304
0.224903
1.03772
-1.09801
0.885682
-1.19221
0.749874
-1.22595
0.651557
-1.235
0.563949
-1.26013
0.496037
-1.28563
0.462491
-1.30426
0.433038
-1.30981
0.38991
-1.30129
0.343335
-1.30176
0.311524
-1.30979
0.293966
-1.3111
0.274868
-1.30831
0.249461
-1.30523
-1.30411
0.22318
0.741142
-1.06392
0.674179
-1.12525
0.612699
-1.16447
0.57281
-1.19511
0.53388
-1.2212
0.484092
-1.23585
0.430093
-1.25026
0.390977
-1.27069
0.372396
-1.2827
0.354268
-1.28363
0.325314
-1.28083
0.294211
-1.27999
0.266913
-1.28101
0.243858
-1.28217
-1.28264
0.222388
0.577741
-1.05568
0.552145
-1.09965
0.522288
-1.13462
0.491306
-1.16413
0.464979
-1.19487
0.449259
-1.22013
0.430471
-1.23147
0.396338
-1.23656
0.356099
-1.24246
0.322609
-1.25014
0.298101
-1.25632
0.277315
-1.2592
0.256591
-1.26028
0.235078
-1.26066
-1.26082
0.213252
0.460803
-1.05649
0.451247
-1.0901
0.436273
-1.11964
0.414974
-1.14283
0.383041
-1.16294
0.347452
-1.18454
0.321328
-1.20534
0.305793
-1.22103
0.293558
-1.23022
0.278554
-1.23514
0.260742
-1.2385
0.242537
-1.241
0.224972
-1.24272
0.208004
-1.24369
-1.24399
0.191173
0.325488
-1.05228
0.313635
-1.07825
0.29889
-1.1049
0.287334
-1.13128
0.278974
-1.15458
0.267451
-1.17302
0.249871
-1.18776
0.229471
-1.20063
0.210953
-1.2117
0.19615
-1.22033
0.184049
-1.2264
0.173351
-1.2303
0.163193
-1.23256
0.153067
-1.23357
-1.23361
0.142684
0.141759
-1.03784
0.127516
-1.06401
0.113064
-1.09045
0.0979177
-1.11613
0.0839788
-1.14065
0.0744107
-1.16345
0.0696469
-1.183
0.0673988
-1.19837
0.0657919
-1.21009
0.0644527
-1.21899
0.0634617
-1.22541
0.0628237
-1.22966
0.0623319
-1.23207
0.0617417
-1.23298
-1.23266
0.0607913
0.00648852
-1.03599
0.00793886
-1.06546
0.0100678
-1.09258
0.0116224
-1.11769
0.0115254
-1.14055
0.00903614
-1.16096
0.00503734
-1.17901
0.00119404
-1.19453
-0.0016419
-1.20726
-0.00347374
-1.21716
-0.00437514
-1.22451
-0.00443243
-1.2296
-0.00372712
-1.23278
-0.00240296
-1.23431
-1.23441
-0.000654843
-0.0115032
-0.0120539
-0.0131117
-0.0144464
-0.0154736
-0.0158073
-0.0159019
-0.0162757
-0.0170425
-0.0180278
-0.0190759
-0.0200524
-0.0208724
-0.0214824
-0.0218235
12.2898
-5.45328
12.8819
-7.45927
13.0926
-8.77314
12.9511
-9.88737
12.7222
-10.8996
12.5768
-12.0848
12.6744
-13.4956
13.3703
-14.6012
11.0433
-11.917
8.1967
-9.5163
5.54962
-7.42196
3.45586
-5.70673
1.77319
-4.10911
0.413
-2.55663
-0.600713
-1.28408
-1.03055
-0.762055
-0.606974
-1.52879
-0.0934666
-2.36887
0.232382
-2.09109
0.475058
-1.46427
0.522576
-0.917697
0.398303
-0.739371
0.158713
-0.814243
-0.0777785
-0.879191
-0.207277
-0.848602
-0.270803
-0.820549
-0.307481
-0.816667
-0.32952
-0.81354
-0.343142
-0.808316
-0.352239
-0.800699
-0.358658
-0.790612
-0.363568
-0.778026
-0.3674
-0.763207
-0.370202
-0.746194
-0.371941
-0.727145
-0.372525
-0.7062
-0.371894
-0.68358
-0.369928
-0.659534
-0.366553
-0.634345
-0.36174
-0.608346
-0.355566
-0.581878
-0.348054
-0.555348
-0.339306
-0.52906
-0.329466
-0.503234
-0.318612
-0.478197
-0.306932
-0.453973
-0.294424
-0.430858
-0.281206
-0.408607
-0.267396
-0.38721
-0.252898
-0.366835
-0.237765
-0.347286
-0.222011
-0.328668
-0.205587
-0.311059
-0.188519
-0.294508
-0.170774
-0.279148
-0.152434
-0.265141
-0.133497
-0.252566
-0.114092
-0.240024
-0.0943277
-0.232744
-0.220126
12.9346
-5.89653
12.9505
-7.47512
12.7668
-8.58948
12.5541
-9.67464
12.4511
-10.7967
12.6344
-12.268
12.7217
-13.5829
10.0822
-11.9618
7.06036
-8.89507
4.56858
-7.02451
2.83193
-5.68531
1.50335
-4.37813
0.376471
-2.98221
-0.552583
-1.62757
-1.11511
-0.721549
-0.997429
-0.879731
-0.35879
-2.16743
0.0262595
-2.75393
0.269192
-2.33402
0.466749
-1.66184
0.547781
-0.998729
0.477555
-0.669144
0.259745
-0.596433
-0.0215939
-0.597854
-0.201611
-0.668585
-0.268396
-0.753762
-0.302403
-0.782656
-0.321204
-0.794734
-0.332408
-0.797105
-0.339543
-0.793558
-0.344423
-0.785727
-0.347941
-0.774506
-0.350482
-0.760664
-0.352183
-0.744489
-0.352979
-0.726345
-0.352964
-0.70621
-0.351939
-0.6846
-0.349839
-0.661628
-0.346489
-0.637689
-0.341948
-0.612884
-0.336118
-0.587709
-0.329093
-0.562378
-0.320936
-0.537223
-0.311677
-0.512498
-0.301538
-0.488341
-0.290487
-0.465027
-0.278746
-0.442601
-0.266244
-0.42111
-0.253082
-0.400373
-0.239355
-0.380564
-0.224951
-0.361696
-0.209967
-0.343659
-0.194323
-0.32671
-0.178062
-0.310775
-0.161224
-0.295989
-0.143834
-0.282533
-0.125942
-0.270459
-0.107514
-0.258452
-0.0887438
-0.251511
-0.239147
12.6128
-6.10123
12.4314
-7.29368
12.2545
-8.4126
12.2092
-9.62934
12.6084
-11.1958
12.848
-12.5077
10.2071
-10.942
7.0363
-8.79101
4.77838
-6.63715
3.05378
-5.29991
1.73715
-4.36866
0.657499
-3.29847
-0.273908
-2.0508
-0.952382
-0.949086
-1.15039
-0.523539
-0.713029
-1.31709
-0.202334
-2.67813
-0.068468
-2.8878
0.0361421
-2.43864
0.142527
-1.76822
0.206346
-1.06255
0.162887
-0.625685
0.0136578
-0.447204
-0.152646
-0.431551
-0.242781
-0.57845
-0.283698
-0.712844
-0.307288
-0.759065
-0.320147
-0.781871
-0.327138
-0.790108
-0.331044
-0.789647
-0.333325
-0.783444
-0.334694
-0.773135
-0.335428
-0.759929
-0.335595
-0.74432
-0.335315
-0.726623
-0.334281
-0.707242
-0.332531
-0.686346
-0.329986
-0.664166
-0.326545
-0.641124
-0.322028
-0.617398
-0.316464
-0.593275
-0.309827
-0.569019
-0.302116
-0.544936
-0.29352
-0.521097
-0.283931
-0.497932
-0.273601
-0.47536
-0.262522
-0.453683
-0.250835
-0.432798
-0.238435
-0.412775
-0.225458
-0.393546
-0.21189
-0.375271
-0.197697
-0.357861
-0.182962
-0.341454
-0.167625
-0.32612
-0.151729
-0.31189
-0.135334
-0.298932
-0.118487
-0.287307
-0.101125
-0.275812
-0.0834626
-0.26917
-0.257189
11.824
-6.28422
11.837
-7.30665
11.9013
-8.47691
12.5832
-10.3112
12.7018
-11.3145
10.2779
-10.0837
7.25224
-7.91635
4.64146
-6.18022
2.91663
-4.91231
1.71505
-4.09833
0.764692
-3.4183
-0.0525761
-2.4812
-0.715013
-1.38835
-1.08403
-0.580061
-0.984777
-0.622794
-0.482157
-1.81972
-0.248175
-2.91212
-0.344785
-2.7912
-0.40959
-2.37384
-0.399751
-1.77806
-0.350082
-1.11222
-0.352138
-0.623629
-0.398352
-0.400992
-0.388844
-0.44106
-0.342373
-0.624921
-0.332044
-0.723174
-0.3298
-0.761307
-0.329074
-0.782594
-0.328425
-0.790754
-0.32761
-0.790459
-0.326628
-0.784426
-0.325435
-0.774328
-0.324139
-0.761224
-0.322672
-0.745787
-0.32095
-0.728346
-0.318907
-0.709285
-0.316348
-0.688902
-0.313169
-0.667341
-0.30923
-0.645059
-0.30452
-0.622107
-0.298923
-0.598872
-0.292384
-0.575557
-0.285023
-0.552295
-0.276752
-0.529369
-0.26771
-0.506975
-0.257885
-0.485187
-0.247407
-0.464162
-0.236305
-0.443902
-0.224631
-0.424453
-0.212354
-0.40583
-0.199533
-0.3881
-0.186148
-0.371256
-0.172199
-0.355412
-0.157729
-0.340597
-0.142745
-0.326881
-0.127305
-0.314376
-0.111428
-0.303185
-0.0950731
-0.292166
-0.0784866
-0.285754
-0.274234
11.3498
-6.55313
11.585
-7.54184
12.4475
-9.33943
11.9027
-9.76638
9.87026
-9.28206
6.81928
-7.03274
4.44558
-5.54266
2.72109
-4.45572
1.49652
-3.68774
0.671076
-3.27288
0.0217221
-2.76894
-0.515626
-1.94384
-0.896019
-1.00796
-0.981832
-0.494242
-0.703986
-0.900636
-0.345319
-2.17838
-0.413312
-2.84413
-0.665303
-2.53921
-0.853163
-2.18598
-0.912756
-1.71847
-0.874313
-1.15066
-0.79358
-0.704364
-0.653621
-0.540951
-0.483567
-0.611112
-0.396162
-0.712326
-0.367165
-0.752171
-0.348975
-0.779497
-0.338645
-0.792922
-0.331421
-0.797979
-0.326092
-0.795789
-0.32185
-0.788669
-0.31821
-0.777968
-0.315029
-0.764406
-0.311991
-0.748826
-0.309046
-0.731293
-0.305932
-0.712399
-0.302553
-0.69228
-0.298691
-0.671202
-0.294322
-0.649428
-0.289271
-0.627159
-0.283513
-0.604628
-0.277029
-0.582038
-0.26977
-0.55955
-0.26176
-0.537377
-0.253054
-0.515681
-0.243663
-0.49458
-0.233664
-0.474163
-0.223094
-0.454476
-0.211979
-0.435573
-0.200323
-0.417494
-0.188156
-0.400275
-0.175455
-0.383966
-0.162254
-0.36862
-0.148563
-0.354295
-0.134406
-0.341043
-0.119819
-0.328967
-0.104831
-0.318174
-0.0894007
-0.307595
-0.0737815
-0.301372
-0.290342
11.2977
-7.09585
12.0955
-8.33955
10.2899
-7.53387
8.43649
-7.91297
5.85913
-6.7047
4.11413
-5.28773
2.68656
-4.11508
1.49374
-3.2629
0.60635
-2.80034
0.030197
-2.69673
-0.371572
-2.36717
-0.702969
-1.61244
-0.852167
-0.858752
-0.737656
-0.608748
-0.405228
-1.23306
-0.249229
-2.33438
-0.51115
-2.58221
-0.808001
-2.24237
-1.01488
-1.97911
-1.09369
-1.63967
-1.04071
-1.20365
-0.879163
-0.865908
-0.663697
-0.756415
-0.508211
-0.766597
-0.434719
-0.785816
-0.39077
-0.796119
-0.363347
-0.806919
-0.345326
-0.810945
-0.332903
-0.810406
-0.323819
-0.804877
-0.316789
-0.7957
-0.31107
-0.783686
-0.306211
-0.769265
-0.301885
-0.753154
-0.297838
-0.735343
-0.293809
-0.716431
-0.289704
-0.696388
-0.285306
-0.675604
-0.280503
-0.654234
-0.275194
-0.632468
-0.269302
-0.610517
-0.262804
-0.58853
-0.255657
-0.566691
-0.24787
-0.545161
-0.239457
-0.524094
-0.23046
-0.503579
-0.220894
-0.483733
-0.210817
-0.464558
-0.200216
-0.446181
-0.189123
-0.428595
-0.177542
-0.411864
-0.165478
-0.396038
-0.152953
-0.381151
-0.139974
-0.367278
-0.126578
-0.354444
-0.112771
-0.342776
-0.0986005
-0.332347
-0.0840211
-0.322175
-0.0692744
-0.316119
-0.305572
11.328
-7.23803
10.0544
-7.06602
8.40272
-5.88214
5.91338
-5.42363
3.98868
-4.78
2.58459
-3.88364
1.51599
-3.04648
0.667952
-2.41487
0.0591996
-2.19159
-0.301329
-2.3362
-0.540837
-2.12766
-0.695794
-1.45748
-0.671819
-0.882723
-0.446228
-0.834334
-0.162706
-1.51658
-0.18415
-2.31294
-0.49571
-2.27066
-0.73958
-1.9985
-0.899906
-1.81879
-0.977291
-1.56229
-0.927228
-1.25372
-0.775466
-1.01767
-0.615766
-0.916112
-0.512177
-0.870183
-0.445611
-0.852381
-0.399917
-0.841813
-0.368994
-0.837845
-0.346983
-0.832961
-0.331238
-0.826157
-0.31947
-0.816647
-0.310316
-0.804854
-0.302959
-0.791043
-0.296739
-0.775486
-0.291365
-0.758531
-0.286397
-0.740315
-0.281709
-0.721124
-0.276998
-0.701106
-0.272152
-0.680458
-0.267036
-0.659355
-0.261532
-0.637972
-0.255574
-0.616471
-0.249105
-0.594992
-0.242098
-0.573692
-0.234542
-0.552716
-0.226446
-0.532191
-0.217811
-0.512216
-0.208692
-0.492856
-0.199064
-0.474192
-0.188972
-0.45628
-0.178418
-0.439156
-0.167415
-0.422872
-0.155969
-0.407488
-0.144082
-0.393041
-0.131791
-0.379572
-0.119098
-0.367139
-0.106028
-0.355848
-0.0926336
-0.345743
-0.0788615
-0.335949
-0.0649306
-0.330054
-0.319962
8.13787
-5.74515
6.36829
-5.29645
4.96147
-4.47532
3.52685
-3.989
2.25543
-3.50856
1.28827
-2.91648
0.62303
-2.38124
0.219291
-2.01112
-0.095502
-1.8768
-0.369332
-2.06237
-0.538075
-1.95891
-0.575954
-1.4196
-0.451495
-1.00718
-0.197288
-1.08854
-0.0291538
-1.68472
-0.194007
-2.14809
-0.471252
-1.99342
-0.630031
-1.83973
-0.741005
-1.70782
-0.799202
-1.5041
-0.763699
-1.28923
-0.668331
-1.11304
-0.573545
-1.0109
-0.497998
-0.945727
-0.44084
-0.909537
-0.39824
-0.884413
-0.366846
-0.869243
-0.34358
-0.856233
-0.326163
-0.843578
-0.312764
-0.830048
-0.302191
-0.815426
-0.293614
-0.799618
-0.286414
-0.782687
-0.280185
-0.764763
-0.274556
-0.745947
-0.269276
-0.726411
-0.264149
-0.706242
-0.258974
-0.685643
-0.253642
-0.664692
-0.248034
-0.64358
-0.242054
-0.622447
-0.235681
-0.60136
-0.228847
-0.580525
-0.221538
-0.560026
-0.213761
-0.539969
-0.205517
-0.520464
-0.196805
-0.501574
-0.187658
-0.483346
-0.178073
-0.465871
-0.168049
-0.449185
-0.157605
-0.433318
-0.146751
-0.418342
-0.135509
-0.404283
-0.123874
-0.391208
-0.111873
-0.37914
-0.0995279
-0.368195
-0.0868775
-0.358395
-0.0738818
-0.348949
-0.0607351
-0.343206
-0.333532
5.54768
-4.09778
4.02552
-3.77429
2.90276
-3.35255
1.89969
-2.98592
1.02503
-2.63389
0.398029
-2.28948
0.088133
-2.07134
0.0545264
-1.97751
-0.0627828
-1.75949
-0.337841
-1.78731
-0.483315
-1.81344
-0.439912
-1.463
-0.27261
-1.17448
-0.0526396
-1.30851
-0.0151797
-1.72218
-0.242158
-1.92112
-0.429323
-1.80626
-0.530659
-1.73841
-0.619556
-1.61894
-0.65917
-1.46449
-0.643033
-1.30536
-0.589497
-1.16657
-0.529068
-1.07132
-0.472169
-1.00262
-0.425934
-0.955771
-0.388165
-0.922183
-0.358591
-0.898821
-0.33567
-0.879158
-0.317893
-0.861358
-0.303779
-0.844162
-0.292435
-0.82677
-0.283106
-0.808947
-0.275227
-0.790567
-0.268393
-0.7716
-0.262265
-0.75208
-0.25659
-0.732093
-0.251136
-0.711706
-0.245754
-0.691032
-0.240281
-0.670169
-0.234623
-0.649238
-0.22871
-0.628358
-0.222448
-0.607621
-0.215816
-0.587158
-0.208782
-0.567063
-0.201337
-0.547418
-0.193477
-0.52833
-0.185207
-0.509851
-0.176514
-0.492046
-0.167421
-0.474969
-0.157937
-0.45867
-0.148053
-0.443201
-0.137791
-0.428602
-0.127162
-0.414909
-0.116181
-0.402188
-0.104861
-0.39046
-0.0932213
-0.379834
-0.0813071
-0.370311
-0.069073
-0.361187
-0.0566957
-0.35559
-0.346302
3.33187
-3.0174
2.35324
-2.79565
1.52646
-2.52576
0.81908
-2.27855
0.256689
-2.0715
-0.0866349
-1.94615
-0.31644
-1.84153
-0.439613
-1.85434
-0.34584
-1.85326
-0.351814
-1.78134
-0.431143
-1.73411
-0.350608
-1.54354
-0.178109
-1.34698
-0.0352574
-1.45136
-0.0874826
-1.66995
-0.266785
-1.74182
-0.37305
-1.7
-0.459621
-1.65184
-0.528253
-1.55031
-0.558298
-1.43445
-0.554446
-1.30922
-0.523138
-1.19788
-0.482998
-1.11146
-0.441919
-1.0437
-0.404856
-0.992832
-0.372351
-0.95469
-0.34579
-0.925383
-0.324287
-0.900662
-0.306893
-0.878751
-0.292796
-0.85826
-0.281203
-0.838364
-0.271507
-0.818645
-0.263247
-0.798828
-0.256049
-0.7788
-0.249594
-0.75854
-0.243651
-0.738044
-0.238
-0.717364
-0.232489
-0.696548
-0.226968
-0.675691
-0.221332
-0.654875
-0.215502
-0.634189
-0.209408
-0.613718
-0.203005
-0.593564
-0.196268
-0.573806
-0.189156
-0.554534
-0.181678
-0.535814
-0.173838
-0.517698
-0.165613
-0.500276
-0.157017
-0.483567
-0.148049
-0.467638
-0.138728
-0.452519
-0.129056
-0.438271
-0.11904
-0.424923
-0.108696
-0.41253
-0.0980488
-0.401105
-0.0871026
-0.39078
-0.0758889
-0.381526
-0.0644001
-0.37268
-0.0527767
-0.367219
-0.358283
1.77413
-2.29666
1.11732
-2.13884
0.585767
-1.99421
0.207038
-1.89981
-0.0018855
-1.86257
-0.159528
-1.7885
-0.26759
-1.73346
-0.277192
-1.84474
-0.263573
-1.86688
-0.272504
-1.77241
-0.319876
-1.68674
-0.28869
-1.57473
-0.15935
-1.47632
-0.0987884
-1.51192
-0.162293
-1.60645
-0.258008
-1.6461
-0.332088
-1.62592
-0.405181
-1.57875
-0.45494
-1.50055
-0.481787
-1.40761
-0.4833
-1.30771
-0.465496
-1.21569
-0.439057
-1.1379
-0.409395
-1.07336
-0.380029
-1.0222
-0.352974
-0.981743
-0.329724
-0.948631
-0.310083
-0.9203
-0.29376
-0.895073
-0.280125
-0.871896
-0.268628
-0.849863
-0.25892
-0.828354
-0.250519
-0.807231
-0.243154
-0.786167
-0.236557
-0.765141
-0.230482
-0.744124
-0.224749
-0.7231
-0.21919
-0.70211
-0.213688
-0.681195
-0.208133
-0.660433
-0.202439
-0.639887
-0.196542
-0.619621
-0.190389
-0.599722
-0.183945
-0.580256
-0.177192
-0.561293
-0.170116
-0.542897
-0.16269
-0.525129
-0.154933
-0.508037
-0.146832
-0.491668
-0.138393
-0.476074
-0.129619
-0.46129
-0.120527
-0.447359
-0.111116
-0.434331
-0.101405
-0.422239
-0.0914107
-0.411098
-0.0811458
-0.401044
-0.0706395
-0.392034
-0.0598765
-0.383446
-0.0489838
-0.378117
-0.369489
0.708563
-1.85922
0.366725
-1.79701
0.167425
-1.79491
0.104346
-1.83673
0.102588
-1.86081
0.169044
-1.85495
0.31124
-1.87566
0.269981
-1.80348
0.0458531
-1.64276
-0.110652
-1.61591
-0.189053
-1.60835
-0.210831
-1.55295
-0.165491
-1.52166
-0.146146
-1.53127
-0.184579
-1.56801
-0.24213
-1.58855
-0.303343
-1.56471
-0.357187
-1.52491
-0.397025
-1.46072
-0.419925
-1.38472
-0.424783
-1.30286
-0.415539
-1.22494
-0.398325
-1.15511
-0.376602
-1.09508
-0.353445
-1.04535
-0.331301
-1.00388
-0.311362
-0.968564
-0.293921
-0.937738
-0.278791
-0.910203
-0.265935
-0.884752
-0.254947
-0.860853
-0.245382
-0.83792
-0.237086
-0.815529
-0.229761
-0.793493
-0.223159
-0.771745
-0.217073
-0.750212
-0.211346
-0.728827
-0.205848
-0.707609
-0.200433
-0.686613
-0.19501
-0.665861
-0.189499
-0.645404
-0.183827
-0.625299
-0.17795
-0.605605
-0.171828
-0.586383
-0.165433
-0.567695
-0.158745
-0.54959
-0.151764
-0.532115
-0.144463
-0.515339
-0.136859
-0.49927
-0.128942
-0.483988
-0.12072
-0.469509
-0.112192
-0.455885
-0.10338
-0.443142
-0.0942931
-0.431324
-0.0849496
-0.420441
-0.0753515
-0.410642
-0.0655251
-0.401861
-0.0554801
-0.393493
-0.0453153
-0.388283
-0.379936
0.222682
-1.71131
0.17248
-1.7468
0.147456
-1.76988
0.0760977
-1.76537
-0.0208057
-1.76391
-0.118626
-1.75713
-0.266932
-1.72735
-0.33467
-1.73574
-0.240994
-1.73644
-0.185371
-1.67153
-0.17417
-1.61955
-0.161145
-1.56598
-0.155924
-1.52688
-0.157406
-1.52979
-0.183615
-1.54181
-0.231134
-1.54104
-0.275642
-1.52021
-0.317915
-1.48264
-0.349726
-1.42892
-0.369344
-1.3651
-0.375866
-1.29634
-0.371854
-1.22895
-0.360462
-1.1665
-0.344366
-1.11117
-0.326309
-1.0634
-0.308337
-1.02184
-0.29147
-0.985425
-0.276136
-0.953068
-0.262519
-0.923818
-0.250627
-0.896646
-0.240172
-0.87131
-0.231068
-0.847026
-0.223039
-0.82356
-0.215872
-0.800661
-0.209387
-0.778229
-0.203423
-0.756175
-0.197817
-0.734431
-0.192432
-0.712995
-0.187176
-0.691872
-0.181942
-0.671101
-0.176651
-0.650701
-0.171239
-0.630717
-0.165665
-0.611184
-0.159881
-0.592172
-0.153857
-0.573724
-0.147575
-0.555876
-0.141031
-0.538661
-0.134202
-0.522168
-0.127082
-0.506388
-0.119682
-0.491384
-0.111999
-0.47719
-0.104049
-0.463835
-0.0958293
-0.451362
-0.0873544
-0.4398
-0.0786325
-0.429163
-0.0696951
-0.419579
-0.0605483
-0.411007
-0.0512057
-0.402834
-0.0417418
-0.397744
-0.389641
0.21406
-1.72047
0.185158
-1.7179
0.144408
-1.72914
0.118832
-1.73979
0.0970345
-1.74211
0.0604003
-1.7205
0.0459385
-1.71289
0.0154286
-1.70523
-0.0579166
-1.66309
-0.105228
-1.62422
-0.135641
-1.58914
-0.14746
-1.55416
-0.146129
-1.52822
-0.157628
-1.51829
-0.182525
-1.51691
-0.216567
-1.507
-0.25177
-1.48501
-0.284512
-1.44991
-0.310245
-1.40319
-0.327053
-1.3483
-0.334246
-1.28915
-0.333095
-1.2301
-0.325356
-1.17424
-0.313332
-1.12319
-0.299306
-1.07742
-0.284729
-1.03641
-0.270521
-0.999626
-0.257237
-0.966348
-0.24515
-0.935903
-0.234278
-0.907517
-0.224641
-0.880947
-0.216056
-0.855612
-0.208421
-0.831196
-0.201553
-0.807528
-0.1953
-0.78448
-0.189539
-0.761934
-0.184132
-0.739836
-0.178945
-0.718183
-0.1739
-0.69692
-0.168907
-0.676098
-0.163882
-0.65573
-0.158771
-0.635832
-0.153515
-0.616444
-0.148085
-0.597606
-0.142451
-0.579361
-0.136593
-0.561737
-0.130476
-0.544778
-0.124112
-0.528529
-0.11749
-0.513007
-0.110603
-0.49827
-0.103465
-0.484329
-0.0960722
-0.471231
-0.0884366
-0.459001
-0.0805654
-0.447673
-0.0724685
-0.43726
-0.0641755
-0.427871
-0.0556909
-0.419489
-0.0470335
-0.411488
-0.038265
-0.406508
-0.398615
0.190704
-1.68477
0.164534
-1.69173
0.131533
-1.69614
0.0860275
-1.69429
0.0370636
-1.69314
0.00973665
-1.69317
-0.0213947
-1.68176
-0.0685133
-1.65811
-0.0958014
-1.6358
-0.111326
-1.6087
-0.123672
-1.57679
-0.133175
-1.54467
-0.141073
-1.52032
-0.15301
-1.50636
-0.174511
-1.49542
-0.201486
-1.48002
-0.229752
-1.45674
-0.255838
-1.42382
-0.276805
-1.38222
-0.291034
-1.33407
-0.297884
-1.2823
-0.297984
-1.22999
-0.292669
-1.17955
-0.283743
-1.13211
-0.272786
-1.08837
-0.260942
-1.04825
-0.249016
-1.01155
-0.237611
-0.977747
-0.226986
-0.946524
-0.217189
-0.917311
-0.208347
-0.889787
-0.200417
-0.863541
-0.19327
-0.838343
-0.186798
-0.813999
-0.180882
-0.790394
-0.175422
-0.767391
-0.170273
-0.744984
-0.165361
-0.723095
-0.160582
-0.701701
-0.155876
-0.680806
-0.151152
-0.660455
-0.146361
-0.640623
-0.141462
-0.621345
-0.136409
-0.602663
-0.131176
-0.584597
-0.125733
-0.56718
-0.120065
-0.550444
-0.114182
-0.53441
-0.108047
-0.519139
-0.101682
-0.504635
-0.0950759
-0.490938
-0.0882398
-0.478072
-0.0811785
-0.466067
-0.0739057
-0.45495
-0.0664263
-0.444741
-0.058773
-0.435523
-0.0509416
-0.427316
-0.0429412
-0.419482
-0.0348603
-0.414581
-0.406867
0.201049
-1.66092
0.169962
-1.66064
0.136696
-1.66287
0.106331
-1.66393
0.0742013
-1.66101
0.0306782
-1.64964
-0.0129356
-1.63814
-0.041569
-1.62948
-0.067542
-1.60983
-0.0915156
-1.58473
-0.109582
-1.55873
-0.121881
-1.53237
-0.1327
-1.50951
-0.146791
-1.49227
-0.165348
-1.47686
-0.187193
-1.45818
-0.209904
-1.43403
-0.230737
-1.40299
-0.247675
-1.36528
-0.259342
-1.3224
-0.265277
-1.27636
-0.265903
-1.22937
-0.262262
-1.18318
-0.255582
-1.13878
-0.246947
-1.09699
-0.237296
-1.05789
-0.227327
-1.02151
-0.217495
-0.987573
-0.208176
-0.955836
-0.199493
-0.925991
-0.191549
-0.897729
-0.184309
-0.87078
-0.177733
-0.844919
-0.171736
-0.819994
-0.166228
-0.795899
-0.161109
-0.772508
-0.156308
-0.749783
-0.151711
-0.727691
-0.147279
-0.706131
-0.14289
-0.685194
-0.138504
-0.664839
-0.134073
-0.645054
-0.12954
-0.62588
-0.124897
-0.607308
-0.120074
-0.589421
-0.115071
-0.572183
-0.109868
-0.555645
-0.104443
-0.539832
-0.0988054
-0.524776
-0.0929546
-0.510488
-0.0868803
-0.497017
-0.0805928
-0.484365
-0.0741027
-0.472563
-0.0674092
-0.461646
-0.0605365
-0.451614
-0.053492
-0.442565
-0.0462975
-0.434506
-0.0389603
-0.426812
-0.0315449
-0.421988
-0.414422
0.19322
-1.63096
0.164304
-1.63173
0.13355
-1.63212
0.0997252
-1.6301
0.0654551
-1.62674
0.036973
-1.62116
0.0102553
-1.61142
-0.0227258
-1.59649
-0.0528638
-1.57969
-0.0771157
-1.56047
-0.0966995
-1.53915
-0.111816
-1.51725
-0.124751
-1.49658
-0.138828
-1.4782
-0.155288
-1.4604
-0.173241
-1.44023
-0.191412
-1.41586
-0.207919
-1.38648
-0.221304
-1.3519
-0.230602
-1.3131
-0.23552
-1.27144
-0.236352
-1.22853
-0.233795
-1.18574
-0.228623
-1.14395
-0.221724
-1.10389
-0.213802
-1.06581
-0.205418
-1.02988
-0.197007
-0.995975
-0.188924
-0.963912
-0.181254
-0.933656
-0.174181
-0.9048
-0.167652
-0.877308
-0.161684
-0.850885
-0.156202
-0.825474
-0.151168
-0.800931
-0.146466
-0.777208
-0.142049
-0.754197
-0.137846
-0.73189
-0.133744
-0.710229
-0.129744
-0.689188
-0.125733
-0.668848
-0.121693
-0.649093
-0.11757
-0.630004
-0.113316
-0.611564
-0.108931
-0.593807
-0.104375
-0.576737
-0.0996346
-0.560384
-0.094696
-0.54477
-0.089566
-0.529907
-0.084231
-0.515826
-0.0786931
-0.50256
-0.0729564
-0.490106
-0.0670281
-0.478495
-0.0609221
-0.467754
-0.0546475
-0.457888
-0.0482252
-0.448984
-0.0416644
-0.441061
-0.0349868
-0.433483
-0.0282409
-0.428728
-0.421279
0.194332
-1.60291
0.165107
-1.6025
0.134729
-1.60175
0.104642
-1.60002
0.0740133
-1.59611
0.042047
-1.58919
0.0107965
-1.58016
-0.0164563
-1.56923
-0.0412766
-1.55486
-0.0639613
-1.53778
-0.0837451
-1.51936
-0.100476
-1.50052
-0.114985
-1.48207
-0.12909
-1.46409
-0.143787
-1.44571
-0.158809
-1.42521
-0.173389
-1.40128
-0.186406
-1.37347
-0.19693
-1.34137
-0.204321
-1.30571
-0.208289
-1.26747
-0.209089
-1.22773
-0.207173
-1.18765
-0.203081
-1.14804
-0.19747
-1.10949
-0.190895
-1.07237
-0.183848
-1.03692
-0.176691
-1.00312
-0.169671
-0.970926
-0.163023
-0.940299
-0.156773
-0.911047
-0.151004
-0.883075
-0.145708
-0.856178
-0.140811
-0.830369
-0.136282
-0.805458
-0.132077
-0.781411
-0.128118
-0.758151
-0.124333
-0.73567
-0.120657
-0.713898
-0.11703
-0.692808
-0.113435
-0.672439
-0.109815
-0.652712
-0.10611
-0.63371
-0.102293
-0.615382
-0.0983438
-0.597757
-0.0942371
-0.580844
-0.0899558
-0.564665
-0.0855008
-0.549226
-0.0808459
-0.534565
-0.0760208
-0.520655
-0.070988
-0.507597
-0.06578
-0.495317
-0.0603878
-0.483888
-0.0548325
-0.473308
-0.0491215
-0.463596
-0.0432731
-0.454828
-0.0373026
-0.447027
-0.0312435
-0.439538
-0.0251116
-0.434856
-0.42748
0.186429
-1.57609
0.159495
-1.57557
0.1321
-1.57435
0.103872
-1.57179
0.0755023
-1.56774
0.0479824
-1.56167
0.0212835
-1.55346
-0.00521697
-1.54273
-0.0299386
-1.53013
-0.052015
-1.5157
-0.0714193
-1.49995
-0.0883427
-1.4836
-0.103377
-1.46704
-0.117296
-1.45018
-0.130676
-1.43233
-0.143507
-1.41238
-0.155334
-1.38946
-0.165725
-1.36308
-0.173932
-1.33317
-0.179601
-1.30004
-0.182613
-1.26445
-0.183083
-1.22725
-0.181356
-1.18937
-0.177868
-1.15152
-0.17313
-1.11423
-0.167535
-1.07796
-0.161514
-1.04294
-0.155371
-1.00926
-0.149312
-0.976981
-0.143534
-0.946072
-0.138084
-0.916492
-0.133033
-0.888123
-0.128351
-0.860857
-0.124046
-0.834671
-0.120077
-0.809424
-0.116366
-0.785118
-0.112893
-0.761618
-0.109561
-0.738994
-0.106347
-0.717103
-0.103179
-0.695971
-0.100027
-0.675587
-0.0968272
-0.655911
-0.0935884
-0.636949
-0.0902389
-0.618733
-0.0867687
-0.601228
-0.0831464
-0.584467
-0.0793614
-0.568452
-0.075433
-0.553158
-0.0713251
-0.538676
-0.0670142
-0.524969
-0.0625538
-0.512058
-0.0579127
-0.499958
-0.0531152
-0.488683
-0.0481638
-0.478256
-0.0430736
-0.468682
-0.0378594
-0.460038
-0.0325364
-0.452347
-0.0271561
-0.444917
-0.0217001
-0.440313
-0.432976
0.169522
-1.55444
0.146974
-1.55303
0.12343
-1.55081
0.099242
-1.5476
0.0745145
-1.54302
0.0495359
-1.53669
0.0248664
-1.52879
0.00118044
-1.51903
-0.0212997
-1.50765
-0.0420887
-1.49491
-0.0608105
-1.48123
-0.0774136
-1.467
-0.0921589
-1.45229
-0.105483
-1.43686
-0.117682
-1.42014
-0.128789
-1.40128
-0.138627
-1.37962
-0.146894
-1.35481
-0.153271
-1.32679
-0.157524
-1.29578
-0.159658
-1.26231
-0.159764
-1.22714
-0.158144
-1.19099
-0.155128
-1.15453
-0.151111
-1.11824
-0.146401
-1.08267
-0.141335
-1.048
-0.136149
-1.01444
-0.131025
-0.982101
-0.126155
-0.950939
-0.121521
-0.921121
-0.117233
-0.892407
-0.113256
-0.864831
-0.1096
-0.838324
-0.106205
-0.812816
-0.103058
-0.788259
-0.100061
-0.764608
-0.0972197
-0.741826
-0.0944606
-0.719855
-0.0917381
-0.698688
-0.0890208
-0.678302
-0.0862543
-0.658677
-0.0834073
-0.639797
-0.0804676
-0.621674
-0.0774279
-0.604269
-0.0742228
-0.587675
-0.0708765
-0.571802
-0.0673532
-0.556685
-0.0636743
-0.542358
-0.0598247
-0.528819
-0.0558085
-0.516073
-0.0516269
-0.504135
-0.0473
-0.493004
-0.0428299
-0.48272
-0.0382254
-0.473282
-0.0335201
-0.464741
-0.0287009
-0.457165
-0.023839
-0.449781
-0.0189184
-0.445237
-0.437877
0.129182
-1.54094
0.114694
-1.53855
0.0990082
-1.53513
0.0820018
-1.5306
0.0638652
-1.52488
0.0449237
-1.51774
0.0253889
-1.50925
0.005605
-1.49925
-0.013894
-1.48814
-0.0324993
-1.4763
-0.0497325
-1.464
-0.0653324
-1.4514
-0.0792631
-1.43837
-0.091599
-1.42453
-0.102497
-1.40925
-0.111965
-1.39182
-0.119914
-1.37168
-0.126258
-1.34846
-0.130867
-1.32217
-0.133693
-1.29295
-0.134754
-1.26125
-0.134223
-1.22767
-0.132364
-1.19284
-0.129441
-1.15745
-0.125734
-1.12195
-0.121567
-1.08684
-0.117149
-1.05242
-0.112696
-1.0189
-0.108354
-0.98644
-0.10419
-0.955099
-0.100336
-0.924969
-0.0967897
-0.895949
-0.0935437
-0.868074
-0.090575
-0.84129
-0.0878613
-0.815526
-0.0853689
-0.790746
-0.0830207
-0.766949
-0.0807988
-0.74404
-0.0786459
-0.722001
-0.0765332
-0.700796
-0.0744084
-0.680425
-0.072239
-0.660846
-0.0699914
-0.642046
-0.0676478
-0.624019
-0.0651644
-0.606755
-0.0625731
-0.59027
-0.0598254
-0.574554
-0.0569058
-0.559608
-0.0538269
-0.545439
-0.0505806
-0.532064
-0.0471703
-0.519478
-0.043601
-0.507698
-0.0398752
-0.496723
-0.0360176
-0.486572
-0.0320335
-0.477262
-0.0279473
-0.468826
-0.0237542
-0.46136
-0.0195557
-0.453984
-0.0152661
-0.449534
-0.442106
0.0587644
-1.53892
0.0555425
-1.53533
0.0508444
-1.53044
0.0445778
-1.52433
0.0366221
-1.51692
0.0270297
-1.50815
0.015826
-1.49804
0.0032648
-1.48668
-0.0103843
-1.47449
-0.0245143
-1.46218
-0.0384905
-1.45003
-0.0518596
-1.43804
-0.0642837
-1.42595
-0.0755357
-1.41329
-0.085457
-1.39933
-0.0939142
-1.38336
-0.100823
-1.36477
-0.106106
-1.34318
-0.109783
-1.31849
-0.111889
-1.29084
-0.112566
-1.26057
-0.111937
-1.2283
-0.110263
-1.19451
-0.107737
-1.15998
-0.104633
-1.12505
-0.101157
-1.09031
-0.097534
-1.05604
-0.0938697
-1.02256
-0.0903115
-0.989995
-0.0869259
-0.95848
-0.0837863
-0.928105
-0.0808786
-0.898854
-0.0782278
-0.870723
-0.0757907
-0.843725
-0.0735393
-0.817774
-0.0715026
-0.792777
-0.0695332
-0.768912
-0.0676897
-0.745878
-0.0658702
-0.723816
-0.0641003
-0.702564
-0.0622916
-0.682232
-0.0604423
-0.662695
-0.058529
-0.64396
-0.0565265
-0.626024
-0.0544086
-0.608876
-0.0522023
-0.59248
-0.0498503
-0.57691
-0.0473562
-0.562104
-0.0447407
-0.548054
-0.0419735
-0.534828
-0.039079
-0.522367
-0.0360468
-0.510723
-0.0328921
-0.499872
-0.029645
-0.489814
-0.0262788
-0.480626
-0.0228551
-0.472251
-0.0193216
-0.464898
-0.0158327
-0.457479
-0.0122675
-0.453106
-0.445615
0.00179613
-1.54137
0.00421602
-1.53775
0.00627206
-1.53249
0.00767815
-1.52574
0.00823287
-1.51748
0.00771601
-1.50763
0.0058977
-1.49622
0.00269445
-1.48348
-0.00196414
-1.46984
-0.00793095
-1.45621
-0.0150651
-1.4429
-0.0230622
-1.43005
-0.031521
-1.4175
-0.040032
-1.40478
-0.0482105
-1.39116
-0.0557176
-1.37586
-0.0622779
-1.35821
-0.0677079
-1.33774
-0.0719386
-1.31426
-0.0749395
-1.28784
-0.0767584
-1.25875
-0.0775196
-1.22753
-0.0773916
-1.19464
-0.0765496
-1.16082
-0.075169
-1.12643
-0.0734685
-1.09201
-0.0715678
-1.05794
-0.0696241
-1.0245
-0.0677348
-0.991881
-0.0659371
-0.960275
-0.0643157
-0.929723
-0.0628556
-0.900312
-0.061547
-0.872029
-0.0604118
-0.844858
-0.0593993
-0.818784
-0.0584335
-0.793739
-0.0575727
-0.769769
-0.0566956
-0.746752
-0.0558783
-0.724631
-0.0549363
-0.703504
-0.0539471
-0.683221
-0.0528634
-0.663779
-0.0516403
-0.645184
-0.0502887
-0.627377
-0.0487728
-0.610395
-0.0470594
-0.594197
-0.0451839
-0.578788
-0.0431235
-0.564165
-0.0408588
-0.550317
-0.0384209
-0.537262
-0.0358138
-0.524969
-0.0330166
-0.513515
-0.030063
-0.502821
-0.0269453
-0.49293
-0.0237299
-0.483841
-0.0203938
-0.475589
-0.0169099
-0.468386
-0.0135466
-0.460847
-0.00997109
-0.456686
-0.448877
-0.021767
-0.0211997
-0.0201385
-0.0186106
-0.0166406
-0.0142598
-0.0115025
-0.00846145
-0.0053142
-0.00237645
9.17071e-05
0.00185034
0.0027406
0.00272169
0.00189771
0.000445462
-0.00144573
-0.00360815
-0.00582577
-0.0079357
-0.00981189
-0.0114085
-0.0126526
-0.0136234
-0.0143191
-0.0147864
-0.0150979
-0.0153032
-0.0154383
-0.0155688
-0.0156995
-0.0158674
-0.0160816
-0.0163342
-0.0166332
-0.016955
-0.017309
-0.0176724
-0.0179738
-0.018286
-0.0185449
-0.0187261
-0.0188304
-0.0188186
-0.0186994
-0.0184597
-0.0180832
-0.0175695
-0.0169131
-0.0161152
-0.0151568
-0.014086
-0.0128771
-0.011536
-0.0101134
-0.0085609
-0.00692325
-0.00529422
-0.00354622
)
;

boundaryField
{
    inlet
    {
        type            calculated;
        value           nonuniform List<scalar> 
44
(
-3.6548
-3.52387
-3.39763
-3.27591
-3.15856
-3.0454
-2.93631
-2.83112
-2.72969
-2.63191
-2.53762
-2.44671
-2.35906
-2.27455
-2.19307
-2.1145
-2.03875
-1.96572
-1.8953
-1.8274
-1.76126
-1.76126
-1.76126
-1.76126
-1.76126
-1.76126
-1.76126
-1.76126
-1.76126
-1.76126
-1.76126
-1.76108
-1.02698
-1.84042e-17
-2.02799e-17
-2.50049e-17
-1.73817e-17
-1.04977e-17
-5.31979e-18
-2.22903e-18
-7.66515e-19
-2.11038e-19
-4.1956e-20
-4.34091e-21
)
;
    }
    outlet
    {
        type            calculated;
        value           nonuniform List<scalar> 
64
(
11.9012
12.4052
12.695
12.9372
13.1622
12.5135
11.887
11.2601
10.6147
9.93787
9.21838
8.447
7.6174
6.72505
5.76849
4.75091
3.68246
2.58483
1.5021
0.540544
0.0337346
-0.0608952
-0.0773742
-0.0886245
-0.0982913
-0.10532
-0.109115
-0.110337
-0.10997
-0.108704
-0.106895
-0.104723
-0.102306
-0.0997014
-0.0969722
-0.0941341
-0.091159
-0.0882376
-0.0848962
-0.0819598
-0.0743198
-0.0697207
-0.0654189
-0.0614399
-0.0576744
-0.0540466
-0.0505448
-0.0471691
-0.0439294
-0.0407985
-0.0377785
-0.0348667
-0.0320342
-0.0292864
-0.0266035
-0.0239866
-0.0213813
-0.0189112
-0.0162068
-0.0140212
-0.0110423
-0.00876165
-0.0067095
-0.00196241
)
;
    }
    lowerWall
    {
        type            calculated;
        value           uniform 0;
    }
    atmosphere
    {
        type            calculated;
        value           nonuniform List<scalar> 
95
(
-0.894715
-0.768427
-0.809264
-0.785304
-0.781191
-0.772598
-0.766098
-0.76218
-0.761129
-0.762797
-0.766732
-0.772338
-0.779037
-0.786484
-0.794958
-0.806324
-0.824597
-0.850391
-0.878629
-0.90639
-1.03658
-1.06491
-1.09152
-1.11635
-1.13952
-1.16062
-1.17892
-1.19415
-1.20649
-1.21617
-1.22346
-1.22863
-1.23196
-1.2337
-1.23407
-1.54143
-1.53832
-1.53356
-1.52727
-1.51945
-1.51001
-1.49898
-1.48652
-1.47299
-1.45915
-1.44537
-1.43181
-1.4184
-1.40476
-1.39033
-1.3744
-1.35631
-1.33558
-1.31204
-1.28573
-1.25687
-1.22593
-1.1934
-1.15985
-1.12574
-1.09155
-1.05763
-1.0243
-0.991744
-0.960142
-0.929591
-0.900143
-0.871814
-0.844604
-0.818483
-0.793415
-0.769413
-0.746387
-0.724329
-0.703191
-0.682962
-0.663598
-0.64508
-0.627391
-0.610516
-0.594438
-0.579166
-0.564679
-0.550971
-0.538057
-0.525924
-0.514583
-0.504028
-0.49427
-0.485265
-0.477143
-0.470026
-0.462479
-0.458437
-0.450461
)
;
    }
    defaultFaces
    {
        type            empty;
        value           nonuniform 0();
    }
}


// ************************************************************************* //
