/*--------------------------------*- C++ -*----------------------------------*\
| =========                 |                                                 |
| \\      /  F ield         | OpenFOAM: The Open Source CFD Toolbox           |
|  \\    /   O peration     | Version:  v1606+                                |
|   \\  /    A nd           | Web:      www.OpenFOAM.com                      |
|    \\/     M anipulation  |                                                 |
\*---------------------------------------------------------------------------*/
FoamFile
{
    version     2.0;
    format      ascii;
    class       volScalarField;
    location    "0.66";
    object      dgdt;
}
// * * * * * * * * * * * * * * * * * * * * * * * * * * * * * * * * * * * * * //

dimensions      [0 0 -1 0 0 0 0];

internalField   nonuniform List<scalar> 
6000
(
-15.1126
-15.2403
-15.1803
-15.1847
-15.6409
-16.265
-17.0093
-17.2242
-17.1499
-17.0756
-17.0447
-17.0872
-17.1451
-17.1794
-17.2008
-17.2082
-17.21
-17.1428
-17.0701
-17.0439
-17.1085
-17.178
-17.2421
-16.8921
-16.1934
-15.6004
-15.1823
-15.1553
-15.1883
-15.0721
-2.20812
-2.12138
-2.11046
-2.11613
-2.11498
-2.09188
-2.04679
-1.98751
-2.04491
-2.06637
-2.07459
-2.09292
-2.10442
-2.10456
-2.099
-2.09983
-2.11266
-2.10608
-2.09436
-2.07695
-2.07861
-2.0469
-1.98113
-2.05815
-2.09523
-2.11212
-2.1093
-2.11616
-2.13783
-2.22618
-0.182174
-0.178888
-0.192385
-0.195789
-0.208815
-0.231786
-0.254999
-0.275481
-0.282212
-0.285097
-0.29542
-0.310582
-0.317983
-0.296881
-0.286583
-0.288338
-0.30669
-0.318907
-0.312422
-0.295891
-0.283991
-0.285037
-0.275142
-0.253752
-0.228967
-0.206321
-0.194265
-0.193262
-0.178783
-0.181051
-0.0461899
-0.0334846
-0.0303803
-0.0304793
-0.0339364
-0.0411794
-0.0526397
-0.0653142
-0.0736659
-0.0831258
-0.0987952
-0.105351
-0.0946032
-0.0803999
-0.0759304
-0.077676
-0.0847613
-0.0991592
-0.10931
-0.0987312
-0.0810939
-0.0741031
-0.0649019
-0.0519914
-0.0408133
-0.034045
-0.0310748
-0.0313578
-0.033911
-0.0460399
-0.0372648
-0.0268699
-0.0224651
-0.0206644
-0.0205708
-0.0222296
-0.0254786
-0.0298489
-0.0340027
-0.0454935
-0.0582062
-0.0549792
-0.0438311
-0.0358964
-0.0335112
-0.0351344
-0.0396719
-0.0478641
-0.0598197
-0.0590414
-0.0431982
-0.0344902
-0.0304744
-0.0260637
-0.0229656
-0.0215475
-0.0219236
-0.0239491
-0.0283121
-0.0388554
-0.0527679
-0.0405307
-0.0311352
-0.026713
-0.0242181
-0.0234663
-0.0244781
-0.0261579
-0.0288124
-0.0378535
-0.0432403
-0.0374738
-0.0298701
-0.0247372
-0.0226348
-0.0241951
-0.0282302
-0.0338263
-0.0419852
-0.0451985
-0.036935
-0.0296028
-0.0274396
-0.0255261
-0.0246791
-0.0258978
-0.0283029
-0.0330802
-0.042807
-0.0560068
-0.0605916
-0.0502234
-0.0403025
-0.0343694
-0.0287382
-0.0270204
-0.0289256
-0.0312819
-0.0351959
-0.0403038
-0.040828
-0.0353942
-0.0299148
-0.0241497
-0.0211329
-0.02318
-0.0288069
-0.0343059
-0.0394996
-0.0436323
-0.0415429
-0.0364178
-0.0329819
-0.0304161
-0.0279834
-0.0314138
-0.0367315
-0.0415295
-0.0515942
-0.0627624
-0.0422075
-0.0397318
-0.0362574
-0.0298033
-0.0272225
-0.0296151
-0.031546
-0.0375031
-0.0474275
-0.0541716
-0.0547449
-0.0502752
-0.0409862
-0.0269386
-0.0211414
-0.0246755
-0.0372387
-0.0499784
-0.0551042
-0.0582616
-0.0561091
-0.0491259
-0.0394916
-0.034093
-0.0289395
-0.0297568
-0.0307981
-0.0371359
-0.0406246
-0.0426762
-0.017704
-0.0186624
-0.020521
-0.0225023
-0.0229285
-0.0182828
-0.0240568
-0.037963
-0.0560832
-0.0709511
-0.0757669
-0.0731602
-0.0577407
-0.0309616
-0.0188316
-0.0262748
-0.0505478
-0.0737527
-0.079295
-0.0790871
-0.0716354
-0.0561307
-0.0376911
-0.0255416
-0.0258091
-0.0255755
-0.0230798
-0.0211616
-0.01923
-0.0182165
-0.0131443
-0.0127966
-0.0127169
-0.0137718
-0.0157148
-0.0176097
-0.0243902
-0.0342247
-0.0465066
-0.0564895
-0.0591438
-0.0581694
-0.0495442
-0.0263024
-0.0115263
-0.0218015
-0.0461451
-0.0587342
-0.0612761
-0.0608183
-0.05637
-0.0458688
-0.0345223
-0.0252873
-0.0200838
-0.0171072
-0.0150382
-0.0139219
-0.0139165
-0.0142461
-0.0121629
-0.0118941
-0.0122988
-0.0137473
-0.0159645
-0.0184916
-0.0202955
-0.0209294
-0.0226449
-0.0253181
-0.0275934
-0.0273967
-0.0244416
-0.0192783
-0.0107686
-0.0181728
-0.0224124
-0.0253326
-0.0271045
-0.0265276
-0.0239863
-0.0218401
-0.0209786
-0.0209124
-0.0194917
-0.0172732
-0.015172
-0.0136708
-0.0131054
-0.0133782
-0.011889
-0.012014
-0.0129655
-0.0143203
-0.0161532
-0.018288
-0.0177678
-0.0130055
-0.00951704
-0.00900484
-0.00955189
-0.0100536
-0.011093
-0.0128133
-0.0125489
-0.0140645
-0.01169
-0.0102649
-0.00996399
-0.00942183
-0.00929044
-0.0100005
-0.0141774
-0.0188884
-0.0192713
-0.0175484
-0.0159984
-0.0146344
-0.0134853
-0.0131329
-0.0122562
-0.0128266
-0.0135913
-0.0145492
-0.0158686
-0.0167792
-0.0151602
-0.010443
-0.00685515
-0.00591243
-0.00582108
-0.00671585
-0.00917707
-0.0127602
-0.0136763
-0.0142708
-0.0111238
-0.00788408
-0.00687663
-0.00635905
-0.00570521
-0.0077982
-0.0118862
-0.0168551
-0.0183128
-0.017575
-0.016567
-0.0156479
-0.0147162
-0.0139477
-0.0133925
-0.0136852
-0.0140717
-0.0146266
-0.0152569
-0.0153155
-0.0134769
-0.00954665
-0.006769
-0.00592319
-0.00617204
-0.00715393
-0.0101715
-0.0135695
-0.0141574
-0.0146747
-0.012692
-0.00880861
-0.00730602
-0.00648138
-0.00726628
-0.00750854
-0.0109622
-0.0154993
-0.0174252
-0.017513
-0.017179
-0.0167514
-0.0162531
-0.0158545
-0.0143936
-0.0143599
-0.0145347
-0.0148229
-0.0149639
-0.0146844
-0.0127619
-0.00921377
-0.00681051
-0.00633429
-0.00618501
-0.00801893
-0.0114527
-0.0135357
-0.014327
-0.0146816
-0.0137473
-0.010318
-0.00796028
-0.00730483
-0.00650604
-0.00759582
-0.0107157
-0.0149869
-0.0170007
-0.017499
-0.0177925
-0.0180265
-0.0180917
-0.0180802
-0.0151275
-0.0148542
-0.0148514
-0.0149534
-0.014996
-0.0151258
-0.0136448
-0.00957898
-0.00687833
-0.0061857
-0.00633355
-0.00862435
-0.0117674
-0.0133807
-0.0144979
-0.0147862
-0.0138798
-0.0112483
-0.0084337
-0.00669911
-0.00721239
-0.00757148
-0.0111237
-0.0151922
-0.0167264
-0.0173317
-0.0181584
-0.0191605
-0.0202009
-0.0209156
-0.0157709
-0.0152395
-0.0148577
-0.0147274
-0.0147719
-0.0151158
-0.0150365
-0.011241
-0.00718644
-0.00639369
-0.00638975
-0.00874315
-0.0118197
-0.0136442
-0.0145027
-0.0149543
-0.0142283
-0.0118016
-0.00866726
-0.00734715
-0.00665369
-0.00793288
-0.0120305
-0.0156995
-0.0172915
-0.0180652
-0.0190348
-0.0204743
-0.0223189
-0.0241297
-0.0167184
-0.0157932
-0.0148659
-0.0145391
-0.014587
-0.0150464
-0.0154211
-0.0131637
-0.00814034
-0.00633693
-0.00640699
-0.0086445
-0.0119908
-0.0137692
-0.0144208
-0.0150278
-0.014997
-0.0123102
-0.00898783
-0.00732956
-0.00697315
-0.0088342
-0.0135397
-0.01804
-0.0215053
-0.0228864
-0.0236778
-0.0250707
-0.0270617
-0.0288705
-0.0178676
-0.016687
-0.0153766
-0.0147303
-0.0148753
-0.0155044
-0.0155519
-0.0139438
-0.0094058
-0.00643146
-0.00624155
-0.00847797
-0.0122576
-0.0139935
-0.014688
-0.0155539
-0.016375
-0.0142451
-0.00987659
-0.00765793
-0.00790569
-0.0113437
-0.0184035
-0.0278078
-0.0325857
-0.0326379
-0.0325115
-0.0332306
-0.0348653
-0.0358531
-0.0188171
-0.0183927
-0.0169417
-0.0167087
-0.0172116
-0.0180623
-0.0164677
-0.0138674
-0.00990978
-0.00703993
-0.00624298
-0.00883532
-0.013016
-0.0148606
-0.0154734
-0.0164217
-0.0180003
-0.0171231
-0.0120267
-0.00953643
-0.0110845
-0.0186063
-0.0333272
-0.0425808
-0.0428057
-0.0417142
-0.0415548
-0.041705
-0.0423504
-0.0424003
-0.0212642
-0.0216936
-0.0217245
-0.0245138
-0.0264831
-0.0276412
-0.022457
-0.0147773
-0.0109908
-0.00847232
-0.00768518
-0.0107925
-0.0152727
-0.0171389
-0.0173589
-0.0184186
-0.0211052
-0.0207526
-0.0164555
-0.0143017
-0.0197441
-0.0365174
-0.0537981
-0.0557607
-0.0525465
-0.0510074
-0.0505554
-0.0499337
-0.0491876
-0.0484417
-0.0211464
-0.0291122
-0.0304754
-0.0330688
-0.03666
-0.0392247
-0.0384139
-0.023978
-0.0150965
-0.0116909
-0.0119085
-0.0166054
-0.0209542
-0.0210455
-0.0209116
-0.0233359
-0.0278856
-0.0287723
-0.0247491
-0.0259825
-0.0412697
-0.0681142
-0.0786674
-0.0738328
-0.0673797
-0.0623818
-0.0588205
-0.0563418
-0.0543755
-0.0532855
-0.0518576
-0.0435452
-0.049152
-0.0538519
-0.0563908
-0.0590483
-0.0637291
-0.0574364
-0.0339377
-0.0212506
-0.0222028
-0.0314493
-0.0316503
-0.025881
-0.0269411
-0.032936
-0.0398939
-0.0425534
-0.0408527
-0.0522992
-0.0843884
-0.106259
-0.103895
-0.0949566
-0.0846057
-0.0740952
-0.0648251
-0.0591139
-0.0553615
-0.0538179
-0.0654746
-0.0700712
-0.0738505
-0.0777414
-0.0806131
-0.0838825
-0.0903551
-0.0990528
-0.0860178
-0.0564097
-0.0482609
-0.0559671
-0.0434525
-0.0307185
-0.0353675
-0.0478297
-0.0582409
-0.0598177
-0.0667892
-0.0951598
-0.125398
-0.129766
-0.122232
-0.110293
-0.0921217
-0.0770415
-0.0655825
-0.0576122
-0.052136
-0.0492524
-0.0937725
-0.089415
-0.0900737
-0.0927355
-0.0998355
-0.108309
-0.116151
-0.127466
-0.134836
-0.116339
-0.0887676
-0.0714379
-0.0511534
-0.0364858
-0.046181
-0.0642161
-0.0757321
-0.0768606
-0.0951305
-0.125276
-0.138648
-0.137099
-0.124109
-0.09884
-0.0743183
-0.062344
-0.0545456
-0.0494565
-0.0452527
-0.0414733
-0.0982036
-0.0932955
-0.0948598
-0.0989392
-0.112315
-0.127383
-0.134749
-0.141866
-0.147917
-0.143108
-0.116164
-0.07762
-0.0540662
-0.0415507
-0.0572494
-0.0762217
-0.0806991
-0.086177
-0.108324
-0.127325
-0.133719
-0.124019
-0.0943284
-0.0628339
-0.0491744
-0.043554
-0.0373866
-0.0347292
-0.0336796
-0.0309093
-0.085842
-0.0866802
-0.086817
-0.0888456
-0.0995057
-0.108949
-0.129139
-0.137963
-0.143953
-0.138213
-0.12026
-0.0896977
-0.0581298
-0.0421806
-0.0611476
-0.0750713
-0.0766027
-0.0841145
-0.104563
-0.116932
-0.11403
-0.0884981
-0.0563755
-0.0415349
-0.0383552
-0.0364621
-0.0291369
-0.0220321
-0.0203521
-0.0179935
-0.0699317
-0.0678791
-0.0649892
-0.0624724
-0.0618622
-0.0646932
-0.0875481
-0.105574
-0.121901
-0.125305
-0.114056
-0.0940622
-0.0673173
-0.0425915
-0.057039
-0.0671037
-0.0701319
-0.0823664
-0.0977995
-0.101082
-0.0836917
-0.0555579
-0.0396879
-0.035205
-0.0349049
-0.0346309
-0.0296753
-0.0205687
-0.012469
-0.00872719
-0.0497633
-0.0442332
-0.0396492
-0.0395619
-0.0428149
-0.0448239
-0.049819
-0.0633091
-0.0836516
-0.100421
-0.100596
-0.0870984
-0.0679661
-0.0477412
-0.0545808
-0.0608477
-0.0682102
-0.0822864
-0.0897071
-0.0802006
-0.0577409
-0.0448132
-0.0408901
-0.0383288
-0.0392247
-0.0383854
-0.0336198
-0.0243197
-0.0171409
-0.0141992
-0.0269282
-0.0267378
-0.0239929
-0.0271506
-0.0331439
-0.0340031
-0.0338399
-0.0362505
-0.0468187
-0.0639274
-0.0747465
-0.0738461
-0.0620532
-0.0514538
-0.0555858
-0.0645344
-0.0696261
-0.0774653
-0.0750453
-0.0582331
-0.0432504
-0.0369174
-0.0332711
-0.0306675
-0.0297092
-0.028302
-0.0238966
-0.0187829
-0.0131281
-0.00924171
-0.00813178
-0.00924431
-0.0121629
-0.015852
-0.0197427
-0.0203834
-0.0192078
-0.0159994
-0.0176538
-0.0243342
-0.040808
-0.0498183
-0.0496605
-0.0431566
-0.0459355
-0.0563181
-0.0601298
-0.0616422
-0.0503538
-0.0344686
-0.0211399
-0.0137482
-0.00979504
-0.00820904
-0.00778421
-0.00812945
-0.00669521
-0.00439571
-0.00264913
-0.00233546
-0.00251197
-0.00209344
-0.00271592
-0.00405124
-0.00558278
-0.00538222
-0.00447674
-0.00350451
-0.00347233
-0.00437563
-0.0106706
-0.0241831
-0.0296381
-0.0262743
-0.0268367
-0.0341995
-0.0390728
-0.0343333
-0.0222499
-0.00905601
-0.00342136
-0.00207473
-0.00156767
-0.00138173
-0.0013027
-0.00130439
-0.00122136
-0.000976435
-0.00105465
-0.0014896
-0.00206773
-0.00125428
-0.00112512
-0.0011888
-0.00133687
-0.00132664
-0.0013427
-0.00135698
-0.00139728
-0.00142646
-0.00207477
-0.00679713
-0.0140433
-0.00966357
-0.0105481
-0.0157167
-0.0188548
-0.0134313
-0.00477745
-0.00149568
-0.00104917
-0.000981071
-0.000929295
-0.000882285
-0.000916118
-0.000787085
-0.000861204
-0.000834437
-0.000960918
-0.00152895
-0.00211493
-0.00123165
-0.00113186
-0.00110727
-0.00110073
-0.00110552
-0.00117268
-0.00129025
-0.0013727
-0.00137961
-0.00141465
-0.0030006
-0.00701833
-0.00456673
-0.00373827
-0.00724593
-0.00881459
-0.004139
-0.0014224
-0.0010614
-0.00104343
-0.00101734
-0.000962049
-0.000926355
-0.000799642
-0.000940437
-0.000761457
-0.000892148
-0.000958115
-0.00158428
-0.00213797
-0.00132882
-0.00116579
-0.00112539
-0.00113832
-0.00116841
-0.00119738
-0.00130213
-0.00141831
-0.00148226
-0.00150492
-0.00250215
-0.00587691
-0.00535156
-0.00433284
-0.00561512
-0.00628219
-0.00246688
-0.00126856
-0.00117841
-0.00112889
-0.00104583
-0.000964188
-0.000913756
-0.000915729
-0.000855875
-0.000967868
-0.000918789
-0.00098588
-0.00159203
-0.00212502
-0.00145242
-0.00118879
-0.00109329
-0.0011547
-0.00116024
-0.00120471
-0.00132161
-0.00148483
-0.00159796
-0.00162839
-0.0023111
-0.00538899
-0.00710603
-0.00669731
-0.00681592
-0.00651156
-0.00221734
-0.00138305
-0.00128796
-0.0012095
-0.00108863
-0.000970227
-0.00091267
-0.00090608
-0.000954741
-0.000912357
-0.000941919
-0.0010761
-0.00159107
-0.00217236
-0.00153815
-0.00122555
-0.00120689
-0.00115237
-0.00116051
-0.00123441
-0.00139104
-0.00159798
-0.00172937
-0.00174947
-0.00213377
-0.00458398
-0.00962945
-0.0070688
-0.00801001
-0.00610387
-0.00209079
-0.0014561
-0.00136724
-0.0012925
-0.00116515
-0.00101823
-0.000928399
-0.000905143
-0.000868086
-0.000954936
-0.000957445
-0.00116284
-0.00163026
-0.00224853
-0.00158354
-0.00125403
-0.00123946
-0.00120561
-0.00119852
-0.00129571
-0.00151363
-0.00174413
-0.00187756
-0.00189472
-0.00215133
-0.00464135
-0.00712474
-0.0062063
-0.00655408
-0.00493677
-0.00202748
-0.00151162
-0.00143284
-0.00137265
-0.00126016
-0.00110423
-0.000972758
-0.000916322
-0.000962775
-0.000858718
-0.00097255
-0.00121619
-0.00164737
-0.00203209
-0.00158465
-0.00126625
-0.00128415
-0.00119572
-0.00124246
-0.0013964
-0.00165178
-0.00189178
-0.00201642
-0.00202714
-0.00214807
-0.00434451
-0.00656307
-0.00562277
-0.00545953
-0.00435733
-0.00201976
-0.00156695
-0.00149281
-0.001445
-0.0013486
-0.00120052
-0.00105021
-0.000946216
-0.000969273
-0.000991167
-0.000996286
-0.00123064
-0.00169454
-0.00184155
-0.00153845
-0.00126878
-0.00115775
-0.00123609
-0.00129319
-0.0015037
-0.00178172
-0.00202478
-0.00213919
-0.00214886
-0.00220396
-0.00354185
-0.00592727
-0.00579035
-0.00571392
-0.0043059
-0.0020609
-0.00163508
-0.00155229
-0.00150711
-0.00142584
-0.00129167
-0.00113678
-0.00100786
-0.000947918
-0.000999717
-0.00100354
-0.00121355
-0.0014711
-0.00172869
-0.00147988
-0.00127017
-0.00121713
-0.00124415
-0.00135433
-0.00160537
-0.00189615
-0.00214215
-0.00224641
-0.00226086
-0.00231102
-0.00301438
-0.00468989
-0.00696171
-0.00631891
-0.00441044
-0.00212709
-0.00170016
-0.00161051
-0.00156577
-0.00149573
-0.00137554
-0.00122769
-0.00107304
-0.000976427
-0.00102069
-0.000999138
-0.00117334
-0.00134964
-0.00166563
-0.00144065
-0.00127641
-0.00126459
-0.00127
-0.00143045
-0.00170811
-0.00200742
-0.00224945
-0.00234306
-0.00236774
-0.00244872
-0.00288102
-0.00431659
-0.00465271
-0.00586022
-0.00426784
-0.00217859
-0.00176231
-0.00167227
-0.00162872
-0.00156628
-0.00146283
-0.00132538
-0.00115241
-0.00101785
-0.00097705
-0.00100234
-0.00113957
-0.00130156
-0.0016142
-0.00141491
-0.00128904
-0.00125162
-0.00132391
-0.0015215
-0.00183053
-0.00212836
-0.00235099
-0.0024289
-0.00246699
-0.00258474
-0.00305329
-0.00463206
-0.00366675
-0.00571894
-0.00421211
-0.00225606
-0.00183993
-0.00174109
-0.00169566
-0.00164701
-0.00156183
-0.00144171
-0.00125893
-0.00108036
-0.00101177
-0.00101881
-0.00112595
-0.00128381
-0.00155796
-0.00141203
-0.00131992
-0.00131898
-0.00140843
-0.00165408
-0.00198904
-0.0022631
-0.00244747
-0.00251225
-0.00255848
-0.00269452
-0.0031731
-0.00489732
-0.00567033
-0.00651043
-0.00434022
-0.00233898
-0.0019183
-0.00181683
-0.00177661
-0.00174123
-0.00167537
-0.00158406
-0.00140295
-0.00118321
-0.0010479
-0.00103787
-0.00112693
-0.00126577
-0.00146659
-0.00143006
-0.00137707
-0.00139781
-0.00154576
-0.00184443
-0.00218404
-0.00240373
-0.00254185
-0.00259679
-0.00264384
-0.00278578
-0.0032513
-0.00495324
-0.00644207
-0.00693414
-0.00441165
-0.00241131
-0.00199862
-0.0019068
-0.0018749
-0.00184816
-0.00180099
-0.00174693
-0.00158824
-0.00133675
-0.00113205
-0.00107507
-0.00113846
-0.0012345
-0.00149255
-0.00146422
-0.00145639
-0.00151981
-0.00173901
-0.00209079
-0.00239771
-0.00254172
-0.00263734
-0.00267995
-0.00273404
-0.00289102
-0.00334922
-0.00495638
-0.00654059
-0.00707313
-0.00451529
-0.00251989
-0.00210435
-0.00201495
-0.00198424
-0.00196776
-0.00193381
-0.00191305
-0.00179386
-0.00153666
-0.00125913
-0.00113333
-0.00114733
-0.00119145
-0.00141651
-0.0015099
-0.00155131
-0.00167849
-0.00198065
-0.00237114
-0.00260722
-0.00267489
-0.00273635
-0.00277452
-0.00283813
-0.00300501
-0.00345948
-0.00496233
-0.00648362
-0.00703962
-0.00462089
-0.00264535
-0.00221947
-0.00214005
-0.00211154
-0.00209742
-0.00206829
-0.00206347
-0.00198257
-0.00175541
-0.00143053
-0.00120462
-0.00114309
-0.00111
-0.00144063
-0.00155221
-0.00165198
-0.00185938
-0.00225162
-0.00265371
-0.00279923
-0.00281083
-0.00284706
-0.00288486
-0.00295722
-0.00313275
-0.00359735
-0.00504846
-0.0064494
-0.00654724
-0.00476018
-0.00278525
-0.00234711
-0.00227562
-0.00225238
-0.00223543
-0.00220078
-0.00218653
-0.00212102
-0.00194118
-0.0016109
-0.0012928
-0.00114544
-0.00112895
-0.00144643
-0.00161418
-0.00174574
-0.00203995
-0.00252311
-0.00290604
-0.00297477
-0.00295797
-0.00297757
-0.00301878
-0.0030937
-0.00326839
-0.0037263
-0.00509878
-0.00633121
-0.00613017
-0.00471913
-0.00294163
-0.00248697
-0.00241624
-0.00240118
-0.00237754
-0.0023282
-0.00227958
-0.00219257
-0.00203734
-0.00174285
-0.00138244
-0.00115865
-0.00095458
-0.00164889
-0.00165665
-0.00181573
-0.00219735
-0.00275439
-0.0031024
-0.0031396
-0.00311915
-0.00313745
-0.00318095
-0.003252
-0.00342364
-0.00386245
-0.00511181
-0.00602917
-0.00552575
-0.00467192
-0.00316589
-0.00264912
-0.00256874
-0.00255655
-0.0025242
-0.00245475
-0.00234964
-0.0022034
-0.00202443
-0.00178232
-0.00144875
-0.0011495
-0.000947188
-0.00163956
-0.0016735
-0.00184925
-0.00231617
-0.00289784
-0.0032286
-0.00329545
-0.00329975
-0.00332849
-0.00337432
-0.00344086
-0.00361294
-0.00403803
-0.00514299
-0.00577923
-0.00520951
-0.0046941
-0.00344706
-0.00284231
-0.00273722
-0.00272071
-0.0026887
-0.00259782
-0.00241659
-0.00218573
-0.00197166
-0.001753
-0.00146928
-0.00115046
-0.00123992
-0.0015769
-0.00166096
-0.00185995
-0.00238158
-0.00292521
-0.00328185
-0.00343531
-0.00349938
-0.00354401
-0.0035921
-0.00364961
-0.00381438
-0.0042078
-0.00518716
-0.0055715
-0.00505151
-0.0047254
-0.00377429
-0.00307864
-0.00292788
-0.00290138
-0.00287741
-0.00276555
-0.00250019
-0.0021681
-0.00189545
-0.00167499
-0.00144369
-0.00116791
-0.000745343
-0.00147192
-0.00162535
-0.00187019
-0.00237924
-0.00287617
-0.00326394
-0.00354213
-0.00370062
-0.00378088
-0.00383625
-0.00389452
-0.00404693
-0.00448894
-0.00520487
-0.00543774
-0.00502741
-0.00476045
-0.00406912
-0.00335325
-0.00314637
-0.00310238
-0.00307019
-0.00293249
-0.0026036
-0.00217182
-0.00182231
-0.00158238
-0.00140232
-0.00118395
-0.00136684
-0.00155273
-0.00158522
-0.00188317
-0.00232775
-0.00276884
-0.0032021
-0.00361083
-0.00388924
-0.00402714
-0.00409596
-0.0041629
-0.00429511
-0.00479329
-0.00526291
-0.00533857
-0.00501113
-0.00478716
-0.00431387
-0.00365786
-0.00338253
-0.00330801
-0.00324713
-0.00307651
-0.00272249
-0.00221857
-0.00178484
-0.00151968
-0.00134595
-0.00120034
-0.00127091
-0.00151483
-0.00155442
-0.00188008
-0.002244
-0.0026451
-0.00313616
-0.00366899
-0.00407195
-0.00427133
-0.0043594
-0.00443822
-0.00453161
-0.0049625
-0.0052903
-0.00524491
-0.00499315
-0.00482373
-0.00451967
-0.00397362
-0.00363033
-0.00352048
-0.00343081
-0.00322559
-0.00286522
-0.00233586
-0.00182505
-0.00149116
-0.0012976
-0.00119693
-0.000987099
-0.00148526
-0.0015444
-0.00185703
-0.00216679
-0.00256605
-0.00311466
-0.00374454
-0.00425529
-0.00451711
-0.00459246
-0.00469111
-0.00481768
-0.00517589
-0.00535662
-0.00521751
-0.00500123
-0.00487969
-0.00471457
-0.00429271
-0.00389319
-0.00375856
-0.00366369
-0.00343862
-0.00305108
-0.00253192
-0.00196999
-0.00153241
-0.00128053
-0.00118824
-0.000603129
-0.00149254
-0.00155526
-0.00183501
-0.00213211
-0.00256868
-0.00317179
-0.00386364
-0.00444284
-0.00475234
-0.00486383
-0.00501039
-0.00519426
-0.00544137
-0.00546581
-0.0052646
-0.00506859
-0.00498826
-0.00492263
-0.00463078
-0.00422312
-0.00403725
-0.00390635
-0.00368112
-0.00330477
-0.00280043
-0.00221839
-0.0017021
-0.00135136
-0.0011922
-0.0010302
-0.00152722
-0.00160101
-0.00184002
-0.00217332
-0.00267254
-0.00332102
-0.00404789
-0.00466691
-0.0050515
-0.00525901
-0.00544293
-0.00562635
-0.00574938
-0.00563541
-0.00538993
-0.00521881
-0.00517342
-0.00518833
-0.00503834
-0.00469221
-0.00442923
-0.00420883
-0.00393878
-0.003589
-0.00312568
-0.00254376
-0.00199028
-0.00155164
-0.00126385
-0.00104546
-0.00159747
-0.0017097
-0.00191748
-0.00231531
-0.00288303
-0.00358754
-0.00433387
-0.00497389
-0.00544296
-0.00570972
-0.00591741
-0.00608352
-0.00609762
-0.00588032
-0.00563554
-0.0054926
-0.00547207
-0.00553939
-0.00551588
-0.00526692
-0.00496367
-0.00467852
-0.00433572
-0.00391166
-0.00348095
-0.00292134
-0.00234426
-0.00185139
-0.00144883
-0.000998868
-0.00169677
-0.00188967
-0.00211276
-0.00256966
-0.0032046
-0.00396291
-0.00473068
-0.00541906
-0.00593716
-0.00623338
-0.00645976
-0.00659652
-0.00651818
-0.00625368
-0.00603864
-0.00595597
-0.00594852
-0.00601891
-0.00607846
-0.00593298
-0.00562881
-0.00528915
-0.00490594
-0.00440145
-0.00388391
-0.00333961
-0.00274763
-0.00221561
-0.00174606
-0.00128487
-0.00182779
-0.00214338
-0.00243329
-0.0029411
-0.0036662
-0.00442534
-0.0052682
-0.00606266
-0.00657914
-0.00686361
-0.00707748
-0.00717406
-0.00704192
-0.00679924
-0.00665548
-0.00664304
-0.00665542
-0.0066896
-0.0067708
-0.00671448
-0.0064446
-0.00607043
-0.00564509
-0.0050929
-0.00439917
-0.00379049
-0.0032183
-0.00265385
-0.00216407
-0.00167346
-0.00202931
-0.00247563
-0.00285449
-0.0034393
-0.00423283
-0.0050692
-0.00607597
-0.00695277
-0.00740419
-0.00761158
-0.00777428
-0.00783201
-0.00770714
-0.00755031
-0.00749805
-0.00755088
-0.00758408
-0.00758198
-0.00762344
-0.00760694
-0.00740251
-0.00704996
-0.0066145
-0.00600981
-0.00513522
-0.00428066
-0.0037262
-0.00319564
-0.00273458
-0.002338
-0.00236668
-0.0029005
-0.00338398
-0.0040597
-0.00496688
-0.00606581
-0.00731087
-0.00812956
-0.00839558
-0.00846073
-0.00855354
-0.00860694
-0.00856354
-0.0085341
-0.00857931
-0.00866443
-0.00869744
-0.00865077
-0.00860472
-0.00855916
-0.00842365
-0.00818648
-0.0078936
-0.00740603
-0.00638188
-0.00500868
-0.00425188
-0.00387493
-0.00354501
-0.00321944
-0.00291945
-0.00348578
-0.00410946
-0.00494059
-0.00613834
-0.00765535
-0.00894546
-0.00951698
-0.00952426
-0.0094654
-0.00952392
-0.00961608
-0.00968825
-0.00977638
-0.00988093
-0.00994692
-0.00993065
-0.00981274
-0.00965872
-0.00952955
-0.00941629
-0.00931131
-0.00926075
-0.00917644
-0.00859818
-0.0066898
-0.00507153
-0.00480545
-0.00483041
-0.00461413
-0.00377317
-0.0044082
-0.00519592
-0.00632944
-0.00808872
-0.00991413
-0.0109086
-0.0109649
-0.010772
-0.0107397
-0.0108757
-0.0110621
-0.0112416
-0.0114012
-0.0115179
-0.0115437
-0.0114548
-0.0112467
-0.0109731
-0.0107083
-0.010499
-0.0103792
-0.0104037
-0.0105367
-0.010621
-0.0094907
-0.00686125
-0.00630593
-0.00669256
-0.0067718
-0.00531007
-0.00594336
-0.00706653
-0.00891501
-0.0112773
-0.0127099
-0.0129941
-0.0128628
-0.0127527
-0.0128305
-0.0130659
-0.0133594
-0.0136387
-0.013859
-0.0139816
-0.0139643
-0.0137871
-0.0134535
-0.0130065
-0.0125163
-0.0120565
-0.0117009
-0.0115267
-0.0115508
-0.0117945
-0.0114044
-0.0100143
-0.00959929
-0.00971338
-0.0098297
-0.00836034
-0.00893765
-0.0111634
-0.0136203
-0.0152679
-0.0158779
-0.0157633
-0.015551
-0.0155242
-0.015699
-0.0159933
-0.0163182
-0.0166072
-0.0168113
-0.0168926
-0.0168173
-0.0165654
-0.016133
-0.0155424
-0.0148423
-0.0141056
-0.0134246
-0.0128872
-0.0125432
-0.0124669
-0.0124656
-0.0129307
-0.0159633
-0.0159785
-0.0148075
-0.0156453
-0.0158431
-0.018755
-0.0195448
-0.0196257
-0.019166
-0.018679
-0.0185061
-0.0185868
-0.018825
-0.0191348
-0.0194434
-0.0196992
-0.0198636
-0.0199078
-0.0198054
-0.0195351
-0.0190781
-0.0184361
-0.0176254
-0.0166969
-0.0157358
-0.014825
-0.0140089
-0.0133092
-0.0129609
-0.0154839
-0.0232058
-0.0241605
-0.0208734
-0.0340471
-0.0275466
-0.0266512
-0.0247012
-0.022976
-0.0219181
-0.0215188
-0.0215212
-0.0217327
-0.022034
-0.0223483
-0.022629
-0.0228323
-0.0229477
-0.0229638
-0.0228651
-0.0226372
-0.0222381
-0.0216623
-0.0209002
-0.0199505
-0.0188772
-0.0177505
-0.0165686
-0.0151061
-0.0135148
-0.0173495
-0.0255332
-0.0273501
-0.0227482
-0.0533051
-0.0349532
-0.0301602
-0.0269854
-0.0250234
-0.0242586
-0.0241892
-0.0244392
-0.024802
-0.025148
-0.0254425
-0.0256822
-0.0258289
-0.0259045
-0.0259112
-0.0258511
-0.025691
-0.0254629
-0.0250358
-0.0244999
-0.0237288
-0.0228102
-0.0218286
-0.0207397
-0.0188924
-0.0155739
-0.0171619
-0.0226402
-0.0225348
-0.0193853
-0.0523037
-0.034594
-0.0291938
-0.0271002
-0.0261746
-0.0260896
-0.0264765
-0.027004
-0.0275109
-0.0279171
-0.0282244
-0.0283831
-0.0284404
-0.0284489
-0.0284413
-0.0284557
-0.0284458
-0.0284566
-0.0283474
-0.0280256
-0.0276439
-0.0270457
-0.0265396
-0.0262269
-0.0253365
-0.0224664
-0.0211578
-0.0211727
-0.0197517
-0.0193852
-0.0459495
-0.030426
-0.0266499
-0.0261809
-0.0265159
-0.027226
-0.0280999
-0.0289198
-0.029601
-0.0301033
-0.0303895
-0.030355
-0.0301113
-0.0298838
-0.0297676
-0.0298779
-0.0301021
-0.0305751
-0.0310543
-0.0312309
-0.0311798
-0.0309385
-0.0308303
-0.0312637
-0.0320506
-0.0316318
-0.0301859
-0.027633
-0.0257262
-0.0275945
-0.0389741
-0.0258046
-0.0239367
-0.0248239
-0.0261711
-0.0275508
-0.0287847
-0.0299484
-0.0308059
-0.0312316
-0.0309751
-0.0302082
-0.0291463
-0.0283422
-0.0279263
-0.028093
-0.0286047
-0.0298455
-0.0314644
-0.0328543
-0.0336832
-0.0339423
-0.0339836
-0.0344145
-0.0355286
-0.0365524
-0.036558
-0.0355808
-0.0317827
-0.0352148
-0.0325254
-0.0219678
-0.0216185
-0.0233296
-0.0252749
-0.0271127
-0.028761
-0.0300668
-0.0305335
-0.0298891
-0.0283121
-0.0262199
-0.0241129
-0.0226916
-0.0219665
-0.0220742
-0.02279
-0.024574
-0.0272177
-0.0304796
-0.0333143
-0.0350968
-0.0355618
-0.0356434
-0.0359551
-0.0364701
-0.0362436
-0.0349335
-0.0320504
-0.0432974
-0.0268571
-0.0193013
-0.0198123
-0.0217553
-0.0239126
-0.0259694
-0.0276287
-0.028309
-0.0274878
-0.0251595
-0.0222366
-0.0196559
-0.0177974
-0.0167203
-0.0162334
-0.0163023
-0.016887
-0.0183149
-0.0202366
-0.023914
-0.0282776
-0.032823
-0.0348186
-0.0350417
-0.0346381
-0.0341241
-0.0330506
-0.030976
-0.0292385
-0.0360811
-0.0227233
-0.0174064
-0.0181998
-0.0199392
-0.0220624
-0.0239933
-0.0250682
-0.0245205
-0.0221624
-0.0192973
-0.0169421
-0.0154955
-0.0148775
-0.014724
-0.0147353
-0.0148312
-0.0149714
-0.0156085
-0.0167802
-0.01841
-0.0214867
-0.0267902
-0.0311507
-0.0325354
-0.0321368
-0.0309148
-0.0292691
-0.0270004
-0.0254627
-0.0316143
-0.0183695
-0.0153666
-0.0160967
-0.0177789
-0.0197184
-0.0211931
-0.0213355
-0.0197488
-0.0176196
-0.0162374
-0.0153126
-0.0149123
-0.0146302
-0.0149129
-0.0150405
-0.015096
-0.0151702
-0.0156189
-0.0163067
-0.0171649
-0.0182484
-0.0208906
-0.0252438
-0.0282526
-0.0287319
-0.027488
-0.0255474
-0.0232719
-0.0215859
-0.027742
-0.0139514
-0.012896
-0.0136772
-0.0153331
-0.0168838
-0.0176844
-0.0172371
-0.0160523
-0.0153647
-0.0152399
-0.0150422
-0.0150871
-0.0151557
-0.0150698
-0.015497
-0.0154431
-0.0155931
-0.0160146
-0.0165875
-0.0173653
-0.0178722
-0.0184653
-0.020331
-0.0229603
-0.0246598
-0.0239829
-0.0220524
-0.0200109
-0.018576
-0.0233835
-0.0101448
-0.0103404
-0.0112175
-0.0125928
-0.0135228
-0.0136876
-0.0137826
-0.0135732
-0.0136498
-0.014414
-0.0149493
-0.0151212
-0.0150745
-0.0147559
-0.0176673
-0.0153517
-0.0157341
-0.0161498
-0.0165933
-0.0172967
-0.0179563
-0.018607
-0.0185431
-0.0185572
-0.0204663
-0.0204262
-0.0187196
-0.0167813
-0.0157822
-0.0186931
-0.00725249
-0.00806413
-0.00880597
-0.00958254
-0.00982327
-0.0101422
-0.0112569
-0.012135
-0.0126215
-0.0134846
-0.0144809
-0.0147505
-0.0146049
-0.0142905
-0.0145974
-0.0150342
-0.0156377
-0.0161469
-0.0164539
-0.0171273
-0.0178974
-0.0188648
-0.0191785
-0.0166613
-0.0170195
-0.0168219
-0.0154104
-0.0134486
-0.0125348
-0.0135575
-0.00518808
-0.00619688
-0.00659919
-0.00690735
-0.00714034
-0.00914581
-0.0108703
-0.011634
-0.0118159
-0.0123332
-0.0137569
-0.0141453
-0.0139474
-0.0140016
-0.0116649
-0.014686
-0.0152708
-0.0159228
-0.0165604
-0.0170727
-0.0176789
-0.018598
-0.0194569
-0.0164967
-0.0144438
-0.0130502
-0.0118249
-0.0100724
-0.00907184
-0.00886656
-0.00355568
-0.00509047
-0.00529856
-0.00585019
-0.00746215
-0.0102899
-0.0119371
-0.0119687
-0.0112362
-0.0111589
-0.0128333
-0.0133402
-0.0133731
-0.013534
-0.0139103
-0.0142571
-0.0146783
-0.0154654
-0.0164048
-0.0168846
-0.0171934
-0.017748
-0.0186318
-0.0162115
-0.0126231
-0.0100535
-0.00796025
-0.00702837
-0.00625099
-0.00527804
-0.00261951
-0.00495266
-0.00523111
-0.0069822
-0.00980847
-0.0118554
-0.0122506
-0.0116515
-0.0108032
-0.0109815
-0.0124325
-0.0129753
-0.0129977
-0.0131123
-0.0133976
-0.0137401
-0.0138724
-0.0147513
-0.015716
-0.0163389
-0.0165654
-0.0169292
-0.0177364
-0.0159397
-0.0133576
-0.00908818
-0.00467164
-0.00418321
-0.00372358
-0.00277197
-0.00200463
-0.00540207
-0.00595307
-0.00839167
-0.0100858
-0.0121297
-0.0113659
-0.0110894
-0.0107285
-0.0111192
-0.0124776
-0.0131759
-0.0127704
-0.0127363
-0.0128424
-0.0131674
-0.0134721
-0.0134913
-0.0146884
-0.0155353
-0.0160001
-0.0162851
-0.0170208
-0.0163004
-0.0145961
-0.0107429
-0.00442539
-0.00236989
-0.00187736
-0.000956028
-0.00269083
-0.00535411
-0.00659873
-0.00891568
-0.00960098
-0.0107251
-0.0114341
-0.0112268
-0.0111846
-0.011733
-0.0128866
-0.0133099
-0.0126245
-0.0123662
-0.0122993
-0.012438
-0.0125542
-0.0127089
-0.0133697
-0.014354
-0.0154358
-0.0157846
-0.0164485
-0.0160247
-0.015035
-0.0137937
-0.00805638
-0.00308906
-0.00156241
-0.000435841
-0.00402676
-0.00562836
-0.00656969
-0.00819961
-0.0100528
-0.0111108
-0.012767
-0.0126423
-0.0126928
-0.0128815
-0.0134863
-0.0135913
-0.0125306
-0.0120743
-0.0117852
-0.011708
-0.0116337
-0.0116612
-0.0120215
-0.012838
-0.0145064
-0.0153161
-0.015739
-0.0147021
-0.0143313
-0.0155508
-0.0129071
-0.00555522
-0.00201253
-0.000295275
-0.00406487
-0.00509178
-0.00653987
-0.00856456
-0.0109711
-0.013087
-0.013547
-0.01412
-0.0140907
-0.0139697
-0.0141342
-0.0141177
-0.0128063
-0.0120328
-0.011585
-0.0113306
-0.0110735
-0.010754
-0.0106726
-0.0111018
-0.0127184
-0.0142145
-0.0148418
-0.0130494
-0.0133383
-0.0163181
-0.015712
-0.0098032
-0.00454809
-0.000491107
-0.00473388
-0.00565655
-0.00775792
-0.0100289
-0.0129541
-0.0150585
-0.0154114
-0.0151869
-0.0147275
-0.0144297
-0.0145922
-0.0148317
-0.013697
-0.0127038
-0.0121001
-0.011701
-0.0111695
-0.0106126
-0.0101566
-0.0102492
-0.0111094
-0.0127034
-0.0147414
-0.0134656
-0.0133134
-0.0164212
-0.0172375
-0.0132697
-0.00852192
-0.00172224
-0.0059805
-0.0065877
-0.00862906
-0.0111482
-0.014201
-0.0159716
-0.0164965
-0.0154195
-0.0145329
-0.0143767
-0.0149355
-0.0156273
-0.0151832
-0.0143852
-0.0137552
-0.013234
-0.0126314
-0.0119789
-0.0114645
-0.011099
-0.0111417
-0.0122963
-0.0149392
-0.0145628
-0.0125011
-0.0149271
-0.0168847
-0.0140748
-0.0111426
-0.00406954
-0.00661203
-0.00706918
-0.00916938
-0.0117071
-0.0136425
-0.0159821
-0.0157571
-0.0142051
-0.0136508
-0.0141826
-0.015375
-0.0164993
-0.0167953
-0.0165369
-0.0161391
-0.0157133
-0.0152492
-0.0147556
-0.0144083
-0.0142661
-0.0139774
-0.0139298
-0.0150976
-0.0139532
-0.0108504
-0.0121038
-0.0148502
-0.0144705
-0.0126581
-0.00730281
-0.00606931
-0.00764078
-0.00925818
-0.0105739
-0.012538
-0.013758
-0.0140215
-0.0126539
-0.0131088
-0.0143947
-0.0160339
-0.0172976
-0.0179982
-0.0182375
-0.0182567
-0.0181805
-0.0180368
-0.017882
-0.0178592
-0.0179044
-0.0178856
-0.0174434
-0.0165449
-0.0140006
-0.0106048
-0.00997247
-0.0130409
-0.0136426
-0.0132724
-0.00944911
-0.00648145
-0.00757475
-0.00802144
-0.0100738
-0.0115853
-0.0124268
-0.0117573
-0.0120679
-0.0133608
-0.0150084
-0.016637
-0.0176342
-0.0187694
-0.0190149
-0.019221
-0.0193624
-0.0195339
-0.0198351
-0.0201028
-0.0206876
-0.0211988
-0.0204497
-0.0184983
-0.0154967
-0.0111576
-0.00947269
-0.0111711
-0.0128566
-0.013319
-0.0113796
-0.00800382
-0.00822822
-0.0068358
-0.00959595
-0.0112042
-0.0113228
-0.0112016
-0.0123982
-0.0140078
-0.0155437
-0.0168976
-0.0180277
-0.0182362
-0.0188085
-0.0189677
-0.0191674
-0.0194857
-0.0201755
-0.0208789
-0.0217392
-0.0220511
-0.0215563
-0.0201903
-0.0170883
-0.0129936
-0.0103114
-0.0100817
-0.012199
-0.0132287
-0.0132595
-0.00580002
-0.00842434
-0.00644131
-0.00853193
-0.00927236
-0.0104207
-0.0113564
-0.0128226
-0.0142916
-0.0156052
-0.0165659
-0.0170932
-0.0173616
-0.0173739
-0.0173287
-0.0173896
-0.0176461
-0.0184059
-0.0193874
-0.0205384
-0.0213705
-0.0213075
-0.0197644
-0.0176049
-0.0146304
-0.0117186
-0.0101874
-0.0110086
-0.0126748
-0.0149721
-0.00617683
-0.00465481
-0.00539812
-0.00693056
-0.00834373
-0.00989357
-0.0114476
-0.0129093
-0.0141985
-0.015094
-0.0154494
-0.0155101
-0.0154539
-0.0153752
-0.0153239
-0.0153792
-0.0155442
-0.0160865
-0.0167652
-0.0176244
-0.0189814
-0.0193417
-0.0190224
-0.0175323
-0.0148034
-0.0126996
-0.0106574
-0.00991153
-0.0110887
-0.0155953
-0.00574147
-0.00669721
-0.00555213
-0.00672912
-0.0082033
-0.00988628
-0.0114297
-0.0126676
-0.0135994
-0.0138491
-0.013862
-0.0139674
-0.0140177
-0.0141099
-0.0142342
-0.0144673
-0.0147024
-0.0151333
-0.0154687
-0.0156508
-0.0165478
-0.0164234
-0.0163789
-0.0159755
-0.0155566
-0.00765516
-0.0108717
-0.00936226
-0.00940563
-0.0147172
-0.00616409
-0.00535964
-0.00622383
-0.00744786
-0.00892105
-0.0102013
-0.011302
-0.0120533
-0.0123513
-0.0124478
-0.0127352
-0.013204
-0.0135202
-0.0138456
-0.0141919
-0.0144779
-0.0147909
-0.0151332
-0.0153857
-0.0149872
-0.0153753
-0.0143804
-0.0138013
-0.0137659
-0.0133166
-0.0157191
-0.0103904
-0.00912827
-0.00853996
-0.0132389
-0.00692388
-0.00618536
-0.00712719
-0.00857416
-0.00954525
-0.0103184
-0.0109438
-0.0110324
-0.0111323
-0.0116335
-0.0123204
-0.0130037
-0.0134718
-0.0138708
-0.0143035
-0.0146169
-0.014989
-0.0152119
-0.0154251
-0.0148902
-0.0147785
-0.013322
-0.0120601
-0.011647
-0.0113047
-0.0112612
-0.00997104
-0.00877233
-0.00823223
-0.0116527
-0.00805337
-0.00684301
-0.00815027
-0.00905443
-0.00965573
-0.0101991
-0.0101687
-0.00986392
-0.0106447
-0.0113994
-0.0121051
-0.0128526
-0.0133349
-0.0136868
-0.0141267
-0.0144584
-0.0148093
-0.0148849
-0.0149541
-0.0143296
-0.0142109
-0.012753
-0.011282
-0.010329
-0.00936175
-0.00927064
-0.00891667
-0.00801489
-0.00766882
-0.00925326
-0.00766616
-0.00713983
-0.0081482
-0.00892752
-0.00951207
-0.00955107
-0.00943737
-0.00954767
-0.00963073
-0.0109881
-0.0117725
-0.0125485
-0.013032
-0.0134072
-0.0138519
-0.0141138
-0.0143929
-0.0143286
-0.0141413
-0.0133652
-0.0131378
-0.011957
-0.0111157
-0.0103615
-0.00884189
-0.00799759
-0.00786382
-0.00696888
-0.00670014
-0.00655603
-0.00590027
-0.00654616
-0.00753287
-0.00844588
-0.00898785
-0.00911633
-0.00930661
-0.00905532
-0.00936186
-0.0103419
-0.0114772
-0.0122543
-0.0128016
-0.0132663
-0.0137342
-0.0138353
-0.0140022
-0.0138184
-0.0135038
-0.0124906
-0.0117497
-0.0114694
-0.0109614
-0.00953004
-0.00904021
-0.00809819
-0.00729615
-0.00629541
-0.00565212
-0.00417392
-0.00392177
-0.00529927
-0.00654405
-0.00761334
-0.00846552
-0.00894115
-0.00932583
-0.0101192
-0.00987636
-0.010281
-0.0109772
-0.0122964
-0.0128387
-0.0132875
-0.0136566
-0.0137221
-0.0137758
-0.0135966
-0.0132
-0.0120915
-0.0112994
-0.0110785
-0.0117484
-0.0117445
-0.00875379
-0.00827101
-0.00706026
-0.00581389
-0.00485643
-0.00229701
-0.00177674
-0.00415123
-0.00551735
-0.00687139
-0.00815388
-0.0091183
-0.00996085
-0.0106912
-0.0113951
-0.0116194
-0.0121989
-0.0127229
-0.0131807
-0.0134359
-0.0136503
-0.0137641
-0.0138037
-0.0137632
-0.0136119
-0.013057
-0.0124098
-0.0114129
-0.0108352
-0.0108035
-0.0102603
-0.00762914
-0.0065861
-0.0052642
-0.00505475
-0.00237751
-0.000535675
-0.00319008
-0.00485594
-0.00672826
-0.00761783
-0.00938258
-0.0107745
-0.0115771
-0.0129179
-0.013672
-0.0138589
-0.0136458
-0.0135963
-0.0136592
-0.0137496
-0.0139163
-0.0141057
-0.014343
-0.0147429
-0.0147046
-0.0138147
-0.0123866
-0.011677
-0.0102677
-0.00909716
-0.00752982
-0.00661125
-0.00503804
-0.00424846
-0.00217839
-0.00123129
-0.00356198
-0.00530706
-0.00704082
-0.00919107
-0.0104634
-0.0118245
-0.0132231
-0.0143716
-0.0154779
-0.0153411
-0.0145363
-0.0141121
-0.013952
-0.0139363
-0.0141474
-0.0144705
-0.014987
-0.0157627
-0.0159582
-0.0150883
-0.0140392
-0.0128311
-0.0115927
-0.010111
-0.00792736
-0.00623781
-0.00494845
-0.00366572
-0.00150796
-0.00212768
-0.00435218
-0.00665669
-0.00856637
-0.0102658
-0.0116149
-0.0131425
-0.0146056
-0.0158231
-0.0166068
-0.0163802
-0.0153868
-0.0146697
-0.0142389
-0.014115
-0.014284
-0.0146933
-0.0155
-0.016244
-0.0163693
-0.0159557
-0.0154046
-0.0140257
-0.0129093
-0.0113326
-0.00952898
-0.0073295
-0.00537037
-0.00368933
-0.00237259
-0.00222738
-0.0051528
-0.00788005
-0.00995397
-0.0114157
-0.0125763
-0.0142936
-0.0162422
-0.0172299
-0.0176111
-0.0172986
-0.0160445
-0.0150296
-0.0143902
-0.0141672
-0.0142859
-0.0147031
-0.0155246
-0.016301
-0.0164875
-0.0163461
-0.0156221
-0.0145914
-0.013549
-0.0124627
-0.010993
-0.00844948
-0.0058541
-0.0042251
-0.00344215
-0.00368665
-0.00655312
-0.00905613
-0.0105894
-0.011703
-0.0130277
-0.0152785
-0.0172885
-0.0184003
-0.0187711
-0.0183295
-0.0165542
-0.0152706
-0.0144573
-0.0141453
-0.0141921
-0.0145539
-0.0149204
-0.0152691
-0.0162561
-0.0164676
-0.0162693
-0.0149466
-0.0136836
-0.0128665
-0.011808
-0.00987196
-0.00733519
-0.00460771
-0.00359141
-0.00493044
-0.00779374
-0.00963608
-0.0103092
-0.0112629
-0.0130272
-0.016101
-0.0179884
-0.0190961
-0.0193972
-0.019002
-0.0171971
-0.0155697
-0.0145122
-0.0141381
-0.0140904
-0.0143903
-0.0149959
-0.0168496
-0.0161132
-0.0168665
-0.0172839
-0.0156169
-0.0138694
-0.0129868
-0.0123663
-0.0112238
-0.00911703
-0.00608466
-0.00315881
-0.0105429
-0.00778262
-0.00889782
-0.00825263
-0.0100064
-0.0124376
-0.0148565
-0.0168227
-0.0179898
-0.0186212
-0.018571
-0.0172962
-0.0156348
-0.0146455
-0.0140127
-0.0138784
-0.0143153
-0.0150761
-0.0159264
-0.0166925
-0.0179287
-0.0181089
-0.0164886
-0.0142664
-0.0133289
-0.0131478
-0.013009
-0.0112636
-0.0076412
-0.00259635
-0.00946883
-0.00856156
-0.00924177
-0.00801017
-0.00828195
-0.0115241
-0.0132291
-0.0141346
-0.0153731
-0.0163124
-0.0166982
-0.0162388
-0.0152372
-0.0146058
-0.0114189
-0.014093
-0.0144889
-0.0151821
-0.0162534
-0.0176734
-0.019071
-0.0188948
-0.0170172
-0.0145404
-0.0136881
-0.0134401
-0.0135892
-0.0118753
-0.00775246
7.62562e-05
-0.00810476
-0.00659702
-0.00746754
-0.00787242
-0.00821922
-0.00959688
-0.0111559
-0.0128451
-0.0133856
-0.0139351
-0.0143044
-0.014394
-0.0142637
-0.0142891
-0.0175458
-0.0146493
-0.0147061
-0.0153562
-0.0166146
-0.0181701
-0.0191378
-0.018311
-0.0162372
-0.0140425
-0.0122485
-0.0120897
-0.0116674
-0.0113149
-0.00844591
-0.00686133
-0.00718384
-0.00664203
-0.0056215
-0.00579019
-0.00690239
-0.00816443
-0.00916356
-0.00996819
-0.0113528
-0.0121593
-0.0127975
-0.0132434
-0.0134313
-0.0135076
-0.0135105
-0.0159315
-0.0157817
-0.0159992
-0.0165521
-0.0172089
-0.0176686
-0.0165501
-0.0151039
-0.0126538
-0.00997212
-0.0109908
-0.0105347
-0.0105667
-0.0118997
-0.00797496
-0.00694978
-0.00653004
-0.00617234
-0.00588001
-0.00603912
-0.00670549
-0.00769114
-0.00869925
-0.00994671
-0.011107
-0.011832
-0.0125897
-0.013129
-0.0132282
-0.0132833
-0.0122766
-0.0135089
-0.0141063
-0.0143929
-0.0149146
-0.015207
-0.0143183
-0.0129614
-0.0114656
-0.0105391
-0.0103734
-0.0085629
-0.00972371
-0.00596308
-0.00676512
-0.00764097
-0.00747968
-0.00735747
-0.00641496
-0.00609054
-0.00639218
-0.00722851
-0.00838335
-0.00970551
-0.0108244
-0.0117336
-0.01243
-0.0128857
-0.0132239
-0.013165
-0.0132836
-0.0130002
-0.012671
-0.0125884
-0.0131025
-0.0130713
-0.0123158
-0.0112129
-0.0100196
-0.008755
-0.0127308
-0.00887129
-0.00837154
-0.00776525
-0.00578856
-0.00991205
-0.00856857
-0.00820129
-0.00779717
-0.00818168
-0.008734
-0.00929823
-0.00984374
-0.0104739
-0.0111744
-0.0119299
-0.012523
-0.0129321
-0.0130814
-0.0131867
-0.0130073
-0.0126327
-0.0123551
-0.0122879
-0.0122355
-0.0117451
-0.0109075
-0.0099055
-0.008911
-0.00850008
-0.00327634
-0.0077767
-0.00892148
-0.00820674
-0.00641739
-0.0113597
-0.00874318
-0.00883903
-0.00985569
-0.0111867
-0.012478
-0.0132395
-0.0131968
-0.0127497
-0.0125322
-0.0126744
-0.012954
-0.0132628
-0.0134972
-0.0134662
-0.0133281
-0.0129993
-0.0126704
-0.0125555
-0.0124855
-0.0118326
-0.0108596
-0.00974991
-0.00870559
-0.00846507
-0.00855677
-0.00828698
-0.00861065
-0.0092567
-0.00867916
-0.0122473
-0.00922491
-0.00980632
-0.0115014
-0.0135645
-0.015377
-0.0164772
-0.0165655
-0.0157617
-0.0147702
-0.0141368
-0.0139036
-0.0139522
-0.0141881
-0.0144777
-0.0144614
-0.0142124
-0.0139051
-0.0137385
-0.013363
-0.0127615
-0.0119686
-0.0112225
-0.0107051
-0.0107354
-0.0108389
-0.0108003
-0.0106964
-0.0102179
-0.00866613
-0.0141751
-0.0106462
-0.0111786
-0.0128892
-0.0148835
-0.0165577
-0.0176874
-0.0180603
-0.0175962
-0.0166354
-0.0157163
-0.0151411
-0.0149373
-0.0150427
-0.0153219
-0.0155064
-0.0153783
-0.0150767
-0.0147916
-0.0145135
-0.0141972
-0.0138718
-0.0137795
-0.0141298
-0.0148124
-0.0149483
-0.0138829
-0.0117343
-0.0104496
-0.0108484
-0.0150201
-0.0119631
-0.0124625
-0.0138789
-0.0157074
-0.0171874
-0.0181589
-0.0185124
-0.0182818
-0.0175715
-0.0167415
-0.0161087
-0.0158011
-0.0158031
-0.0160014
-0.0161566
-0.0161308
-0.0160144
-0.0159544
-0.0159578
-0.0160337
-0.0162157
-0.0166342
-0.017318
-0.0179227
-0.0174602
-0.0154669
-0.0122708
-0.0104778
-0.0108418
-0.0134745
-0.0126887
-0.0128816
-0.014723
-0.0162895
-0.0175472
-0.0183156
-0.018577
-0.0183928
-0.0178526
-0.0171671
-0.0165795
-0.0162387
-0.0161672
-0.0162857
-0.0164332
-0.0165383
-0.0166591
-0.0168743
-0.0171671
-0.0175299
-0.0179745
-0.0185266
-0.0190959
-0.0193347
-0.0185335
-0.0163594
-0.0131717
-0.0106813
-0.0111877
-0.0118919
-0.0129418
-0.0143451
-0.0156078
-0.0167843
-0.0175941
-0.018092
-0.0182603
-0.0181012
-0.0176723
-0.0171146
-0.0165826
-0.0162217
-0.0160882
-0.016142
-0.0162846
-0.0165058
-0.0168298
-0.0173087
-0.0178293
-0.0182988
-0.0187271
-0.0191241
-0.0193817
-0.0192723
-0.0184554
-0.0167512
-0.0143026
-0.0119878
-0.0108148
-0.0114574
-0.0134895
-0.0154073
-0.0166763
-0.0173234
-0.017629
-0.0178275
-0.0178663
-0.0176298
-0.0172152
-0.0167292
-0.016223
-0.0158248
-0.0156454
-0.0156665
-0.0158057
-0.0161326
-0.0166672
-0.017347
-0.0180336
-0.0185016
-0.0188325
-0.0190823
-0.0191915
-0.0190696
-0.0185117
-0.0174145
-0.0158543
-0.0135721
-0.0103117
-0.011328
-0.0143351
-0.0168701
-0.0174717
-0.0169301
-0.01736
-0.0177842
-0.0178674
-0.0173351
-0.0168157
-0.0162231
-0.0155769
-0.0150912
-0.014889
-0.0148976
-0.0151125
-0.015568
-0.0164231
-0.017279
-0.0181063
-0.0186504
-0.0190404
-0.0193305
-0.0194528
-0.0194507
-0.0190129
-0.0182516
-0.0178851
-0.0155715
-0.00955613
-0.0096901
-0.0160177
-0.017142
-0.0169946
-0.0148423
-0.0167272
-0.0178728
-0.017705
-0.0173903
-0.0167859
-0.0160316
-0.0147921
-0.0141868
-0.0140382
-0.0140562
-0.0135968
-0.0142469
-0.0165997
-0.0180025
-0.0190323
-0.0197446
-0.0202458
-0.0205071
-0.0205214
-0.0203411
-0.0194314
-0.0193741
-0.0191058
-0.0145164
-0.0071115
-0.00672591
-0.0114508
-0.0129096
-0.0136787
-0.0151438
-0.0143662
-0.0140722
-0.0140287
-0.0148498
-0.0146148
-0.0139707
-0.0136795
-0.0133404
-0.0132102
-0.0132024
-0.0143781
-0.0149806
-0.0144745
-0.015999
-0.0168595
-0.0171526
-0.0171755
-0.0170506
-0.0167911
-0.0161508
-0.0153289
-0.0152721
-0.0139859
-0.0115604
-0.010693
-0.00793172
-0.0115514
-0.0123095
-0.0096755
-0.0115645
-0.0120255
-0.0122688
-0.0130943
-0.0130024
-0.0130629
-0.0127869
-0.0127261
-0.0125592
-0.012533
-0.0125273
-0.0119985
-0.0121502
-0.0130292
-0.0134319
-0.0135603
-0.0134474
-0.0132096
-0.0129367
-0.0125103
-0.0119785
-0.0114227
-0.0107538
-0.0102268
-0.00938123
-0.00756087
-0.0263131
-0.0101011
-0.0071616
-0.00945823
-0.00925452
-0.0101947
-0.0109882
-0.0117316
-0.0122115
-0.0125522
-0.0124926
-0.0120935
-0.0119174
-0.0119889
-0.012023
-0.0120041
-0.0121644
-0.0126906
-0.013038
-0.0129839
-0.0126335
-0.0121122
-0.0116387
-0.0110338
-0.0103058
-0.00946819
-0.00896097
-0.00851115
-0.010117
-0.00789135
-0.00407129
-0.00522957
-0.00927887
-0.00834295
-0.00904515
-0.00979802
-0.0105037
-0.0111805
-0.0115758
-0.0119297
-0.0120438
-0.0120751
-0.0120974
-0.0121741
-0.0121987
-0.0121654
-0.0122043
-0.0123433
-0.0124196
-0.0122845
-0.0120215
-0.0116079
-0.011178
-0.0105221
-0.00977089
-0.00896649
-0.0082847
-0.0081895
-0.0069501
-0.0088299
-0.00129986
-0.00817413
-0.00711588
-0.0086305
-0.00970615
-0.0107784
-0.0115474
-0.0121355
-0.0123538
-0.0125489
-0.0125708
-0.0125469
-0.0125086
-0.0125263
-0.0125614
-0.0126116
-0.0127234
-0.0128975
-0.0130461
-0.0130796
-0.0129599
-0.012597
-0.0121641
-0.0113899
-0.0105055
-0.00943015
-0.00835704
-0.00749004
-0.00596888
-0.00947372
0.00126567
-0.00754602
-0.00751047
-0.00872503
-0.0102912
-0.0113995
-0.0120086
-0.0123816
-0.0123276
-0.0124021
-0.0123655
-0.0123685
-0.0123474
-0.0123542
-0.0123966
-0.0124735
-0.0125796
-0.0126942
-0.0128161
-0.0129807
-0.0131836
-0.013164
-0.0130592
-0.0124109
-0.0114876
-0.0101901
-0.00856263
-0.00726781
-0.00702012
-0.00824895
-0.00628316
-0.00714942
-0.00775305
-0.00913381
-0.0106835
-0.0116226
-0.0120157
-0.0122807
-0.012177
-0.0122279
-0.012197
-0.0122025
-0.0122004
-0.0122126
-0.0122548
-0.0123378
-0.0124385
-0.0125463
-0.0126652
-0.0128114
-0.0130109
-0.0130926
-0.0132314
-0.0128122
-0.0120903
-0.0108675
-0.00905724
-0.00749675
-0.00684037
-0.00620337
-0.00935129
-0.00861595
-0.00963319
-0.01101
-0.0119187
-0.012399
-0.0124539
-0.0124479
-0.0122601
-0.0121867
-0.0121174
-0.0120912
-0.0120827
-0.0120989
-0.0121548
-0.0122389
-0.0123401
-0.0124577
-0.012592
-0.0127506
-0.0129446
-0.0130966
-0.0133401
-0.0132215
-0.0129163
-0.0121496
-0.0108934
-0.00920024
-0.00800789
-0.00853195
-0.0095968
-0.0115345
-0.0136787
-0.0143594
-0.014189
-0.0136294
-0.0131158
-0.0127398
-0.0123767
-0.0121515
-0.0120179
-0.0119609
-0.0119467
-0.0119589
-0.0120176
-0.0120894
-0.0121982
-0.0123106
-0.012457
-0.0126394
-0.0128709
-0.0131473
-0.0135362
-0.0138268
-0.0141507
-0.0144231
-0.0142754
-0.0129812
-0.0104827
-0.00931259
-0.0102451
-0.0167165
-0.0178478
-0.0178473
-0.016571
-0.014844
-0.0136113
-0.0127608
-0.0121693
-0.0117847
-0.0116991
-0.011655
-0.0116597
-0.0116805
-0.0117292
-0.0118035
-0.011886
-0.0119767
-0.0120961
-0.0122551
-0.0124793
-0.0128051
-0.0134208
-0.0141863
-0.0152813
-0.0167951
-0.0179443
-0.0174535
-0.015871
-0.00960032
-0.00848627
-0.0175035
-0.0170509
-0.0172455
-0.0166379
-0.0152723
-0.0136836
-0.0125737
-0.011878
-0.0114442
-0.0114411
-0.0114189
-0.0114086
-0.0114244
-0.0114724
-0.0115593
-0.0116295
-0.0117102
-0.0118225
-0.0119901
-0.0121163
-0.0124569
-0.0132177
-0.0142231
-0.0157099
-0.0170159
-0.0179191
-0.0174819
-0.0181508
-0.00789369
-0.00678081
-0.00742727
-0.00919533
-0.0104885
-0.0107484
-0.0104978
-0.00995177
-0.00963229
-0.00956675
-0.0099122
-0.00947535
-0.0092703
-0.00933649
-0.00940489
-0.00947879
-0.00957088
-0.00967391
-0.00977088
-0.00987431
-0.00998621
-0.0136233
-0.0107684
-0.0106553
-0.0108533
-0.0112616
-0.0114715
-0.0114288
-0.0104392
-0.00909986
-0.0069987
-0.00137251
-0.00110016
-0.00169621
-0.00251139
-0.00325709
-0.00368007
-0.00423524
-0.00472043
-0.00516229
-0.00521598
-0.00537863
-0.00590961
-0.00603016
-0.0061099
-0.00617287
-0.00624424
-0.00632356
-0.00638658
-0.00644026
-0.00644848
-0.00287808
-0.00589547
-0.00565775
-0.00509306
-0.00430051
-0.00351287
-0.00261391
-0.00145049
-0.000714511
-0.00155773
0.000122088
-5.56006e-05
0.000115761
0.000225456
0.000179746
-4.64332e-05
-0.000443765
-0.000823131
-0.00115879
-0.00131039
-0.00146601
-0.00152009
-0.00161634
-0.00169942
-0.00177476
-0.00181681
-0.00187154
-0.00193237
-0.0019011
-0.00169835
-0.00175302
-0.00136509
-0.001217
-0.000815827
-0.000333743
2.24121e-05
0.000345757
0.00028161
0.000130894
0.000367398
-8.90823e-06
-3.9988e-06
-5.46695e-06
-6.46928e-06
-8.68781e-06
-1.55825e-05
-2.3893e-05
-2.52333e-05
-2.18646e-05
-1.73815e-05
-1.82199e-05
-2.28003e-05
-2.33294e-05
-2.18793e-05
-1.69254e-05
-1.33845e-05
-8.6305e-06
-2.48351e-06
-2.5725e-06
-1.81682e-05
-8.07396e-06
-6.91521e-06
-1.08665e-05
-1.72556e-05
-1.99025e-05
-1.40703e-05
-6.59741e-06
-8.6359e-06
-1.04132e-05
-1.4576e-05
-1.45592e-07
-5.99749e-08
-5.946e-08
-9.63556e-08
-2.24766e-07
-4.47305e-07
-8.78277e-07
-1.35255e-06
-1.94704e-06
-2.50639e-06
-2.98278e-06
-3.33792e-06
-3.54571e-06
-3.66218e-06
-3.76891e-06
-3.89967e-06
-4.04203e-06
-4.20713e-06
-4.27084e-06
-4.11664e-06
-3.6436e-06
-2.92321e-06
-2.13827e-06
-1.42723e-06
-7.78001e-07
-4.4049e-07
-2.38778e-07
-1.62209e-07
-1.69443e-07
-3.56912e-07
-4.72879e-10
-1.24213e-10
-8.31431e-11
-1.36691e-10
-3.75832e-10
-9.71834e-10
-2.51879e-09
-4.68668e-09
-7.80601e-09
-1.11428e-08
-1.43332e-08
-1.66414e-08
-1.79936e-08
-1.88792e-08
-1.98207e-08
-2.09785e-08
-2.23885e-08
-2.42902e-08
-2.53855e-08
-2.4344e-08
-2.06869e-08
-1.54027e-08
-9.81085e-09
-5.58524e-09
-2.38039e-09
-1.07512e-09
-4.52693e-10
-3.03259e-10
-4.53947e-10
-1.54023e-09
-4.79501e-13
-2.84332e-13
-2.25073e-13
-1.873e-13
-1.96632e-13
-3.75105e-13
-1.01249e-12
-2.15017e-12
-4.00363e-12
-6.15834e-12
-8.30943e-12
-9.89265e-12
-1.08129e-11
-1.1491e-11
-1.22708e-11
-1.32252e-11
-1.44007e-11
-1.61158e-11
-1.73852e-11
-1.68203e-11
-1.39412e-11
-9.74254e-12
-5.61316e-12
-2.79962e-12
-1.00564e-12
-4.34376e-13
-2.57459e-13
-2.60336e-13
-4.06963e-13
-1.4352e-12
-2.94722e-13
-2.53928e-13
-2.05998e-13
-1.73903e-13
-1.55334e-13
-1.3781e-13
-1.28499e-13
-1.20382e-13
-1.13577e-13
-1.08187e-13
-1.03964e-13
-1.00368e-13
-9.80339e-14
-9.68998e-14
-9.68446e-14
-9.71024e-14
-9.79353e-14
-9.94699e-14
-1.02415e-13
-1.06452e-13
-1.11083e-13
-1.16992e-13
-1.24165e-13
-1.32862e-13
-1.43521e-13
-1.57528e-13
-1.77645e-13
-2.13274e-13
-2.66909e-13
-3.17165e-13
-2.58059e-13
-2.25045e-13
-1.86806e-13
-1.59866e-13
-1.41376e-13
-1.2757e-13
-1.17423e-13
-1.09395e-13
-1.02924e-13
-9.78885e-14
-9.39419e-14
-9.05465e-14
-8.82905e-14
-8.71326e-14
-8.69597e-14
-8.71323e-14
-8.79158e-14
-8.93992e-14
-9.22101e-14
-9.60241e-14
-1.00381e-13
-1.05958e-13
-1.1283e-13
-1.21348e-13
-1.32051e-13
-1.46634e-13
-1.67485e-13
-1.97988e-13
-2.39452e-13
-2.76125e-13
-2.23773e-13
-1.98381e-13
-1.67726e-13
-1.45254e-13
-1.2867e-13
-1.16476e-13
-1.0691e-13
-9.93678e-14
-9.33576e-14
-8.88e-14
-8.52279e-14
-8.21809e-14
-8.01228e-14
-7.90232e-14
-7.88693e-14
-7.90132e-14
-7.96933e-14
-8.10591e-14
-8.36065e-14
-8.70431e-14
-9.09863e-14
-9.61079e-14
-1.02513e-13
-1.10542e-13
-1.20748e-13
-1.34274e-13
-1.52473e-13
-1.77871e-13
-2.12026e-13
-2.3994e-13
-1.91946e-13
-1.73179e-13
-1.48684e-13
-1.29644e-13
-1.15917e-13
-1.05063e-13
-9.65621e-14
-8.98306e-14
-8.449e-14
-8.05103e-14
-7.74127e-14
-7.47914e-14
-7.30163e-14
-7.20479e-14
-7.196e-14
-7.20917e-14
-7.26385e-14
-7.38213e-14
-7.60238e-14
-7.89988e-14
-8.24368e-14
-8.69796e-14
-9.27286e-14
-9.99819e-14
-1.09204e-13
-1.21005e-13
-1.36839e-13
-1.5782e-13
-1.85589e-13
-2.06919e-13
-1.59974e-13
-1.47901e-13
-1.29383e-13
-1.14213e-13
-1.02733e-13
-9.36878e-14
-8.6437e-14
-8.06864e-14
-7.61446e-14
-7.28044e-14
-7.0243e-14
-6.80813e-14
-6.66319e-14
-6.58415e-14
-6.58237e-14
-6.59446e-14
-6.63639e-14
-6.73274e-14
-6.91509e-14
-7.16326e-14
-7.45134e-14
-7.839e-14
-8.33504e-14
-8.96328e-14
-9.75865e-14
-1.07627e-13
-1.2069e-13
-1.3734e-13
-1.59334e-13
-1.73712e-13
-1.27258e-13
-1.23084e-13
-1.09795e-13
-9.87363e-14
-8.98182e-14
-8.25618e-14
-7.66404e-14
-7.19315e-14
-6.8227e-14
-6.55395e-14
-6.35217e-14
-6.18134e-14
-6.06907e-14
-6.00918e-14
-6.01418e-14
-6.0251e-14
-6.05571e-14
-6.12988e-14
-6.27506e-14
-6.47507e-14
-6.70695e-14
-7.02507e-14
-7.43654e-14
-7.95848e-14
-8.61572e-14
-9.4278e-14
-1.04418e-13
-1.17147e-13
-1.32795e-13
-1.39165e-13
-9.65384e-14
-9.91167e-14
-9.13144e-14
-8.39355e-14
-7.74636e-14
-7.19433e-14
-6.73229e-14
-6.3628e-14
-6.07277e-14
-5.86584e-14
-5.7147e-14
-5.58536e-14
-5.50307e-14
-5.46127e-14
-5.47222e-14
-5.4819e-14
-5.50291e-14
-5.55679e-14
-5.66813e-14
-5.82418e-14
-6.00332e-14
-6.25443e-14
-6.58265e-14
-6.99845e-14
-7.51709e-14
-8.14045e-14
-8.88438e-14
-9.75368e-14
-1.07134e-13
-1.06e-13
-7.18532e-14
-7.81035e-14
-7.47164e-14
-7.03938e-14
-6.60407e-14
-6.20686e-14
-5.86275e-14
-5.58519e-14
-5.36742e-14
-5.21548e-14
-5.1085e-14
-5.01483e-14
-4.95828e-14
-4.93215e-14
-4.94781e-14
-4.95624e-14
-4.96943e-14
-5.00597e-14
-5.08818e-14
-5.20618e-14
-5.33873e-14
-5.52933e-14
-5.7812e-14
-6.09894e-14
-6.49011e-14
-6.94378e-14
-7.45215e-14
-7.97824e-14
-8.43962e-14
-7.87811e-14
-5.59734e-14
-6.11935e-14
-6.06126e-14
-5.84983e-14
-5.58034e-14
-5.3102e-14
-5.06549e-14
-4.86615e-14
-4.70965e-14
-4.604e-14
-4.5334e-14
-4.46886e-14
-4.43326e-14
-4.41981e-14
-4.43873e-14
-4.44598e-14
-4.45308e-14
-4.47562e-14
-4.53384e-14
-4.62039e-14
-4.71391e-14
-4.85281e-14
-5.03881e-14
-5.27199e-14
-5.55468e-14
-5.86826e-14
-6.1915e-14
-6.46546e-14
-6.59924e-14
-6.07974e-14
-4.81169e-14
-4.8435e-14
-4.91021e-14
-4.83961e-14
-4.68591e-14
-4.51086e-14
-4.34423e-14
-4.20783e-14
-4.10092e-14
-4.0325e-14
-3.99049e-14
-3.94874e-14
-3.92942e-14
-3.92565e-14
-3.94641e-14
-3.95261e-14
-3.95523e-14
-3.96703e-14
-4.00624e-14
-4.06774e-14
-4.12999e-14
-4.22668e-14
-4.35859e-14
-4.52296e-14
-4.71966e-14
-4.92749e-14
-5.12072e-14
-5.23322e-14
-5.20419e-14
-5.16415e-14
-3.70126e-14
-4.1399e-14
-4.11639e-14
-4.00901e-14
-3.90816e-14
-3.80098e-14
-3.69605e-14
-3.61021e-14
-3.54279e-14
-3.50347e-14
-3.48297e-14
-3.45836e-14
-3.45109e-14
-3.45423e-14
-3.47556e-14
-3.48089e-14
-3.48047e-14
-3.48452e-14
-3.50927e-14
-3.55157e-14
-3.58982e-14
-3.65315e-14
-3.74163e-14
-3.85052e-14
-3.97895e-14
-4.10934e-14
-4.2344e-14
-4.35021e-14
-4.44249e-14
-4.09048e-14
-3.09957e-14
-3.17804e-14
-3.34388e-14
-3.43165e-14
-3.37793e-14
-3.29113e-14
-3.20432e-14
-3.13665e-14
-3.08589e-14
-3.05989e-14
-3.04954e-14
-3.03396e-14
-3.03314e-14
-3.03972e-14
-3.06017e-14
-3.06468e-14
-3.06269e-14
-3.06233e-14
-3.07829e-14
-3.10949e-14
-3.1351e-14
-3.18142e-14
-3.24998e-14
-3.33734e-14
-3.44475e-14
-3.5538e-14
-3.6392e-14
-3.60794e-14
-3.37948e-14
-3.28136e-14
-3.56795e-14
-2.92126e-14
-2.76812e-14
-2.75431e-14
-2.72903e-14
-2.68823e-14
-2.64356e-14
-2.60998e-14
-2.58539e-14
-2.57774e-14
-2.57975e-14
-2.57433e-14
-2.58001e-14
-2.58977e-14
-2.60902e-14
-2.6129e-14
-2.60964e-14
-2.60537e-14
-2.61266e-14
-2.63168e-14
-2.64254e-14
-2.66694e-14
-2.70592e-14
-2.75521e-14
-2.81555e-14
-2.87141e-14
-2.91361e-14
-2.92392e-14
-3.06287e-14
-3.80459e-14
-2.70307e-14
-2.44513e-14
-2.47372e-14
-2.40744e-14
-2.35851e-14
-2.31765e-14
-2.28082e-14
-2.2558e-14
-2.23819e-14
-2.23472e-14
-2.23857e-14
-2.23532e-14
-2.24202e-14
-2.25174e-14
-2.26899e-14
-2.27273e-14
-2.27019e-14
-2.26609e-14
-2.27145e-14
-2.28769e-14
-2.29601e-14
-2.31507e-14
-2.34644e-14
-2.38667e-14
-2.43872e-14
-2.49364e-14
-2.56009e-14
-2.64317e-14
-2.69816e-14
-2.89788e-14
-2.33452e-14
-1.97762e-14
-1.93063e-14
-1.90214e-14
-1.87377e-14
-1.84998e-14
-1.83041e-14
-1.82127e-14
-1.81747e-14
-1.82404e-14
-1.83469e-14
-1.838e-14
-1.84844e-14
-1.85971e-14
-1.87531e-14
-1.87845e-14
-1.87507e-14
-1.86853e-14
-1.86799e-14
-1.87553e-14
-1.8747e-14
-1.88057e-14
-1.89514e-14
-1.91617e-14
-1.94757e-14
-1.98219e-14
-2.02554e-14
-2.06899e-14
-2.13167e-14
-2.5074e-14
-1.95735e-14
-1.62834e-14
-1.56775e-14
-1.54342e-14
-1.52292e-14
-1.50727e-14
-1.49559e-14
-1.493e-14
-1.4946e-14
-1.50426e-14
-1.51627e-14
-1.52168e-14
-1.53268e-14
-1.54364e-14
-1.55718e-14
-1.56001e-14
-1.5569e-14
-1.55028e-14
-1.54779e-14
-1.55187e-14
-1.54834e-14
-1.54933e-14
-1.55707e-14
-1.57017e-14
-1.59263e-14
-1.61832e-14
-1.65278e-14
-1.69041e-14
-1.76208e-14
-2.10789e-14
-1.59328e-14
-1.30252e-14
-1.24287e-14
-1.22211e-14
-1.20911e-14
-1.2017e-14
-1.19786e-14
-1.20138e-14
-1.2078e-14
-1.21998e-14
-1.233e-14
-1.24012e-14
-1.2513e-14
-1.26177e-14
-1.27342e-14
-1.27597e-14
-1.27317e-14
-1.2667e-14
-1.2628e-14
-1.26395e-14
-1.25827e-14
-1.2552e-14
-1.25692e-14
-1.26266e-14
-1.27617e-14
-1.29262e-14
-1.31789e-14
-1.35018e-14
-1.41974e-14
-1.72205e-14
-1.24703e-14
-9.97935e-15
-9.47194e-15
-9.33967e-15
-9.29763e-15
-9.30819e-15
-9.3472e-15
-9.44029e-15
-9.54966e-15
-9.69501e-15
-9.83557e-15
-9.92274e-15
-1.00354e-14
-1.01354e-14
-1.02355e-14
-1.02585e-14
-1.02326e-14
-1.01694e-14
-1.01189e-14
-1.01031e-14
-1.00259e-14
-9.95813e-15
-9.91939e-15
-9.90726e-15
-9.95417e-15
-1.00252e-14
-1.01748e-14
-1.0411e-14
-1.10078e-14
-1.35624e-14
-9.18657e-15
-7.1402e-15
-6.75623e-15
-6.74152e-15
-6.81083e-15
-6.91775e-15
-7.0388e-15
-7.19109e-15
-7.34549e-15
-7.51513e-15
-7.66836e-15
-7.77151e-15
-7.88562e-15
-7.98204e-15
-8.06871e-15
-8.08921e-15
-8.06433e-15
-8.00164e-15
-7.94021e-15
-7.89798e-15
-7.79922e-15
-7.69522e-15
-7.60192e-15
-7.52001e-15
-7.47492e-15
-7.4423e-15
-7.46714e-15
-7.57632e-15
-8.02443e-15
-1.01051e-14
-6.08306e-15
-4.46958e-15
-4.26831e-15
-4.40014e-15
-4.60104e-15
-4.81931e-15
-5.03e-15
-5.24578e-15
-5.44694e-15
-5.64313e-15
-5.81206e-15
-5.93186e-15
-6.04885e-15
-6.14321e-15
-6.21932e-15
-6.23745e-15
-6.21229e-15
-6.14864e-15
-6.07613e-15
-6.00774e-15
-5.88546e-15
-5.74438e-15
-5.59583e-15
-5.44106e-15
-5.29694e-15
-5.14673e-15
-5.02446e-15
-4.97111e-15
-5.22212e-15
-6.87273e-15
-3.35436e-15
-1.95392e-15
-1.994e-15
-2.30281e-15
-2.65528e-15
-2.99566e-15
-3.29975e-15
-3.58412e-15
-3.8337e-15
-4.05855e-15
-4.24582e-15
-4.3828e-15
-4.50423e-15
-4.59797e-15
-4.66618e-15
-4.68204e-15
-4.65552e-15
-4.58948e-15
-4.50548e-15
-4.41147e-15
-4.26398e-15
-4.08496e-15
-3.88037e-15
-3.64944e-15
-3.40035e-15
-3.12047e-15
-2.83323e-15
-2.58889e-15
-2.61656e-15
-4.02344e-15
-1.18725e-15
3.12012e-16
6.57788e-17
-4.43187e-16
-9.66325e-16
-1.43662e-15
-1.83951e-15
-2.1902e-15
-2.48571e-15
-2.73953e-15
-2.94639e-15
-3.10033e-15
-3.22732e-15
-3.32151e-15
-3.384e-15
-3.39772e-15
-3.36911e-15
-3.29963e-15
-3.20405e-15
-3.08575e-15
-2.9127e-15
-2.69642e-15
-2.43679e-15
-2.12798e-15
-1.77247e-15
-1.35882e-15
-9.00341e-16
-4.56653e-16
-2.76312e-16
-1.74123e-15
2.6243e-16
2.19575e-15
1.83732e-15
1.15394e-15
4.71522e-16
-1.28581e-16
-6.34183e-16
-1.0452e-15
-1.38182e-15
-1.66335e-15
-1.88933e-15
-2.05898e-15
-2.19179e-15
-2.28692e-15
-2.34532e-15
-2.35703e-15
-2.32599e-15
-2.25264e-15
-2.14605e-15
-2.00585e-15
-1.80875e-15
-1.55862e-15
-1.24953e-15
-8.69082e-16
-4.11271e-16
1.3353e-16
7.54377e-16
1.37806e-15
1.69296e-15
-1.75063e-16
1.02111e-15
3.62217e-15
3.25335e-15
2.45055e-15
1.64349e-15
9.3552e-16
3.44778e-16
-1.25105e-16
-5.00541e-16
-8.07014e-16
-1.04984e-15
-1.23273e-15
-1.37064e-15
-1.46651e-15
-1.52187e-15
-1.53173e-15
-1.49833e-15
-1.42135e-15
-1.30521e-15
-1.14659e-15
-9.28826e-16
-6.50625e-16
-3.00009e-16
1.4137e-16
6.89311e-16
1.35086e-15
2.10663e-15
2.86239e-15
3.20313e-15
6.81022e-16
1.19374e-15
4.54884e-15
4.28011e-15
3.42467e-15
2.53729e-15
1.75447e-15
1.10494e-15
5.86715e-16
1.7834e-16
-1.47394e-16
-4.02808e-16
-5.9534e-16
-7.36709e-16
-8.32556e-16
-8.85407e-16
-8.93617e-16
-8.5831e-16
-7.78601e-16
-6.55205e-16
-4.82569e-16
-2.48691e-16
5.15544e-17
4.3653e-16
9.29675e-16
1.5454e-15
2.29041e-15
3.1369e-15
3.95576e-15
4.20995e-15
9.38585e-16
9.96466e-16
4.9879e-15
4.92092e-15
4.07866e-15
3.15788e-15
2.33364e-15
1.64985e-15
1.10483e-15
6.76221e-16
3.39142e-16
7.67944e-17
-1.20957e-16
-2.63413e-16
-3.58049e-16
-4.08514e-16
-4.15277e-16
-3.78809e-16
-2.97805e-16
-1.70124e-16
1.13941e-17
2.55666e-16
5.71369e-16
9.80263e-16
1.50675e-15
2.16347e-15
2.95477e-15
3.84218e-15
4.65645e-15
4.71719e-15
8.03684e-16
6.11689e-16
5.02232e-15
5.19197e-15
4.42706e-15
3.52213e-15
2.69356e-15
2.00184e-15
1.44957e-15
1.01534e-15
6.76254e-16
4.13553e-16
2.15506e-16
7.47972e-17
-1.71617e-17
-6.5054e-17
-7.05764e-17
-3.38479e-17
4.67237e-17
1.75355e-16
3.60246e-16
6.08186e-16
9.30712e-16
1.34899e-15
1.88535e-15
2.55516e-15
3.35691e-15
4.23548e-15
4.97971e-15
4.81106e-15
4.69602e-16
2.06107e-16
4.74072e-15
5.15811e-15
4.50684e-15
3.65866e-15
2.8598e-15
2.18556e-15
1.64459e-15
1.21891e-15
8.87449e-16
6.31198e-16
4.37865e-16
3.01895e-16
2.14175e-16
1.6923e-16
1.64759e-16
2.00808e-16
2.79141e-16
4.05323e-16
5.88103e-16
8.32575e-16
1.15146e-15
1.56406e-15
2.09134e-15
2.74804e-15
3.52561e-15
4.3533e-15
4.98972e-15
4.57546e-15
9.87068e-17
-1.37908e-16
4.25456e-15
4.87604e-15
4.36773e-15
3.60554e-15
2.86379e-15
2.22896e-15
1.7158e-15
1.31104e-15
9.95957e-16
7.52436e-16
5.68441e-16
4.40032e-16
3.58016e-16
3.16471e-16
3.12881e-16
3.47358e-16
4.21734e-16
5.42289e-16
7.17892e-16
9.52112e-16
1.25751e-15
1.65172e-15
2.15366e-15
2.77459e-15
3.49968e-15
4.2462e-15
4.74395e-15
4.12702e-15
-2.17216e-16
-3.71357e-16
3.66501e-15
4.43457e-15
4.0616e-15
3.40513e-15
2.74039e-15
2.16182e-15
1.6896e-15
1.31563e-15
1.02406e-15
7.98461e-16
6.27659e-16
5.09185e-16
4.34097e-16
3.96339e-16
3.93485e-16
4.25633e-16
4.94583e-16
6.06808e-16
7.70962e-16
9.89247e-16
1.27331e-15
1.63896e-15
2.10234e-15
2.67013e-15
3.32182e-15
3.96617e-15
4.33098e-15
3.56601e-15
-4.31555e-16
-5.01107e-16
3.04721e-15
3.8906e-15
3.65e-15
3.10255e-15
2.52562e-15
2.01407e-15
1.59176e-15
1.25546e-15
9.92501e-16
7.88586e-16
6.33814e-16
5.27009e-16
4.59711e-16
4.26035e-16
4.23781e-16
4.53019e-16
5.15437e-16
6.173e-16
7.66817e-16
9.64991e-16
1.22212e-15
1.55202e-15
1.96767e-15
2.47117e-15
3.03779e-15
3.57564e-15
3.81027e-15
2.97102e-15
-5.453e-16
-5.4114e-16
2.45744e-15
3.31451e-15
3.18002e-15
2.74121e-15
2.25319e-15
1.81381e-15
1.44612e-15
1.15129e-15
9.19848e-16
7.39824e-16
6.02802e-16
5.08681e-16
4.49629e-16
4.20173e-16
4.18404e-16
4.44364e-16
4.99569e-16
5.89803e-16
7.2267e-16
8.98182e-16
1.12509e-15
1.41507e-15
1.77799e-15
2.21203e-15
2.69149e-15
3.12205e-15
3.25171e-15
2.39829e-15
-5.74254e-16
-5.22419e-16
1.92664e-15
2.74796e-15
2.69716e-15
2.35427e-15
1.95269e-15
1.58579e-15
1.27339e-15
1.02095e-15
8.219e-16
6.66508e-16
5.4789e-16
4.66764e-16
4.16021e-16
3.90756e-16
3.89377e-16
4.11898e-16
4.59632e-16
5.37717e-16
6.5305e-16
8.04884e-16
1.00038e-15
1.24913e-15
1.55822e-15
1.92251e-15
2.31609e-15
2.65218e-15
2.69925e-15
1.88142e-15
-5.46266e-16
-4.66603e-16
1.47351e-15
2.22382e-15
2.23067e-15
1.97183e-15
1.64931e-15
1.34971e-15
1.09028e-15
8.78943e-16
7.115e-16
5.80255e-16
4.79773e-16
4.11346e-16
3.68631e-16
3.47386e-16
3.46318e-16
3.65425e-16
4.0581e-16
4.71876e-16
5.69776e-16
6.98225e-16
8.62871e-16
1.07138e-15
1.32846e-15
1.62766e-15
1.94226e-15
2.19568e-15
2.18611e-15
1.43887e-15
-4.84045e-16
-3.95703e-16
1.09974e-15
1.75854e-15
1.80254e-15
1.61318e-15
1.36015e-15
1.12108e-15
9.09835e-16
7.36576e-16
5.98663e-16
4.90106e-16
4.06753e-16
3.50231e-16
3.14987e-16
2.97466e-16
2.96645e-16
3.12512e-16
3.45965e-16
4.00669e-16
4.82008e-16
5.88389e-16
7.24118e-16
8.95204e-16
1.1047e-15
1.3439e-15
1.5904e-15
1.7756e-15
1.7298e-15
1.07363e-15
-4.07962e-16
-3.21334e-16
8.02704e-16
1.3618e-15
1.42553e-15
1.29064e-15
1.09838e-15
9.09311e-16
7.41134e-16
6.0196e-16
4.90627e-16
4.02613e-16
3.34851e-16
2.89099e-16
2.6058e-16
2.46401e-16
2.45774e-16
2.58684e-16
2.85839e-16
3.30206e-16
3.96415e-16
4.82755e-16
5.924e-16
7.29871e-16
8.96678e-16
1.08538e-15
1.27314e-15
1.40495e-15
1.33987e-15
7.82868e-16
-3.30092e-16
-2.52688e-16
5.72108e-16
1.03282e-15
1.10422e-15
1.01125e-15
8.67785e-16
7.21876e-16
5.89805e-16
4.80234e-16
3.92119e-16
3.22116e-16
2.68094e-16
2.31776e-16
2.0913e-16
1.97868e-16
1.97392e-16
2.07688e-16
2.29304e-16
2.64574e-16
3.1741e-16
3.86132e-16
4.72944e-16
5.81233e-16
7.12118e-16
8.57008e-16
9.97779e-16
1.08859e-15
1.01628e-15
5.5729e-16
-2.58697e-16
-1.92948e-16
3.98275e-16
7.68011e-16
8.38405e-16
7.76287e-16
6.71243e-16
5.60424e-16
4.5917e-16
3.74179e-16
3.05767e-16
2.51119e-16
2.08863e-16
1.80576e-16
1.62922e-16
1.54137e-16
1.53778e-16
1.61831e-16
1.78712e-16
2.06211e-16
2.47567e-16
3.01227e-16
3.68663e-16
4.52661e-16
5.52865e-16
6.62577e-16
7.65901e-16
8.26507e-16
7.5546e-16
3.87152e-16
-1.97125e-16
-1.43894e-16
2.69801e-16
5.59304e-16
6.23835e-16
5.83837e-16
5.08275e-16
4.25836e-16
3.49321e-16
2.84889e-16
2.3252e-16
1.90721e-16
1.58264e-16
1.36638e-16
1.23122e-16
1.16391e-16
1.16122e-16
1.22303e-16
1.35241e-16
1.56275e-16
1.88054e-16
2.29101e-16
2.80731e-16
3.44368e-16
4.20038e-16
5.01519e-16
5.75898e-16
6.14853e-16
5.49935e-16
2.61627e-16
-1.4669e-16
-1.04882e-16
1.77454e-16
3.98957e-16
4.54803e-16
4.30074e-16
3.76699e-16
3.16473e-16
2.59714e-16
2.11595e-16
1.72389e-16
1.40893e-16
1.16441e-16
1.00225e-16
9.00604e-17
8.49945e-17
8.47935e-17
8.94477e-17
9.91809e-17
1.14956e-16
1.38901e-16
1.69835e-16
2.08463e-16
2.55976e-16
3.12068e-16
3.71532e-16
4.24063e-16
4.48055e-16
3.91952e-16
1.71442e-16
-1.0677e-16
-7.49483e-17
1.12427e-16
2.78028e-16
3.24448e-16
3.09997e-16
2.73018e-16
2.29793e-16
1.88427e-16
1.53143e-16
1.24276e-16
1.00996e-16
8.29524e-17
7.09988e-17
6.34935e-17
5.97498e-17
5.96012e-17
6.30368e-17
7.02264e-17
8.18515e-17
9.95113e-17
1.22373e-16
1.50804e-16
1.85627e-16
2.26479e-16
2.69125e-16
3.05502e-16
3.19443e-16
2.72897e-16
1.08102e-16
-7.61837e-17
-5.25105e-17
6.80141e-17
1.89058e-16
2.26163e-16
2.18313e-16
1.9319e-16
1.6271e-16
1.33101e-16
1.07695e-16
8.68277e-17
6.99558e-17
5.68964e-17
4.82565e-17
4.28176e-17
4.0102e-17
3.9992e-17
4.24815e-17
4.76863e-17
5.60842e-17
6.8859e-17
8.54198e-17
1.0596e-16
1.3102e-16
1.60242e-16
1.90292e-16
2.14986e-16
2.22477e-16
1.85298e-16
6.4909e-17
-5.33233e-17
-3.61268e-17
3.84641e-17
1.24808e-16
1.53568e-16
1.49811e-16
1.331e-16
1.12002e-16
9.12025e-17
7.32523e-17
5.84561e-17
4.64751e-17
3.72244e-17
3.11038e-17
2.72384e-17
2.53071e-17
2.52265e-17
2.69922e-17
3.06865e-17
3.66297e-17
4.5671e-17
5.74232e-17
7.19782e-17
8.96716e-17
1.10184e-16
1.30969e-16
1.47379e-16
1.50894e-16
1.22116e-16
3.62816e-17
-3.66489e-17
-2.44116e-17
1.95577e-17
7.96366e-17
1.01182e-16
9.97776e-17
8.89001e-17
7.45774e-17
6.02564e-17
4.78273e-17
3.755e-17
2.92276e-17
2.28291e-17
1.85849e-17
1.58952e-17
1.45506e-17
1.44919e-17
1.57165e-17
1.82822e-17
2.23972e-17
2.86437e-17
3.67994e-17
4.69006e-17
5.9142e-17
7.32542e-17
8.73522e-17
9.80188e-17
9.92573e-17
7.77106e-17
1.80311e-17
-2.47464e-17
-1.62084e-17
7.95065e-18
4.85527e-17
6.42163e-17
6.40722e-17
5.71598e-17
4.76421e-17
3.79961e-17
2.95778e-17
2.2599e-17
1.69593e-17
1.26518e-17
9.77767e-18
7.94898e-18
7.03482e-18
6.99261e-18
7.82075e-18
9.56053e-18
1.23416e-17
1.65396e-17
2.20596e-17
2.89117e-17
3.71946e-17
4.66907e-17
5.60504e-17
6.28185e-17
6.28553e-17
4.72099e-17
6.90369e-18
-1.64205e-17
-1.05868e-17
1.25793e-18
2.78467e-17
3.8826e-17
3.92416e-17
3.49565e-17
2.87793e-17
2.24414e-17
1.68797e-17
1.22611e-17
8.54752e-18
5.73994e-18
3.84544e-18
2.63492e-18
2.03005e-18
1.99994e-18
2.54386e-18
3.69139e-18
5.5195e-18
8.2497e-18
1.18785e-17
1.64071e-17
2.18726e-17
2.81046e-17
3.41722e-17
3.83596e-17
3.78733e-17
2.69123e-17
5.47427e-19
-1.07189e-17
-6.79628e-18
-2.2601e-18
1.44481e-17
2.1868e-17
2.2457e-17
1.98747e-17
1.59741e-17
1.19292e-17
8.36019e-18
5.39521e-18
3.03421e-18
1.27695e-18
6.7941e-20
-7.08311e-19
-1.09559e-18
-1.11668e-18
-7.71963e-19
-3.97997e-20
1.12254e-18
2.82567e-18
5.12768e-18
8.02998e-18
1.15317e-17
1.5503e-17
1.9329e-17
2.18471e-17
2.12147e-17
1.38168e-17
-2.73379e-18
-6.87914e-18
-4.3021e-18
-3.82003e-18
6.16994e-18
1.09451e-17
1.14937e-17
9.98235e-18
7.59881e-18
5.10782e-18
2.89806e-18
1.0651e-18
-3.69306e-19
-1.41018e-18
-2.15093e-18
-2.62909e-18
-2.86695e-18
-2.88158e-18
-2.673e-18
-2.22509e-18
-1.51669e-18
-5.12893e-19
8.81123e-19
2.67118e-18
4.83483e-18
7.27571e-18
9.60955e-18
1.10792e-17
1.05033e-17
5.74562e-18
-4.12936e-18
-4.35181e-18
-2.67754e-18
-4.2198e-18
1.30576e-18
4.20248e-18
4.62778e-18
3.77231e-18
2.37562e-18
9.11711e-19
-3.94081e-19
-1.47194e-18
-2.28934e-18
-2.85684e-18
-3.28631e-18
-3.56543e-18
-3.7035e-18
-3.7134e-18
-3.59512e-18
-3.33648e-18
-2.929e-18
-2.38643e-18
-1.59608e-18
-5.46925e-19
7.27998e-19
2.15868e-18
3.5231e-18
4.35236e-18
3.91158e-18
1.03071e-18
-4.41866e-18
-2.70848e-18
-1.64929e-18
-4.01177e-18
-1.30774e-18
2.92469e-19
5.70694e-19
1.02073e-19
-6.7126e-19
-1.47641e-18
-2.19893e-18
-2.78878e-18
-3.2097e-18
-3.47659e-18
-3.70615e-18
-3.85682e-18
-3.93047e-18
-3.93707e-18
-3.8765e-18
-3.73938e-18
-3.52448e-18
-3.27396e-18
-2.8707e-18
-2.29956e-18
-1.59721e-18
-8.13563e-19
-6.06062e-20
3.91936e-19
1.04807e-19
-1.48398e-18
-4.13476e-18
-1.66693e-18
-9.99649e-19
-3.50382e-18
-2.52523e-18
-1.77431e-18
-1.6263e-18
-1.87483e-18
-2.26853e-18
-2.66736e-18
-3.02856e-18
-3.31653e-18
-3.49514e-18
-3.58182e-18
-3.6892e-18
-3.76098e-18
-3.79514e-18
-3.79943e-18
-3.77373e-18
-3.71067e-18
-3.61285e-18
-3.53658e-18
-3.36915e-18
-3.09297e-18
-2.74444e-18
-2.35905e-18
-1.97768e-18
-1.73839e-18
-1.8907e-18
-2.63231e-18
-3.57836e-18
-1.01054e-18
-6.03361e-19
-2.91811e-18
-2.90388e-18
-2.6824e-18
-2.63757e-18
-2.76928e-18
-2.94542e-18
-3.1097e-18
-3.26237e-18
-3.37738e-18
-3.42034e-18
-3.40944e-18
-3.44852e-18
-3.47598e-18
-3.48798e-18
-3.4907e-18
-3.48401e-18
-3.462e-18
-3.42895e-18
-3.44626e-18
-3.41002e-18
-3.30209e-18
-3.15702e-18
-3.00065e-18
-2.83155e-18
-2.7048e-18
-2.75151e-18
-2.96658e-18
-2.95993e-18
-6.09189e-19
-3.57741e-19
-2.32793e-18
-2.81865e-18
-2.90567e-18
-2.93602e-18
-3.01647e-18
-3.08626e-18
-3.13662e-18
-3.18921e-18
-3.22286e-18
-3.2047e-18
-3.15237e-18
-3.16076e-18
-3.16807e-18
-3.16996e-18
-3.17166e-18
-3.17301e-18
-3.16899e-18
-3.1643e-18
-3.22034e-18
-3.24227e-18
-3.21252e-18
-3.16402e-18
-3.11776e-18
-3.05134e-18
-2.97286e-18
-2.94256e-18
-2.85091e-18
-2.35002e-18
-3.61242e-19
-2.1435e-19
-1.82202e-18
-2.51067e-18
-2.76015e-18
-2.84949e-18
-2.93583e-18
-2.99308e-18
-3.02818e-18
-3.06722e-18
-3.08956e-18
-3.06291e-18
-3.00541e-18
-3.0089e-18
-3.0124e-18
-3.01213e-18
-3.01322e-18
-3.0155e-18
-3.01399e-18
-3.01277e-18
-3.07231e-18
-3.10084e-18
-3.08028e-18
-3.04295e-18
-3.00925e-18
-2.95264e-18
-2.8659e-18
-2.77502e-18
-2.52248e-18
-1.83233e-18
-2.16213e-19
-1.23352e-19
-1.39957e-18
-2.14034e-18
-2.4438e-18
-2.62555e-18
-2.8313e-18
-3.00406e-18
-3.13056e-18
-3.23466e-18
-3.29842e-18
-3.2921e-18
-3.24159e-18
-3.25183e-18
-3.25827e-18
-3.25867e-18
-3.25952e-18
-3.26067e-18
-3.25573e-18
-3.24717e-18
-3.29901e-18
-3.30631e-18
-3.24325e-18
-3.13955e-18
-3.0129e-18
-2.83932e-18
-2.63268e-18
-2.45142e-18
-2.15086e-18
-1.40882e-18
-1.24606e-19
-7.53012e-20
-9.07969e-19
-1.44359e-18
-2.07692e-18
-2.76975e-18
-3.42318e-18
-3.90121e-18
-4.19999e-18
-4.39123e-18
-4.48367e-18
-4.45865e-18
-4.36759e-18
-4.36157e-18
-4.355e-18
-4.34732e-18
-4.34833e-18
-4.35783e-18
-4.36616e-18
-4.37421e-18
-4.46681e-18
-4.49295e-18
-4.40121e-18
-4.21013e-18
-3.91053e-18
-3.4303e-18
-2.77349e-18
-2.07695e-18
-1.44047e-18
-9.04854e-19
-7.55441e-20
-1.01362e-19
-3.33126e-18
-9.7054e-18
-1.62798e-17
-2.11642e-17
-2.44627e-17
-2.60065e-17
-2.63447e-17
-2.61982e-17
-2.56861e-17
-2.47169e-17
-2.36076e-17
-2.31645e-17
-2.28652e-17
-2.2694e-17
-2.26992e-17
-2.28799e-17
-2.31889e-17
-2.36433e-17
-2.47631e-17
-2.57421e-17
-2.62633e-17
-2.64183e-17
-2.60863e-17
-2.45431e-17
-2.12376e-17
-1.63391e-17
-9.73922e-18
-3.34177e-18
-1.01838e-19
)
;

boundaryField
{
    inlet
    {
        type            calculated;
        value           nonuniform List<scalar> 
30
(
-15.1126
-15.2403
-15.1803
-15.1847
-15.6409
-16.265
-17.0093
-17.2242
-17.1499
-17.0756
-17.0447
-17.0872
-17.1451
-17.1794
-17.2008
-17.2082
-17.21
-17.1428
-17.0701
-17.0439
-17.1085
-17.178
-17.2421
-16.8921
-16.1934
-15.6004
-15.1823
-15.1553
-15.1883
-15.0721
)
;
    }
    outlet
    {
        type            calculated;
        value           nonuniform List<scalar> 
30
(
-1.01362e-19
-3.33126e-18
-9.7054e-18
-1.62798e-17
-2.11642e-17
-2.44627e-17
-2.60065e-17
-2.63447e-17
-2.61982e-17
-2.56861e-17
-2.47169e-17
-2.36076e-17
-2.31645e-17
-2.28652e-17
-2.2694e-17
-2.26992e-17
-2.28799e-17
-2.31889e-17
-2.36433e-17
-2.47631e-17
-2.57421e-17
-2.62633e-17
-2.64183e-17
-2.60863e-17
-2.45431e-17
-2.12376e-17
-1.63391e-17
-9.73922e-18
-3.34177e-18
-1.01838e-19
)
;
    }
    walls
    {
        type            calculated;
        value           nonuniform List<scalar> 
400
(
-15.1126
-2.20812
-0.182174
-0.0461899
-0.0372648
-0.0527679
-0.0605916
-0.0422075
-0.017704
-0.0131443
-0.0121629
-0.011889
-0.0122562
-0.0133925
-0.0143936
-0.0151275
-0.0157709
-0.0167184
-0.0178676
-0.0188171
-0.0212642
-0.0211464
-0.0518576
-0.0654746
-0.0937725
-0.0982036
-0.085842
-0.0699317
-0.0497633
-0.0269282
-0.00813178
-0.00251197
-0.00206773
-0.00211493
-0.00213797
-0.00212502
-0.00217236
-0.00224853
-0.00203209
-0.00184155
-0.00172869
-0.00166563
-0.0016142
-0.00155796
-0.00146659
-0.00149255
-0.00141651
-0.00144063
-0.00144643
-0.00164889
-0.00163956
-0.0015769
-0.00147192
-0.00155273
-0.00151483
-0.00148526
-0.00149254
-0.00152722
-0.00159747
-0.00169677
-0.00182779
-0.00202931
-0.00236668
-0.00291945
-0.00377317
-0.00531007
-0.00836034
-0.0156453
-0.0340471
-0.0533051
-0.0523037
-0.0459495
-0.0389741
-0.0325254
-0.0268571
-0.0227233
-0.0183695
-0.0139514
-0.0101448
-0.00725249
-0.00518808
-0.00355568
-0.00261951
-0.00200463
-0.00269083
-0.00402676
-0.00406487
-0.00473388
-0.0059805
-0.00661203
-0.00606931
-0.00648145
-0.00800382
-0.00580002
-0.00617683
-0.00574147
-0.00616409
-0.00692388
-0.00805337
-0.00766616
-0.00590027
-0.00392177
-0.00177674
-0.000535675
-0.00123129
-0.00212768
-0.00222738
-0.00368665
-0.00493044
-0.0105429
-0.00946883
-0.00810476
-0.00718384
-0.00694978
-0.00764097
-0.00991205
-0.0113597
-0.0122473
-0.0141751
-0.0150201
-0.0134745
-0.0118919
-0.0114574
-0.011328
-0.0096901
-0.00672591
-0.00793172
-0.0263131
-0.00407129
-0.00129986
0.00126567
-0.00628316
-0.00935129
-0.0095968
-0.0102451
-0.00848627
-0.00678081
-0.00137251
0.000122088
-8.90823e-06
-1.45592e-07
-4.72879e-10
-4.79501e-13
-2.94722e-13
-2.58059e-13
-2.23773e-13
-1.91946e-13
-1.59974e-13
-1.27258e-13
-9.65384e-14
-7.18532e-14
-5.59734e-14
-4.81169e-14
-3.70126e-14
-3.09957e-14
-3.56795e-14
-2.70307e-14
-2.33452e-14
-1.95735e-14
-1.59328e-14
-1.24703e-14
-9.18657e-15
-6.08306e-15
-3.35436e-15
-1.18725e-15
2.6243e-16
1.02111e-15
1.19374e-15
9.96466e-16
6.11689e-16
2.06107e-16
-1.37908e-16
-3.71357e-16
-5.01107e-16
-5.4114e-16
-5.22419e-16
-4.66603e-16
-3.95703e-16
-3.21334e-16
-2.52688e-16
-1.92948e-16
-1.43894e-16
-1.04882e-16
-7.49483e-17
-5.25105e-17
-3.61268e-17
-2.44116e-17
-1.62084e-17
-1.05868e-17
-6.79628e-18
-4.3021e-18
-2.67754e-18
-1.64929e-18
-9.99649e-19
-6.03361e-19
-3.57741e-19
-2.1435e-19
-1.23352e-19
-7.53012e-20
-1.01362e-19
-15.0721
-2.22618
-0.181051
-0.0460399
-0.0388554
-0.0560068
-0.0627624
-0.0426762
-0.0182165
-0.0142461
-0.0133782
-0.0131329
-0.0139477
-0.0158545
-0.0180802
-0.0209156
-0.0241297
-0.0288705
-0.0358531
-0.0424003
-0.0484417
-0.0532855
-0.0538179
-0.0492524
-0.0414733
-0.0309093
-0.0179935
-0.00872719
-0.0141992
-0.00924171
-0.00233546
-0.0014896
-0.00152895
-0.00158428
-0.00159203
-0.00159107
-0.00163026
-0.00164737
-0.00169454
-0.0014711
-0.00134964
-0.00130156
-0.00128381
-0.00126577
-0.0012345
-0.00119145
-0.00111
-0.00112895
-0.00095458
-0.000947188
-0.00123992
-0.000745343
-0.00136684
-0.00127091
-0.000987099
-0.000603129
-0.0010302
-0.00104546
-0.000998868
-0.00128487
-0.00167346
-0.002338
-0.00321944
-0.00461413
-0.0067718
-0.0098297
-0.0148075
-0.0208734
-0.0227482
-0.0193853
-0.0193852
-0.0275945
-0.0352148
-0.0432974
-0.0360811
-0.0316143
-0.027742
-0.0233835
-0.0186931
-0.0135575
-0.00886656
-0.00527804
-0.00277197
-0.000956028
-0.000435841
-0.000295275
-0.000491107
-0.00172224
-0.00406954
-0.00730281
-0.00944911
-0.0113796
-0.0132595
-0.0149721
-0.0155953
-0.0147172
-0.0132389
-0.0116527
-0.00925326
-0.00655603
-0.00417392
-0.00229701
-0.00237751
-0.00217839
-0.00150796
-0.00237259
-0.00344215
-0.00359141
-0.00315881
-0.00259635
7.62562e-05
-0.00686133
-0.00797496
-0.00676512
-0.00578856
-0.00641739
-0.00867916
-0.00866613
-0.0108484
-0.0108418
-0.0111877
-0.0108148
-0.0103117
-0.00955613
-0.0071115
-0.010693
-0.00756087
-0.00789135
-0.0088299
-0.00947372
-0.00824895
-0.00620337
-0.00853195
-0.00931259
-0.00960032
-0.00789369
-0.0069987
-0.00155773
0.000367398
-1.4576e-05
-3.56912e-07
-1.54023e-09
-1.4352e-12
-3.17165e-13
-2.76125e-13
-2.3994e-13
-2.06919e-13
-1.73712e-13
-1.39165e-13
-1.06e-13
-7.87811e-14
-6.07974e-14
-5.16415e-14
-4.09048e-14
-3.28136e-14
-3.80459e-14
-2.89788e-14
-2.5074e-14
-2.10789e-14
-1.72205e-14
-1.35624e-14
-1.01051e-14
-6.87273e-15
-4.02344e-15
-1.74123e-15
-1.75063e-16
6.81022e-16
9.38585e-16
8.03684e-16
4.69602e-16
9.87068e-17
-2.17216e-16
-4.31555e-16
-5.453e-16
-5.74254e-16
-5.46266e-16
-4.84045e-16
-4.07962e-16
-3.30092e-16
-2.58697e-16
-1.97125e-16
-1.4669e-16
-1.0677e-16
-7.61837e-17
-5.33233e-17
-3.66489e-17
-2.47464e-17
-1.64205e-17
-1.07189e-17
-6.87914e-18
-4.35181e-18
-2.70848e-18
-1.66693e-18
-1.01054e-18
-6.09189e-19
-3.61242e-19
-2.16213e-19
-1.24606e-19
-7.55441e-20
-1.01838e-19
)
;
    }
    frontAndBackPlanes
    {
        type            empty;
    }
}


// ************************************************************************* //
