/*--------------------------------*- C++ -*----------------------------------*\
| =========                 |                                                 |
| \\      /  F ield         | OpenFOAM: The Open Source CFD Toolbox           |
|  \\    /   O peration     | Version:  2.4.0                                 |
|   \\  /    A nd           | Web:      www.OpenFOAM.org                      |
|    \\/     M anipulation  |                                                 |
\*---------------------------------------------------------------------------*/
FoamFile
{
    version     2.0;
    format      ascii;
    class       surfaceScalarField;
    location    "2.125";
    object      phi;
}
// * * * * * * * * * * * * * * * * * * * * * * * * * * * * * * * * * * * * * //

dimensions      [0 3 -1 0 0 0 0];

internalField   nonuniform List<scalar> 
5952
(
5.83478e-09
-5.83484e-09
9.20969e-09
-3.37485e-09
1.02335e-08
-1.02384e-09
1.38538e-08
-3.62031e-09
2.69973e-08
-1.31435e-08
4.03268e-08
-1.33295e-08
9.47585e-09
3.08509e-08
-4.25517e-08
5.20275e-08
-9.53638e-08
5.28121e-08
-1.46887e-07
5.15233e-08
-1.90254e-07
4.33673e-08
2.93982e-08
-2.19653e-07
1.80623e-09
-7.64099e-09
8.76929e-09
-1.0338e-08
1.75834e-08
-9.83794e-09
2.90651e-08
-1.5102e-08
5.73951e-08
-4.14735e-08
3.30952e-08
1.09703e-08
-8.3382e-08
1.47328e-07
-2.13199e-07
1.81845e-07
-3.44941e-07
1.84554e-07
-4.60411e-07
1.66994e-07
-5.5521e-07
1.38166e-07
9.50756e-08
-6.20887e-07
8.91525e-09
-1.65563e-08
1.04508e-08
-1.18735e-08
3.15281e-09
-2.54003e-09
-8.24526e-09
-3.70391e-09
-7.10135e-08
2.12946e-08
-2.22376e-07
1.62332e-07
-3.38583e-07
2.63536e-07
-4.68893e-07
3.12155e-07
-6.03062e-07
3.18722e-07
-7.32503e-07
2.96435e-07
-8.45177e-07
2.50839e-07
1.81797e-07
-9.31899e-07
-8.38826e-09
-8.16802e-09
-3.66207e-08
1.6359e-08
-8.7083e-08
4.79223e-08
-1.6037e-07
6.95831e-08
-2.87528e-07
1.48452e-07
-4.02529e-07
2.77333e-07
-5.19357e-07
3.80364e-07
-6.42017e-07
4.34815e-07
-7.70405e-07
4.4711e-07
-8.98475e-07
4.24505e-07
-1.01693e-06
3.6929e-07
2.80366e-07
-1.11549e-06
-1.57651e-08
7.59704e-09
-6.05468e-08
6.11408e-08
-1.28561e-07
1.15936e-07
-2.33994e-07
1.75016e-07
-3.62008e-07
2.76467e-07
-4.78921e-07
3.94246e-07
-5.88534e-07
4.89977e-07
-6.98166e-07
5.44447e-07
-8.09776e-07
5.5872e-07
-9.2341e-07
5.3814e-07
-1.03617e-06
4.82052e-07
3.84256e-07
-1.14006e-06
-2.64875e-08
3.40846e-08
-8.66685e-08
1.21322e-07
-1.67633e-07
1.96901e-07
-2.7269e-07
2.80073e-07
-3.79951e-07
3.83728e-07
-4.80021e-07
4.94317e-07
-5.70621e-07
5.80576e-07
-6.52639e-07
6.26466e-07
-7.29756e-07
6.35836e-07
-8.0997e-07
6.18354e-07
-8.99612e-07
5.71693e-07
4.83698e-07
-9.99054e-07
-4.22531e-08
7.63377e-08
-1.15277e-07
1.94346e-07
-1.92175e-07
2.73799e-07
-2.66288e-07
3.54186e-07
-3.4572e-07
4.6316e-07
-4.2282e-07
5.71417e-07
-4.86991e-07
6.44748e-07
-5.29696e-07
6.69171e-07
-5.53523e-07
6.59663e-07
-5.78636e-07
6.43467e-07
-6.24243e-07
6.17301e-07
5.60849e-07
-7.01393e-07
-6.20491e-08
1.38387e-07
-1.39873e-07
2.72169e-07
-1.85859e-07
3.19785e-07
-2.11264e-07
3.79591e-07
-2.54696e-07
5.06592e-07
-3.13573e-07
6.30294e-07
-3.57293e-07
6.88468e-07
-3.5929e-07
6.71168e-07
-3.14327e-07
6.147e-07
-2.61976e-07
5.91115e-07
-2.42982e-07
5.98307e-07
5.97737e-07
-2.79871e-07
-8.33979e-08
2.21785e-07
-1.49884e-07
3.38655e-07
-1.30617e-07
3.00518e-07
-6.98681e-08
3.18842e-07
-6.84571e-08
5.05181e-07
-1.28262e-07
6.90098e-07
-1.76877e-07
7.37083e-07
-1.55226e-07
6.49517e-07
-3.56433e-08
4.95117e-07
1.1271e-07
4.42763e-07
2.11232e-07
4.99785e-07
5.83096e-07
2.25873e-07
-8.93949e-08
3.1118e-07
-1.08605e-07
3.57865e-07
2.92089e-08
1.62705e-07
2.38219e-07
1.09832e-07
3.01896e-07
4.41503e-07
2.07656e-07
7.84339e-07
1.06759e-07
8.3798e-07
1.10969e-07
6.45307e-07
2.93375e-07
3.12711e-07
5.44755e-07
1.91383e-07
7.25772e-07
3.18768e-07
5.20001e-07
7.88868e-07
-8.82971e-09
3.20009e-07
9.27192e-08
2.56316e-07
3.8687e-07
-1.31446e-07
8.11096e-07
-3.14394e-07
9.80241e-07
2.72358e-07
8.30994e-07
9.33586e-07
6.31204e-07
1.03777e-06
5.58251e-07
7.1826e-07
7.55323e-07
1.15639e-07
1.07867e-06
-1.3196e-07
1.3176e-06
7.98388e-08
4.19786e-07
1.41781e-06
4.60684e-07
-1.40675e-07
7.31936e-07
-1.4935e-08
1.08694e-06
-4.86448e-07
1.6537e-06
-8.81161e-07
1.96703e-06
-4.09667e-08
1.85058e-06
1.05003e-06
1.61271e-06
1.27565e-06
1.45855e-06
8.72413e-07
1.565e-06
9.18956e-09
1.81734e-06
-3.84298e-07
2.00125e-06
-1.04066e-07
2.11316e-06
3.0787e-07
-2.26754e-07
7.10148e-09
-2.11379e-07
-1.53752e-08
-1.51875e-07
-5.95041e-08
-8.66157e-08
-6.52591e-08
1.60726e-08
-1.02688e-07
6.1707e-08
-4.56344e-08
1.19786e-07
-5.80786e-08
1.57288e-07
-3.75018e-08
1.47359e-07
9.92865e-09
1.36489e-07
1.08701e-08
3.49836e-08
1.01505e-07
3.49836e-08
-6.50223e-07
3.64374e-08
-6.33908e-07
-3.16901e-08
-6.12062e-07
-8.13504e-08
-5.44775e-07
-1.32546e-07
-4.77189e-07
-1.70274e-07
-3.43893e-07
-1.7893e-07
-2.21013e-07
-1.80959e-07
-9.15097e-08
-1.67005e-07
-1.87781e-08
-6.2803e-08
4.39622e-09
-1.23042e-08
-1.77499e-08
1.23651e-07
1.72337e-08
-9.86303e-07
9.08423e-08
-1.00545e-06
-1.25416e-08
-9.6906e-07
-1.17742e-07
-8.85864e-07
-2.15743e-07
-7.63761e-07
-2.92377e-07
-6.18363e-07
-3.24328e-07
-4.92882e-07
-3.06441e-07
-4.0721e-07
-2.52677e-07
-2.90816e-07
-1.79197e-07
-2.12576e-07
-9.05438e-08
-6.75533e-08
-2.13716e-08
-5.03196e-08
-1.18322e-06
1.58564e-07
-1.20576e-06
9.99936e-09
-1.16653e-06
-1.5697e-07
-1.05608e-06
-3.26193e-07
-8.74348e-07
-4.74107e-07
-6.36779e-07
-5.61898e-07
-3.95243e-07
-5.47976e-07
-2.32486e-07
-4.15434e-07
-1.26085e-07
-2.85597e-07
-3.20405e-08
-1.84589e-07
4.2263e-09
-5.76384e-08
-4.60933e-08
-1.22332e-06
2.41818e-07
-1.26842e-06
5.51044e-08
-1.25327e-06
-1.72117e-07
-1.15441e-06
-4.25061e-07
-9.49566e-07
-6.78948e-07
-6.28142e-07
-8.83321e-07
-2.14453e-07
-9.61666e-07
1.76907e-07
-8.06794e-07
2.33744e-07
-3.42434e-07
1.80942e-07
-1.31787e-07
9.66866e-08
2.66166e-08
5.05933e-08
-1.10042e-06
3.43186e-07
-1.18674e-06
1.41419e-07
-1.23528e-06
-1.23575e-07
-1.21945e-06
-4.40886e-07
-1.10566e-06
-7.9274e-07
-8.62154e-07
-1.12683e-06
-4.77679e-07
-1.34614e-06
-1.45685e-08
-1.26991e-06
2.62196e-07
-6.19198e-07
2.02405e-07
-7.19962e-08
9.35286e-08
1.35493e-07
1.44122e-07
-8.08284e-07
4.50077e-07
-9.28497e-07
2.61632e-07
-1.04182e-06
-1.0247e-08
-1.13038e-06
-3.5233e-07
-1.1621e-06
-7.61021e-07
-1.09955e-06
-1.18937e-06
-8.94941e-07
-1.55075e-06
-5.1384e-07
-1.65101e-06
2.87623e-08
-1.1618e-06
1.79084e-07
-2.22318e-07
7.85753e-08
2.36002e-07
2.22697e-07
-3.74276e-07
5.44481e-07
-5.03174e-07
3.90531e-07
-6.4033e-07
1.26909e-07
-7.93664e-07
-1.98996e-07
-9.41652e-07
-6.13033e-07
-1.07038e-06
-1.06065e-06
-1.13261e-06
-1.48852e-06
-1.02575e-06
-1.75786e-06
-6.56006e-07
-1.53154e-06
-1.82695e-07
-6.9563e-07
-7.68105e-08
1.30118e-07
1.45887e-07
1.48381e-07
6.21973e-07
2.30872e-08
5.15825e-07
-8.74723e-08
2.37468e-07
-2.13792e-07
-7.26754e-08
-3.86419e-07
-4.40407e-07
-6.04381e-07
-8.42689e-07
-8.57385e-07
-1.23552e-06
-1.05195e-06
-1.5633e-06
-9.91752e-07
-1.59174e-06
-6.10842e-07
-1.07654e-06
-2.91313e-07
-1.89411e-07
-1.45427e-07
7.06521e-07
7.0432e-07
5.50674e-07
6.71671e-07
4.47522e-07
3.4062e-07
4.17279e-07
-4.24324e-08
3.64113e-07
-3.87241e-07
2.00316e-07
-6.78892e-07
-6.17687e-08
-9.73432e-07
-3.91999e-07
-1.23307e-06
-6.80219e-07
-1.30352e-06
-5.95768e-07
-1.16099e-06
-1.65779e-07
-6.194e-07
-3.11206e-07
1.30319e-06
8.18935e-07
1.07966e-06
8.95201e-07
9.79411e-07
4.40874e-07
1.04116e-06
-1.04179e-07
1.1494e-06
-4.95487e-07
1.13694e-06
-6.66425e-07
1.01156e-06
-8.48052e-07
7.59058e-07
-9.80571e-07
3.69791e-07
-9.14255e-07
2.04071e-07
-9.9527e-07
3.94994e-07
-8.10322e-07
8.3788e-08
1.95666e-06
9.75441e-07
1.6453e-06
1.20656e-06
1.55618e-06
5.29992e-07
1.73736e-06
-2.85357e-07
2.0264e-06
-7.84528e-07
2.15579e-06
-7.95815e-07
2.19337e-06
-8.85629e-07
2.0634e-06
-8.50603e-07
1.70733e-06
-5.58188e-07
1.36374e-06
-6.51678e-07
1.09397e-06
-5.40558e-07
1.17776e-06
-1.09988e-09
1.09988e-09
-1.71852e-08
1.60853e-08
-4.37808e-08
2.65956e-08
-7.8724e-08
3.49432e-08
-1.19984e-07
4.12599e-08
-1.65865e-07
4.58816e-08
-2.14831e-07
4.89653e-08
-2.65169e-07
5.03379e-08
-3.14704e-07
4.95351e-08
-3.60591e-07
4.58871e-08
-3.99371e-07
3.87805e-08
2.81188e-08
-4.2749e-07
-2.34185e-08
2.45184e-08
-7.08928e-08
6.35596e-08
-1.38803e-07
9.45058e-08
-2.2147e-07
1.1761e-07
-3.14237e-07
1.34026e-07
-4.13277e-07
1.44922e-07
-5.15081e-07
1.50769e-07
-6.15849e-07
1.51106e-07
-7.11008e-07
1.44695e-07
-7.94932e-07
1.2981e-07
-8.60951e-07
1.048e-07
6.87833e-08
-9.01616e-07
-3.06691e-08
5.51875e-08
-1.03396e-07
1.36287e-07
-2.02264e-07
1.93374e-07
-3.16656e-07
2.32002e-07
-4.39547e-07
2.56917e-07
-5.65788e-07
2.71163e-07
-6.90962e-07
2.75943e-07
-8.10709e-07
2.70852e-07
-9.20181e-07
2.54167e-07
-1.01376e-06
2.23389e-07
-1.0849e-06
1.75937e-07
1.10378e-07
-1.12649e-06
-4.08049e-08
9.59923e-08
-1.3039e-07
2.25872e-07
-2.47753e-07
3.10736e-07
-3.78444e-07
3.62693e-07
-5.13534e-07
3.92007e-07
-6.47092e-07
4.0472e-07
-7.74708e-07
4.03559e-07
-8.92945e-07
3.8909e-07
-9.98652e-07
3.59873e-07
-1.08845e-06
3.13186e-07
-1.15762e-06
2.45105e-07
1.52597e-07
-1.19984e-06
-4.89354e-08
1.44928e-07
-1.50739e-07
3.27676e-07
-2.78022e-07
4.38019e-07
-4.12775e-07
4.97446e-07
-5.45105e-07
5.24338e-07
-6.69256e-07
5.28871e-07
-7.81799e-07
5.16102e-07
-8.81263e-07
4.88554e-07
-9.67763e-07
4.46373e-07
-1.04205e-06
3.87476e-07
-1.10283e-06
3.05886e-07
1.95393e-07
-1.14563e-06
-5.78759e-08
2.02804e-07
-1.68133e-07
4.37933e-07
-2.97512e-07
5.67398e-07
-4.25039e-07
6.24973e-07
-5.41366e-07
6.40665e-07
-6.42046e-07
6.29551e-07
-7.24755e-07
5.98811e-07
-7.90339e-07
5.54139e-07
-8.4309e-07
4.99123e-07
-8.90158e-07
4.34544e-07
-9.35105e-07
3.50833e-07
2.35577e-07
-9.7529e-07
-6.9498e-08
2.72302e-07
-1.84061e-07
5.52496e-07
-3.0629e-07
6.89627e-07
-4.14167e-07
7.32849e-07
-5.01487e-07
7.27985e-07
-5.667e-07
6.94765e-07
-6.07499e-07
6.39609e-07
-6.26093e-07
5.72733e-07
-6.30942e-07
5.03971e-07
-6.38472e-07
4.42075e-07
-6.59297e-07
3.71658e-07
2.67604e-07
-6.91324e-07
-8.47506e-08
3.57052e-07
-1.95078e-07
6.62823e-07
-2.95287e-07
7.89837e-07
-3.6684e-07
8.04402e-07
-4.10418e-07
7.71562e-07
-4.29843e-07
7.1419e-07
-4.19894e-07
6.2966e-07
-3.8104e-07
5.3388e-07
-3.24538e-07
4.47469e-07
-2.80308e-07
3.97845e-07
-2.70686e-07
3.62035e-07
2.87434e-07
-2.90515e-07
-1.00501e-07
4.57553e-07
-1.85379e-07
7.47701e-07
-2.37078e-07
8.41536e-07
-2.48981e-07
8.16305e-07
-2.3144e-07
7.54021e-07
-1.97347e-07
6.80097e-07
-1.33265e-07
5.65578e-07
-3.04197e-08
4.31035e-07
1.001e-07
3.16949e-07
2.0897e-07
2.88975e-07
2.50215e-07
3.2079e-07
2.98369e-07
2.39279e-07
-9.98353e-08
5.57388e-07
-1.0788e-07
7.55746e-07
-6.83825e-08
8.02038e-07
5.74812e-09
7.42174e-07
9.93477e-08
6.60422e-07
1.87129e-07
5.92316e-07
2.96172e-07
4.56535e-07
4.60659e-07
2.66549e-07
6.75996e-07
1.01611e-07
8.68228e-07
9.67437e-08
9.38277e-07
2.50741e-07
3.15363e-07
9.21284e-07
1.73062e-09
5.55657e-07
1.76524e-07
5.80953e-07
3.46077e-07
6.32486e-07
5.11926e-07
5.76325e-07
6.77394e-07
4.94954e-07
8.02231e-07
4.67479e-07
9.19751e-07
3.39015e-07
1.11531e-06
7.09907e-08
1.41101e-06
-1.94094e-07
1.71789e-06
-2.10136e-07
1.82593e-06
1.42702e-07
3.56375e-07
1.78492e-06
6.34991e-07
-7.93332e-08
1.00483e-06
2.11114e-07
1.2449e-06
3.92418e-07
1.43799e-06
3.83229e-07
1.61789e-06
3.1506e-07
1.74861e-06
3.36761e-07
1.81499e-06
2.72627e-07
1.95481e-06
-6.88284e-08
2.24933e-06
-4.88611e-07
2.67659e-06
-6.37396e-07
2.87145e-06
-5.21585e-08
2.81817e-06
4.09654e-07
-4.42186e-07
1.46963e-08
-4.37784e-07
-4.40217e-09
-4.1133e-07
-2.64541e-08
-3.63019e-07
-4.83116e-08
-3.04506e-07
-5.85124e-08
-2.30066e-07
-7.44404e-08
-1.55606e-07
-7.446e-08
-9.17588e-08
-6.3847e-08
-4.3866e-08
-4.78928e-08
-1.63684e-08
-2.74976e-08
-4.79655e-09
-1.15719e-08
-4.79657e-09
-9.0833e-07
2.14107e-08
-8.79503e-07
-3.32294e-08
-8.13994e-07
-9.19632e-08
-7.14571e-07
-1.47735e-07
-5.70248e-07
-2.02836e-07
-4.26894e-07
-2.17794e-07
-2.86725e-07
-2.14629e-07
-1.6574e-07
-1.84831e-07
-7.55784e-08
-1.38055e-07
-2.75605e-08
-7.55155e-08
-4.61595e-09
-3.45165e-08
-9.41253e-09
-1.13245e-06
2.73653e-08
-1.0951e-06
-7.05716e-08
-1.01112e-06
-1.75951e-07
-8.793e-07
-2.7955e-07
-7.13065e-07
-3.69071e-07
-5.08969e-07
-4.21889e-07
-2.8181e-07
-4.41788e-07
-1.07947e-07
-3.58694e-07
-2.16865e-09
-2.43833e-07
2.13082e-08
-9.89923e-08
1.27567e-08
-2.5965e-08
3.34416e-09
-1.20793e-06
3.54612e-08
-1.17466e-06
-1.03842e-07
-1.09309e-06
-2.57527e-07
-9.59176e-07
-4.1346e-07
-7.73648e-07
-5.54599e-07
-5.38968e-07
-6.5657e-07
-2.92477e-07
-6.88279e-07
-4.98673e-08
-6.01304e-07
1.05085e-07
-3.98785e-07
1.21281e-07
-1.15188e-07
6.00184e-08
3.52972e-08
6.33626e-08
-1.1634e-06
5.32282e-08
-1.14768e-06
-1.19555e-07
-1.08893e-06
-3.16276e-07
-9.79e-07
-5.23395e-07
-8.10207e-07
-7.23392e-07
-5.77905e-07
-8.88872e-07
-2.94642e-07
-9.71542e-07
5.7912e-09
-9.01737e-07
2.30521e-07
-6.23515e-07
2.64963e-07
-1.4963e-07
1.35551e-07
1.64709e-07
1.98914e-07
-1.00366e-06
8.16001e-08
-1.01142e-06
-1.118e-07
-9.87551e-07
-3.4014e-07
-9.22972e-07
-5.87974e-07
-8.05665e-07
-8.40699e-07
-6.15993e-07
-1.07854e-06
-3.47293e-07
-1.24024e-06
-2.45358e-08
-1.22449e-06
2.48156e-07
-8.96207e-07
2.93923e-07
-1.95398e-07
2.24471e-07
2.34162e-07
4.23384e-07
-7.25773e-07
1.16048e-07
-7.53753e-07
-8.38197e-08
-7.64531e-07
-3.29363e-07
-7.53871e-07
-5.98634e-07
-7.1452e-07
-8.80049e-07
-6.10644e-07
-1.18242e-06
-4.1317e-07
-1.43772e-06
-1.19044e-07
-1.51862e-06
1.82605e-07
-1.19786e-06
2.4037e-07
-2.53163e-07
5.93833e-08
4.15149e-07
4.82768e-07
-3.2477e-07
1.50303e-07
-3.631e-07
-4.54897e-08
-3.9615e-07
-2.96313e-07
-4.31335e-07
-5.63448e-07
-4.84616e-07
-8.26769e-07
-5.02995e-07
-1.16404e-06
-4.34292e-07
-1.50642e-06
-2.3961e-07
-1.7133e-06
5.71603e-08
-1.49463e-06
2.56598e-07
-4.526e-07
8.44559e-08
5.87291e-07
5.67224e-07
2.0721e-07
1.82372e-07
1.70467e-07
-8.74683e-09
1.36956e-07
-2.62802e-07
8.31999e-08
-5.09692e-07
-6.29612e-08
-6.80608e-07
-2.27763e-07
-9.9924e-07
-3.31967e-07
-1.40221e-06
-3.17616e-07
-1.72765e-06
-1.36593e-07
-1.67565e-06
8.91671e-08
-6.7836e-07
5.65279e-08
6.1993e-07
6.23752e-07
8.82049e-07
2.21606e-07
8.52282e-07
2.102e-08
8.41712e-07
-2.52231e-07
8.17192e-07
-4.85172e-07
5.97793e-07
-4.61209e-07
2.79853e-07
-6.81299e-07
-6.67969e-09
-1.11568e-06
-2.03406e-07
-1.53093e-06
-2.01308e-07
-1.67775e-06
4.74064e-08
-9.27074e-07
9.04718e-08
5.76865e-07
7.14223e-07
1.72137e-06
2.85154e-07
1.68478e-06
5.76186e-08
1.69486e-06
-2.62315e-07
1.75481e-06
-5.45118e-07
1.51478e-06
-2.21188e-07
1.06629e-06
-2.32803e-07
6.25753e-07
-6.75147e-07
2.36996e-07
-1.14217e-06
5.94786e-08
-1.50023e-06
2.57461e-07
-1.12506e-06
2.57211e-07
5.77115e-07
9.71434e-07
2.75579e-06
3.47537e-07
2.69893e-06
1.14477e-07
2.65171e-06
-2.151e-07
2.75679e-06
-6.50192e-07
2.57841e-06
-4.28075e-08
2.0992e-06
2.46403e-07
1.60713e-06
-1.83076e-07
1.05046e-06
-5.85504e-07
5.60928e-07
-1.01069e-06
5.34694e-07
-1.09882e-06
8.0721e-07
3.04598e-07
1.77864e-06
-5.49015e-10
5.49015e-10
-1.62376e-08
1.56886e-08
-4.1967e-08
2.57294e-08
-7.50017e-08
3.30348e-08
-1.12978e-07
3.79765e-08
-1.54245e-07
4.12667e-08
-1.97639e-07
4.33938e-08
-2.42154e-07
4.45151e-08
-2.86689e-07
4.45357e-08
-3.29922e-07
4.32327e-08
-3.70259e-07
4.03366e-08
3.55691e-08
-4.05828e-07
-2.33129e-08
2.38619e-08
-7.10959e-08
6.34717e-08
-1.38188e-07
9.2822e-08
-2.17442e-07
1.12289e-07
-3.03798e-07
1.24333e-07
-3.939e-07
1.31368e-07
-4.85348e-07
1.34842e-07
-5.75964e-07
1.35131e-07
-6.63353e-07
1.31924e-07
-7.44787e-07
1.24667e-07
-8.17227e-07
1.12776e-07
9.55944e-08
-8.77252e-07
-3.15544e-08
5.54163e-08
-1.0686e-07
1.38777e-07
-2.06772e-07
1.92735e-07
-3.18641e-07
2.24157e-07
-4.35208e-07
2.409e-07
-5.52328e-07
2.48489e-07
-6.67194e-07
2.49708e-07
-7.77131e-07
2.45068e-07
-8.79112e-07
2.33906e-07
-9.69971e-07
2.15526e-07
-1.04684e-06
1.8964e-07
1.55974e-07
-1.10721e-06
-4.42793e-08
9.96956e-08
-1.41553e-07
2.3605e-07
-2.64542e-07
3.15724e-07
-3.95909e-07
3.55525e-07
-5.26889e-07
3.71879e-07
-6.5333e-07
3.74929e-07
-7.7288e-07
3.69257e-07
-8.83086e-07
3.55275e-07
-9.80742e-07
3.31561e-07
-1.06275e-06
2.9753e-07
-1.1275e-06
2.54393e-07
2.03554e-07
-1.17508e-06
-5.66659e-08
1.56362e-07
-1.74037e-07
3.53421e-07
-3.13102e-07
4.54789e-07
-4.52023e-07
4.94445e-07
-5.82293e-07
5.0215e-07
-7.01658e-07
4.94295e-07
-8.09774e-07
4.77373e-07
-9.05216e-07
4.50717e-07
-9.84293e-07
4.10638e-07
-1.04305e-06
3.56289e-07
-1.08116e-06
2.92505e-07
2.24698e-07
-1.10231e-06
-7.17262e-08
2.28088e-07
-2.08646e-07
4.90341e-07
-3.5622e-07
6.02364e-07
-4.88969e-07
6.27194e-07
-6.01926e-07
6.15106e-07
-6.97899e-07
5.90268e-07
-7.80811e-07
5.60286e-07
-8.51153e-07
5.21058e-07
-9.03376e-07
4.62861e-07
-9.29384e-07
3.82298e-07
-9.2884e-07
2.91961e-07
2.0598e-07
-9.10123e-07
-9.21743e-08
3.20262e-07
-2.49769e-07
6.47936e-07
-3.9584e-07
7.48434e-07
-5.03972e-07
7.35326e-07
-5.78913e-07
6.90047e-07
-6.33577e-07
6.44932e-07
-6.79213e-07
6.05922e-07
-7.19457e-07
5.61303e-07
-7.446e-07
4.88004e-07
-7.35144e-07
3.72841e-07
-6.87286e-07
2.44103e-07
1.35218e-07
-6.16524e-07
-1.21027e-07
4.4129e-07
-3.00682e-07
8.27591e-07
-4.28661e-07
8.76414e-07
-4.84016e-07
7.9068e-07
-4.92222e-07
6.98254e-07
-4.83371e-07
6.3608e-07
-4.79417e-07
6.01968e-07
-4.89501e-07
5.71387e-07
-4.98226e-07
4.96729e-07
-4.61663e-07
3.36278e-07
-3.64976e-07
1.47416e-07
6.22201e-09
-2.3598e-07
-1.59675e-07
6.00964e-07
-3.57622e-07
1.02554e-06
-4.37169e-07
9.55961e-07
-3.95845e-07
7.49356e-07
-2.97135e-07
5.99543e-07
-1.95123e-07
5.34068e-07
-1.23468e-07
5.30313e-07
-1.01858e-07
5.49777e-07
-1.14787e-07
5.09658e-07
-7.52952e-08
2.96787e-07
5.58351e-08
1.62862e-08
-1.71577e-07
2.33634e-07
-2.01739e-07
8.02703e-07
-3.91885e-07
1.21568e-06
-3.68903e-07
9.32978e-07
-1.73262e-07
5.53716e-07
7.60499e-08
3.50231e-07
3.04826e-07
3.05293e-07
4.79312e-07
3.55826e-07
5.62009e-07
4.6708e-07
5.36948e-07
5.34718e-07
5.47199e-07
2.86536e-07
6.6978e-07
-1.06294e-07
-3.34658e-07
8.32861e-07
-2.04653e-07
1.00736e-06
-2.85255e-07
1.29629e-06
-8.12918e-08
7.29015e-07
3.01473e-07
1.70952e-07
7.01327e-07
-4.96236e-08
1.05487e-06
-4.8252e-08
1.37757e-06
3.31325e-08
1.62291e-06
2.21738e-07
1.6967e-06
4.60925e-07
1.64841e-06
3.34828e-07
1.68031e-06
-1.38191e-07
-3.38923e-07
1.68457e-06
3.61344e-08
9.71222e-07
2.86324e-07
1.0461e-06
7.23874e-07
2.91464e-07
1.21892e-06
-3.24094e-07
1.64229e-06
-4.72994e-07
1.98259e-06
-3.88553e-07
2.38699e-06
-3.71261e-07
2.84099e-06
-2.32269e-07
3.17426e-06
1.27654e-07
3.25299e-06
2.56104e-07
3.04337e-06
7.14294e-08
2.80351e-06
-9.90717e-08
-4.34531e-07
2.87037e-08
-4.54349e-07
1.98181e-08
-4.61406e-07
7.05656e-09
-4.52436e-07
-8.97013e-09
-4.21892e-07
-3.05438e-08
-3.70006e-07
-5.18859e-08
-2.9982e-07
-7.01863e-08
-2.17443e-07
-8.23765e-08
-1.33192e-07
-8.42517e-08
-6.07262e-08
-7.24656e-08
-1.36315e-08
-4.70947e-08
-1.36315e-08
-9.20857e-07
7.23085e-08
-9.43124e-07
4.20847e-08
-9.37382e-07
1.31513e-09
-9.04703e-07
-4.16489e-08
-8.41541e-07
-9.37062e-08
-7.45007e-07
-1.4842e-07
-6.16332e-07
-1.98862e-07
-4.62714e-07
-2.35994e-07
-2.99227e-07
-2.47738e-07
-1.48923e-07
-2.2277e-07
-4.02786e-08
-1.55739e-07
-5.39101e-08
-1.14871e-06
1.13805e-07
-1.16852e-06
6.18975e-08
-1.16821e-06
1.00363e-09
-1.13349e-06
-7.63689e-08
-1.06518e-06
-1.6202e-07
-9.59513e-07
-2.54085e-07
-8.1439e-07
-3.43985e-07
-6.32736e-07
-4.17647e-07
-4.27257e-07
-4.53218e-07
-2.24626e-07
-4.254e-07
-6.65777e-08
-3.13788e-07
-1.20488e-07
-1.2063e-06
1.45022e-07
-1.22185e-06
7.74505e-08
-1.22002e-06
-8.2467e-10
-1.19803e-06
-9.83606e-08
-1.1488e-06
-2.11254e-07
-1.06504e-06
-3.37842e-07
-9.38375e-07
-4.70649e-07
-7.63562e-07
-5.9246e-07
-5.43932e-07
-6.72849e-07
-3.02531e-07
-6.66801e-07
-9.49409e-08
-5.21378e-07
-2.15429e-07
-1.1119e-06
1.54619e-07
-1.11556e-06
8.11072e-08
-1.11585e-06
-5.33396e-10
-1.11019e-06
-1.04024e-07
-1.09197e-06
-2.29474e-07
-1.05125e-06
-3.78565e-07
-9.7358e-07
-5.48315e-07
-8.42444e-07
-7.23597e-07
-6.44898e-07
-8.70394e-07
-3.88313e-07
-9.23386e-07
-1.34432e-07
-7.75259e-07
-3.4986e-07
-8.84403e-07
1.289e-07
-8.64217e-07
6.09215e-08
-8.57178e-07
-7.57257e-09
-8.62385e-07
-9.88169e-08
-8.73853e-07
-2.18006e-07
-8.82755e-07
-3.69663e-07
-8.73969e-07
-5.57102e-07
-8.24052e-07
-7.73513e-07
-6.98548e-07
-9.95898e-07
-4.68129e-07
-1.15381e-06
-1.85015e-07
-1.05837e-06
-5.34875e-07
-5.40484e-07
5.28589e-08
-4.82096e-07
2.53426e-09
-4.52831e-07
-3.68375e-08
-4.55353e-07
-9.62953e-08
-4.80912e-07
-1.92447e-07
-5.26525e-07
-3.2405e-07
-5.87048e-07
-4.96579e-07
-6.43587e-07
-7.16974e-07
-6.47453e-07
-9.92032e-07
-5.08761e-07
-1.2925e-06
-2.40237e-07
-1.3269e-06
-7.75112e-07
-9.79838e-08
-8.51369e-08
1.19842e-08
-1.07434e-07
7.26713e-08
-9.75246e-08
8.68622e-08
-1.10486e-07
7.16529e-08
-1.77238e-07
2.59044e-08
-2.78301e-07
-6.85363e-08
-4.02139e-07
-2.26242e-07
-5.59268e-07
-4.16308e-07
-8.01966e-07
-4.51572e-07
-1.25723e-06
-2.69072e-07
-1.5094e-06
-1.04418e-06
4.3034e-07
-2.81843e-07
5.93316e-07
-2.7041e-07
6.83846e-07
-1.88055e-07
7.13481e-07
-1.4012e-07
7.25492e-07
-1.89249e-07
7.28403e-07
-2.81212e-07
6.87039e-07
-3.60775e-07
5.10459e-07
-3.82689e-07
1.2523e-07
-4.16737e-07
-1.91659e-07
-9.40344e-07
-2.26718e-07
-1.47434e-06
-1.2709e-06
1.04474e-06
-4.93721e-07
1.23856e-06
-4.64236e-07
1.33829e-06
-2.87785e-07
1.35622e-06
-1.5805e-07
1.38184e-06
-2.14868e-07
1.44566e-06
-3.45032e-07
1.5574e-06
-4.72512e-07
1.58297e-06
-4.08255e-07
1.20776e-06
-4.15263e-08
5.20306e-07
-2.52893e-07
3.60088e-08
-9.90043e-07
-1.23489e-06
1.77931e-06
-5.88457e-07
1.92433e-06
-6.09256e-07
1.99061e-06
-3.54063e-07
1.95304e-06
-1.20489e-07
1.95456e-06
-2.16382e-07
2.01666e-06
-4.07138e-07
2.20286e-06
-6.58712e-07
2.50899e-06
-7.14381e-07
2.66317e-06
-1.95711e-07
1.91087e-06
4.99407e-07
8.33624e-07
8.72073e-08
-4.01268e-07
2.63726e-06
-4.22205e-07
2.57977e-06
-5.5176e-07
2.5636e-06
-3.37894e-07
2.45338e-06
-1.02699e-08
2.42955e-06
-1.92556e-07
2.45536e-06
-4.32946e-07
2.52916e-06
-7.32511e-07
2.83286e-06
-1.01808e-06
3.24366e-06
-6.06519e-07
2.97121e-06
7.71862e-07
1.96062e-06
1.09779e-06
1.55935e-06
-6.90784e-08
6.90784e-08
-1.72571e-07
1.03493e-07
-3.28931e-07
1.5636e-07
-4.7963e-07
1.50699e-07
-3.51307e-07
-1.28323e-07
-2.55334e-07
-9.5973e-08
-2.03743e-07
-5.15916e-08
-1.72411e-07
-3.13316e-08
-6.1757e-08
-1.10654e-07
6.95447e-08
-1.31302e-07
1.82143e-07
-1.12598e-07
-1.17884e-07
3.00027e-07
2.53626e-08
4.37158e-08
-3.82852e-08
1.67141e-07
-9.67344e-08
2.14809e-07
-1.02747e-07
1.56712e-07
-2.07678e-07
-2.33917e-08
-2.35445e-07
-6.82066e-08
-2.10233e-07
-7.68036e-08
-1.3886e-07
-1.02705e-07
-8.34251e-08
-1.66089e-07
2.16595e-09
-2.16893e-07
1.27995e-07
-2.38427e-07
-2.44552e-07
2.54664e-07
2.55486e-08
1.81671e-08
-4.23444e-08
2.35034e-07
-8.35007e-08
2.55965e-07
-1.14024e-07
1.87235e-07
-2.01502e-07
6.40868e-08
-2.60571e-07
-9.13787e-09
-2.82214e-07
-5.5161e-08
-2.7964e-07
-1.05278e-07
-2.64325e-07
-1.81404e-07
-2.1781e-07
-2.63408e-07
-1.27764e-07
-3.28473e-07
-3.82929e-07
1.06131e-08
-8.77599e-08
1.05927e-07
-1.54543e-07
3.01817e-07
-1.88269e-07
2.89691e-07
-2.08011e-07
2.06977e-07
-2.51364e-07
1.0744e-07
-3.00657e-07
4.01546e-08
-3.5015e-07
-5.66787e-09
-3.98096e-07
-5.73325e-08
-4.43055e-07
-1.36444e-07
-4.66459e-07
-2.40004e-07
-4.4949e-07
-3.45442e-07
-4.44061e-07
-3.88358e-07
-2.7681e-07
3.82737e-07
-3.21103e-07
3.46109e-07
-2.90992e-07
2.5958e-07
-2.62522e-07
1.78507e-07
-2.64222e-07
1.0914e-07
-2.99413e-07
7.53458e-08
-3.68378e-07
6.32966e-08
-4.59512e-07
3.38012e-08
-5.67446e-07
-2.85101e-08
-6.79354e-07
-1.28095e-07
-7.78826e-07
-2.45971e-07
-3.99442e-07
-8.23445e-07
-3.0307e-07
6.85807e-07
-3.37364e-07
3.80403e-07
-2.73793e-07
1.96009e-07
-2.2205e-07
1.26765e-07
-2.00577e-07
8.76667e-08
-2.26527e-07
1.01295e-07
-3.14454e-07
1.51224e-07
-4.4702e-07
1.66366e-07
-6.08681e-07
1.33151e-07
-7.83449e-07
4.66732e-08
-9.79141e-07
-5.02788e-08
-2.15714e-07
-1.16287e-06
-1.32058e-07
8.17865e-07
-2.35477e-07
4.83823e-07
-1.75615e-07
1.36146e-07
-1.32156e-07
8.33059e-08
-1.01097e-07
5.66073e-08
-1.13729e-07
1.13928e-07
-2.12267e-07
2.49763e-07
-3.59724e-07
3.13823e-07
-5.17026e-07
2.90454e-07
-6.97087e-07
2.26734e-07
-9.48763e-07
2.01397e-07
8.24081e-08
-1.24688e-06
-1.74765e-07
9.9263e-07
-1.99406e-07
5.08464e-07
-1.02968e-07
3.97081e-08
-6.53281e-08
4.56661e-08
-2.90626e-08
2.03418e-08
-2.44388e-08
1.09304e-07
-1.24472e-07
3.49796e-07
-2.67238e-07
4.56588e-07
-3.83538e-07
4.06754e-07
-4.82289e-07
3.25485e-07
-7.13795e-07
4.32903e-07
3.83617e-07
-1.015e-06
1.86466e-07
8.06163e-07
-5.96389e-08
7.5457e-07
-1.65411e-08
-3.38974e-09
4.86347e-08
-1.95096e-08
4.04284e-08
2.85481e-08
1.69437e-08
1.32789e-07
-1.0474e-07
4.71479e-07
-2.71347e-07
6.23196e-07
-3.90659e-07
5.26066e-07
-3.37497e-07
2.72323e-07
-5.13415e-07
6.08822e-07
4.9153e-07
-6.21328e-07
3.37009e-08
7.72462e-07
1.72535e-07
6.15735e-07
3.09096e-07
-1.39951e-07
3.45979e-07
-5.63922e-08
2.33877e-07
1.4065e-07
9.05578e-08
2.76109e-07
-1.07897e-07
6.69935e-07
-3.5576e-07
8.71059e-07
-5.65464e-07
7.3577e-07
-5.70392e-07
2.77251e-07
-2.35688e-07
2.74118e-07
2.75371e-07
-1.95295e-08
-8.33873e-09
7.80801e-07
1.5986e-07
4.47537e-07
5.80359e-07
-5.60451e-07
7.0513e-07
-1.81163e-07
7.14963e-07
1.30817e-07
5.78377e-07
4.12694e-07
3.43549e-07
9.04763e-07
7.82945e-08
1.13631e-06
-5.1134e-08
8.65198e-07
6.76983e-08
1.58419e-07
1.50269e-07
1.91548e-07
-1.74213e-07
5.99853e-07
4.47975e-07
3.32826e-07
7.56477e-07
1.39035e-07
1.07303e-06
-8.76998e-07
1.30907e-06
-4.17209e-07
1.48278e-06
-4.28889e-08
1.58941e-06
3.06059e-07
1.60183e-06
8.92346e-07
1.69837e-06
1.03978e-06
2.02249e-06
5.41075e-07
2.30601e-06
-1.25098e-07
2.26293e-06
2.34628e-07
2.00625e-06
8.24626e-08
4.27297e-07
-1.2727e-07
5.56031e-07
-1.28735e-07
6.47422e-07
-9.13902e-08
6.36861e-07
1.05602e-08
5.6708e-07
6.97816e-08
4.82592e-07
8.44878e-08
3.86231e-07
9.6361e-08
2.83449e-07
1.02782e-07
1.81888e-07
1.01561e-07
9.12402e-08
9.06482e-08
2.51e-08
6.61403e-08
2.51e-08
3.90401e-07
-2.63008e-07
5.27452e-07
-2.65785e-07
6.29251e-07
-1.93189e-07
7.05777e-07
-6.59656e-08
7.51827e-07
2.37309e-08
7.21025e-07
1.1529e-07
6.2841e-07
1.88975e-07
4.91614e-07
2.39578e-07
3.33335e-07
2.59839e-07
1.78572e-07
2.45411e-07
5.62521e-08
1.88461e-07
8.13521e-08
1.70174e-07
-4.22569e-07
3.36798e-07
-4.32409e-07
5.08981e-07
-3.65372e-07
6.74396e-07
-2.3138e-07
7.82329e-07
-8.42018e-08
7.9092e-07
1.06699e-07
7.2e-07
2.59895e-07
5.84176e-07
3.75402e-07
4.10003e-07
4.34012e-07
2.26181e-07
4.29233e-07
7.20011e-08
3.4264e-07
1.53353e-07
-2.51985e-07
-5.58942e-07
-3.30223e-08
-6.51372e-07
2.64348e-07
-6.62742e-07
5.53202e-07
-5.20235e-07
6.87959e-07
-2.18958e-07
7.20695e-07
7.39626e-08
6.86503e-07
2.94087e-07
5.79472e-07
4.82433e-07
4.24415e-07
5.89069e-07
2.42964e-07
6.10684e-07
8.02708e-08
5.05334e-07
2.33624e-07
-7.87786e-07
-5.946e-07
-6.22232e-07
-8.16927e-07
-3.19576e-07
-9.65397e-07
4.90375e-08
-8.88849e-07
3.1544e-07
-4.85361e-07
4.40246e-07
-5.08432e-08
5.11249e-07
2.23084e-07
4.84033e-07
5.09649e-07
3.92921e-07
6.80181e-07
2.43134e-07
7.60471e-07
8.61996e-08
6.62268e-07
3.19824e-07
-1.30024e-06
-4.5723e-07
-1.30069e-06
-8.16473e-07
-1.10072e-06
-1.16537e-06
-6.98599e-07
-1.29097e-06
-2.36345e-07
-9.47615e-07
1.08296e-08
-2.98018e-07
2.31596e-07
2.31844e-09
3.24283e-07
4.16962e-07
3.40336e-07
6.64128e-07
2.44306e-07
8.56501e-07
1.20506e-07
7.86068e-07
4.40329e-07
-1.58553e-06
-1.1859e-07
-1.82734e-06
-5.74657e-07
-1.87849e-06
-1.11423e-06
-1.66437e-06
-1.50508e-06
-1.02087e-06
-1.59112e-06
-7.60639e-07
-5.58247e-07
-2.83505e-07
-4.74815e-07
6.54531e-08
6.80038e-08
2.53744e-07
4.75838e-07
1.99341e-07
9.10904e-07
6.00218e-08
9.25387e-07
5.00351e-07
-1.47996e-06
3.46368e-07
-1.92295e-06
-1.31674e-07
-2.30338e-06
-7.33793e-07
-2.65875e-06
-1.14971e-06
-2.64392e-06
-1.60595e-06
-2.00723e-06
-1.19494e-06
-9.17891e-07
-1.56415e-06
-2.33692e-07
-6.16196e-07
1.96548e-07
4.55977e-08
1.81191e-07
9.26261e-07
1.14127e-07
9.92451e-07
6.14478e-07
-9.50037e-07
6.75077e-07
-1.25024e-06
1.68524e-07
-1.36768e-06
-6.16352e-07
-1.63245e-06
-8.8493e-07
-1.77183e-06
-1.46658e-06
-1.70384e-06
-1.26293e-06
-1.25676e-06
-2.01124e-06
-4.70415e-07
-1.40254e-06
1.47101e-07
-5.71918e-07
1.80612e-07
8.9275e-07
-3.84752e-08
1.21154e-06
5.76003e-07
-1.66199e-07
8.21747e-07
-4.01128e-07
4.03453e-07
-4.52486e-07
-5.64994e-07
-2.08427e-07
-1.12899e-06
-2.26794e-07
-1.44821e-06
-1.26503e-07
-1.36322e-06
-2.79861e-07
-1.85788e-06
-3.05253e-07
-1.37714e-06
-1.86094e-07
-6.91077e-07
1.33205e-07
5.7345e-07
1.00168e-07
1.24458e-06
6.76171e-07
9.16592e-07
5.05008e-07
1.09994e-06
2.20107e-07
8.72581e-07
-3.37637e-07
4.43425e-07
-6.99834e-07
5.35149e-07
-1.53993e-06
7.08348e-07
-1.53642e-06
6.00977e-07
-1.75051e-06
3.30161e-07
-1.10633e-06
-9.34572e-08
-2.6746e-07
1.38065e-08
4.66186e-07
1.59146e-07
1.09924e-06
8.35316e-07
1.91098e-06
6.0028e-07
1.81065e-06
3.2044e-07
1.61829e-06
-1.45278e-07
1.54745e-06
-6.28992e-07
1.39296e-06
-1.38544e-06
1.14604e-06
-1.28951e-06
7.77003e-07
-1.38147e-06
4.09985e-07
-7.39308e-07
4.45919e-07
-3.03394e-07
4.88829e-07
4.23276e-07
5.35188e-07
1.05288e-06
1.3705e-06
1.80133e-06
-5.06524e-08
-1.89135e-06
2.05762e-06
-2.71223e-07
2.25089e-06
-6.79723e-07
2.66516e-06
-1.29543e-06
2.64239e-06
-1.81942e-08
2.79762e-06
8.94804e-07
2.94281e-06
1.13045e-06
2.98855e-06
8.26675e-07
2.9305e-06
6.72324e-08
2.88395e-06
-3.37747e-07
2.70629e-06
7.35935e-08
2.70233e-07
2.74393e-06
2.86171e-06
-1.50239e-07
-2.76212e-06
3.05628e-06
-4.65798e-07
3.26001e-06
-8.83454e-07
3.18538e-06
-1.2208e-06
3.1953e-06
-2.81182e-08
3.09473e-06
9.95376e-07
3.35513e-06
8.70053e-07
3.70438e-06
4.77432e-07
3.95568e-06
-1.8407e-07
3.82292e-06
-2.04994e-07
3.1729e-06
7.23616e-07
6.48143e-07
2.79499e-06
4.34874e-06
-7.42111e-08
-4.42477e-06
4.32466e-06
-4.41721e-07
4.14534e-06
-7.04135e-07
3.40788e-06
-4.83333e-07
3.50087e-06
-1.2111e-07
3.77905e-06
7.17203e-07
4.08361e-06
5.65488e-07
4.30594e-06
2.55107e-07
4.20617e-06
-8.43039e-08
3.73132e-06
2.69861e-07
3.4117e-06
1.04323e-06
7.11249e-07
3.3486e-06
5.64813e-06
-5.40871e-06
-3.1363e-07
5.54325e-06
-3.36847e-07
5.12222e-06
-2.83098e-07
4.59506e-06
4.38257e-08
4.4725e-06
1.45106e-09
4.78931e-06
4.00385e-07
4.82363e-06
5.3117e-07
4.69244e-06
3.86303e-07
4.23899e-06
3.69146e-07
4.26101e-06
2.47834e-07
4.54769e-06
7.56555e-07
5.09662e-06
1.62319e-07
2.62474e-06
1.09463e-06
2.33218e-06
1.49912e-06
2.35131e-06
5.10853e-07
2.68974e-06
-6.23783e-07
3.09688e-06
-1.19167e-06
3.29279e-06
-9.91728e-07
3.39205e-06
-9.84887e-07
3.34044e-06
-7.98994e-07
3.16421e-06
-3.81952e-07
2.8732e-06
-3.60666e-07
2.9076e-06
-5.74966e-07
6.04359e-07
3.48101e-06
2.95925e-06
9.30377e-07
3.17667e-06
1.2817e-06
3.6649e-06
2.26194e-08
4.11813e-06
-1.07702e-06
4.47613e-06
-1.54967e-06
4.59892e-06
-1.11452e-06
4.7179e-06
-1.10387e-06
4.60847e-06
-6.89561e-07
4.44344e-06
-2.16922e-07
4.33796e-06
-2.55191e-07
4.48137e-06
-7.18372e-07
3.11599e-08
5.05457e-06
3.81619e-06
4.62787e-07
4.42351e-06
6.74379e-07
5.32424e-06
-8.78113e-07
5.79862e-06
-1.5514e-06
5.88212e-06
-1.63316e-06
5.75775e-06
-9.90151e-07
5.86909e-06
-1.2152e-06
5.71898e-06
-5.39452e-07
5.51561e-06
-1.35523e-08
5.56326e-06
-3.02841e-07
5.74336e-06
-8.98477e-07
-2.8674e-07
6.06126e-06
5.66456e-06
-1.05152e-07
6.3844e-06
-4.54654e-08
6.9969e-06
-1.49062e-06
7.23282e-06
-1.78731e-06
6.99316e-06
-1.3935e-06
6.49406e-06
-4.91057e-07
6.29193e-06
-1.01307e-06
6.02025e-06
-2.67769e-07
6.08903e-06
-8.23393e-08
6.46704e-06
-6.80852e-07
6.56859e-06
-1.00002e-06
6.41784e-06
-1.35988e-07
3.07899e-06
3.22681e-07
2.84937e-06
4.40737e-07
2.90733e-06
3.3446e-07
2.92254e-06
3.68018e-07
2.95672e-06
2.80875e-07
3.05479e-06
2.387e-07
3.09214e-06
2.35274e-07
3.10105e-06
-7.77421e-08
3.15324e-06
-5.40796e-07
3.47458e-06
-9.58736e-07
3.66083e-06
-2.38409e-07
3.95321e-07
3.67516e-06
5.02105e-06
3.56199e-07
4.72297e-06
7.38814e-07
4.35918e-06
6.98249e-07
4.12623e-06
6.00976e-07
4.02758e-06
3.79517e-07
4.13127e-06
1.35017e-07
4.42827e-06
-6.17289e-08
4.5186e-06
-1.68071e-07
4.32165e-06
-3.43849e-07
4.17072e-06
-8.07809e-07
4.12875e-06
-1.96435e-07
3.06987e-07
4.21708e-06
6.03645e-06
3.81013e-07
5.74162e-06
1.03364e-06
5.49509e-06
9.44779e-07
5.21614e-06
8.79924e-07
4.88739e-06
7.08273e-07
4.76552e-06
2.5689e-07
5.18107e-06
-4.77287e-07
5.3127e-06
-2.997e-07
5.33772e-06
-3.68863e-07
5.22314e-06
-6.93229e-07
5.12898e-06
-1.02274e-07
4.15811e-07
5.02015e-06
6.1986e-06
6.0025e-07
6.11545e-06
1.11679e-06
6.02345e-06
1.03678e-06
5.95207e-06
9.51301e-07
5.96492e-06
6.95421e-07
6.09071e-06
1.31099e-07
6.16273e-06
-5.49307e-07
5.99109e-06
-1.28057e-07
5.81302e-06
-1.90792e-07
5.75428e-06
-6.34488e-07
5.69026e-06
-3.82531e-08
5.43638e-06
6.69689e-07
3.68163e-06
3.41066e-07
3.71739e-06
7.87156e-08
3.70103e-06
-1.98739e-07
3.40687e-06
-3.56029e-07
3.25355e-06
1.10511e-07
3.18599e-06
3.13964e-07
2.87189e-06
1.31019e-07
2.29113e-06
-4.74369e-09
1.49994e-06
-2.19496e-07
1.05508e-06
-6.53963e-07
1.04305e-06
3.16629e-07
1.52897e-06
1.29273e-06
4.28156e-06
2.76588e-07
4.31714e-06
4.31379e-08
4.32289e-06
-2.04489e-07
4.10935e-06
-1.42488e-07
3.94559e-06
2.74268e-07
3.93666e-06
3.22898e-07
3.62349e-06
4.44182e-07
3.24524e-06
3.73513e-07
2.81705e-06
2.08693e-07
2.14401e-06
1.90775e-08
1.73959e-06
7.21047e-07
2.17541e-07
3.05101e-06
4.85834e-06
4.38398e-07
4.63634e-06
2.65142e-07
4.31223e-06
1.19624e-07
4.20633e-06
-3.65945e-08
4.37238e-06
1.08223e-07
4.33406e-06
3.61217e-07
3.8348e-06
9.43439e-07
3.39094e-06
8.17379e-07
3.40294e-06
1.96685e-07
3.20097e-06
2.21046e-07
3.52945e-06
3.92568e-07
1.22616e-07
3.62438e-06
5.2971e-06
5.77673e-07
5.13474e-06
4.27506e-07
4.99972e-06
2.54644e-07
5.0246e-06
-6.14694e-08
4.9721e-06
1.6072e-07
4.63414e-06
6.99172e-07
4.35781e-06
1.21978e-06
4.14984e-06
1.02535e-06
4.23123e-06
1.1529e-07
4.52695e-06
-7.4667e-08
4.81887e-06
1.00646e-07
4.70099e-06
2.40489e-07
1.42403e-06
8.39922e-07
1.81178e-06
6.58346e-07
2.3814e-06
-2.78156e-07
2.74026e-06
-6.82958e-07
2.9421e-06
-6.7483e-07
2.99064e-06
-4.37095e-07
3.20409e-06
-5.84717e-07
3.46426e-06
-4.9243e-07
4.02664e-06
-4.3473e-07
4.04922e-06
2.33526e-07
3.75364e-06
3.6701e-07
2.87499e-07
3.36707e-06
2.99572e-06
8.95213e-07
3.42372e-06
2.30344e-07
3.97395e-06
-8.28381e-07
4.23731e-06
-9.4632e-07
4.21524e-06
-6.52762e-07
4.0238e-06
-2.45655e-07
3.96105e-06
-5.21963e-07
3.76445e-06
-2.95832e-07
3.65473e-06
-3.2501e-07
3.59222e-06
2.96038e-07
3.64235e-06
3.1688e-07
5.38818e-07
3.39103e-06
3.91453e-06
6.05067e-07
4.45292e-06
-3.0805e-07
5.04312e-06
-1.41858e-06
5.23133e-06
-1.13453e-06
5.02834e-06
-4.49777e-07
4.83305e-06
-5.0367e-08
4.79038e-06
-4.79289e-07
4.59882e-06
-1.04277e-07
3.99979e-06
2.7402e-07
3.901e-06
3.9483e-07
4.01965e-06
1.98226e-07
7.94548e-07
3.76392e-06
4.64431e-06
6.61747e-07
5.11303e-06
-7.76763e-07
5.7027e-06
-2.00825e-06
5.78473e-06
-1.21656e-06
5.39363e-06
-5.86735e-08
5.13872e-06
2.04539e-07
5.08575e-06
-4.26316e-07
5.0344e-06
-5.29269e-08
5.02853e-06
2.7989e-07
5.00339e-06
4.19975e-07
4.71561e-06
4.85998e-07
4.53156e-06
9.78597e-07
2.98383e-06
-3.89723e-08
2.84296e-06
-4.10887e-07
2.85683e-06
-3.51767e-07
2.79704e-06
4.95255e-08
2.86287e-06
-2.58389e-07
2.91674e-06
-4.86814e-07
2.86769e-06
-6.83464e-07
2.92397e-06
-1.07436e-06
3.22834e-06
-9.10889e-07
3.48222e-06
5.17979e-07
3.25834e-06
1.32168e-06
1.69227e-06
3.12541e-06
2.94224e-06
4.09818e-07
2.62484e-06
-9.34887e-08
2.73185e-06
-4.58772e-07
3.04452e-06
-2.63147e-07
3.43084e-06
-6.44706e-07
3.59281e-06
-6.48787e-07
3.47181e-06
-5.62459e-07
3.31413e-06
-9.16682e-07
3.43425e-06
-1.03101e-06
3.53841e-06
4.13813e-07
3.59161e-06
1.26849e-06
1.54188e-06
3.74201e-06
3.38639e-06
7.87357e-07
3.10837e-06
1.84529e-07
3.3198e-06
-6.70207e-07
4.2033e-06
-1.14664e-06
4.61428e-06
-1.05568e-06
4.69589e-06
-7.30396e-07
4.4336e-06
-3.00175e-07
3.97879e-06
-4.61868e-07
3.55249e-06
-6.04711e-07
3.46246e-06
5.03846e-07
3.77524e-06
9.55708e-07
1.36797e-06
3.94914e-06
4.70689e-06
6.12035e-07
5.0948e-06
-2.03384e-07
5.46839e-06
-1.0438e-06
5.8754e-06
-1.55365e-06
6.14364e-06
-1.32392e-06
5.99862e-06
-5.85373e-07
5.58342e-06
1.15021e-07
4.96633e-06
1.55219e-07
4.24891e-06
1.12714e-07
4.4651e-06
2.87654e-07
5.03382e-06
3.8699e-07
5.42091e-06
9.80882e-07
3.08906e-06
3.69181e-07
3.12018e-06
1.07912e-07
2.58683e-06
-3.43641e-07
2.41901e-06
-2.49398e-07
2.54631e-06
-1.7018e-07
2.69867e-06
1.53694e-07
2.89368e-06
6.9734e-07
3.14084e-06
7.92615e-07
3.4472e-06
2.34715e-07
3.53683e-06
-2.14735e-07
3.46466e-06
3.068e-07
3.51981e-07
3.19514e-06
3.89579e-06
2.15399e-07
4.13388e-06
-1.30176e-07
3.89159e-06
-1.01349e-07
3.66043e-06
-1.82383e-08
3.50174e-06
-1.14924e-08
3.52781e-06
1.27624e-07
3.86536e-06
3.59793e-07
4.10709e-06
5.50878e-07
4.11759e-06
2.24221e-07
3.86166e-06
4.11922e-08
3.69805e-06
4.70409e-07
1.4192e-07
3.90811e-06
3.90291e-06
2.61635e-07
4.16427e-06
-3.91544e-07
4.49843e-06
-4.355e-07
4.56393e-06
-8.37392e-08
4.3743e-06
1.78137e-07
4.29247e-06
2.09454e-07
4.59185e-06
6.04102e-08
4.86527e-06
2.77462e-07
4.64636e-06
4.43124e-07
4.07132e-06
6.1624e-07
4.15541e-06
3.8631e-07
-2.04399e-07
4.50173e-06
5.24426e-06
4.38277e-07
5.4871e-06
-6.34378e-07
5.70032e-06
-6.48717e-07
5.51124e-06
1.05338e-07
5.19485e-06
4.94528e-07
4.91052e-06
4.93785e-07
4.93899e-06
3.19382e-08
5.10391e-06
1.12537e-07
5.14732e-06
3.99716e-07
4.92191e-06
8.41649e-07
4.84525e-06
4.62971e-07
4.55441e-06
8.64389e-08
3.08012e-06
7.15297e-07
2.77964e-06
6.20922e-07
2.51575e-06
1.18612e-07
2.39221e-06
-5.05448e-07
2.18361e-06
-1.17685e-06
1.85303e-06
-9.58924e-07
1.45113e-06
-9.79571e-07
1.283e-06
-5.71182e-07
1.44075e-06
-4.61144e-07
1.56411e-06
2.99922e-07
1.84218e-06
7.74806e-07
1.32133e-06
3.96364e-06
6.59767e-07
3.62921e-06
9.55352e-07
3.39028e-06
3.57542e-07
3.3103e-06
-4.25465e-07
3.2571e-06
-1.12364e-06
2.97846e-06
-6.80285e-07
2.69255e-06
-6.93662e-07
2.52391e-06
-4.02544e-07
2.49543e-06
-4.3266e-07
2.50324e-06
2.92116e-07
2.80274e-06
4.75299e-07
1.36195e-06
4.67995e-06
4.81555e-07
4.32551e-06
1.30979e-06
4.30567e-06
3.77383e-07
4.38515e-06
-5.0495e-07
4.52671e-06
-1.2652e-06
4.26042e-06
-4.14e-07
4.09766e-06
-5.30905e-07
3.95456e-06
-2.59442e-07
3.83361e-06
-3.11708e-07
3.79814e-06
3.27589e-07
4.12918e-06
1.44256e-07
1.06637e-06
4.73165e-06
3.04317e-07
4.86826e-06
1.17318e-06
5.52001e-06
-2.74366e-07
5.90291e-06
-8.87852e-07
6.08214e-06
-1.44443e-06
5.66529e-06
2.85334e-09
5.61414e-06
-4.79756e-07
5.63114e-06
-2.76448e-07
5.55879e-06
-2.39355e-07
5.25787e-06
6.28509e-07
5.27671e-06
1.25412e-07
9.34372e-07
-3.09852e-06
-2.22244e-07
3.00713e-06
-3.41147e-06
-2.38967e-08
-3.68642e-06
-8.14513e-09
-3.78592e-06
1.43322e-07
-3.98139e-06
1.96925e-07
-3.90487e-06
3.23865e-07
-3.72925e-06
3.55548e-07
-3.65564e-06
3.12691e-07
-3.53027e-06
2.43781e-07
-3.44143e-06
1.58995e-07
-2.94826e-06
2.63381e-07
-5.90087e-07
-2.19585e-06
-2.75135e-06
-5.92173e-08
2.58832e-06
-2.83347e-06
5.82242e-08
-2.91954e-06
7.7927e-08
-3.00548e-06
2.29262e-07
-3.08574e-06
2.77188e-07
-3.03734e-06
2.75461e-07
-2.95659e-06
2.74803e-07
-2.85288e-06
2.08977e-07
-2.69261e-06
8.35051e-08
-2.51474e-06
-1.88669e-08
-2.14655e-06
-1.04809e-07
-7.66761e-07
-1.96988e-06
-2.10762e-06
5.17664e-08
1.99664e-06
-2.16054e-06
1.11144e-07
-2.21542e-06
1.32799e-07
-2.24822e-06
2.62069e-07
-2.25763e-06
2.86593e-07
-2.20292e-06
2.20756e-07
-2.10096e-06
1.72836e-07
-1.96885e-06
7.68693e-08
-1.8462e-06
-3.91388e-08
-1.76958e-06
-9.54947e-08
-1.72654e-06
-1.47848e-07
-6.05284e-07
-1.88801e-06
-1.48742e-06
1.39478e-06
1.44402e-07
-1.5376e-06
1.61326e-07
-1.581e-06
1.76197e-07
-1.58526e-06
2.66327e-07
-1.55706e-06
2.58393e-07
-1.49881e-06
1.62505e-07
-1.40259e-06
7.66145e-08
-1.28339e-06
-4.23301e-08
-1.17642e-06
-1.4611e-07
-1.10135e-06
-1.70561e-07
-1.09376e-06
-1.5544e-07
-1.50762e-06
-1.91424e-07
-1.5052e-06
-7.95807e-07
-1.176e-06
-3.74661e-07
-1.30524e-06
-1.36138e-06
-1.97811e-06
-1.11444e-06
-2.7516e-06
-6.20014e-07
-3.13501e-06
-1.07647e-07
-2.87294e-06
-1.27514e-06
-3.15029e-06
9.586e-09
-2.9314e-06
-3.0123e-07
-2.61582e-06
-9.96427e-07
-2.78205e-06
-8.33797e-07
2.49593e-07
-3.16763e-06
-1.61496e-06
-1.15072e-06
-1.27846e-06
-7.11164e-07
-1.53445e-06
-1.10539e-06
-1.9768e-06
-6.72087e-07
-2.40468e-06
-1.92131e-07
-2.44989e-06
-6.2439e-08
-2.91465e-06
-8.10379e-07
-2.81204e-06
-9.30239e-08
-2.72927e-06
-3.83996e-07
-2.89469e-06
-8.31008e-07
-3.1855e-06
-5.42985e-07
3.2799e-07
-3.2639e-06
-1.63324e-06
-1.40549e-06
-1.54081e-06
-8.03598e-07
-1.82496e-06
-8.2124e-07
-2.1069e-06
-3.90146e-07
-2.22344e-06
-7.5595e-08
-2.27242e-06
-1.34609e-08
-2.56961e-06
-5.13191e-07
-2.4851e-06
-1.77528e-07
-2.51785e-06
-3.51251e-07
-2.7718e-06
-5.77062e-07
-3.00856e-06
-3.06216e-07
3.12603e-07
-2.99318e-06
-1.35998e-06
-1.55313e-06
-1.39759e-06
-7.65989e-07
-1.67122e-06
-5.47609e-07
-1.8789e-06
-1.82468e-07
-1.93585e-06
-1.86467e-08
-1.93891e-06
-1.04033e-08
-2.12372e-06
-3.2838e-07
-2.12006e-06
-1.81188e-07
-2.1978e-06
-2.73506e-07
-2.40142e-06
-3.73446e-07
-2.55268e-06
-1.5496e-07
-2.50411e-06
2.64037e-07
-3.38876e-06
8.21381e-07
-3.32104e-06
1.04907e-06
-3.20593e-06
9.2167e-07
-3.12856e-06
8.73925e-07
-3.03602e-06
6.02881e-07
-2.95345e-06
4.85262e-08
-3.19074e-06
-3.12009e-07
-3.29477e-06
-2.40295e-08
-3.45968e-06
-2.58784e-08
-3.88798e-06
-2.06191e-07
-4.08495e-06
1.58714e-07
5.63966e-07
-3.97923e-06
-3.27026e-06
8.27736e-07
-3.09707e-06
8.75889e-07
-2.98022e-06
8.04815e-07
-2.8429e-06
7.36606e-07
-2.74539e-06
5.05373e-07
-2.82325e-06
1.26389e-07
-3.03301e-06
-1.02246e-07
-3.10975e-06
5.27086e-08
-3.23936e-06
1.03733e-07
-3.56719e-06
1.21635e-07
-3.73785e-06
3.29374e-07
4.14176e-07
-3.58806e-06
-2.85719e-06
6.91744e-07
-2.68165e-06
7.0035e-07
-2.54058e-06
6.63744e-07
-2.40252e-06
5.98549e-07
-2.3254e-06
4.2825e-07
-2.38297e-06
1.83964e-07
-2.52493e-06
3.97137e-08
-2.59137e-06
1.1915e-07
-2.68684e-06
1.99204e-07
-2.84976e-06
2.84551e-07
-2.91918e-06
3.98792e-07
3.36864e-07
-2.84186e-06
-2.34654e-06
5.34178e-07
-2.19029e-06
5.44098e-07
-2.04964e-06
5.23093e-07
-1.91722e-06
4.66125e-07
-1.83577e-06
3.46807e-07
-1.8442e-06
1.92387e-07
-1.90847e-06
1.03986e-07
-1.93585e-06
1.46527e-07
-1.95202e-06
2.1538e-07
-1.95572e-06
2.88253e-07
-1.89554e-06
3.38609e-07
-1.98492e-06
4.26241e-07
-3.77944e-06
3.77888e-07
-3.70684e-06
3.54904e-07
-3.66338e-06
2.11183e-07
-3.83443e-06
1.0958e-07
-4.05603e-06
3.82319e-07
-4.10869e-06
7.51837e-07
-3.91269e-06
1.02378e-06
-3.59698e-06
7.09635e-07
-3.5536e-06
7.19084e-08
-3.57109e-06
-5.7176e-08
-3.51422e-06
4.37723e-08
1.84128e-07
-3.45785e-06
-3.16381e-06
-4.63639e-08
-2.98393e-06
1.75021e-07
-2.94321e-06
1.7047e-07
-3.03453e-06
2.00898e-07
-3.09186e-06
4.39649e-07
-3.01106e-06
6.71037e-07
-2.73951e-06
7.52221e-07
-2.50492e-06
4.75051e-07
-2.53467e-06
1.01654e-07
-2.55819e-06
-3.36586e-08
-2.45642e-06
-5.79919e-08
-3.53435e-08
-2.23695e-06
-2.3939e-06
-4.94329e-07
-2.19565e-06
-2.32251e-08
-2.14699e-06
1.21812e-07
-2.17015e-06
2.24052e-07
-2.13974e-06
4.09243e-07
-2.02216e-06
5.5345e-07
-1.82936e-06
5.59429e-07
-1.71148e-06
3.57171e-07
-1.7309e-06
1.21067e-07
-1.74963e-06
-1.49283e-08
-1.71452e-06
-9.30975e-08
-1.26236e-07
-1.62363e-06
-1.57394e-06
-9.05305e-07
-1.4811e-06
-1.16063e-07
-1.47185e-06
1.12561e-07
-1.48039e-06
2.32594e-07
-1.43805e-06
3.66899e-07
-1.34186e-06
4.57262e-07
-1.21937e-06
4.36935e-07
-1.15321e-06
2.91015e-07
-1.1599e-06
1.27752e-07
-1.18331e-06
8.47939e-09
-1.19876e-06
-7.76432e-08
-1.19984e-06
-1.25159e-07
-2.79677e-06
6.66456e-10
-2.59441e-06
-9.79124e-07
-3.17017e-06
-1.43249e-06
-3.60128e-06
-7.85455e-07
-3.54208e-06
-1.17869e-07
-3.38872e-06
5.11739e-08
-3.67141e-06
-1.43621e-07
-3.84529e-06
1.20948e-07
-3.81803e-06
2.52631e-07
-3.77888e-06
3.80829e-07
-4.01601e-06
7.23123e-07
5.8984e-07
-3.62725e-06
-1.98487e-06
-2.51415e-07
-2.20271e-06
-7.6128e-07
-2.70684e-06
-9.28369e-07
-2.98784e-06
-5.04451e-07
-2.97878e-06
-1.26931e-07
-2.96583e-06
3.82301e-08
-3.13182e-06
2.23691e-08
-3.19964e-06
1.8876e-07
-3.23509e-06
2.88085e-07
-3.23549e-06
3.81224e-07
-2.96649e-06
4.5413e-07
1.42391e-07
-2.51904e-06
-1.59416e-06
-2.80882e-07
-1.83806e-06
-5.17378e-07
-2.20143e-06
-5.65006e-07
-2.39598e-06
-3.09895e-07
-2.43544e-06
-8.74755e-08
-2.43978e-06
4.25699e-08
-2.5014e-06
8.39894e-08
-2.48897e-06
1.76332e-07
-2.42435e-06
2.23465e-07
-2.29116e-06
2.48031e-07
-2.05244e-06
2.15417e-07
-7.43792e-08
-1.83567e-06
-1.25885e-06
-2.21864e-07
-1.45438e-06
-3.21854e-07
-1.69818e-06
-3.21204e-07
-1.83697e-06
-1.71105e-07
-1.87849e-06
-4.59554e-08
-1.87e-06
3.40789e-08
-1.85104e-06
6.50321e-08
-1.76988e-06
9.51661e-08
-1.63135e-06
8.49422e-08
-1.43233e-06
4.90069e-08
-1.20748e-06
-9.42761e-09
-1.23572e-06
-4.6144e-08
-2.847e-06
-1.6821e-07
-2.3219e-06
-7.28485e-07
-2.15574e-06
-1.20996e-06
-2.23189e-06
-1.4775e-06
-2.08034e-06
-1.47548e-06
-2.62174e-06
-4.39736e-08
-3.2769e-06
7.70188e-07
-3.34517e-06
2.23481e-07
-3.31981e-06
8.7357e-08
-3.0798e-06
4.7646e-08
-2.61391e-06
-7.88971e-08
7.54759e-07
-2.38779e-06
-1.92391e-06
-7.63338e-07
-1.61884e-06
-1.03356e-06
-1.52788e-06
-1.30093e-06
-1.52829e-06
-1.47709e-06
-1.68435e-06
-1.31942e-06
-1.41208e-06
-3.16237e-07
-1.35763e-06
7.15738e-07
-1.98031e-06
8.46159e-07
-2.18721e-06
2.94255e-07
-2.20631e-06
6.67514e-08
-2.24043e-06
-4.4785e-08
4.3331e-07
-1.91898e-06
-1.44852e-06
-1.15049e-06
-1.24475e-06
-1.23733e-06
-1.21494e-06
-1.33073e-06
-1.25996e-06
-1.43207e-06
-1.26286e-06
-1.31652e-06
-8.90233e-07
-6.88867e-07
-4.99569e-07
3.25074e-07
-9.1255e-07
1.25914e-06
-1.35373e-06
7.35439e-07
-1.59144e-06
3.04456e-07
-1.75746e-06
1.21237e-07
3.47746e-07
-1.6719e-06
-1.00393e-06
-1.38228e-06
-9.4238e-07
-1.29888e-06
-9.88601e-07
-1.28451e-06
-1.08113e-06
-1.33954e-06
-1.12383e-06
-1.27382e-06
-9.67494e-07
-8.45205e-07
-5.76175e-07
-6.62441e-08
-5.98936e-07
1.2819e-06
-9.44719e-07
1.08122e-06
-1.21199e-06
5.71731e-07
-1.38358e-06
2.9282e-07
-1.38283e-06
3.46998e-07
-2.14177e-06
1.92255e-07
-2.51354e-06
-2.62605e-07
-3.0761e-06
-8.61547e-08
-3.51753e-06
5.4676e-07
-3.64131e-06
6.18309e-07
-3.64624e-06
4.98714e-07
-3.91124e-06
2.9694e-07
-4.11007e-06
3.11373e-07
-3.6624e-06
-4.79594e-08
-3.09058e-06
2.69827e-07
-3.27338e-06
6.45776e-07
3.07235e-07
-3.49418e-06
-1.95283e-06
2.26105e-07
-2.21909e-06
3.65425e-09
-2.54458e-06
2.39333e-07
-2.63437e-06
6.36556e-07
-2.59316e-06
5.77097e-07
-2.49121e-06
3.96765e-07
-2.45814e-06
2.63869e-07
-2.38402e-06
2.37258e-07
-2.49769e-06
6.57047e-08
-2.5202e-06
2.92338e-07
-2.52463e-06
6.50212e-07
1.56879e-07
-2.37428e-06
-1.7013e-06
2.5551e-07
-1.89447e-06
1.96825e-07
-2.02029e-06
3.65147e-07
-1.96097e-06
5.77244e-07
-1.86979e-06
4.85918e-07
-1.81237e-06
3.39343e-07
-1.82712e-06
2.78619e-07
-1.85785e-06
2.67986e-07
-1.96243e-06
1.7028e-07
-1.98331e-06
3.13217e-07
-1.90728e-06
5.74184e-07
1.60544e-07
-1.91094e-06
-1.42342e-06
2.96099e-07
-1.52051e-06
2.93914e-07
-1.55816e-06
4.028e-07
-1.48735e-06
5.06428e-07
-1.42471e-06
4.23281e-07
-1.41106e-06
3.2569e-07
-1.43079e-06
2.98351e-07
-1.44529e-06
2.82488e-07
-1.47442e-06
1.99409e-07
-1.41206e-06
2.50859e-07
-1.23738e-06
3.99502e-07
-1.31382e-06
2.36986e-07
-3.01454e-06
-1.75316e-07
-2.4352e-06
5.93835e-07
-2.09061e-06
-6.18956e-07
-2.42308e-06
-5.55375e-07
-2.48185e-06
-1.38566e-06
-2.7443e-06
2.65307e-07
-2.9843e-06
-2.39753e-07
-2.89004e-06
-3.7071e-07
-3.35558e-06
2.26183e-07
-3.28262e-06
5.55546e-07
-3.25521e-06
9.80097e-08
6.86291e-07
-2.06305e-06
-4.86541e-07
-1.71621e-06
2.4699e-07
-1.5627e-06
-7.7247e-07
-1.87783e-06
-2.40236e-07
-2.23031e-06
-1.03319e-06
-2.51624e-06
5.51231e-07
-2.87131e-06
1.15324e-07
-2.62774e-06
-6.14283e-07
-2.6654e-06
2.63844e-07
-2.66933e-06
5.59473e-07
-2.81301e-06
2.41688e-07
4.61602e-07
-1.67926e-06
-7.18223e-07
-1.21089e-06
-2.21378e-07
-1.49252e-06
-4.90838e-07
-1.48764e-06
-2.45123e-07
-1.71944e-06
-8.0138e-07
-1.53677e-06
3.68556e-07
-2.22107e-06
7.99626e-07
-2.21408e-06
-6.21267e-07
-2.05278e-06
1.02541e-07
-2.00402e-06
5.10714e-07
-2.09121e-06
3.28873e-07
3.67036e-07
-1.11944e-06
-9.126e-07
-9.21638e-07
-4.19183e-07
-9.92363e-07
-4.20114e-07
-9.38732e-07
-2.98753e-07
-1.23574e-06
-5.04373e-07
-8.4345e-07
-2.37332e-08
-8.8678e-07
8.42955e-07
-1.30639e-06
-2.01653e-07
-1.40809e-06
2.04236e-07
-1.36751e-06
4.7014e-07
-1.41625e-06
3.77604e-07
3.45573e-07
-9.48423e-07
2.40184e-07
8.52642e-07
-1.00986e-06
2.2276e-07
-1.04932e-06
2.15656e-07
-1.04261e-06
2.59617e-07
-1.00497e-06
2.20758e-07
-9.51621e-07
1.09156e-07
-8.70651e-07
-4.35588e-09
-7.7024e-07
-1.42741e-07
-6.56127e-07
-2.60223e-07
-5.12113e-07
-3.14575e-07
-2.97041e-07
-3.70511e-07
-4.88466e-07
-5.004e-07
3.49561e-07
3.91023e-07
-5.78228e-07
3.00588e-07
-6.21188e-07
2.58616e-07
-6.15294e-07
2.53723e-07
-5.81114e-07
1.86578e-07
-5.36512e-07
6.45535e-08
-4.74509e-07
-6.63579e-08
-3.99137e-07
-2.18113e-07
-3.0682e-07
-3.5254e-07
-1.82066e-07
-4.39329e-07
-4.4257e-08
-5.0832e-07
-5.32723e-07
-1.46784e-07
4.65709e-07
3.06355e-08
-2.36442e-07
3.90246e-07
-2.84407e-07
3.06581e-07
-2.83839e-07
2.53155e-07
-2.57155e-07
1.59893e-07
-2.22844e-07
3.02431e-08
-1.80022e-07
-1.0918e-07
-1.33278e-07
-2.64857e-07
-7.896e-08
-4.06858e-07
-6.85085e-09
-5.11438e-07
4.28557e-08
-5.58027e-07
-4.89867e-07
1.0526e-07
5.67816e-07
-2.07367e-07
1.88036e-08
4.76702e-07
-2.72145e-08
3.52599e-07
-3.0343e-08
2.56283e-07
-1.07874e-08
1.40338e-07
1.38011e-08
5.65466e-09
3.82008e-08
-1.3358e-07
5.65633e-08
-2.8322e-07
6.97508e-08
-4.20045e-07
7.90277e-08
-5.20715e-07
6.92359e-08
-5.48235e-07
-4.20631e-07
2.51342e-07
6.30107e-07
-3.13633e-07
1.88762e-07
5.39282e-07
1.56721e-07
3.84639e-07
1.57892e-07
2.55112e-07
1.74051e-07
1.24179e-07
1.89191e-07
-9.48526e-09
1.96843e-07
-1.41231e-07
1.89954e-07
-2.76331e-07
1.67922e-07
-3.98013e-07
1.31939e-07
-4.84733e-07
7.75322e-08
-4.93828e-07
-3.43099e-07
2.96348e-07
6.31122e-07
-2.97363e-07
2.80155e-07
5.55475e-07
2.74911e-07
3.89883e-07
2.87228e-07
2.42795e-07
3.03682e-07
1.07724e-07
3.11872e-07
-1.76745e-08
3.05332e-07
-1.34692e-07
2.77829e-07
-2.48828e-07
2.2866e-07
-3.48844e-07
1.60636e-07
-4.16709e-07
7.87363e-08
-4.11927e-07
-2.64362e-07
2.63962e-07
5.30224e-07
-1.63064e-07
3.05189e-07
5.14248e-07
3.34592e-07
3.6048e-07
3.63074e-07
2.14314e-07
3.82726e-07
8.80719e-08
3.85941e-07
-2.08896e-08
3.68246e-07
-1.16997e-07
3.2553e-07
-2.06112e-07
2.58105e-07
-2.8142e-07
1.70842e-07
-3.29445e-07
7.52317e-08
-3.16317e-07
-1.89131e-07
1.90939e-07
3.74401e-07
-3.51159e-08
2.81046e-07
4.24141e-07
3.45409e-07
2.96117e-07
3.90209e-07
1.69514e-07
4.13537e-07
6.47435e-08
4.13125e-07
-2.04777e-08
3.87697e-07
-9.15686e-08
3.35817e-07
-1.54232e-07
2.59353e-07
-2.04956e-07
1.64885e-07
-2.34977e-07
6.75003e-08
-2.18933e-07
-1.2163e-07
9.96679e-08
2.22472e-07
5.22606e-08
2.26384e-07
2.97425e-07
3.17043e-07
2.05458e-07
3.72791e-07
1.13766e-07
3.97613e-07
3.99217e-08
3.94298e-07
-1.71634e-08
3.6496e-07
-6.22307e-08
3.10667e-07
-9.99387e-08
2.34656e-07
-1.28944e-07
1.44298e-07
-1.44619e-07
5.56894e-08
-1.30325e-07
-6.59411e-08
1.50703e-08
1.37781e-07
6.96209e-08
1.60954e-07
1.51541e-07
2.58143e-07
1.08269e-07
3.14e-07
5.79094e-08
3.35997e-07
1.79245e-08
3.30352e-07
-1.15177e-08
3.01557e-07
-3.3436e-08
2.52334e-07
-5.0716e-08
1.86492e-07
-6.31023e-08
1.10878e-07
-6.90053e-08
4.01612e-08
-5.96073e-08
-2.57799e-08
-1.14443e-08
6.13472e-08
8.78781e-08
9.67463e-08
4.33506e-08
1.73623e-07
3.13917e-08
2.15625e-07
1.59076e-08
2.29867e-07
3.68245e-09
2.23116e-07
-4.76647e-09
2.00212e-07
-1.05329e-08
1.64141e-07
-1.46446e-08
1.18188e-07
-1.71488e-08
6.7174e-08
-1.79916e-08
2.19262e-08
-1.43595e-08
-3.85373e-09
-1.10347e-08
7.23819e-08
3.23159e-08
6.37076e-08
7.96153e-08
8.32977e-08
7.85312e-08
6.79983e-08
5.33537e-08
3.62049e-08
1.82133e-08
3.85373e-09
-7.75574e-07
-7.77552e-07
-1.07458e-06
-4.66983e-07
-1.33866e-06
-2.83531e-07
-1.49133e-06
-2.97911e-08
-1.54612e-06
3.61348e-08
-1.56077e-06
4.24914e-09
-1.68575e-06
-2.03399e-07
-1.71929e-06
-1.4765e-07
-1.79773e-06
-1.95059e-07
-1.9404e-06
-2.30779e-07
-2.02803e-06
-6.73278e-08
2.11075e-07
-1.97507e-06
-4.51088e-07
-3.26464e-07
-7.67488e-07
-1.50583e-07
-9.91774e-07
-5.92452e-08
-1.10402e-06
8.24528e-08
-1.15238e-06
8.44987e-08
-1.17655e-06
2.84207e-08
-1.26485e-06
-1.15101e-07
-1.30842e-06
-1.04079e-07
-1.37388e-06
-1.29604e-07
-1.46789e-06
-1.36766e-07
-1.51455e-06
-2.06639e-08
1.61639e-07
-1.46512e-06
-2.74619e-07
-5.1845e-08
-5.10336e-07
8.51336e-08
-6.77343e-07
1.07762e-07
-7.54253e-07
1.59363e-07
-7.90632e-07
1.20878e-07
-8.14588e-07
5.23763e-08
-8.75992e-07
-5.36962e-08
-9.16033e-07
-6.4038e-08
-9.6576e-07
-7.9877e-08
-1.02523e-06
-7.72998e-08
-1.04715e-06
1.26182e-09
1.18133e-07
-1.00365e-06
-1.56157e-07
1.04312e-07
-3.03876e-07
2.32852e-07
-4.10155e-07
2.14042e-07
-4.55417e-07
2.04624e-07
-4.76563e-07
1.42024e-07
-4.93235e-07
6.90477e-08
-5.33313e-07
-1.36178e-08
-5.63927e-07
-3.34239e-08
-5.98555e-07
-4.52494e-08
-6.34548e-07
-4.1307e-08
-6.42301e-07
9.01488e-09
8.1519e-08
-6.05687e-07
-7.3264e-08
1.77576e-07
-1.44292e-07
3.0388e-07
-1.95606e-07
2.65356e-07
-2.11546e-07
2.20564e-07
-2.16604e-07
1.47082e-07
-2.22975e-07
7.54189e-08
-2.46018e-07
9.42558e-09
-2.65868e-07
-1.3574e-08
-2.87658e-07
-2.34593e-08
-3.07937e-07
-2.1028e-08
-3.08205e-07
9.28314e-09
5.22628e-08
-2.78949e-07
-1.69286e-08
1.94505e-07
-2.84237e-08
3.15375e-07
-3.2795e-08
2.69727e-07
-2.30724e-08
2.10841e-07
-1.23749e-08
1.36385e-07
-8.89812e-09
7.19421e-08
-1.75154e-08
1.80428e-08
-2.89634e-08
-2.12596e-09
-4.136e-08
-1.10627e-08
-5.12799e-08
-1.11081e-08
-4.81167e-08
6.11992e-09
3.02942e-08
-2.61481e-08
1.90419e-08
1.75463e-07
5.23855e-08
2.82032e-07
8.19737e-08
2.40139e-07
1.12249e-07
1.80566e-07
1.34655e-07
1.13978e-07
1.46944e-07
5.96533e-08
1.46666e-07
1.83205e-08
1.43207e-07
1.33366e-09
1.37882e-07
-5.73794e-09
1.33447e-07
-6.67252e-09
1.3715e-07
2.41682e-09
1.54914e-08
1.51952e-07
3.90706e-08
1.36392e-07
1.00153e-07
2.20949e-07
1.52706e-07
1.87587e-07
1.96591e-07
1.36682e-07
2.27042e-07
8.35273e-08
2.44504e-07
4.21911e-08
2.49931e-07
1.28935e-08
2.50539e-07
7.25592e-10
2.48793e-07
-3.99163e-09
2.46974e-07
-4.85399e-09
2.49514e-07
-1.22587e-10
6.96315e-09
2.58042e-07
4.68403e-08
8.95516e-08
1.19939e-07
1.4785e-07
1.83266e-07
1.24259e-07
2.32517e-07
8.74307e-08
2.65288e-07
5.07561e-08
2.83882e-07
2.35969e-08
2.9114e-07
5.63608e-09
2.93064e-07
-1.19838e-09
2.92421e-07
-3.34869e-09
2.91024e-07
-3.45696e-09
2.91604e-07
-7.02932e-10
3.41583e-09
2.95151e-07
4.44346e-08
4.5117e-08
1.15136e-07
7.7149e-08
1.76241e-07
6.31539e-08
2.21472e-07
4.22002e-08
2.50005e-07
2.22233e-08
2.65236e-07
8.36564e-09
2.70819e-07
5.34674e-11
2.71847e-07
-2.22715e-09
2.70709e-07
-2.21017e-09
2.688e-07
-1.54825e-09
2.67812e-07
2.85018e-10
2.79412e-09
2.68434e-07
3.27389e-08
1.23781e-08
8.69639e-08
2.2924e-08
1.32539e-07
1.75788e-08
1.64149e-07
1.05902e-08
1.82149e-07
4.22341e-09
1.9022e-07
2.94599e-10
1.91876e-07
-1.60282e-09
1.91019e-07
-1.37011e-09
1.89351e-07
-5.41519e-10
1.87586e-07
2.16565e-10
1.86702e-07
1.16858e-09
2.26756e-09
1.87229e-07
1.23781e-08
3.53022e-08
5.2881e-08
6.34711e-08
6.76946e-08
6.79892e-08
6.63863e-08
6.50162e-08
6.44746e-08
6.46912e-08
6.58598e-08
6.81274e-08
-1.83624e-06
3.95352e-07
-1.69958e-06
4.07429e-07
-1.56788e-06
3.91396e-07
-1.4441e-06
3.42343e-07
-1.35503e-06
2.57741e-07
-1.32129e-06
1.58646e-07
-1.31991e-06
1.02602e-07
-1.29212e-06
1.18739e-07
-1.22081e-06
1.44069e-07
-1.06544e-06
1.32884e-07
-7.11426e-07
-1.54025e-08
-2.85184e-07
-1.35266e-06
2.8289e-07
-1.23683e-06
2.916e-07
-1.12067e-06
2.75241e-07
-1.01086e-06
2.32534e-07
-9.23168e-07
1.70044e-07
-8.67323e-07
1.02801e-07
-8.27718e-07
6.29969e-08
-7.6762e-07
5.8641e-08
-6.64719e-07
4.11682e-08
-4.86296e-07
-4.55388e-08
-2.2424e-07
-2.77458e-07
-5.09425e-07
-9.15341e-07
1.94585e-07
-8.21141e-07
1.97401e-07
-7.25186e-07
1.79286e-07
-6.34476e-07
1.41824e-07
-5.57894e-07
9.3462e-08
-4.99632e-07
4.45392e-08
-4.48341e-07
1.17059e-08
-3.82437e-07
-7.26343e-09
-2.88385e-07
-5.28835e-08
-1.5955e-07
-1.74374e-07
-3.41228e-08
-4.02885e-07
-5.43547e-07
-5.38149e-07
1.27047e-07
-4.65151e-07
1.24403e-07
-3.9122e-07
1.05355e-07
-3.22264e-07
7.28686e-08
-2.63282e-07
3.44792e-08
-2.15536e-07
-3.20679e-09
-1.71364e-07
-3.24654e-08
-1.18547e-07
-6.00805e-08
-5.31124e-08
-1.18318e-07
1.65545e-08
-2.44041e-07
4.7347e-08
-4.33678e-07
-4.962e-07
-2.29186e-07
7.72835e-08
-1.75914e-07
7.11312e-08
-1.23418e-07
5.28581e-08
-7.62303e-08
2.56811e-08
-3.71989e-08
-4.5523e-09
-6.24457e-09
-3.41611e-08
2.17112e-08
-6.04212e-08
5.32002e-08
-9.15695e-08
8.54814e-08
-1.50599e-07
1.04301e-07
-2.62861e-07
7.82519e-08
-4.07629e-07
-4.17948e-07
8.17688e-09
4.29586e-08
4.39138e-08
3.53943e-08
7.71752e-08
1.95967e-08
1.04735e-07
-1.87839e-09
1.25077e-07
-2.48946e-08
1.38722e-07
-4.78061e-08
1.48825e-07
-7.05245e-08
1.57761e-07
-1.00505e-07
1.61051e-07
-1.5389e-07
1.43927e-07
-2.45736e-07
8.56544e-08
-3.49356e-07
-3.32294e-07
1.73733e-07
2.11783e-08
1.94763e-07
1.43643e-08
2.12178e-07
2.18186e-09
2.2374e-07
-1.34404e-08
2.28825e-07
-2.99803e-08
2.27986e-07
-4.69663e-08
2.22941e-07
-6.54802e-08
2.13942e-07
-9.15056e-08
1.95713e-07
-1.35661e-07
1.5593e-07
-2.05953e-07
8.28299e-08
-2.76256e-07
-2.49464e-07
2.69685e-07
9.53519e-09
2.79367e-07
4.6825e-09
2.84997e-07
-3.44841e-09
2.85226e-07
-1.36693e-08
2.79894e-07
-2.46489e-08
2.69439e-07
-3.65111e-08
2.54527e-07
-5.05676e-08
2.34125e-07
-7.11036e-08
2.03061e-07
-1.04598e-07
1.51879e-07
-1.54771e-07
7.53353e-08
-1.99713e-07
-1.74129e-07
2.99686e-07
5.00072e-09
3.01957e-07
2.41127e-09
3.00538e-07
-2.02943e-09
2.9469e-07
-7.82157e-09
2.84445e-07
-1.44038e-08
2.70006e-07
-2.20715e-08
2.51264e-07
-3.18256e-08
2.26451e-07
-4.62909e-08
1.9083e-07
-6.89769e-08
1.37451e-07
-1.01391e-07
6.53336e-08
-1.27595e-07
-1.08795e-07
2.69435e-07
3.99966e-09
2.68678e-07
3.16766e-09
2.65254e-07
1.39491e-09
2.58685e-07
-1.25281e-09
2.48931e-07
-4.64996e-09
2.35862e-07
-9.00187e-09
2.18847e-07
-1.48113e-08
1.95843e-07
-2.32867e-08
1.62786e-07
-3.592e-08
1.14722e-07
-5.33269e-08
5.31675e-08
-6.6041e-08
-5.56277e-08
1.88351e-07
2.87778e-09
1.88713e-07
2.80496e-09
1.87683e-07
2.42494e-09
1.84779e-07
1.65172e-09
1.79701e-07
4.27755e-10
1.71965e-07
-1.26614e-09
1.60738e-07
-3.58401e-09
1.4423e-07
-6.779e-09
1.19492e-07
-1.1182e-08
8.32266e-08
-1.70613e-08
3.80616e-08
-2.08759e-08
-1.75661e-08
7.10051e-08
7.38101e-08
7.6235e-08
7.78867e-08
7.83145e-08
7.70483e-08
7.34643e-08
6.66853e-08
5.55034e-08
3.84421e-08
1.75661e-08
-6.87219e-07
-2.18086e-07
-8.83142e-07
7.98597e-08
-9.47059e-07
1.76479e-07
-9.66084e-07
2.51619e-07
-9.36202e-07
3.37017e-07
-8.683e-07
3.8936e-07
-7.91078e-07
3.59713e-07
-7.50945e-07
2.50882e-07
-7.53854e-07
1.30661e-07
-7.76769e-07
3.13936e-08
-8.10008e-07
-4.44037e-08
-8.7651e-08
-8.47516e-07
-3.11598e-07
9.35118e-08
-4.89629e-07
2.5789e-07
-5.6586e-07
2.5271e-07
-5.90468e-07
2.76228e-07
-5.71788e-07
3.18336e-07
-5.2458e-07
3.42152e-07
-4.73582e-07
3.08715e-07
-4.46518e-07
2.23818e-07
-4.46427e-07
1.3057e-07
-4.6417e-07
4.91366e-08
-4.95676e-07
-1.28981e-08
-4.61589e-08
-5.37168e-07
-1.38945e-07
2.32457e-07
-2.41367e-07
3.60312e-07
-2.98508e-07
3.09851e-07
-3.1659e-07
2.9431e-07
-3.01431e-07
3.03176e-07
-2.65412e-07
3.06134e-07
-2.27836e-07
2.71138e-07
-2.06169e-07
2.02152e-07
-2.02478e-07
1.26879e-07
-2.13105e-07
5.97631e-08
-2.3597e-07
9.9677e-09
-1.38538e-08
-2.68275e-07
-4.71261e-08
2.79583e-07
-8.59114e-08
3.99097e-07
-1.12634e-07
3.36574e-07
-1.16495e-07
2.98171e-07
-9.81418e-08
2.84823e-07
-6.58423e-08
2.73834e-07
-3.36606e-08
2.38956e-07
-1.29582e-08
1.8145e-07
-5.32699e-09
1.19248e-07
-9.06325e-09
6.34995e-08
-2.25228e-08
2.34273e-08
6.72155e-09
-4.30981e-08
3.99769e-09
2.75585e-07
1.12249e-08
3.9187e-07
1.57906e-08
3.32008e-07
2.88032e-08
2.85159e-07
5.41941e-08
2.59432e-07
8.74493e-08
2.40579e-07
1.1897e-07
2.07435e-07
1.41106e-07
1.59314e-07
1.52595e-07
1.07758e-07
1.54487e-07
6.16075e-08
1.48739e-07
2.91752e-08
1.71956e-08
1.38265e-07
3.21436e-08
2.43442e-07
7.27418e-08
3.51272e-07
1.01947e-07
3.02803e-07
1.3139e-07
2.55715e-07
1.65126e-07
2.25697e-07
2.01591e-07
2.04114e-07
2.34548e-07
1.74478e-07
2.58909e-07
1.34954e-07
2.73746e-07
9.29206e-08
2.80022e-07
5.53317e-08
2.80005e-07
2.91925e-08
2.01283e-08
2.77072e-07
4.66157e-08
1.96826e-07
1.08006e-07
2.89881e-07
1.56637e-07
2.54173e-07
1.99301e-07
2.13051e-07
2.40377e-07
1.8462e-07
2.80198e-07
1.64294e-07
3.15028e-07
1.39647e-07
3.41494e-07
1.08488e-07
3.58928e-07
7.54867e-08
3.6833e-07
4.59305e-08
3.72172e-07
2.53502e-08
1.81875e-08
3.74113e-07
5.2431e-08
1.44395e-07
1.24855e-07
2.17458e-07
1.85615e-07
1.93412e-07
2.36992e-07
1.61674e-07
2.82919e-07
1.38693e-07
3.2488e-07
1.22334e-07
3.60839e-07
1.03688e-07
3.88556e-07
8.07712e-08
4.07548e-07
5.64946e-08
4.18823e-07
3.46552e-08
4.24887e-07
1.92859e-08
1.36271e-08
4.29448e-07
5.19514e-08
9.24437e-08
1.26638e-07
1.42771e-07
1.91749e-07
1.28301e-07
2.46247e-07
1.07177e-07
2.93378e-07
9.15623e-08
3.3516e-07
8.05509e-08
3.70584e-07
6.82637e-08
3.98096e-07
5.32595e-08
4.17305e-07
3.7286e-08
4.29141e-07
2.28185e-08
4.35957e-07
1.24704e-08
8.34263e-09
4.41241e-07
4.5767e-08
4.66768e-08
1.13946e-07
7.45916e-08
1.74925e-07
6.73224e-08
2.25892e-07
5.62097e-08
2.69428e-07
4.80257e-08
3.07588e-07
4.23908e-08
3.39837e-07
3.60153e-08
3.64979e-07
2.8117e-08
3.82638e-07
1.96276e-08
3.93574e-07
1.18824e-08
3.99795e-07
6.24969e-09
3.8356e-09
4.04302e-07
3.32507e-08
1.34261e-08
8.504e-08
2.28023e-08
1.31935e-07
2.04271e-08
1.71157e-07
1.69882e-08
2.04639e-07
1.45434e-08
2.34059e-07
1.29706e-08
2.58988e-07
1.10865e-08
2.7845e-07
8.65498e-09
2.92074e-07
6.00431e-09
3.00377e-07
3.57935e-09
3.04822e-07
1.80381e-09
1.02713e-09
3.07631e-07
1.34261e-08
3.62285e-08
5.66555e-08
7.36438e-08
8.81871e-08
1.01158e-07
1.12244e-07
1.20899e-07
1.26904e-07
1.30483e-07
1.32287e-07
1.33314e-07
-9.24362e-07
-1.45017e-07
-1.06661e-06
-1.79605e-07
-1.2265e-06
-1.61316e-07
-1.32146e-06
-7.61465e-08
-1.34971e-06
-1.77083e-08
-1.32707e-06
1.14451e-08
-1.26797e-06
5.92961e-09
-1.15249e-06
-2.03169e-08
-9.79286e-07
-8.82586e-08
-7.35253e-07
-1.95026e-07
-3.97314e-07
-3.47367e-07
-4.43458e-07
-6.04538e-07
-7.76469e-08
-7.02749e-07
-8.13942e-08
-8.04895e-07
-5.91705e-08
-8.65445e-07
-1.55958e-08
-8.80672e-07
-2.48169e-09
-8.52382e-07
-1.68447e-08
-7.8559e-07
-6.08622e-08
-6.74988e-07
-1.30919e-07
-5.20459e-07
-2.42787e-07
-3.22264e-07
-3.93221e-07
-1.09843e-07
-5.59788e-07
-5.53301e-07
-3.17522e-07
-2.84e-08
-3.80838e-07
-1.80784e-08
-4.42473e-07
2.46417e-09
-4.78343e-07
2.02742e-08
-4.83997e-07
3.17245e-09
-4.58085e-07
-4.27567e-08
-4.0268e-07
-1.16267e-07
-3.17929e-07
-2.1567e-07
-2.0984e-07
-3.50876e-07
-9.04326e-08
-5.12629e-07
-3.4113e-09
-6.46809e-07
-5.56712e-07
-7.38819e-08
2.38376e-09
-1.10383e-07
1.84224e-08
-1.43413e-07
3.54946e-08
-1.60557e-07
3.74176e-08
-1.60242e-07
2.85788e-09
-1.41276e-07
-6.17229e-08
-1.0515e-07
-1.52394e-07
-5.50986e-08
-2.65721e-07
-3.75518e-10
-4.05599e-07
4.39734e-08
-5.56977e-07
4.98611e-08
-6.52697e-07
-5.06851e-07
1.22588e-07
1.80612e-08
1.06056e-07
3.49545e-08
9.33783e-08
4.81721e-08
8.95786e-08
4.12173e-08
9.3481e-08
-1.04452e-09
1.04303e-07
-7.2545e-08
1.19728e-07
-1.67819e-07
1.35161e-07
-2.81154e-07
1.41037e-07
-4.11475e-07
1.24611e-07
-5.40552e-07
7.31487e-08
-6.01235e-07
-4.33702e-07
2.72243e-07
2.28904e-08
2.69499e-07
3.76989e-08
2.70587e-07
4.70833e-08
2.75756e-07
3.60488e-08
2.81189e-07
-6.47802e-09
2.84133e-07
-7.54889e-08
2.80933e-07
-1.64618e-07
2.66648e-07
-2.66869e-07
2.3323e-07
-3.78056e-07
1.72603e-07
-4.79925e-07
8.40464e-08
-5.12678e-07
-3.49656e-07
3.76222e-07
2.07815e-08
3.81843e-07
3.20771e-08
3.91033e-07
3.78937e-08
4.01121e-07
2.59607e-08
4.0649e-07
-1.18465e-08
4.02297e-07
-7.12962e-08
3.84025e-07
-1.46347e-07
3.46999e-07
-2.29844e-07
2.85469e-07
-3.16526e-07
1.96159e-07
-3.90616e-07
8.70685e-08
-4.03587e-07
-2.62587e-07
4.35087e-07
1.51426e-08
4.44622e-07
2.25417e-08
4.57163e-07
2.5353e-08
4.68513e-07
1.46105e-08
4.71942e-07
-1.52757e-08
4.61479e-07
-6.08325e-08
4.32213e-07
-1.17081e-07
3.80247e-07
-1.77878e-07
3.0223e-07
-2.38509e-07
1.98815e-07
-2.872e-07
8.33464e-08
-2.88119e-07
-1.79241e-07
4.47651e-07
8.73251e-09
4.57521e-07
1.26724e-08
4.69514e-07
1.33594e-08
4.78937e-07
5.18746e-09
4.78862e-07
-1.52009e-08
4.6323e-07
-4.52001e-08
4.27481e-07
-8.13318e-08
3.68859e-07
-1.19256e-07
2.86077e-07
-1.55727e-07
1.82328e-07
-1.83451e-07
7.3222e-08
-1.79013e-07
-1.06019e-07
4.09435e-07
3.59869e-09
4.17022e-07
5.08562e-09
4.25642e-07
4.73973e-09
4.30951e-07
-1.21885e-10
4.26804e-07
-1.10541e-08
4.08092e-07
-2.64873e-08
3.71325e-07
-4.45654e-08
3.15027e-07
-6.29575e-08
2.39345e-07
-8.00446e-08
1.48376e-07
-9.24827e-08
5.71955e-08
-8.78323e-08
-4.88232e-08
3.10439e-07
7.91095e-10
3.14489e-07
1.03537e-09
3.18584e-07
6.44601e-10
3.19494e-07
-1.03239e-09
3.12854e-07
-4.41377e-09
2.95315e-07
-8.94856e-09
2.64859e-07
-1.41088e-08
2.21086e-07
-1.91844e-08
1.64768e-07
-2.37268e-08
9.92523e-08
-2.69671e-08
3.63262e-08
-2.49062e-08
-1.2497e-08
1.34105e-07
1.3514e-07
1.35785e-07
1.34753e-07
1.30339e-07
1.2139e-07
1.07281e-07
8.80971e-08
6.43703e-08
3.74032e-08
1.2497e-08
-4.97251e-07
-8.85032e-07
-6.72781e-07
-1.12335e-06
-7.97886e-07
-1.15941e-06
-9.29634e-07
-1.20779e-06
-1.03211e-06
-1.17134e-06
-9.767e-07
-9.00612e-07
-8.19723e-07
-2.23221e-07
-6.53941e-07
1.11612e-06
-7.47058e-07
1.17434e-06
-9.25415e-07
7.50088e-07
-1.06725e-06
4.34651e-07
3.86013e-07
-1.10626e-06
-2.70007e-07
-6.15024e-07
-4.86982e-07
-9.06372e-07
-6.47012e-07
-9.99379e-07
-7.99631e-07
-1.05517e-06
-9.34169e-07
-1.03681e-06
-9.93454e-07
-8.41327e-07
-9.16992e-07
-2.99683e-07
-6.57213e-07
8.56339e-07
-6.38482e-07
1.15561e-06
-7.11734e-07
8.23341e-07
-8.06628e-07
5.29544e-07
4.36645e-07
-8.57259e-07
-1.75424e-07
-4.39601e-07
-3.65477e-07
-7.16319e-07
-5.29836e-07
-8.3502e-07
-6.87665e-07
-8.97343e-07
-8.34889e-07
-8.89584e-07
-9.3829e-07
-7.37926e-07
-9.3175e-07
-3.06222e-07
-6.68726e-07
5.93315e-07
-5.87312e-07
1.07419e-06
-5.50841e-07
7.8687e-07
-5.96925e-07
5.75628e-07
4.8144e-07
-6.4172e-07
-1.23699e-07
-3.15901e-07
-2.83081e-07
-5.56938e-07
-4.38536e-07
-6.79564e-07
-5.9216e-07
-7.4372e-07
-7.38132e-07
-7.43611e-07
-8.51904e-07
-6.24154e-07
-8.74791e-07
-2.83335e-07
-6.9204e-07
4.10563e-07
-5.40333e-07
9.22487e-07
-4.28364e-07
6.74901e-07
-4.31182e-07
5.78446e-07
5.09762e-07
-4.59504e-07
-9.06907e-08
-2.25211e-07
-2.23821e-07
-4.23808e-07
-3.65814e-07
-5.3757e-07
-5.10632e-07
-5.98902e-07
-6.49212e-07
-6.05031e-07
-7.58338e-07
-5.15028e-07
-7.89355e-07
-2.52319e-07
-6.57624e-07
2.78832e-07
-4.55644e-07
7.20507e-07
-3.43299e-07
5.62557e-07
-3.02601e-07
5.37747e-07
5.17541e-07
-3.10379e-07
-6.81369e-08
-1.57074e-07
-1.79073e-07
-3.12872e-07
-3.06147e-07
-4.10496e-07
-4.40024e-07
-4.65025e-07
-5.69645e-07
-4.75411e-07
-6.71647e-07
-4.13026e-07
-7.00874e-07
-2.23091e-07
-5.77896e-07
1.55854e-07
-3.78947e-07
5.21557e-07
-2.79722e-07
4.63332e-07
-2.04713e-07
4.62739e-07
5.07225e-07
-1.94397e-07
-5.19343e-08
-1.05139e-07
-1.43798e-07
-2.21008e-07
-2.55493e-07
-2.98801e-07
-3.77037e-07
-3.43481e-07
-4.97159e-07
-3.55289e-07
-5.94096e-07
-3.16089e-07
-6.26534e-07
-1.90654e-07
-5.31877e-07
6.11976e-08
-3.42755e-07
3.32435e-07
-2.08068e-07
3.28645e-07
-1.32606e-07
3.87276e-07
4.86503e-07
-1.11884e-07
-3.95963e-08
-6.5543e-08
-1.14695e-07
-1.4591e-07
-2.10766e-07
-2.02729e-07
-3.1845e-07
-2.35798e-07
-4.27456e-07
-2.46282e-07
-5.19282e-07
-2.24263e-07
-5.59194e-07
-1.50741e-07
-4.92492e-07
-5.50439e-09
-3.24273e-07
1.64215e-07
-1.37605e-07
1.41978e-07
-9.55668e-08
3.45238e-07
4.54077e-07
-6.31406e-08
-2.95217e-08
-3.60213e-08
-8.93447e-08
-8.6087e-08
-1.69313e-07
-1.22761e-07
-2.61127e-07
-1.43984e-07
-3.56066e-07
-1.51343e-07
-4.39791e-07
-1.40539e-07
-4.85795e-07
-1.04736e-07
-4.48539e-07
-4.27605e-08
-2.83657e-07
-6.6686e-10
-1.25953e-07
-1.57259e-08
-1.04491e-07
3.23776e-07
3.9398e-07
-4.43938e-08
-2.05898e-08
-1.54315e-08
-6.56696e-08
-4.10072e-08
-1.28342e-07
-6.00885e-08
-2.01487e-07
-7.08386e-08
-2.78194e-07
-7.46358e-08
-3.48584e-07
-7.01487e-08
-3.96048e-07
-5.72721e-08
-3.91177e-07
-4.76316e-08
-2.9526e-07
-9.65834e-08
-1.60923e-07
-1.50063e-07
-1.44815e-07
3.07668e-07
2.94593e-07
-4.54283e-08
-1.1977e-08
-3.45447e-09
-4.15549e-08
-1.14293e-08
-8.42867e-08
-1.73566e-08
-1.3458e-07
-2.05454e-08
-1.87573e-07
-2.16431e-08
-2.37342e-07
-2.03789e-08
-2.76726e-07
-1.78887e-08
-3.00475e-07
-2.38826e-08
-3.11416e-07
-8.56418e-08
-2.63544e-07
-1.97936e-07
-2.00462e-07
2.44586e-07
1.4294e-07
-4.88083e-08
-3.45448e-09
-1.48838e-08
-3.22404e-08
-5.27858e-08
-7.44289e-08
-9.48079e-08
-1.12697e-07
-1.36579e-07
-2.22221e-07
-4.20156e-07
-1.7557e-07
-3.26307e-08
-1.14538e-06
3.35218e-07
-1.19045e-06
3.38984e-07
-1.18732e-06
3.99672e-07
-1.12682e-06
4.45928e-07
-1.08532e-06
3.81776e-07
-1.07642e-06
3.16796e-07
-1.07086e-06
2.92785e-07
-1.04099e-06
2.52621e-07
-9.86941e-07
1.45358e-07
-8.2789e-07
9.18087e-08
-4.77401e-07
4.90132e-08
-2.40415e-07
-8.91702e-07
3.69661e-07
-9.08925e-07
3.56207e-07
-8.88114e-07
3.78861e-07
-8.35078e-07
3.92892e-07
-7.96681e-07
3.43379e-07
-7.73867e-07
2.93983e-07
-7.41108e-07
2.60025e-07
-6.80933e-07
1.92446e-07
-5.91423e-07
5.58476e-08
-4.2492e-07
-7.46941e-08
-1.6544e-07
-2.10466e-07
-4.05855e-07
-6.68634e-07
3.96575e-07
-6.6941e-07
3.56982e-07
-6.3867e-07
3.48121e-07
-5.86964e-07
3.41187e-07
-5.43291e-07
2.99706e-07
-5.05486e-07
2.56177e-07
-4.56259e-07
2.10798e-07
-3.87056e-07
1.23244e-07
-3.00571e-07
-3.06378e-08
-1.77665e-07
-1.976e-07
-3.65865e-08
-3.51545e-07
-4.42442e-07
-4.75519e-07
4.12591e-07
-4.64332e-07
3.45796e-07
-4.26771e-07
3.10559e-07
-3.73962e-07
2.88379e-07
-3.24913e-07
2.50657e-07
-2.78282e-07
2.09546e-07
-2.24519e-07
1.57035e-07
-1.61997e-07
6.07213e-08
-9.79893e-08
-9.46451e-08
-2.86019e-08
-2.66987e-07
2.42631e-08
-4.0441e-07
-4.18179e-07
-3.12587e-07
4.14798e-07
-2.90649e-07
3.23858e-07
-2.48053e-07
2.67963e-07
-1.94709e-07
2.35035e-07
-1.43681e-07
1.99629e-07
-9.52216e-08
1.61086e-07
-4.56226e-08
1.07436e-07
1.71578e-09
1.33829e-08
3.80026e-08
-1.30932e-07
5.90774e-08
-2.88062e-07
5.44447e-08
-3.99777e-07
-3.63734e-07
-1.80778e-07
4.01179e-07
-1.48051e-07
2.91131e-07
-1.01757e-07
2.21669e-07
-4.96269e-08
1.82906e-07
-4.53591e-10
1.50455e-07
4.44977e-08
1.16135e-07
8.52143e-08
6.6719e-08
1.15845e-07
-1.72473e-08
1.2565e-07
-1.40738e-07
1.09928e-07
-2.7234e-07
6.6396e-08
-3.56245e-07
-2.97338e-07
-8.06204e-08
3.69915e-07
-3.69209e-08
2.47432e-07
1.18066e-08
1.72941e-07
6.07477e-08
1.33965e-07
1.05065e-07
1.06138e-07
1.43312e-07
7.78887e-08
1.73359e-07
3.66712e-08
1.88022e-07
-3.19097e-08
1.77011e-07
-1.29727e-07
1.36233e-07
-2.31561e-07
6.97778e-08
-2.8979e-07
-2.2756e-07
-1.13847e-08
3.18159e-07
4.26357e-08
1.93411e-07
9.18289e-08
1.23748e-07
1.35856e-07
8.9937e-08
1.73384e-07
6.86106e-08
2.0354e-07
4.77323e-08
2.23268e-07
1.69435e-08
2.25067e-07
-3.37092e-08
1.9972e-07
-1.0438e-07
1.44484e-07
-1.76325e-07
6.77682e-08
-2.13074e-07
-1.59792e-07
2.97293e-08
2.44036e-07
9.10511e-08
1.3209e-07
1.37743e-07
7.70562e-08
1.74925e-07
5.27546e-08
2.04589e-07
3.89464e-08
2.26595e-07
2.57266e-08
2.37673e-07
5.86528e-09
2.30709e-07
-2.67447e-08
1.97879e-07
-7.15509e-08
1.37836e-07
-1.16281e-07
6.12615e-08
-1.365e-07
-9.85307e-08
4.75011e-08
1.51107e-07
1.08747e-07
7.08439e-08
1.48394e-07
3.74086e-08
1.76803e-07
2.43461e-08
1.98141e-07
1.76081e-08
2.12743e-07
1.11245e-08
2.17563e-07
1.04558e-09
2.06426e-07
-1.56079e-08
1.73142e-07
-3.82672e-08
1.17427e-07
-6.05655e-08
5.0258e-08
-6.93309e-08
-4.82728e-08
4.57532e-08
5.65451e-08
9.48291e-08
2.17681e-08
1.22069e-07
1.01684e-08
1.4001e-07
6.40564e-09
1.52977e-07
4.64073e-09
1.61263e-07
2.83877e-09
1.62445e-07
-1.36452e-10
1.51935e-07
-5.09843e-09
1.25479e-07
-1.18113e-08
8.32974e-08
-1.83835e-08
3.45225e-08
-2.0556e-08
-1.37503e-08
2.39145e-08
4.56825e-08
5.58509e-08
6.22566e-08
6.68973e-08
6.9736e-08
6.95996e-08
6.45011e-08
5.26899e-08
3.43063e-08
1.37503e-08
-5.0257e-07
-4.1003e-07
-5.96975e-07
-3.24777e-07
-6.71576e-07
-3.45513e-07
-6.80947e-07
-2.89383e-07
-8.12331e-07
-3.72989e-07
-7.97565e-07
-3.84994e-08
-4.98282e-07
5.43672e-07
-6.38628e-07
-6.13066e-08
-7.82628e-07
3.48236e-07
-7.78278e-07
4.6579e-07
-8.24213e-07
4.23538e-07
3.74003e-07
-2.37425e-07
-1.72605e-07
-3.68421e-07
-1.93781e-07
-4.59224e-07
-2.5471e-07
-5.00268e-07
-2.48338e-07
-5.90028e-07
-2.83229e-07
-5.77439e-07
-5.10888e-08
-3.21029e-07
2.87262e-07
-3.92762e-07
1.04271e-08
-3.3198e-07
2.87454e-07
-2.92607e-07
4.26416e-07
-3.29707e-07
4.60639e-07
4.35318e-07
-1.22183e-07
-5.04226e-08
-2.24377e-07
-9.15868e-08
-3.09213e-07
-1.69874e-07
-3.62905e-07
-1.94646e-07
-4.30751e-07
-2.15383e-07
-4.0857e-07
-7.32703e-08
-2.40761e-07
1.19454e-07
-1.98858e-07
-3.14762e-08
-6.58436e-08
1.5444e-07
3.42494e-08
3.26323e-07
3.48657e-08
4.60022e-07
5.00819e-07
-6.23622e-08
1.19396e-08
-1.3194e-07
-2.20093e-08
-2.00294e-07
-1.01519e-07
-2.51803e-07
-1.43138e-07
-3.0139e-07
-1.65795e-07
-2.84336e-07
-9.03244e-08
-1.7244e-07
7.55784e-09
-1.11393e-07
-9.25235e-08
3.21934e-08
1.0854e-08
1.82146e-07
1.7637e-07
2.41591e-07
4.00578e-07
5.35043e-07
-2.83206e-08
4.02603e-08
-7.04541e-08
2.01242e-08
-1.20108e-07
-5.18649e-08
-1.63215e-07
-1.00032e-07
-2.01082e-07
-1.27928e-07
-1.94134e-07
-9.7272e-08
-1.26169e-07
-6.04071e-08
-7.96613e-08
-1.39031e-07
2.29252e-08
-9.17325e-08
1.68947e-07
3.03482e-08
2.70012e-07
2.99514e-07
4.91422e-07
-8.44249e-09
4.87027e-08
-2.89949e-08
4.06766e-08
-6.14255e-08
-1.94344e-08
-9.49048e-08
-6.65525e-08
-1.25838e-07
-9.69953e-08
-1.30024e-07
-9.30856e-08
-9.93695e-08
-9.10616e-08
-8.11703e-08
-1.57231e-07
-2.84468e-08
-1.44456e-07
6.87154e-08
-6.6814e-08
1.97955e-07
1.70274e-07
3.92015e-07
3.39646e-09
4.53063e-08
-1.32414e-09
4.53972e-08
-1.95846e-08
-1.17394e-09
-4.43194e-08
-4.18176e-08
-7.08323e-08
-7.04824e-08
-8.4643e-08
-7.92749e-08
-8.24946e-08
-9.32099e-08
-9.2032e-08
-1.47693e-07
-8.41573e-08
-1.52331e-07
-5.57174e-08
-9.5254e-08
4.00548e-08
7.45018e-08
2.69006e-07
9.82863e-09
3.54777e-08
1.57746e-08
3.94512e-08
8.11822e-09
6.48241e-09
-9.22017e-09
-2.44792e-08
-3.20944e-08
-4.76081e-08
-5.19784e-08
-5.93909e-08
-6.83401e-08
-7.68482e-08
-9.76132e-08
-1.1842e-07
-1.22167e-07
-1.27777e-07
-1.32168e-07
-8.52531e-08
-1.23903e-07
6.62368e-08
1.09987e-07
1.23682e-08
2.31095e-08
2.41389e-08
2.76805e-08
2.34305e-08
7.19079e-09
1.19124e-08
-1.29611e-08
-7.19327e-09
-2.85025e-08
-2.88283e-08
-3.77559e-08
-5.39739e-08
-5.17025e-08
-9.24206e-08
-7.99735e-08
-1.31357e-07
-8.88402e-08
-1.55696e-07
-6.0914e-08
-1.19012e-07
2.95525e-08
4.32353e-08
1.16462e-08
1.14633e-08
2.46436e-08
1.46831e-08
2.73522e-08
4.48216e-09
2.01163e-08
-5.72511e-09
5.32924e-09
-1.37154e-08
-1.38964e-08
-1.85302e-08
-3.93711e-08
-2.62279e-08
-7.74224e-08
-4.19221e-08
-1.18088e-07
-4.81745e-08
-1.42399e-07
-3.66027e-08
-1.14857e-07
2.00971e-09
-2.00041e-09
8.23774e-09
3.22557e-09
1.84611e-08
4.45974e-09
2.15269e-08
1.41643e-09
1.73702e-08
-1.56844e-09
7.5822e-09
-3.92744e-09
-5.81217e-09
-5.13586e-09
-2.4748e-08
-7.29203e-09
-5.40068e-08
-1.26633e-08
-8.69993e-08
-1.5182e-08
-1.10116e-07
-1.34859e-08
-1.02476e-07
-5.63002e-09
-1.65986e-08
3.22557e-09
7.6853e-09
9.10171e-09
7.53327e-09
3.60583e-09
-1.53006e-09
-8.82207e-09
-2.14854e-08
-3.66674e-08
-5.01533e-08
-5.57833e-08
)
;

boundaryField
{
    rotor
    {
        type            calculated;
        value           uniform 0;
    }
    stator
    {
        type            calculated;
        value           uniform 0;
    }
    front
    {
        type            empty;
        value           nonuniform 0();
    }
    back
    {
        type            empty;
        value           nonuniform 0();
    }
}


// ************************************************************************* //
