/*--------------------------------*- C++ -*----------------------------------*\
| =========                 |                                                 |
| \\      /  F ield         | OpenFOAM: The Open Source CFD Toolbox           |
|  \\    /   O peration     | Version:  2.4.0                                 |
|   \\  /    A nd           | Web:      www.OpenFOAM.org                      |
|    \\/     M anipulation  |                                                 |
\*---------------------------------------------------------------------------*/
FoamFile
{
    version     2.0;
    format      ascii;
    class       surfaceScalarField;
    location    "1.1";
    object      phi;
}
// * * * * * * * * * * * * * * * * * * * * * * * * * * * * * * * * * * * * * //

dimensions      [0 3 -1 0 0 0 0];

internalField   nonuniform List<scalar> 
5952
(
-6.9387e-09
6.93881e-09
-3.34962e-08
2.65575e-08
-7.77254e-08
4.42292e-08
-1.41216e-07
6.34903e-08
-2.3086e-07
8.96446e-08
-3.56656e-07
1.25795e-07
-4.49655e-07
9.29992e-08
-4.86201e-07
3.65466e-08
-5.51005e-07
6.4803e-08
-6.07672e-07
5.66677e-08
-5.68132e-07
-3.95402e-08
1.77166e-10
-5.68309e-07
-1.83657e-08
2.53045e-08
-6.26103e-08
7.08021e-08
-1.24315e-07
1.05934e-07
-1.98087e-07
1.37263e-07
-2.91161e-07
1.82719e-07
-4.35378e-07
2.70012e-07
-7.3525e-07
3.92872e-07
-1.03892e-06
3.40221e-07
-1.07457e-06
1.00445e-07
-1.06898e-06
5.10858e-08
-1.10338e-06
-5.14586e-09
-2.1997e-08
-1.0812e-06
-3.59263e-08
6.12308e-08
-1.21544e-07
1.5642e-07
-2.36766e-07
2.21156e-07
-3.72553e-07
2.73049e-07
-5.30204e-07
3.4037e-07
-7.2362e-07
4.63428e-07
-8.39721e-07
5.08973e-07
-9.78366e-07
4.78866e-07
-1.10296e-06
2.2504e-07
-1.18387e-06
1.31999e-07
-1.25545e-06
6.6427e-08
2.76895e-09
-1.28021e-06
-4.95754e-08
1.10806e-07
-1.5901e-07
2.65854e-07
-2.93917e-07
3.56063e-07
-4.27495e-07
4.06627e-07
-5.35151e-07
4.48026e-07
-5.71556e-07
4.99833e-07
-6.79062e-07
6.16479e-07
-7.81606e-07
5.8141e-07
-9.74189e-07
4.17622e-07
-1.12218e-06
2.79994e-07
-1.23078e-06
1.75028e-07
5.97025e-08
-1.28772e-06
-6.22865e-08
1.73093e-07
-1.92489e-07
3.96057e-07
-3.46621e-07
5.10195e-07
-4.974e-07
5.57405e-07
-6.30158e-07
5.80784e-07
-7.3952e-07
6.09194e-07
-7.42702e-07
6.19661e-07
-8.27166e-07
6.65875e-07
-9.19942e-07
5.10398e-07
-1.01743e-06
3.77484e-07
-1.11037e-06
2.67966e-07
1.21103e-07
-1.17177e-06
-7.35631e-08
2.46656e-07
-2.1685e-07
5.39345e-07
-3.69469e-07
6.62814e-07
-4.93373e-07
6.81309e-07
-5.74992e-07
6.62404e-07
-6.45548e-07
6.7975e-07
-7.68003e-07
7.42115e-07
-8.11795e-07
7.09667e-07
-7.97195e-07
4.95798e-07
-8.33622e-07
4.13911e-07
-8.97227e-07
3.31571e-07
1.64472e-07
-9.40596e-07
-8.49748e-08
3.31631e-07
-2.38211e-07
6.92581e-07
-3.77148e-07
8.01751e-07
-4.46553e-07
7.50713e-07
-4.40422e-07
6.56273e-07
-3.95826e-07
6.35154e-07
-3.97342e-07
7.43632e-07
-2.94875e-07
6.07199e-07
-4.3914e-07
6.40063e-07
-5.36724e-07
5.11495e-07
-5.72493e-07
3.6734e-07
1.81622e-07
-5.89643e-07
-9.69444e-08
4.28575e-07
-2.62002e-07
8.57638e-07
-3.87353e-07
9.27102e-07
-3.85395e-07
7.48755e-07
-2.09864e-07
4.80742e-07
4.1274e-08
3.84016e-07
5.58004e-08
7.29105e-07
-1.2391e-07
7.86909e-07
-1.9153e-07
7.07684e-07
-1.89496e-07
5.09461e-07
-1.52253e-07
3.30097e-07
1.56072e-07
-1.26704e-07
-9.54978e-08
5.24073e-07
-2.61958e-07
1.0241e-06
-3.94813e-07
1.05996e-06
-3.98775e-07
7.52718e-07
-2.23478e-07
3.05446e-07
9.38917e-08
6.6646e-08
1.67617e-07
6.5538e-07
-3.94152e-08
9.93942e-07
1.40533e-07
5.27736e-07
3.41922e-07
3.08072e-07
4.78708e-07
1.93311e-07
9.87872e-08
5.35993e-07
-2.69269e-08
5.51e-07
-1.02524e-07
1.0997e-06
-1.88605e-07
1.14604e-06
-2.03585e-07
7.67697e-07
-1.46013e-07
2.47873e-07
9.06712e-09
-8.84337e-08
4.18284e-07
2.46164e-07
9.11628e-07
5.00597e-07
1.16359e-06
2.75777e-07
1.28309e-06
1.88566e-07
1.3783e-06
9.81065e-08
5.50559e-08
1.42203e-06
2.38479e-07
3.12521e-07
4.90704e-07
8.4747e-07
6.34429e-07
1.00231e-06
8.0448e-07
5.97646e-07
1.00575e-06
4.66028e-08
1.19671e-06
-2.79392e-07
1.6605e-06
-2.17626e-07
2.12426e-06
3.68407e-08
2.30371e-06
9.63198e-08
2.37633e-06
1.15952e-07
2.46635e-06
8.08012e-09
-7.60785e-09
2.52902e-06
1.05247e-06
-7.39948e-07
1.75739e-06
1.4255e-07
2.18211e-06
5.77595e-07
2.5116e-06
2.68154e-07
2.8452e-06
-2.86995e-07
2.94965e-06
-3.83846e-07
3.16811e-06
-4.3609e-07
3.41714e-06
-2.12186e-07
3.54531e-06
-3.18491e-08
3.60903e-06
5.22298e-08
3.65825e-06
-4.11422e-08
3.68373e-06
-3.30846e-08
-5.66874e-07
-1.43511e-09
-5.50557e-07
-1.63171e-08
-5.14128e-07
-3.64288e-08
-4.63573e-07
-5.05547e-08
-4.18584e-07
-4.49894e-08
-4.2756e-07
8.9759e-09
-3.03409e-07
-1.24151e-07
-1.49246e-07
-1.54162e-07
-1.55653e-07
6.40658e-09
-1.16286e-07
-3.93672e-08
-7.18783e-08
-4.44075e-08
-7.18784e-08
-1.02055e-06
-6.20893e-08
-9.14942e-07
-1.21925e-07
-7.60144e-07
-1.91227e-07
-5.47513e-07
-2.63186e-07
-3.17596e-07
-2.74906e-07
-1.158e-07
-1.9282e-07
-8.15278e-09
-2.31798e-07
1.3827e-07
-3.00585e-07
1.80619e-07
-3.59423e-08
1.08209e-07
3.30426e-08
3.95667e-09
5.98448e-08
-6.79217e-08
-1.25095e-06
-9.13534e-08
-1.17075e-06
-2.02123e-07
-1.04087e-06
-3.21107e-07
-8.7926e-07
-4.24798e-07
-6.77915e-07
-4.76251e-07
-3.96671e-07
-4.74064e-07
-1.52744e-07
-4.75725e-07
-2.39968e-08
-4.29332e-07
1.36458e-07
-1.96397e-07
2.19842e-07
-5.03413e-08
2.68096e-07
1.15913e-08
2.00174e-07
-1.29556e-06
-8.35134e-08
-1.24887e-06
-2.48812e-07
-1.14829e-06
-4.21683e-07
-9.93746e-07
-5.79345e-07
-7.77109e-07
-6.92887e-07
-5.08799e-07
-7.42375e-07
-2.67668e-07
-7.16856e-07
-1.34172e-07
-5.62828e-07
-8.15669e-08
-2.49003e-07
8.84678e-08
-2.20376e-07
9.10534e-08
9.00582e-09
2.91227e-07
-1.19266e-06
-6.26278e-08
-1.1646e-06
-2.76869e-07
-1.0825e-06
-5.03778e-07
-9.38896e-07
-7.22954e-07
-7.23324e-07
-9.08459e-07
-4.35267e-07
-1.03043e-06
-1.0742e-07
-1.0447e-06
2.07345e-07
-8.77593e-07
4.50188e-07
-4.91845e-07
2.83572e-07
-5.37601e-08
5.85151e-09
2.86726e-07
2.97079e-07
-9.60419e-07
-4.28051e-08
-9.45921e-07
-2.91367e-07
-8.9049e-07
-5.59208e-07
-7.85394e-07
-8.28049e-07
-6.18311e-07
-1.07554e-06
-3.74258e-07
-1.27449e-06
-5.29061e-08
-1.36605e-06
3.00435e-07
-1.23093e-06
5.21476e-07
-7.12886e-07
3.83682e-07
8.40346e-08
1.25821e-07
5.44587e-07
4.229e-07
-6.02372e-07
-3.00762e-08
-6.03052e-07
-2.90688e-07
-5.79043e-07
-5.83217e-07
-5.26739e-07
-8.80353e-07
-4.40653e-07
-1.16163e-06
-2.98277e-07
-1.41686e-06
-7.19921e-08
-1.59234e-06
2.27945e-07
-1.53087e-06
4.50516e-07
-9.35457e-07
3.57599e-07
1.76952e-07
1.30029e-07
7.72157e-07
5.52928e-07
-1.28359e-07
-2.84207e-08
-1.42312e-07
-2.76735e-07
-1.46307e-07
-5.79222e-07
-1.45577e-07
-8.81083e-07
-1.50213e-07
-1.15699e-06
-1.37421e-07
-1.42965e-06
-5.59993e-08
-1.67376e-06
1.4939e-07
-1.73626e-06
4.03066e-07
-1.18913e-06
4.21021e-07
1.58997e-07
1.77094e-07
1.01608e-06
7.30022e-07
5.15621e-07
-8.04862e-09
4.65542e-07
-2.26656e-07
4.28886e-07
-5.42566e-07
3.81176e-07
-8.33373e-07
2.85171e-07
-1.06099e-06
1.58431e-07
-1.30292e-06
6.91523e-08
-1.58448e-06
1.2517e-07
-1.79228e-06
3.61352e-07
-1.42531e-06
4.68324e-07
5.20252e-08
2.26549e-07
1.25786e-06
9.56572e-07
1.37567e-06
3.83083e-08
1.26624e-06
-1.17228e-07
1.18213e-06
-4.58449e-07
1.08574e-06
-7.36987e-07
8.97267e-07
-8.72513e-07
6.2321e-07
-1.02886e-06
3.4761e-07
-1.30888e-06
1.89684e-07
-1.63435e-06
2.88331e-07
-1.52396e-06
4.80102e-07
-1.39746e-07
2.91366e-07
1.44659e-06
1.24794e-06
2.46337e-06
1.03957e-07
2.2793e-06
6.68408e-08
2.14792e-06
-3.27069e-07
2.00768e-06
-5.96749e-07
1.73502e-06
-5.99851e-07
1.31447e-06
-6.08309e-07
8.38348e-07
-8.32759e-07
4.13796e-07
-1.2098e-06
1.84176e-07
-1.29434e-06
5.21517e-07
-4.77087e-07
5.02802e-07
1.46531e-06
1.75074e-06
3.64481e-06
1.42877e-07
3.40824e-06
3.03416e-07
3.2469e-06
-1.65737e-07
3.05557e-06
-4.05412e-07
2.75662e-06
-3.00905e-07
2.30372e-06
-1.55411e-07
1.70839e-06
-2.37424e-07
1.11579e-06
-6.172e-07
6.14949e-07
-7.93503e-07
7.11082e-07
-5.7322e-07
1.01045e-06
1.16594e-06
2.76119e-06
-1.10499e-09
1.10499e-09
-1.25045e-08
1.13995e-08
-2.95203e-08
1.70158e-08
-4.98977e-08
2.03774e-08
-7.32845e-08
2.33868e-08
-1.0017e-07
2.68855e-08
-1.31506e-07
3.13361e-08
-1.68449e-07
3.69426e-08
-2.11994e-07
4.35449e-08
-2.62464e-07
5.04705e-08
-3.18924e-07
5.64598e-08
5.97188e-08
-3.78643e-07
-1.94061e-08
2.05111e-08
-5.11555e-08
4.31488e-08
-9.15081e-08
5.73685e-08
-1.38685e-07
6.75544e-08
-1.92679e-07
7.73812e-08
-2.54859e-07
8.90652e-08
-3.27326e-07
1.03803e-07
-4.12172e-07
1.21789e-07
-5.10616e-07
1.41988e-07
-6.21901e-07
1.61756e-07
-7.42317e-07
1.76876e-07
1.82002e-07
-8.64601e-07
-2.48573e-08
4.53684e-08
-7.76838e-08
9.59754e-08
-1.43554e-07
1.23238e-07
-2.16325e-07
1.40325e-07
-2.95047e-07
1.56104e-07
-3.81158e-07
1.75175e-07
-4.77252e-07
1.99898e-07
-5.86139e-07
2.30675e-07
-7.09634e-07
2.65484e-07
-8.46857e-07
2.98979e-07
-9.93009e-07
3.23028e-07
3.28186e-07
-1.13919e-06
-4.12379e-08
8.66064e-08
-1.19538e-07
1.74275e-07
-2.11221e-07
2.14922e-07
-3.05532e-07
2.34637e-07
-3.99906e-07
2.50478e-07
-4.94826e-07
2.70095e-07
-5.928e-07
2.97872e-07
-6.9783e-07
3.35706e-07
-8.14148e-07
3.81802e-07
-9.43211e-07
4.28041e-07
-1.08181e-06
4.61628e-07
4.68933e-07
-1.22256e-06
-6.28311e-08
1.49437e-07
-1.73341e-07
2.84785e-07
-2.9292e-07
3.34501e-07
-4.05129e-07
3.46846e-07
-5.06254e-07
3.51603e-07
-5.94911e-07
3.58752e-07
-6.72475e-07
3.75435e-07
-7.44688e-07
4.07919e-07
-8.21059e-07
4.58173e-07
-9.086e-07
5.15582e-07
-1.00781e-06
5.60836e-07
5.75835e-07
-1.11471e-06
-9.23613e-08
2.41799e-07
-2.39613e-07
4.32037e-07
-3.84742e-07
4.79629e-07
-5.07183e-07
4.69287e-07
-6.05541e-07
4.49961e-07
-6.75585e-07
4.28796e-07
-7.14383e-07
4.14233e-07
-7.28734e-07
4.2227e-07
-7.37384e-07
4.66823e-07
-7.56681e-07
5.34879e-07
-7.91359e-07
5.95514e-07
6.24921e-07
-8.40445e-07
-1.30608e-07
3.72407e-07
-3.136e-07
6.15029e-07
-4.71935e-07
6.37964e-07
-5.88085e-07
5.85437e-07
-6.72666e-07
5.34543e-07
-7.18084e-07
4.74214e-07
-7.08867e-07
4.05016e-07
-6.48858e-07
3.62261e-07
-5.72466e-07
3.90431e-07
-5.10142e-07
4.72555e-07
-4.68873e-07
5.54245e-07
6.01845e-07
-4.45797e-07
-1.7793e-07
5.50337e-07
-3.84049e-07
8.21148e-07
-5.22956e-07
7.76871e-07
-5.97471e-07
6.59951e-07
-6.50567e-07
5.87639e-07
-6.73215e-07
4.96863e-07
-6.19427e-07
3.51228e-07
-4.7877e-07
2.21604e-07
-3.14184e-07
2.25845e-07
-1.76856e-07
3.35227e-07
-7.08405e-08
4.48229e-07
5.08017e-07
2.29883e-08
-2.35268e-07
7.85605e-07
-4.3218e-07
1.01806e-06
-4.8359e-07
8.28281e-07
-4.45508e-07
6.2187e-07
-4.29358e-07
5.71488e-07
-4.35775e-07
5.0328e-07
-3.55244e-07
2.70697e-07
-1.37733e-07
4.09249e-09
1.02011e-07
-1.38984e-08
2.84005e-07
1.53233e-07
4.13827e-07
3.18407e-07
3.63782e-07
5.58062e-07
-3.04507e-07
1.09011e-06
-4.31003e-07
1.14456e-06
-2.81865e-07
6.79144e-07
-2.11568e-09
3.4212e-07
1.81992e-07
3.8738e-07
1.98575e-07
4.86698e-07
2.76034e-07
1.93237e-07
5.37687e-07
-2.5756e-07
8.12669e-07
-2.88881e-07
9.78322e-07
-1.24201e-08
1.06258e-06
2.34151e-07
2.023e-07
1.22406e-06
-3.5331e-07
1.44342e-06
-3.0739e-07
1.09864e-06
1.25295e-07
2.46459e-07
7.53751e-07
-2.86336e-07
1.3919e-06
-2.50771e-07
1.56114e-06
3.17458e-07
1.58076e-06
1.73614e-07
1.80761e-06
-4.84407e-07
1.98073e-06
-4.62e-07
2.02387e-06
-5.55555e-08
1.98753e-06
2.70489e-07
5.15927e-08
2.13824e-06
-7.5995e-08
1.51942e-06
2.91666e-07
7.30974e-07
8.26573e-07
-2.88447e-07
1.52058e-06
-9.8034e-07
2.27379e-06
-1.00399e-06
3.12287e-06
-5.3162e-07
3.46711e-06
-1.70622e-07
3.41486e-06
-4.32159e-07
3.1983e-06
-2.45444e-07
3.08217e-06
6.05816e-08
3.14953e-06
2.03125e-07
3.33673e-06
-1.35609e-07
-4.36801e-07
5.81581e-08
-4.86736e-07
4.99356e-08
-5.21092e-07
3.43561e-08
-5.33981e-07
1.28885e-08
-5.15315e-07
-1.86657e-08
-4.58377e-07
-5.69385e-08
-3.7106e-07
-8.73169e-08
-2.64816e-07
-1.06244e-07
-1.56829e-07
-1.07987e-07
-6.72287e-08
-8.96005e-08
-1.28507e-08
-5.4378e-08
-1.28507e-08
-9.77896e-07
1.71453e-07
-1.0686e-06
1.4064e-07
-1.12198e-06
8.77362e-08
-1.1225e-06
1.34087e-08
-1.0668e-06
-7.43663e-08
-9.54978e-07
-1.6876e-07
-7.89389e-07
-2.52906e-07
-5.8552e-07
-3.10112e-07
-3.69876e-07
-3.23631e-07
-1.77633e-07
-2.81844e-07
-4.55894e-08
-1.86421e-07
-5.84401e-08
-1.27292e-06
3.05184e-07
-1.37938e-06
2.47101e-07
-1.44357e-06
1.51917e-07
-1.45369e-06
2.35311e-08
-1.39762e-06
-1.30434e-07
-1.2726e-06
-2.93779e-07
-1.07965e-06
-4.45855e-07
-8.29869e-07
-5.59896e-07
-5.48711e-07
-6.04789e-07
-2.79308e-07
-5.51247e-07
-7.84499e-08
-3.87279e-07
-1.3689e-07
-1.35463e-06
4.37262e-07
-1.46462e-06
3.57086e-07
-1.53904e-06
2.26333e-07
-1.56573e-06
5.02255e-08
-1.53457e-06
-1.61596e-07
-1.43599e-06
-3.92359e-07
-1.26304e-06
-6.18803e-07
-1.01547e-06
-8.07463e-07
-7.07855e-07
-9.12409e-07
-3.81916e-07
-8.77186e-07
-1.13719e-07
-6.55476e-07
-2.50609e-07
-1.22258e-06
5.45134e-07
-1.32015e-06
4.54651e-07
-1.39579e-06
3.01972e-07
-1.4403e-06
9.47351e-08
-1.44524e-06
-1.5665e-07
-1.39882e-06
-4.38777e-07
-1.28635e-06
-7.31276e-07
-1.09341e-06
-1.0004e-06
-8.14771e-07
-1.19105e-06
-4.75097e-07
-1.21686e-06
-1.55034e-07
-9.7554e-07
-4.05642e-07
-9.03368e-07
6.08056e-07
-9.6969e-07
5.20973e-07
-1.02832e-06
3.60607e-07
-1.0754e-06
1.41813e-07
-1.1088e-06
-1.23247e-07
-1.11975e-06
-4.27827e-07
-1.09078e-06
-7.60251e-07
-9.96617e-07
-1.09457e-06
-8.09355e-07
-1.37831e-06
-5.22013e-07
-1.5042e-06
-1.9172e-07
-1.30583e-06
-5.97362e-07
-4.51304e-07
6.13563e-07
-4.7293e-07
5.42599e-07
-4.94046e-07
3.81724e-07
-5.18934e-07
1.667e-07
-5.58269e-07
-8.39124e-08
-6.11859e-07
-3.74236e-07
-6.65046e-07
-7.07064e-07
-6.89543e-07
-1.07007e-06
-6.4126e-07
-1.42659e-06
-4.77995e-07
-1.66747e-06
-2.04971e-07
-1.57886e-06
-8.02333e-07
7.15636e-08
5.64987e-07
9.19186e-08
5.22244e-07
1.21955e-07
3.51687e-07
1.45523e-07
1.43132e-07
1.28873e-07
-6.7262e-08
5.81495e-08
-3.03513e-07
-5.62986e-08
-5.92616e-07
-1.89982e-07
-9.36386e-07
-2.95832e-07
-1.32074e-06
-3.09265e-07
-1.65403e-06
-1.71093e-07
-1.71703e-06
-9.73426e-07
6.37207e-07
4.85842e-07
6.68082e-07
4.91369e-07
7.45341e-07
2.74428e-07
8.37516e-07
5.09578e-08
8.7008e-07
-9.98263e-08
8.07378e-07
-2.40812e-07
6.59641e-07
-4.4488e-07
4.46722e-07
-7.23467e-07
2.06228e-07
-1.08025e-06
8.39901e-11
-1.44789e-06
-6.48892e-08
-1.65206e-06
-1.03832e-06
1.29849e-06
4.11412e-07
1.27267e-06
5.17188e-07
1.36104e-06
1.86062e-07
1.51898e-06
-1.06988e-07
1.61105e-06
-1.91897e-07
1.57011e-06
-1.99867e-07
1.4128e-06
-2.87574e-07
1.1587e-06
-4.69366e-07
8.29548e-07
-7.51095e-07
4.56398e-07
-1.07474e-06
1.45816e-07
-1.34147e-06
-8.925e-07
2.19708e-06
3.52569e-07
2.03117e-06
6.83097e-07
2.06342e-06
1.5381e-07
2.22828e-06
-2.71844e-07
2.33836e-06
-3.01978e-07
2.30452e-06
-1.66034e-07
2.15145e-06
-1.34495e-07
1.89638e-06
-2.14299e-07
1.54525e-06
-3.99969e-07
1.07745e-06
-6.06939e-07
5.23712e-07
-7.87733e-07
-3.68788e-07
3.40556e-06
2.83741e-07
3.08225e-06
1.00641e-06
2.98794e-06
2.48119e-07
3.01307e-06
-2.96975e-07
3.03459e-06
-3.23494e-07
2.97166e-06
-1.03109e-07
2.83383e-06
3.33319e-09
2.62193e-06
-2.39145e-09
2.33727e-06
-1.15315e-07
1.91359e-06
-1.83262e-07
1.25169e-06
-1.25829e-07
8.82903e-07
4.72505e-09
-4.72505e-09
6.05511e-09
-1.33006e-09
4.80548e-09
1.24963e-09
1.0696e-09
3.73588e-09
-6.20871e-09
7.27831e-09
-1.87811e-08
1.25724e-08
-3.74414e-08
1.86602e-08
-6.37628e-08
2.63214e-08
-9.93208e-08
3.5558e-08
-1.44852e-07
4.55307e-08
-1.99749e-07
5.48971e-08
6.17604e-08
-2.61509e-07
-7.87844e-09
3.15338e-09
-1.62166e-08
7.00809e-09
-2.78021e-08
1.28351e-08
-4.43119e-08
2.02457e-08
-6.81784e-08
3.11447e-08
-1.02456e-07
4.68497e-08
-1.51576e-07
6.77809e-08
-2.1892e-07
9.36652e-08
-3.0641e-07
1.23048e-07
-4.13861e-07
1.52981e-07
-5.37936e-07
1.78972e-07
1.9514e-07
-6.71316e-07
-1.01173e-08
1.32706e-08
-3.47476e-08
3.16385e-08
-6.60855e-08
4.4173e-08
-1.0198e-07
5.61405e-08
-1.441e-07
7.32648e-08
-1.96627e-07
9.93762e-08
-2.65089e-07
1.36243e-07
-3.5461e-07
1.83187e-07
-4.6839e-07
2.36828e-07
-6.06305e-07
2.90896e-07
-7.63721e-07
3.36388e-07
3.62347e-07
-9.30928e-07
-2.40892e-08
3.73599e-08
-7.10431e-08
7.85923e-08
-1.25551e-07
9.86812e-08
-1.79923e-07
1.10512e-07
-2.33713e-07
1.27055e-07
-2.91151e-07
1.56814e-07
-3.59241e-07
2.04333e-07
-4.4545e-07
2.69395e-07
-5.55429e-07
3.46808e-07
-6.90991e-07
4.26457e-07
-8.48737e-07
4.94134e-07
5.33319e-07
-1.01971e-06
-4.29705e-08
8.03304e-08
-1.20664e-07
1.56286e-07
-2.03028e-07
1.81045e-07
-2.74308e-07
1.81792e-07
-3.31188e-07
1.83935e-07
-3.77764e-07
2.0339e-07
-4.23086e-07
2.49655e-07
-4.78043e-07
3.24353e-07
-5.52413e-07
4.21177e-07
-6.52111e-07
5.26156e-07
-7.77433e-07
6.19455e-07
6.78533e-07
-9.22646e-07
-6.86798e-08
1.4901e-07
-1.81474e-07
2.6908e-07
-2.90984e-07
2.90556e-07
-3.72905e-07
2.63713e-07
-4.22013e-07
2.33044e-07
-4.42736e-07
2.24112e-07
-4.46347e-07
2.53266e-07
-4.47341e-07
3.25347e-07
-4.60352e-07
4.34187e-07
-4.9675e-07
5.62554e-07
-5.62199e-07
6.84905e-07
7.72073e-07
-6.55738e-07
-9.84921e-08
2.47502e-07
-2.41725e-07
4.12312e-07
-3.67021e-07
4.15852e-07
-4.45364e-07
3.42056e-07
-4.73519e-07
2.61198e-07
-4.57707e-07
2.08301e-07
-4.10697e-07
2.06256e-07
-3.48607e-07
2.63257e-07
-2.89096e-07
3.74676e-07
-2.48297e-07
5.21755e-07
-2.37621e-07
6.74229e-07
7.96298e-07
-2.61847e-07
-1.25595e-07
3.73098e-07
-2.76046e-07
5.62763e-07
-3.85599e-07
5.25405e-07
-4.3191e-07
3.88367e-07
-4.2109e-07
2.50378e-07
-3.63165e-07
1.50376e-07
-2.70764e-07
1.13855e-07
-1.57014e-07
1.49506e-07
-3.70764e-08
2.54738e-07
7.23405e-08
4.12339e-07
1.56433e-07
5.90136e-07
7.48041e-07
2.0469e-07
-1.36392e-07
5.0949e-07
-2.39369e-07
6.6574e-07
-2.71433e-07
5.5747e-07
-2.38448e-07
3.55381e-07
-1.63851e-07
1.75782e-07
-6.05566e-08
4.70817e-08
6.01427e-08
-6.84431e-09
1.93768e-07
1.58811e-08
3.34823e-07
1.13683e-07
4.74583e-07
2.72579e-07
6.01665e-07
4.63054e-07
6.46726e-07
7.0298e-07
-1.01969e-07
6.11459e-07
-5.42981e-08
6.18069e-07
8.23646e-08
4.20807e-07
2.50574e-07
1.87172e-07
4.13625e-07
1.27312e-08
5.64087e-07
-1.0338e-07
6.95855e-07
-1.38613e-07
8.09924e-07
-9.8187e-08
9.12724e-07
1.08827e-08
1.01797e-06
1.6733e-07
1.12729e-06
3.53732e-07
5.40988e-07
1.23303e-06
8.39211e-08
5.27538e-07
4.39636e-07
2.62354e-07
8.18865e-07
4.15778e-08
1.14316e-06
-1.37122e-07
1.40475e-06
-2.48862e-07
1.58979e-06
-2.88422e-07
1.70569e-06
-2.54514e-07
1.76318e-06
-1.55672e-07
1.78362e-06
-9.55626e-09
1.78836e-06
1.62589e-07
1.806e-06
3.36093e-07
5.01338e-07
1.84565e-06
9.00791e-07
-3.73253e-07
1.57009e-06
-4.0694e-07
2.10742e-06
-4.95758e-07
2.50311e-06
-5.32811e-07
2.78578e-06
-5.31527e-07
2.96227e-06
-4.64913e-07
3.04179e-06
-3.34034e-07
3.0342e-06
-1.48082e-07
2.95352e-06
7.11182e-08
2.82338e-06
2.92728e-07
2.69775e-06
4.61725e-07
2.60752e-06
5.91571e-07
-3.2532e-07
6.38107e-08
-3.84105e-07
5.87855e-08
-4.29411e-07
4.53061e-08
-4.53781e-07
2.437e-08
-4.49462e-07
-4.31953e-09
-4.06335e-07
-4.3127e-08
-3.30664e-07
-7.56712e-08
-2.34504e-07
-9.61594e-08
-1.35595e-07
-9.89091e-08
-5.45315e-08
-8.10636e-08
-7.87472e-09
-4.66568e-08
-7.87473e-09
-8.02447e-07
1.94943e-07
-9.16254e-07
1.72592e-07
-9.95882e-07
1.24934e-07
-1.02451e-06
5.29934e-08
-9.91292e-07
-3.75326e-08
-8.98441e-07
-1.35978e-07
-7.4808e-07
-2.26033e-07
-5.55696e-07
-2.88543e-07
-3.49089e-07
-3.05517e-07
-1.65048e-07
-2.65104e-07
-4.08959e-08
-1.70809e-07
-4.87707e-08
-1.09354e-06
3.57555e-07
-1.23401e-06
3.13064e-07
-1.33391e-06
2.2483e-07
-1.37651e-06
9.5592e-08
-1.34912e-06
-6.49199e-08
-1.24488e-06
-2.40218e-07
-1.06522e-06
-4.05693e-07
-8.22068e-07
-5.31693e-07
-5.42922e-07
-5.84663e-07
-2.73991e-07
-5.34035e-07
-7.51313e-08
-3.69669e-07
-1.23902e-07
-1.19018e-06
5.28029e-07
-1.34344e-06
4.66319e-07
-1.46186e-06
3.43249e-07
-1.5287e-06
1.62433e-07
-1.52953e-06
-6.40874e-08
-1.4524e-06
-3.17353e-07
-1.28984e-06
-5.68249e-07
-1.04261e-06
-7.78924e-07
-7.27663e-07
-8.99608e-07
-3.90896e-07
-8.70802e-07
-1.14502e-07
-6.46063e-07
-2.38404e-07
-1.07693e-06
6.82309e-07
-1.22622e-06
6.15617e-07
-1.35517e-06
4.72192e-07
-1.44834e-06
2.55609e-07
-1.49102e-06
-2.14138e-08
-1.46782e-06
-3.40555e-07
-1.36353e-06
-6.72536e-07
-1.165e-06
-9.77451e-07
-8.69409e-07
-1.1952e-06
-5.05817e-07
-1.23439e-06
-1.63422e-07
-9.88458e-07
-4.01826e-07
-7.70474e-07
7.97045e-07
-8.95649e-07
7.40791e-07
-1.01865e-06
5.95195e-07
-1.12656e-06
3.63517e-07
-1.20616e-06
5.81848e-08
-1.24403e-06
-3.02682e-07
-1.22201e-06
-6.94562e-07
-1.11733e-06
-1.08213e-06
-9.04836e-07
-1.4077e-06
-5.81051e-07
-1.55818e-06
-2.11877e-07
-1.35763e-06
-6.13702e-07
-3.18756e-07
8.53955e-07
-4.01229e-07
8.23264e-07
-4.99478e-07
6.93444e-07
-6.03333e-07
4.67373e-07
-7.03005e-07
1.57856e-07
-7.8947e-07
-2.16216e-07
-8.48661e-07
-6.35371e-07
-8.57983e-07
-1.0728e-06
-7.77839e-07
-1.48784e-06
-5.68697e-07
-1.76732e-06
-2.41001e-07
-1.68533e-06
-8.54704e-07
2.13602e-07
8.45043e-07
1.85365e-07
8.51502e-07
1.26215e-07
7.52594e-07
4.34866e-08
5.50101e-07
-5.61899e-08
2.57533e-07
-1.68834e-07
-1.03572e-07
-2.87578e-07
-5.16627e-07
-3.99769e-07
-9.60614e-07
-4.67035e-07
-1.42057e-06
-4.2821e-07
-1.80615e-06
-2.24507e-07
-1.88903e-06
-1.07921e-06
7.69245e-07
7.78777e-07
7.95537e-07
8.2521e-07
7.82216e-07
7.65915e-07
7.32436e-07
5.99881e-07
6.49684e-07
3.40284e-07
5.3415e-07
1.19629e-08
3.86383e-07
-3.68861e-07
2.05146e-07
-7.79377e-07
1.24273e-08
-1.22786e-06
-1.36958e-07
-1.65676e-06
-1.32757e-07
-1.89323e-06
-1.21197e-06
1.32407e-06
6.87735e-07
1.38757e-06
7.61714e-07
1.41507e-06
7.38411e-07
1.40253e-06
6.12422e-07
1.34873e-06
3.94093e-07
1.25133e-06
1.09363e-07
1.10555e-06
-2.23081e-07
8.99591e-07
-5.73422e-07
6.3155e-07
-9.59814e-07
3.18288e-07
-1.3435e-06
7.0879e-08
-1.64582e-06
-1.14109e-06
1.90441e-06
6.28968e-07
1.96547e-06
7.00655e-07
2.01122e-06
6.9267e-07
2.02806e-06
5.95582e-07
2.00741e-06
4.14735e-07
1.94277e-06
1.74005e-07
1.82778e-06
-1.08094e-07
1.64597e-06
-3.9161e-07
1.37438e-06
-6.88222e-07
9.68596e-07
-9.37715e-07
4.58991e-07
-1.13622e-06
-6.82098e-07
2.57089e-06
6.65596e-07
2.5759e-06
6.95644e-07
2.60076e-06
6.67813e-07
2.62357e-06
5.72767e-07
2.62765e-06
4.10656e-07
2.60228e-06
1.99378e-07
2.54174e-06
-4.75583e-08
2.4328e-06
-2.82666e-07
2.24742e-06
-5.02848e-07
1.88971e-06
-5.80004e-07
1.24164e-06
-4.88143e-07
5.59542e-07
-1.89443e-08
1.89443e-08
-7.39681e-08
5.50238e-08
-1.48618e-07
7.465e-08
-2.25419e-07
7.68012e-08
-2.89518e-07
6.40986e-08
-3.30289e-07
4.07712e-08
-3.4483e-07
1.45413e-08
-3.26767e-07
-1.80634e-08
-2.78675e-07
-4.80925e-08
-2.22498e-07
-5.61761e-08
-1.85697e-07
-3.68011e-08
-1.53397e-08
-1.70358e-07
-6.91521e-08
8.80964e-08
-2.12044e-07
1.97916e-07
-3.85823e-07
2.48429e-07
-5.5543e-07
2.46408e-07
-6.90479e-07
1.99147e-07
-7.68645e-07
1.18937e-07
-7.81325e-07
2.72214e-08
-7.32502e-07
-6.6886e-08
-6.3002e-07
-1.50575e-07
-5.04231e-07
-1.81965e-07
-4.13498e-07
-1.27533e-07
-4.76949e-08
-3.81143e-07
-1.00126e-07
1.88222e-07
-3.09053e-07
4.06843e-07
-5.59818e-07
4.99193e-07
-8.0294e-07
4.89531e-07
-9.94427e-07
3.90634e-07
-1.10155e-06
2.2606e-07
-1.12703e-06
5.27015e-08
-1.07307e-06
-1.20843e-07
-9.53387e-07
-2.7026e-07
-7.82911e-07
-3.52442e-07
-6.24451e-07
-2.85992e-07
-8.54166e-08
-5.8673e-07
-1.18407e-07
3.06629e-07
-3.62554e-07
6.5099e-07
-6.60785e-07
7.97424e-07
-9.57457e-07
7.86203e-07
-1.19141e-06
6.24588e-07
-1.30738e-06
3.42029e-07
-1.36009e-06
1.05416e-07
-1.36481e-06
-1.16129e-07
-1.29016e-06
-3.44906e-07
-1.19628e-06
-4.46325e-07
-1.01125e-06
-4.71026e-07
-2.19589e-07
-8.77074e-07
-1.04381e-07
4.1101e-07
-3.26755e-07
8.73364e-07
-6.08354e-07
1.07902e-06
-8.97349e-07
1.0752e-06
-1.11651e-06
8.43749e-07
-1.1755e-06
4.01024e-07
-1.21862e-06
1.48528e-07
-1.22064e-06
-1.14104e-07
-1.2144e-06
-3.51151e-07
-1.20435e-06
-4.56368e-07
-1.08559e-06
-5.89794e-07
-5.88736e-07
-7.16439e-07
-4.83497e-08
4.5936e-07
-1.63525e-07
9.88539e-07
-3.07137e-07
1.22264e-06
-4.38272e-07
1.20633e-06
-5.36289e-07
9.41766e-07
-5.46289e-07
4.11024e-07
-5.2218e-07
1.24419e-07
-5.27912e-07
-1.08372e-07
-5.69216e-07
-3.09848e-07
-5.40982e-07
-4.84602e-07
-5.00062e-07
-6.30713e-07
-6.38235e-07
-4.50563e-07
1.28395e-08
4.4652e-07
3.27282e-08
9.68651e-07
7.14166e-08
1.18395e-06
1.85507e-07
1.09224e-06
4.02271e-07
7.25002e-07
3.05846e-07
5.07449e-07
1.94794e-07
2.35471e-07
8.41337e-08
2.2885e-09
-2.63059e-08
-1.99408e-07
-1.36241e-07
-3.74667e-07
-2.80616e-07
-4.86338e-07
-5.21591e-07
-3.9726e-07
4.92488e-08
3.97271e-07
1.78577e-07
8.39322e-07
3.67286e-07
9.95238e-07
6.28765e-07
8.30764e-07
8.77898e-07
4.75869e-07
7.91159e-07
5.94187e-07
6.61258e-07
3.65373e-07
5.32847e-07
1.30699e-07
3.95581e-07
-6.21414e-08
2.63124e-07
-2.42211e-07
6.83693e-08
-2.91583e-07
-2.96726e-07
-1.56496e-07
4.87319e-08
3.48539e-07
2.30103e-07
6.57951e-07
4.69619e-07
7.55723e-07
7.18684e-07
5.81698e-07
8.7945e-07
3.15103e-07
8.93756e-07
5.79881e-07
8.99511e-07
3.59618e-07
8.62224e-07
1.67987e-07
7.61694e-07
3.83888e-08
6.99916e-07
-1.80433e-07
5.4765e-07
-1.39318e-07
-3.2183e-08
2.83107e-07
4.88413e-08
2.99698e-07
2.70672e-07
4.3612e-07
5.07032e-07
5.19363e-07
6.7816e-07
4.1057e-07
1.00123e-06
-7.96248e-09
1.10481e-06
4.76301e-07
1.14203e-06
3.22389e-07
1.18893e-06
1.2109e-07
1.08942e-06
1.37902e-07
1.13096e-06
-2.21976e-07
1.09423e-06
-1.0259e-07
1.61638e-07
9.00412e-07
1.45022e-07
1.54676e-07
4.76122e-07
1.05019e-07
7.39412e-07
2.56074e-07
7.85148e-07
3.64834e-07
9.76295e-07
-1.9911e-07
9.54397e-07
4.98199e-07
1.2995e-06
-2.271e-08
1.51922e-06
-9.86378e-08
1.32167e-06
3.35453e-07
1.417e-06
-3.17301e-07
1.49039e-06
-1.75986e-07
1.50863e-07
1.50117e-06
6.96597e-07
-5.41921e-07
1.19016e-06
-3.88546e-07
1.55908e-06
-1.12844e-07
1.67202e-06
2.51898e-07
1.48923e-06
-1.63245e-08
1.29115e-06
6.9628e-07
1.55859e-06
-2.90148e-07
1.63899e-06
-1.7904e-07
1.66337e-06
3.11076e-07
1.42108e-06
-7.50178e-08
1.34715e-06
-1.02047e-07
1.62474e-06
-1.2673e-07
-1.48125e-07
-2.22324e-08
-1.30692e-07
-1.74329e-08
-1.27362e-07
-3.33051e-09
-1.15412e-07
-1.19494e-08
-9.73298e-08
-1.80826e-08
-7.98986e-08
-1.74312e-08
-6.87474e-08
-1.11511e-08
-6.35916e-08
-5.15578e-09
-5.8172e-08
-5.41963e-09
-4.79178e-08
-1.02542e-08
-1.97595e-08
-2.81583e-08
-1.97595e-08
-3.78027e-07
-2.53487e-08
-3.84024e-07
-1.14364e-08
-3.74753e-07
-1.26007e-08
-3.10999e-07
-7.57033e-08
-2.52842e-07
-7.62395e-08
-2.02532e-07
-6.77413e-08
-1.61853e-07
-5.18309e-08
-1.4129e-07
-2.57183e-08
-1.23342e-07
-2.33682e-08
-1.0096e-07
-3.26359e-08
-4.19944e-08
-8.71237e-08
-6.17539e-08
-5.16459e-07
-9.56188e-08
-4.3698e-07
-9.09155e-08
-3.51189e-07
-9.8392e-08
-3.05308e-07
-1.21584e-07
-2.58452e-07
-1.23096e-07
-2.08383e-07
-1.17811e-07
-1.51915e-07
-1.08299e-07
-1.09335e-07
-6.82981e-08
-1.08624e-07
-2.40785e-08
-1.39564e-07
-1.69605e-09
-6.15004e-08
-1.65188e-07
-1.23254e-07
-6.64719e-07
-3.07973e-07
-5.74478e-07
-1.81157e-07
-4.24732e-07
-2.48138e-07
-3.18369e-07
-2.27948e-07
-2.66008e-07
-1.75456e-07
-2.33536e-07
-1.50283e-07
-2.01129e-07
-1.40706e-07
-1.3564e-07
-1.33787e-07
-4.46242e-08
-1.15094e-07
2.99356e-08
-7.62558e-08
4.5633e-08
-1.80885e-07
-7.76213e-08
-5.92609e-07
-4.31804e-07
-3.33555e-07
-4.4021e-07
-2.01962e-07
-3.79731e-07
-1.69727e-07
-2.60183e-07
-1.65245e-07
-1.79938e-07
-1.72307e-07
-1.43222e-07
-1.68522e-07
-1.44491e-07
-1.44856e-07
-1.57453e-07
-1.12033e-07
-1.47917e-07
-5.38594e-08
-1.3443e-07
-3.80869e-08
-1.96657e-07
-1.15708e-07
-3.57054e-07
-5.25313e-07
-2.30047e-07
-5.67217e-07
-7.88087e-08
-5.30969e-07
-3.63292e-08
-3.02662e-07
-4.40994e-08
-1.72168e-07
-8.11441e-08
-1.06177e-07
-1.10837e-07
-1.14798e-07
-1.17251e-07
-1.51039e-07
-1.00629e-07
-1.64539e-07
-6.76599e-08
-1.67398e-07
-5.08297e-08
-2.13488e-07
-1.66538e-07
-3.72506e-07
-5.50066e-07
-2.92805e-07
-6.46919e-07
-1.95999e-07
-6.27774e-07
-8.17382e-08
-4.16923e-07
-1.87027e-08
-2.35204e-07
-2.81092e-08
-9.67703e-08
-4.21924e-08
-1.00715e-07
-3.29749e-08
-1.60256e-07
-1.13735e-08
-1.8614e-07
2.35348e-08
-2.02307e-07
4.13922e-08
-2.31345e-07
-1.25146e-07
-3.40079e-07
-3.66483e-07
-4.43876e-07
-5.43122e-07
-4.34686e-07
-6.36965e-07
-2.89387e-07
-5.62222e-07
-1.29895e-07
-3.94695e-07
-6.04085e-08
-1.66257e-07
-1.95249e-09
-1.59171e-07
4.86135e-08
-2.10822e-07
5.56946e-08
-1.93221e-07
1.85321e-08
-1.65144e-07
-1.34302e-08
-1.99383e-07
-1.38576e-07
-1.8203e-08
-6.51731e-08
-2.60805e-07
-3.00519e-07
-3.98073e-07
-4.99697e-07
-4.23932e-07
-5.36363e-07
-2.87039e-07
-5.31588e-07
-1.55044e-07
-2.98252e-07
3.98703e-08
-3.54085e-07
1.41711e-07
-3.12663e-07
1.47467e-07
-1.98978e-07
1.98549e-08
-3.7532e-08
-3.12379e-08
-1.4829e-07
-1.69814e-07
6.03204e-07
2.32034e-07
3.38572e-07
-3.58877e-08
1.20013e-07
-2.81138e-07
-8.94221e-08
-3.26928e-07
-2.25425e-07
-3.95586e-07
1.03531e-08
-5.34029e-07
9.1652e-08
-4.35384e-07
2.42177e-07
-4.63187e-07
3.00714e-07
-2.57515e-07
7.04065e-08
1.92776e-07
-3.64248e-08
-4.14587e-08
-2.06239e-07
1.42424e-06
3.08959e-07
1.34299e-06
4.5368e-08
1.13764e-06
-7.57924e-08
7.96512e-07
1.42036e-08
4.50556e-07
-4.96305e-08
4.04903e-07
-4.88377e-07
2.36245e-07
-2.66726e-07
4.20923e-07
-6.47865e-07
5.37911e-07
-3.74503e-07
1.09885e-07
6.20802e-07
-1.45127e-08
8.2939e-08
-2.20751e-07
2.19598e-06
-2.62285e-07
2.63648e-06
-3.95127e-07
2.54537e-06
1.5312e-08
2.07537e-06
4.84205e-07
1.69662e-06
3.29123e-07
1.50727e-06
-2.99024e-07
9.86229e-07
2.54312e-07
7.59456e-07
-4.21093e-07
7.72315e-07
-3.87362e-07
8.77598e-07
5.15519e-07
6.63949e-07
2.96588e-07
4.43198e-07
2.87687e-06
-7.66397e-07
-2.85042e-06
3.31794e-06
-2.98522e-07
3.84583e-06
4.97117e-08
4.43093e-06
-3.16954e-07
4.73404e-06
-5.90098e-07
4.65073e-06
-3.0054e-07
4.55974e-06
-3.45095e-07
4.58123e-06
-2.33677e-07
4.65784e-06
-1.08457e-07
4.72325e-06
-1.31858e-08
4.6709e-06
1.12078e-08
1.65819e-07
4.472e-06
4.33323e-06
-5.17972e-07
-4.58165e-06
4.004e-06
3.07093e-08
4.22798e-06
-1.74273e-07
4.53782e-06
-6.26792e-07
4.87784e-06
-9.30118e-07
5.20358e-06
-6.26283e-07
5.35826e-06
-4.99772e-07
5.4578e-06
-3.33215e-07
5.50428e-06
-1.54937e-07
5.47697e-06
1.41155e-08
5.31662e-06
1.71562e-07
3.52627e-07
5.12981e-06
5.79656e-06
-4.99804e-07
-5.81473e-06
5.83706e-06
-9.78545e-09
5.86706e-06
-2.04277e-07
5.69176e-06
-4.51489e-07
5.5059e-06
-7.44261e-07
5.77049e-06
-8.90875e-07
6.04082e-06
-7.70102e-07
6.18968e-06
-4.82067e-07
6.21157e-06
-1.7683e-07
6.12653e-06
9.91552e-08
5.9026e-06
3.95486e-07
5.35514e-07
5.71972e-06
6.36738e-06
-6.31523e-06
-5.51955e-07
6.61675e-06
-2.59158e-07
6.88443e-06
-4.71961e-07
6.97515e-06
-5.42209e-07
6.93964e-06
-7.08745e-07
6.82455e-06
-7.75789e-07
6.73566e-06
-6.81214e-07
6.7085e-06
-4.54899e-07
6.63351e-06
-1.01848e-07
6.38309e-06
3.49579e-07
5.99526e-06
7.83315e-07
5.75067e-06
7.80103e-07
4.36397e-06
2.50899e-07
4.45621e-06
2.11181e-07
4.27426e-06
1.62138e-08
3.94555e-06
-7.6699e-08
3.6115e-06
3.31416e-08
3.33891e-06
1.17184e-07
2.96438e-06
1.37102e-07
2.353e-06
-5.82608e-09
1.59202e-06
-3.25224e-08
1.41978e-06
-4.00982e-07
2.15541e-06
4.30316e-07
3.09156e-06
1.82504e-06
5.12707e-06
2.5364e-07
5.19582e-06
1.42428e-07
4.98136e-06
2.30676e-07
4.62942e-06
2.7524e-07
4.32038e-06
3.42181e-07
4.10371e-06
3.33859e-07
3.82098e-06
4.19832e-07
3.40432e-06
4.10827e-07
3.05305e-06
3.1875e-07
2.4255e-06
2.26569e-07
2.37363e-06
4.82189e-07
1.93861e-06
3.52658e-06
5.59615e-06
3.77209e-07
5.49684e-06
2.41734e-07
5.40372e-06
3.23802e-07
5.16154e-06
5.17424e-07
4.92771e-06
5.76004e-07
4.67073e-06
5.90838e-07
4.35431e-06
7.36254e-07
4.01738e-06
7.47754e-07
3.85419e-06
4.81941e-07
3.69199e-06
3.8877e-07
3.58472e-06
5.89459e-07
1.37784e-06
4.14549e-06
5.88928e-06
2.38601e-07
6.02099e-06
1.10025e-07
5.82677e-06
5.1802e-07
5.64494e-06
6.99254e-07
5.47362e-06
7.47324e-07
5.25892e-06
8.05537e-07
5.04509e-06
9.5008e-07
4.87597e-06
9.16873e-07
4.68443e-06
6.73482e-07
4.30224e-06
7.70966e-07
4.13801e-06
7.53683e-07
4.7537e-06
7.62147e-07
2.12517e-06
1.21929e-06
2.32986e-06
5.26286e-07
2.36244e-06
-3.21026e-07
2.69812e-06
-1.31603e-06
3.24874e-06
-1.55461e-06
3.86748e-06
-1.15036e-06
4.31268e-06
-6.15824e-07
4.35825e-06
-4.77729e-07
4.16151e-06
-4.87035e-08
4.16149e-06
6.05995e-08
4.36158e-06
3.03243e-09
-1.05083e-07
4.33106e-06
4.31264e-06
4.33234e-07
4.18929e-06
6.49629e-07
3.94501e-06
-7.67461e-08
4.08208e-06
-1.45309e-06
4.43242e-06
-1.90494e-06
4.74136e-06
-1.4593e-06
4.85775e-06
-7.32213e-07
4.73086e-06
-3.5084e-07
4.74807e-06
-6.59071e-08
4.64269e-06
1.65978e-07
4.45007e-06
1.95655e-07
-1.14702e-07
4.45969e-06
4.79966e-06
-2.20937e-07
5.07728e-06
3.72011e-07
5.19836e-06
-1.97822e-07
5.43777e-06
-1.69251e-06
5.70314e-06
-2.17031e-06
6.04402e-06
-1.80018e-06
5.9098e-06
-5.97989e-07
5.73215e-06
-1.73199e-07
5.63395e-06
3.22951e-08
5.38488e-06
4.15054e-07
5.02971e-06
5.5082e-07
5.83221e-08
4.85669e-06
5.7303e-06
-1.19753e-06
6.24245e-06
-1.40145e-07
6.89456e-06
-8.49931e-07
7.15631e-06
-1.95426e-06
6.99533e-06
-2.00933e-06
6.61859e-06
-1.42343e-06
6.52977e-06
-5.09165e-07
6.42645e-06
-6.98788e-08
6.24798e-06
2.1076e-07
6.08745e-06
5.7559e-07
5.87785e-06
7.60419e-07
5.35429e-06
5.81877e-07
4.18019e-06
4.34611e-07
4.30156e-06
8.85037e-07
4.12317e-06
4.26502e-07
3.77634e-06
4.986e-08
3.61709e-06
-1.64244e-07
3.5307e-06
-1.67175e-08
3.42879e-06
1.05237e-07
3.30673e-06
1.19671e-07
3.19766e-06
-6.24012e-09
3.09311e-06
-7.87106e-08
3.14082e-06
-1.73543e-07
4.6727e-07
3.55645e-06
4.53635e-06
3.57944e-07
4.74982e-06
6.71569e-07
4.35703e-06
8.19297e-07
3.79488e-06
6.12004e-07
3.55678e-06
7.38537e-08
3.79151e-06
-2.51439e-07
3.87375e-06
2.29972e-08
3.94404e-06
4.93777e-08
4.04531e-06
-1.07507e-07
4.16911e-06
-2.02511e-07
4.41459e-06
-4.19024e-07
-4.48912e-08
4.92675e-06
4.71659e-06
4.98039e-07
4.26377e-06
1.12439e-06
3.98177e-06
1.10129e-06
3.71363e-06
8.80145e-07
3.60052e-06
1.86961e-07
3.89426e-06
-5.45176e-07
4.34975e-06
-4.32496e-07
4.69802e-06
-2.98894e-07
5.01972e-06
-4.29199e-07
5.3185e-06
-5.01294e-07
5.60319e-06
-7.03719e-07
-4.84058e-07
6.04236e-06
4.88945e-06
9.62885e-07
4.7586e-06
1.25525e-06
4.76514e-06
1.09475e-06
4.86707e-06
7.7822e-07
4.97011e-06
8.39181e-08
5.08419e-06
-6.5926e-07
5.55449e-06
-9.02794e-07
5.96289e-06
-7.07295e-07
6.32785e-06
-7.94161e-07
6.62878e-06
-8.02218e-07
6.83909e-06
-9.14033e-07
7.10963e-06
-7.54601e-07
3.52489e-06
-3.41692e-07
3.71832e-06
-6.0037e-07
3.97523e-06
-7.52664e-07
4.21926e-06
-7.7684e-07
4.40275e-06
-7.15024e-07
4.50773e-06
-5.69891e-07
4.52176e-06
-3.48061e-07
4.43706e-06
-6.33836e-08
4.26705e-06
2.41124e-07
4.03584e-06
5.23945e-07
3.76716e-06
7.30396e-07
8.32509e-07
3.52623e-06
5.16366e-06
-5.78607e-07
5.37944e-06
-8.16141e-07
5.57523e-06
-9.48455e-07
5.74242e-06
-9.44035e-07
5.85522e-06
-8.27819e-07
5.89981e-06
-6.14488e-07
5.86225e-06
-3.10501e-07
5.72636e-06
7.25139e-08
5.49566e-06
4.71817e-07
5.18739e-06
8.32219e-07
4.83638e-06
1.0814e-06
1.18449e-06
4.4844e-06
6.33568e-06
-8.71925e-07
6.56974e-06
-1.0502e-06
6.74124e-06
-1.11996e-06
6.85824e-06
-1.06104e-06
6.91316e-06
-8.82738e-07
6.90424e-06
-6.0556e-07
6.82588e-06
-2.32148e-07
6.66647e-06
2.3193e-07
6.41597e-06
7.22313e-07
6.08193e-06
1.16626e-06
5.68569e-06
1.47764e-06
1.59715e-06
5.27303e-06
7.31172e-06
-1.07401e-06
7.44547e-06
-1.18395e-06
7.51286e-06
-1.18735e-06
7.52651e-06
-1.07469e-06
7.49521e-06
-8.51441e-07
7.4167e-06
-5.27049e-07
7.27373e-06
-8.91744e-08
7.07612e-06
4.29538e-07
6.82563e-06
9.72808e-07
6.50182e-06
1.49007e-06
6.09706e-06
1.8824e-06
5.70223e-06
1.99198e-06
3.35907e-06
8.32753e-07
3.26668e-06
7.88032e-07
3.23221e-06
7.02287e-07
3.23171e-06
5.73265e-07
3.24429e-06
3.98077e-07
3.25709e-06
1.86574e-07
3.26873e-06
-5.91949e-08
3.27103e-06
-2.84969e-07
3.26165e-06
-4.93462e-07
3.21075e-06
-5.29113e-07
3.2616e-06
-5.38991e-07
2.38085e-07
3.58306e-06
4.20868e-06
1.10848e-06
4.02357e-06
9.7314e-07
3.92329e-06
8.02563e-07
3.89158e-06
6.04977e-07
3.91132e-06
3.78334e-07
3.96976e-06
1.2814e-07
4.07489e-06
-1.64331e-07
4.20831e-06
-4.1839e-07
4.36904e-06
-6.54187e-07
4.51851e-06
-6.78581e-07
4.73433e-06
-7.54816e-07
-1.90138e-07
5.16255e-06
4.96152e-06
1.41999e-06
4.75408e-06
1.18058e-06
4.64546e-06
9.11182e-07
4.63423e-06
6.16204e-07
4.71159e-06
3.00974e-07
4.85787e-06
-1.81401e-08
5.09069e-06
-3.97153e-07
5.36644e-06
-6.94135e-07
5.65689e-06
-9.44635e-07
5.92464e-06
-9.46339e-07
6.14694e-06
-9.77116e-07
-5.20312e-07
6.47712e-06
5.49488e-06
1.62734e-06
5.42551e-06
1.24995e-06
5.46797e-06
8.68727e-07
5.61117e-06
4.72999e-07
5.84311e-06
6.90352e-08
6.15484e-06
-3.29871e-07
6.5021e-06
-7.44414e-07
6.84743e-06
-1.03946e-06
7.1432e-06
-1.2404e-06
7.36855e-06
-1.17169e-06
7.47655e-06
-1.08511e-06
7.60082e-06
-6.44584e-07
3.37281e-06
-3.31674e-07
3.32474e-06
-3.40476e-07
3.36161e-06
-1.49712e-07
3.37118e-06
2.42324e-07
3.17332e-06
1.81542e-07
3.09002e-06
7.79576e-07
2.64761e-06
1.52264e-07
2.32276e-06
1.4581e-07
2.19627e-06
4.37565e-07
1.95791e-06
1.63348e-07
1.89038e-06
-3.45172e-08
-5.01065e-07
2.26471e-06
5.25692e-06
-4.26042e-07
5.26801e-06
-3.51566e-07
5.24485e-06
-1.26554e-07
5.18645e-06
3.0073e-07
4.97144e-06
3.96549e-07
4.83533e-06
9.15686e-07
4.42593e-06
5.61659e-07
4.14243e-06
4.2931e-07
3.91483e-06
6.65168e-07
3.35249e-06
7.25684e-07
2.9259e-06
3.92077e-07
-3.27027e-07
2.75186e-06
6.62772e-06
-5.76647e-07
6.67906e-06
-4.02899e-07
6.65295e-06
-1.00452e-07
6.55816e-06
3.95528e-07
6.32964e-06
6.25069e-07
6.1578e-06
1.08753e-06
5.78896e-06
9.30496e-07
5.3814e-06
8.3687e-07
5.06406e-06
9.82506e-07
4.80671e-06
9.83034e-07
4.51896e-06
6.79828e-07
1.67363e-07
4.02457e-06
7.65209e-06
-6.27917e-07
7.6228e-06
-3.73604e-07
7.49431e-06
2.80383e-08
7.3187e-06
5.71139e-07
7.04618e-06
8.97585e-07
6.8372e-06
1.29651e-06
6.55135e-06
1.21635e-06
6.22924e-06
1.15898e-06
5.99382e-06
1.21793e-06
5.88103e-06
1.09582e-06
5.77657e-06
7.84293e-07
5.52056e-06
4.23378e-07
2.54636e-06
-5.43938e-07
3.00071e-06
-8.49474e-07
3.37246e-06
-3.56436e-07
3.1729e-06
6.83762e-07
3.07856e-06
4.23466e-07
2.94837e-06
-1.68837e-07
2.7678e-06
4.34886e-07
2.19672e-06
1.49984e-07
2.17647e-06
-3.67111e-07
2.25721e-06
4.34782e-07
2.41483e-06
1.38964e-07
7.60674e-09
2.83124e-06
-6.23314e-07
3.06303e-06
-1.08127e-06
3.2096e-06
-5.03009e-07
3.29178e-06
6.01587e-07
3.38142e-06
3.33828e-07
3.4372e-06
-2.24618e-07
3.45968e-06
4.12402e-07
3.64093e-06
-3.12612e-08
3.71991e-06
-4.46095e-07
4.01348e-06
1.41206e-07
4.21007e-06
-5.76251e-08
-3.63972e-07
3.49014e-06
-8.88798e-08
2.83219e-06
-4.2332e-07
2.56071e-06
-2.31531e-07
3.38223e-06
-2.19928e-07
3.99312e-06
-2.77068e-07
4.10421e-06
-3.35709e-07
4.50374e-06
1.28729e-08
5.02666e-06
-5.5418e-07
5.29503e-06
-7.1446e-07
5.65672e-06
-2.20484e-07
5.90976e-06
-3.10664e-07
-2.68946e-07
5.26916e-06
1.62516e-07
4.88856e-06
-4.27158e-08
4.69474e-06
-3.77128e-08
5.126e-06
-6.51195e-07
5.64132e-06
-7.92384e-07
5.86439e-06
-5.58776e-07
6.20599e-06
-3.2873e-07
6.43985e-06
-7.88035e-07
6.72055e-06
-9.95161e-07
6.97366e-06
-4.73598e-07
6.73302e-06
-7.00219e-08
1.48846e-07
-2.2538e-06
-1.14766e-06
2.84951e-06
-2.16403e-06
-3.48931e-07
-2.22798e-06
-4.08013e-07
-2.39272e-06
-3.77468e-07
-2.53012e-06
-5.71342e-07
-2.67809e-06
-6.27824e-07
-2.81584e-06
-5.43461e-07
-3.03125e-06
-2.39483e-07
-3.34269e-06
2.09589e-07
-3.64199e-06
6.48882e-07
-3.80234e-06
9.43666e-07
7.44713e-07
-3.76695e-06
-2.29216e-06
-1.03443e-06
2.17893e-06
-2.16106e-06
-4.80038e-07
-2.25213e-06
-3.16939e-07
-2.42194e-06
-2.0766e-07
-2.62814e-06
-3.65142e-07
-2.84929e-06
-4.06668e-07
-3.08044e-06
-3.12312e-07
-3.3389e-06
1.8977e-08
-3.63339e-06
5.04082e-07
-3.89388e-06
9.09364e-07
-4.00358e-06
1.05337e-06
5.91921e-07
-3.85079e-06
-1.75301e-06
-7.78953e-07
1.49753e-06
-1.85221e-06
-3.80842e-07
-2.04229e-06
-1.2686e-07
-2.23472e-06
-1.52245e-08
-2.44524e-06
-1.54623e-07
-2.67264e-06
-1.7927e-07
-2.93706e-06
-4.78875e-08
-3.22029e-06
3.02207e-07
-3.45702e-06
7.4081e-07
-3.60028e-06
1.05262e-06
-3.59895e-06
1.05204e-06
4.28372e-07
-3.43541e-06
-1.14241e-06
4.50954e-07
-8.74981e-08
-1.4947e-06
-2.85464e-08
-1.74449e-06
1.22928e-07
-1.93605e-06
1.76334e-07
-2.11795e-06
2.72698e-08
-2.29506e-06
-2.15163e-09
-2.48935e-06
1.46396e-07
-2.66258e-06
4.75439e-07
-2.76494e-06
8.43171e-07
-2.74593e-06
1.03362e-06
-2.5681e-06
8.7421e-07
-2.63377e-06
4.94036e-07
-3.49964e-06
-2.87166e-08
-3.55581e-06
1.66199e-07
-3.53015e-06
4.92357e-07
-3.52526e-06
6.94365e-07
-3.56101e-06
7.83074e-07
-3.6299e-06
8.74433e-07
-3.64319e-06
9.63365e-07
-3.59459e-06
8.68271e-07
-3.68139e-06
7.6029e-07
-3.65079e-06
7.40358e-07
-3.27422e-06
3.77122e-07
-2.91134e-07
-2.22094e-06
-3.29129e-06
-5.88214e-07
-3.16832e-06
4.32264e-08
-3.04127e-06
3.65314e-07
-2.93181e-06
5.84904e-07
-2.86958e-06
7.20837e-07
-2.81662e-06
8.21477e-07
-2.72506e-06
8.71804e-07
-2.64126e-06
7.84474e-07
-2.55372e-06
6.72741e-07
-2.24599e-06
4.32636e-07
-1.76543e-06
-1.03444e-07
-7.26505e-07
-1.33006e-06
-2.70004e-06
-1.32358e-06
-2.39385e-06
-2.62968e-07
-2.21654e-06
1.88004e-07
-2.09067e-06
4.59037e-07
-1.99173e-06
6.21892e-07
-1.89542e-06
7.25171e-07
-1.78794e-06
7.64326e-07
-1.6931e-06
6.89632e-07
-1.55955e-06
5.39194e-07
-1.34774e-06
2.20826e-07
-1.18714e-06
-2.64042e-07
-7.11943e-07
-1.20171e-06
-1.91619e-06
-2.04115e-06
-1.66778e-06
-5.11383e-07
-1.52783e-06
4.80607e-08
-1.42876e-06
3.59966e-07
-1.33762e-06
5.3075e-07
-1.245e-06
6.32551e-07
-1.14618e-06
6.65505e-07
-1.05662e-06
6.00072e-07
-9.57219e-07
4.39792e-07
-8.79532e-07
1.43138e-07
-9.08775e-07
-2.34799e-07
-1.07571e-06
-5.4501e-07
-2.25548e-06
-1.16299e-06
-1.76413e-06
-6.31492e-07
-1.50954e-06
-1.10453e-06
-1.889e-06
-1.5748e-06
-2.40771e-06
-1.49062e-06
-2.81848e-06
-1.01267e-06
-2.96242e-06
-3.65229e-07
-3.12783e-06
9.55303e-08
-3.36368e-06
4.46614e-07
-3.57787e-06
7.89782e-07
-3.77945e-06
9.61998e-07
8.50643e-07
-4.04822e-06
-1.54792e-06
-9.45132e-07
-1.48252e-06
-6.96891e-07
-1.6131e-06
-9.73946e-07
-1.9845e-06
-1.20341e-06
-2.39359e-06
-1.08152e-06
-2.72774e-06
-6.78518e-07
-2.92041e-06
-1.72562e-07
-3.09285e-06
2.67979e-07
-3.27401e-06
6.27773e-07
-3.39088e-06
9.06654e-07
-3.4251e-06
9.9621e-07
7.76311e-07
-3.35076e-06
-1.38704e-06
-7.59795e-07
-1.44611e-06
-6.37823e-07
-1.62238e-06
-7.97679e-07
-1.92924e-06
-8.96545e-07
-2.24541e-06
-7.65352e-07
-2.4822e-06
-4.41732e-07
-2.63597e-06
-1.87904e-08
-2.74656e-06
3.7857e-07
-2.81483e-06
6.96039e-07
-2.80315e-06
8.94972e-07
-2.71784e-06
9.10899e-07
6.29378e-07
-2.5709e-06
-1.25776e-06
-5.77746e-07
-1.35123e-06
-5.44352e-07
-1.51397e-06
-6.34933e-07
-1.74088e-06
-6.69639e-07
-1.95904e-06
-5.4719e-07
-2.1121e-06
-2.88672e-07
-2.18906e-06
5.81729e-08
-2.20581e-06
3.95314e-07
-2.15357e-06
6.43796e-07
-2.01562e-06
7.57032e-07
-1.81153e-06
7.06807e-07
-1.79607e-06
6.13918e-07
-3.83944e-06
7.54107e-07
-3.45961e-06
8.75419e-07
-3.06264e-06
6.97775e-07
-2.59384e-06
3.0942e-07
-2.23821e-06
-2.71706e-07
-2.11448e-06
-7.8299e-07
-2.06042e-06
-9.56862e-07
-1.87507e-06
-8.92638e-07
-1.77255e-06
-8.96686e-07
-1.70308e-06
-8.7169e-07
-1.72142e-06
-8.95693e-07
-8.47789e-07
-1.62823e-06
-2.82694e-06
2.30284e-07
-2.32371e-06
3.72188e-07
-1.87661e-06
2.50678e-07
-1.51969e-06
-4.75004e-08
-1.34376e-06
-4.47636e-07
-1.36244e-06
-7.64313e-07
-1.43857e-06
-8.80736e-07
-1.46659e-06
-8.64611e-07
-1.51418e-06
-8.49094e-07
-1.56989e-06
-8.15981e-07
-1.6531e-06
-8.12487e-07
-7.97385e-07
-1.7035e-06
-1.96357e-06
-3.77051e-07
-1.51528e-06
-7.61012e-08
-1.20277e-06
-6.1828e-08
-1.021e-06
-2.29277e-07
-9.97172e-07
-4.71461e-07
-1.09621e-06
-6.65271e-07
-1.23149e-06
-7.45455e-07
-1.34858e-06
-7.47528e-07
-1.4644e-06
-7.33269e-07
-1.57535e-06
-7.05031e-07
-1.69321e-06
-6.94629e-07
-6.88817e-07
-1.80178e-06
-1.24303e-06
-9.30089e-07
-9.70623e-07
-3.48512e-07
-8.16387e-07
-2.16064e-07
-7.65229e-07
-2.80436e-07
-8.22652e-07
-4.14037e-07
-9.57812e-07
-5.30111e-07
-1.11651e-06
-5.86762e-07
-1.26633e-06
-5.97699e-07
-1.40833e-06
-5.91274e-07
-1.54035e-06
-5.73007e-07
-1.67011e-06
-5.64872e-07
-1.79445e-06
-5.64481e-07
-1.65978e-06
-1.04246e-06
-1.75604e-06
-1.0877e-06
-1.88688e-06
-1.05651e-06
-2.0411e-06
-9.20465e-07
-2.21415e-06
-6.7839e-07
-2.42815e-06
-3.13049e-07
-2.68054e-06
1.63207e-07
-2.94822e-06
6.97219e-07
-3.24637e-06
1.27096e-06
-3.5564e-06
1.8001e-06
-3.8012e-06
2.1272e-06
1.96448e-06
-3.7737e-06
-1.83414e-06
-9.11814e-07
-2.00165e-06
-9.20187e-07
-2.18898e-06
-8.69182e-07
-2.38837e-06
-7.21075e-07
-2.59966e-06
-4.67102e-07
-2.81822e-06
-9.44885e-08
-3.04363e-06
3.88614e-07
-3.2824e-06
9.35997e-07
-3.50689e-06
1.49544e-06
-3.66721e-06
1.96043e-06
-3.68604e-06
2.14603e-06
1.69938e-06
-3.42094e-06
-1.95996e-06
-7.53635e-07
-2.13563e-06
-7.44511e-07
-2.32228e-06
-6.82531e-07
-2.51256e-06
-5.30799e-07
-2.70222e-06
-2.77439e-07
-2.88429e-06
8.75773e-08
-3.05038e-06
5.54708e-07
-3.19621e-06
1.08182e-06
-3.29547e-06
1.59471e-06
-3.29876e-06
1.96372e-06
-3.17085e-06
2.01812e-06
1.43307e-06
-2.90454e-06
-1.94588e-06
-6.022e-07
-2.10342e-06
-5.86971e-07
-2.26317e-06
-5.22782e-07
-2.41737e-06
-3.76598e-07
-2.55785e-06
-1.36964e-07
-2.67559e-06
2.05322e-07
-2.75611e-06
6.35232e-07
-2.78499e-06
1.11069e-06
-2.74045e-06
1.55018e-06
-2.59232e-06
1.81558e-06
-2.32034e-06
1.74614e-06
-2.24698e-06
1.35972e-06
-3.31371e-06
1.16735e-06
-2.9541e-06
8.90331e-07
-2.59835e-06
5.12979e-07
-2.22288e-06
9.7525e-08
-1.87269e-06
-2.81149e-07
-1.54719e-06
-6.55375e-07
-1.30349e-06
-9.8811e-07
-1.14786e-06
-1.1951e-06
-1.1285e-06
-1.25976e-06
-1.18493e-06
-1.11526e-06
-1.38338e-06
-8.86667e-07
-5.21116e-07
-1.50685e-06
-2.64789e-06
3.94305e-07
-2.11926e-06
3.617e-07
-1.71487e-06
1.08593e-07
-1.41531e-06
-2.02037e-07
-1.18581e-06
-5.1065e-07
-1.03635e-06
-8.04836e-07
-9.75148e-07
-1.04931e-06
-9.90985e-07
-1.17926e-06
-1.09339e-06
-1.15735e-06
-1.26413e-06
-9.44518e-07
-1.52918e-06
-6.21622e-07
-2.58222e-07
-1.79207e-06
-2.02274e-06
-4.87493e-07
-1.49327e-06
-1.67778e-07
-1.17987e-06
-2.04805e-07
-1.00223e-06
-3.79678e-07
-9.18303e-07
-5.94574e-07
-9.0873e-07
-8.14409e-07
-9.60399e-07
-9.97642e-07
-1.06039e-06
-1.07927e-06
-1.21496e-06
-1.00278e-06
-1.42818e-06
-7.313e-07
-1.72092e-06
-3.28886e-07
6.44883e-08
-2.04363e-06
-1.38691e-06
-1.34757e-06
-1.02777e-06
-5.26911e-07
-8.51205e-07
-3.81373e-07
-7.87479e-07
-4.43404e-07
-8.00697e-07
-5.81356e-07
-8.69001e-07
-7.46106e-07
-9.75151e-07
-8.91492e-07
-1.10794e-06
-9.46476e-07
-1.27259e-06
-8.38141e-07
-1.48221e-06
-5.21681e-07
-1.76599e-06
-4.51005e-08
-2.10788e-06
4.06382e-07
-1.69633e-06
-4.38429e-07
-1.95239e-06
-1.1755e-07
-2.252e-06
3.27651e-07
-2.51975e-06
8.38885e-07
-2.7897e-06
1.16754e-06
-2.85378e-06
1.36059e-06
-2.95288e-06
1.31545e-06
-2.97325e-06
1.17934e-06
-2.88655e-06
1.13123e-06
-2.77384e-06
9.83107e-07
-2.69328e-06
7.0373e-07
3.6841e-07
-2.63831e-06
-2.06127e-06
-1.6923e-07
-2.29241e-06
1.13584e-07
-2.52874e-06
5.63987e-07
-2.71253e-06
1.02268e-06
-2.8284e-06
1.28341e-06
-2.72646e-06
1.25864e-06
-2.59401e-06
1.183e-06
-2.46257e-06
1.0479e-06
-2.28593e-06
9.54589e-07
-2.11212e-06
8.09297e-07
-1.97992e-06
5.71531e-07
2.40259e-07
-1.85177e-06
-2.28005e-06
6.71907e-08
-2.41929e-06
2.5282e-07
-2.52215e-06
6.66855e-07
-2.5804e-06
1.08092e-06
-2.51876e-06
1.22177e-06
-2.36315e-06
1.10303e-06
-2.13425e-06
9.54098e-07
-1.89993e-06
8.13592e-07
-1.66672e-06
7.21371e-07
-1.47201e-06
6.14586e-07
-1.35071e-06
4.50237e-07
1.80281e-07
-1.29073e-06
-2.28042e-06
2.39721e-07
-2.32544e-06
2.97841e-07
-2.34784e-06
6.89256e-07
-2.32429e-06
1.05737e-06
-2.16707e-06
1.06456e-06
-1.91574e-06
8.51701e-07
-1.63113e-06
6.69492e-07
-1.35578e-06
5.38234e-07
-1.10632e-06
4.71912e-07
-9.07183e-07
4.15451e-07
-7.85333e-07
3.28387e-07
-8.44358e-07
2.39305e-07
-2.44365e-06
-3.2143e-08
-2.29173e-06
-1.94636e-07
-1.98584e-06
-3.436e-07
-1.95331e-06
-6.83733e-07
-1.99373e-06
-7.51963e-07
-1.91036e-06
-6.42142e-07
-1.66286e-06
-5.76227e-07
-1.73415e-06
-7.1675e-07
-2.10374e-06
-6.2557e-07
-2.45527e-06
-1.22066e-07
-2.76795e-06
2.42659e-07
2.30401e-07
-1.59995e-06
-2.83962e-07
-1.39689e-06
-3.97688e-07
-1.24925e-06
-4.91246e-07
-1.27361e-06
-6.59375e-07
-1.33242e-06
-6.9315e-07
-1.34953e-06
-6.25032e-07
-1.36296e-06
-5.62792e-07
-1.54769e-06
-5.32021e-07
-1.85076e-06
-3.22504e-07
-2.08042e-06
1.07598e-07
-2.27113e-06
4.33369e-07
1.382e-07
-1.08217e-06
-4.92531e-07
-9.39248e-07
-5.40605e-07
-8.87232e-07
-5.43262e-07
-9.44259e-07
-6.02347e-07
-1.03209e-06
-6.05317e-07
-1.10922e-06
-5.47902e-07
-1.19059e-06
-4.81428e-07
-1.3242e-06
-3.98409e-07
-1.45556e-06
-1.91145e-07
-1.4776e-06
1.29643e-07
-1.45295e-06
4.08714e-07
1.82788e-07
-6.93243e-07
-6.43645e-07
-6.55928e-07
-5.77921e-07
-6.77762e-07
-5.21428e-07
-7.60326e-07
-5.19782e-07
-8.63283e-07
-5.02361e-07
-9.54342e-07
-4.56843e-07
-1.02712e-06
-4.08645e-07
-1.07755e-06
-3.47987e-07
-1.04835e-06
-2.20345e-07
-8.59234e-07
-5.94704e-08
-4.39095e-07
-1.14255e-08
1.94647e-07
-7.38705e-07
3.81921e-07
2.69286e-07
-1.1476e-06
3.80347e-07
-1.4215e-06
3.96827e-07
-1.59335e-06
3.48185e-07
-1.72615e-06
1.60076e-07
-1.82732e-06
9.90189e-08
-1.90766e-06
2.26731e-07
-1.93277e-06
5.00555e-07
-1.84521e-06
7.55606e-07
-1.58252e-06
7.70925e-07
-1.00345e-06
2.95142e-07
-5.09413e-07
-5.20472e-07
5.27003e-07
3.7539e-07
-8.37242e-07
6.97117e-07
-1.09208e-06
6.51667e-07
-1.23631e-06
4.92415e-07
-1.31889e-06
2.42656e-07
-1.35067e-06
1.30798e-07
-1.33784e-06
2.13903e-07
-1.25667e-06
4.19386e-07
-1.06826e-06
5.67189e-07
-7.40099e-07
4.42767e-07
-3.08096e-07
-1.36861e-07
-8.17509e-07
-3.25495e-07
6.05226e-07
2.47271e-07
-5.51658e-07
9.23281e-07
-7.73956e-07
8.73964e-07
-8.91961e-07
6.1042e-07
-9.36436e-07
2.87131e-07
-9.22268e-07
1.16629e-07
-8.55849e-07
1.47485e-07
-7.24983e-07
2.88519e-07
-5.1748e-07
3.59686e-07
-2.50917e-07
1.76204e-07
-3.09525e-08
-3.56825e-07
-8.48461e-07
-1.51916e-07
5.70858e-07
1.86285e-07
-3.01878e-07
1.07324e-06
-4.85464e-07
1.05755e-06
-5.79165e-07
7.04121e-07
-5.99804e-07
3.0777e-07
-5.65193e-07
8.20177e-08
-4.82547e-07
6.4839e-08
-3.48204e-07
1.54176e-07
-1.69823e-07
1.81306e-07
7.98625e-09
-1.60541e-09
8.87244e-08
-4.37564e-07
-7.59737e-07
-6.25975e-08
4.79785e-07
1.5367e-07
-1.14637e-07
1.12528e-06
-2.44294e-07
1.18721e-06
-3.10886e-07
7.70712e-07
-3.17222e-07
3.14107e-07
-2.81293e-07
4.60888e-08
-2.08775e-07
-7.67943e-09
-9.91092e-08
4.45103e-08
2.86719e-08
5.35244e-08
1.32668e-07
-1.05602e-07
1.26926e-07
-4.31821e-07
-6.32811e-07
-1.08244e-07
3.39821e-07
2.48208e-07
-1.00244e-08
1.02706e-06
-6.39244e-08
1.24111e-06
-9.63604e-08
8.03149e-07
-9.14615e-08
3.09208e-07
-6.44899e-08
1.91172e-08
-1.56004e-08
-5.6569e-08
5.74967e-08
-2.85868e-08
1.38239e-07
-2.72177e-08
1.81356e-07
-1.48719e-07
1.30404e-07
-3.8087e-07
-5.02407e-07
-1.49226e-07
7.88249e-08
4.10222e-07
4.61842e-08
8.31652e-07
5.30885e-08
1.2342e-06
5.86344e-08
7.97603e-07
7.75145e-08
2.90328e-07
9.28771e-08
3.7546e-09
1.14496e-07
-7.81878e-08
1.50726e-07
-6.48166e-08
1.88792e-07
-6.52841e-08
1.9188e-07
-1.51807e-07
1.2083e-07
-3.09819e-07
-3.81577e-07
-2.3647e-07
-1.83063e-07
4.98358e-07
7.33526e-09
5.87847e-07
9.19711e-08
1.14957e-06
1.54403e-07
7.3517e-07
1.90597e-07
2.54133e-07
1.96606e-07
-2.25432e-09
1.94812e-07
-7.63937e-08
2.00705e-07
-7.07092e-08
2.06921e-07
-7.15008e-08
1.85111e-07
-1.29997e-07
1.07788e-07
-2.32496e-07
-2.73789e-07
-4.24669e-07
-2.95259e-07
5.36864e-07
-1.54984e-07
3.18162e-07
6.4469e-08
9.30115e-07
1.94228e-07
6.05412e-07
2.52519e-07
1.95842e-07
2.53307e-07
-3.04208e-09
2.3513e-07
-5.82176e-08
2.20474e-07
-5.60524e-08
2.06411e-07
-5.74376e-08
1.71154e-07
-9.47402e-08
9.48985e-08
-1.5624e-07
-1.7889e-07
-5.35719e-07
-2.81583e-07
5.22044e-07
-2.59371e-07
4.18144e-08
8.89205e-10
6.69855e-07
1.90632e-07
4.15669e-07
2.65774e-07
1.20701e-07
2.64613e-07
-1.88134e-09
2.3919e-07
-3.27943e-08
2.1521e-07
-3.20725e-08
1.91835e-07
-3.40624e-08
1.52106e-07
-5.50113e-08
8.19143e-08
-8.60492e-08
-9.69759e-08
-5.34681e-07
-1.71994e-07
4.25091e-07
-4.00248e-07
-9.26185e-08
-8.43004e-08
3.53907e-07
1.49364e-07
1.82004e-07
2.25778e-07
4.4287e-08
2.24508e-07
-6.12228e-10
2.01786e-07
-1.00721e-08
1.79719e-07
-1.00047e-08
1.57215e-07
-1.15592e-08
1.21608e-07
-1.94038e-08
6.45346e-08
-2.8976e-08
-3.24414e-08
-3.7451e-07
2.02517e-07
-4.67129e-07
-1.13222e-07
6.87824e-08
1.13069e-07
1.12457e-07
1.02385e-07
9.23803e-08
8.08211e-08
6.14174e-08
3.24414e-08
-9.53775e-07
-1.08738e-06
-1.06384e-06
-4.01322e-07
-1.02408e-06
8.30672e-09
-9.65468e-07
3.01353e-07
-8.98153e-07
4.63434e-07
-8.2499e-07
5.59387e-07
-7.47287e-07
5.87802e-07
-6.79698e-07
5.32484e-07
-6.32691e-07
3.92785e-07
-6.37984e-07
1.48432e-07
-7.38059e-07
-1.34723e-07
-3.68566e-07
-9.14503e-07
-4.9376e-07
-5.93615e-07
-6.62337e-07
-2.32745e-07
-6.81692e-07
2.76616e-08
-6.52066e-07
2.71727e-07
-6.06127e-07
4.17495e-07
-5.52179e-07
5.05439e-07
-4.96175e-07
5.31798e-07
-4.52408e-07
4.88716e-07
-4.35494e-07
3.75871e-07
-4.71114e-07
1.84052e-07
-5.71573e-07
-3.42645e-08
-2.25012e-07
-7.15127e-07
-2.84119e-07
-3.09496e-07
-4.1538e-07
-1.01484e-07
-4.51476e-07
6.37581e-08
-4.36738e-07
2.56989e-07
-4.03345e-07
3.84102e-07
-3.61415e-07
4.63508e-07
-3.18855e-07
4.89239e-07
-2.87459e-07
4.5732e-07
-2.79567e-07
3.67979e-07
-3.12532e-07
2.17016e-07
-3.88216e-07
4.14204e-08
-1.2189e-07
-4.91338e-07
-1.69265e-07
-1.40231e-07
-2.59916e-07
-1.08339e-08
-2.92446e-07
9.62884e-08
-2.81518e-07
2.46061e-07
-2.51775e-07
3.5436e-07
-2.13126e-07
4.2486e-07
-1.73739e-07
4.49851e-07
-1.42934e-07
4.26515e-07
-1.29962e-07
3.55007e-07
-1.46774e-07
2.33828e-07
-1.93403e-07
8.80494e-08
-5.45511e-08
-2.60741e-07
-9.93132e-08
-4.09173e-08
-1.56655e-07
4.65077e-08
-1.77815e-07
1.17449e-07
-1.63492e-07
2.31738e-07
-1.30759e-07
3.21627e-07
-8.84196e-08
3.8252e-07
-4.43033e-08
4.05735e-07
-6.33041e-09
3.88542e-07
1.80215e-08
3.30655e-07
2.10939e-08
2.30756e-07
2.01044e-10
1.08942e-07
-1.50349e-08
-3.93152e-08
-5.44158e-08
1.34985e-08
-8.4959e-08
7.70509e-08
-9.21892e-08
1.24679e-07
-7.04951e-08
2.10044e-07
-3.09221e-08
2.82054e-07
1.90674e-08
3.3253e-07
7.2118e-08
3.52684e-07
1.21447e-07
3.39213e-07
1.59999e-07
2.92103e-07
1.79919e-07
2.10836e-07
1.7908e-07
1.09781e-07
4.69176e-09
1.59353e-07
-2.48422e-08
3.83407e-08
-3.38992e-08
8.61079e-08
-2.72514e-08
1.18031e-07
3.18657e-09
1.79606e-07
5.07575e-08
2.34483e-07
1.0946e-07
2.73827e-07
1.72445e-07
2.897e-07
2.32653e-07
2.79005e-07
2.83397e-07
2.4136e-07
3.17295e-07
1.76937e-07
3.30877e-07
9.61999e-08
1.1415e-08
3.24153e-07
-4.88833e-09
4.32291e-08
1.56445e-09
7.96551e-08
2.09951e-08
9.86004e-08
5.9268e-08
1.41333e-07
1.13768e-07
1.79983e-07
1.79506e-07
2.08089e-07
2.50022e-07
2.19184e-07
3.18413e-07
2.10614e-07
3.77753e-07
1.8202e-07
4.20779e-07
1.33911e-07
4.43211e-07
7.37678e-08
1.0628e-08
4.43998e-07
7.5378e-09
3.56913e-08
2.63377e-08
6.08552e-08
5.34702e-08
7.14679e-08
9.70367e-08
9.77663e-08
1.55099e-07
1.2192e-07
2.23702e-07
1.39486e-07
2.96958e-07
1.45928e-07
3.68182e-07
1.3939e-07
4.30488e-07
1.19714e-07
4.76867e-07
8.75324e-08
5.02786e-07
4.78482e-08
6.638e-09
5.06776e-07
1.38961e-08
2.17952e-08
3.86823e-08
3.6069e-08
6.94592e-08
4.0691e-08
1.13245e-07
5.39808e-08
1.69117e-07
6.60475e-08
2.33881e-07
7.47229e-08
3.02392e-07
7.74164e-08
3.68627e-07
7.31554e-08
4.26319e-07
6.20221e-08
4.69258e-07
4.45933e-08
4.93384e-07
2.37225e-08
2.5701e-09
4.97452e-07
1.43046e-08
7.49061e-09
3.7879e-08
1.24946e-08
6.51297e-08
1.34403e-08
1.01551e-07
1.75598e-08
1.46513e-07
2.10849e-08
1.97661e-07
2.3575e-08
2.50995e-07
2.40826e-08
3.01826e-07
2.23246e-08
3.45393e-07
1.84548e-08
3.77184e-07
1.28027e-08
3.94476e-07
6.43049e-09
2.80406e-10
3.96765e-07
7.49062e-09
1.99852e-08
3.34255e-08
5.09852e-08
7.20701e-08
9.5645e-08
1.19728e-07
1.42052e-07
1.60507e-07
1.7331e-07
1.7974e-07
1.80021e-07
-1.06888e-06
-4.23369e-07
-1.1694e-06
-4.43836e-07
-1.29823e-06
-5.06101e-07
-1.45264e-06
-5.15231e-07
-1.588e-06
-4.11826e-07
-1.67225e-06
-2.04423e-07
-1.68116e-06
6.70782e-08
-1.61313e-06
3.27288e-07
-1.45837e-06
4.89038e-07
-1.1928e-06
4.91458e-07
-7.42782e-07
2.56791e-07
-1.28865e-07
-8.35402e-07
-3.03093e-07
-9.23365e-07
-3.55873e-07
-1.01941e-06
-4.1006e-07
-1.12065e-06
-4.13991e-07
-1.19932e-06
-3.3315e-07
-1.22979e-06
-1.73959e-07
-1.1925e-06
2.97919e-08
-1.08198e-06
2.16769e-07
-8.93435e-07
3.00491e-07
-6.18413e-07
2.16436e-07
-2.79259e-07
-8.23633e-08
-4.08124e-07
-5.79423e-07
-2.15009e-07
-6.49279e-07
-2.86017e-07
-7.19044e-07
-3.40295e-07
-7.84756e-07
-3.48279e-07
-8.27312e-07
-2.90594e-07
-8.27675e-07
-1.73595e-07
-7.70576e-07
-2.73077e-08
-6.53406e-07
9.95999e-08
-4.81684e-07
1.28769e-07
-2.7175e-07
6.50212e-09
-7.81495e-08
-2.75964e-07
-4.86273e-07
-3.22239e-07
-1.53511e-07
-3.75563e-07
-2.32693e-07
-4.27258e-07
-2.886e-07
-4.72365e-07
-3.03172e-07
-4.9691e-07
-2.66049e-07
-4.8646e-07
-1.84045e-07
-4.32041e-07
-8.17269e-08
-3.32167e-07
-2.74476e-10
-2.01813e-07
-1.58436e-09
-6.90818e-08
-1.26229e-07
1.18048e-08
-3.5685e-07
-4.74468e-07
-8.11025e-08
-1.11723e-07
-1.22523e-07
-1.91272e-07
-1.64233e-07
-2.4689e-07
-2.00614e-07
-2.66791e-07
-2.20826e-07
-2.45837e-07
-2.14206e-07
-1.90666e-07
-1.74855e-07
-1.21078e-07
-1.04986e-07
-7.01434e-08
-2.19238e-08
-8.46467e-08
4.51364e-08
-1.93289e-07
5.61331e-08
-3.67847e-07
-4.18335e-07
1.30792e-07
-8.3162e-08
9.60687e-08
-1.56549e-07
5.76437e-08
-2.08465e-07
2.17337e-08
-2.30881e-07
-2.96443e-09
-2.21139e-07
-8.27577e-09
-1.85354e-07
9.76163e-09
-1.39115e-07
4.71944e-08
-1.07576e-07
8.77289e-08
-1.25181e-07
1.05142e-07
-2.10702e-07
7.21731e-08
-3.34878e-07
-3.46162e-07
3.0335e-07
-6.23586e-08
2.71303e-07
-1.24502e-07
2.31883e-07
-1.69045e-07
1.9146e-07
-1.90458e-07
1.57929e-07
-1.87608e-07
1.37918e-07
-1.65343e-07
1.3421e-07
-1.35407e-07
1.42798e-07
-1.16165e-07
1.49429e-07
-1.31812e-07
1.32969e-07
-1.94242e-07
7.6021e-08
-2.77931e-07
-2.70141e-07
4.27005e-07
-4.53659e-08
3.9517e-07
-9.26674e-08
3.53093e-07
-1.26968e-07
3.07263e-07
-1.44628e-07
2.64865e-07
-1.4521e-07
2.31668e-07
-1.32146e-07
2.0997e-07
-1.13709e-07
1.9629e-07
-1.02484e-07
1.79017e-07
-1.14539e-07
1.41833e-07
-1.57058e-07
7.40051e-08
-2.10103e-07
-1.96136e-07
4.91409e-07
-2.99987e-08
4.59644e-07
-6.09026e-08
4.16242e-07
-8.35649e-08
3.67451e-07
-9.58373e-08
3.1977e-07
-9.75293e-08
2.78308e-07
-9.06842e-08
2.45095e-07
-8.04957e-08
2.17365e-07
-7.47545e-08
1.85963e-07
-8.31363e-08
1.38528e-07
-1.09624e-07
6.86372e-08
-1.40212e-07
-1.27499e-07
4.83394e-07
-1.59409e-08
4.53991e-07
-3.14998e-08
4.1353e-07
-4.31034e-08
3.67413e-07
-4.97209e-08
3.21087e-07
-5.12029e-08
2.78832e-07
-4.84298e-08
2.42366e-07
-4.40296e-08
2.09554e-07
-4.19423e-08
1.73369e-07
-4.69516e-08
1.2467e-07
-6.09244e-08
5.99724e-08
-7.55141e-08
-6.75266e-08
3.85647e-07
-4.8229e-09
3.63267e-07
-9.11979e-09
3.32618e-07
-1.24537e-08
2.97427e-07
-1.45299e-08
2.61453e-07
-1.52294e-08
2.27733e-07
-1.47097e-08
1.97458e-07
-1.3754e-08
1.6907e-07
-1.35546e-08
1.37646e-07
-1.55272e-08
9.69667e-08
-2.02455e-08
4.58903e-08
-2.44378e-08
-2.16362e-08
1.75198e-07
1.66078e-07
1.53624e-07
1.39094e-07
1.23865e-07
1.09155e-07
9.54014e-08
8.18468e-08
6.63195e-08
4.6074e-08
2.16362e-08
-5.16654e-07
-4.13435e-07
-5.8054e-07
-2.84626e-07
-5.69443e-07
-2.27161e-07
-5.99452e-07
-2.50426e-07
-6.94154e-07
-3.19335e-07
-8.37361e-07
-3.86905e-07
-9.9654e-07
-4.27582e-07
-1.15065e-06
-4.43586e-07
-1.29571e-06
-4.4622e-07
-1.42906e-06
-4.39653e-07
-1.55489e-06
-4.39047e-07
-4.45827e-07
-1.67354e-06
-2.34029e-07
-1.79406e-07
-3.48372e-07
-1.70283e-07
-4.0361e-07
-1.71922e-07
-4.7063e-07
-1.83407e-07
-5.74005e-07
-2.15959e-07
-7.07679e-07
-2.53231e-07
-8.52892e-07
-2.8237e-07
-9.95456e-07
-3.01022e-07
-1.12971e-06
-3.11962e-07
-1.25216e-06
-3.17207e-07
-1.36428e-06
-3.26932e-07
-3.43055e-07
-1.46705e-06
-1.22829e-07
-5.65774e-08
-2.15898e-07
-7.72135e-08
-2.85717e-07
-1.02104e-07
-3.60014e-07
-1.0911e-07
-4.54753e-07
-1.2122e-07
-5.68616e-07
-1.39368e-07
-6.91248e-07
-1.59738e-07
-8.13056e-07
-1.79213e-07
-9.2823e-07
-1.96788e-07
-1.03278e-06
-2.12654e-07
-1.12652e-06
-2.33198e-07
-2.59421e-07
-1.21015e-06
-6.71786e-08
1.06011e-08
-1.3417e-07
-1.02222e-08
-1.96471e-07
-3.98029e-08
-2.61742e-07
-4.3839e-08
-3.38585e-07
-4.43772e-08
-4.27492e-07
-5.04601e-08
-5.23179e-07
-6.40515e-08
-6.19473e-07
-8.29198e-08
-7.1131e-07
-1.04951e-07
-7.94874e-07
-1.29089e-07
-8.69188e-07
-1.58885e-07
-1.94023e-07
-9.34586e-07
-3.46173e-08
4.52184e-08
-7.84497e-08
3.36102e-08
-1.25332e-07
7.07937e-09
-1.74441e-07
5.27003e-09
-2.29729e-07
1.09107e-08
-2.92301e-07
1.21119e-08
-3.59973e-07
3.62082e-09
-4.2936e-07
-1.35329e-08
-4.96683e-07
-3.76277e-08
-5.58937e-07
-6.68358e-08
-6.15069e-07
-1.02752e-07
-1.43875e-07
-6.65217e-07
-1.41028e-08
5.93212e-08
-3.78318e-08
5.73392e-08
-6.73299e-08
3.65775e-08
-9.83829e-08
3.6323e-08
-1.32073e-07
4.46005e-08
-1.69566e-07
4.96049e-08
-2.10844e-07
4.48993e-08
-2.54408e-07
3.00306e-08
-2.9835e-07
6.31423e-09
-3.40846e-07
-2.43397e-08
-3.8126e-07
-6.23383e-08
-1.05353e-07
-4.19782e-07
-1.07595e-10
5.94288e-08
-7.4416e-09
6.46732e-08
-2.0548e-08
4.96838e-08
-3.45594e-08
5.03344e-08
-4.88395e-08
5.88805e-08
-6.44144e-08
6.51799e-08
-8.24513e-08
6.29362e-08
-1.03284e-07
5.08631e-08
-1.2674e-07
2.97704e-08
-1.52159e-07
1.07963e-09
-1.79802e-07
-3.46959e-08
-7.50999e-08
-2.10054e-07
8.75176e-09
5.06771e-08
1.46857e-08
5.87393e-08
1.53337e-08
4.90359e-08
1.56111e-08
5.0057e-08
1.71504e-08
5.73412e-08
1.91556e-08
6.31747e-08
1.97332e-08
6.23586e-08
1.7213e-08
5.33833e-08
1.04125e-08
3.65709e-08
-1.39169e-09
1.28838e-08
-1.91343e-08
-1.69533e-08
-5.05962e-08
-4.3638e-08
1.42799e-08
3.63972e-08
2.90086e-08
4.40106e-08
3.95484e-08
3.8496e-08
5.01529e-08
3.94525e-08
6.28797e-08
4.46144e-08
7.71518e-08
4.89026e-08
9.07767e-08
4.87336e-08
1.01281e-07
4.2879e-08
1.06499e-07
3.13524e-08
1.0468e-07
1.47034e-08
9.42135e-08
-6.48687e-09
-3.04188e-08
7.40362e-08
1.61646e-08
2.02325e-08
3.48575e-08
2.53178e-08
5.05188e-08
2.28347e-08
6.65043e-08
2.3467e-08
8.48578e-08
2.62609e-08
1.05167e-07
2.85936e-08
1.25305e-07
2.85955e-08
1.42617e-07
2.55673e-08
1.54552e-07
1.94168e-08
1.58893e-07
1.03622e-08
1.53697e-07
-1.29056e-09
-1.45013e-08
1.3778e-07
1.38528e-08
6.37974e-09
3.08333e-08
8.33725e-09
4.59249e-08
7.74317e-09
6.1392e-08
7.99994e-09
7.88069e-08
8.84593e-09
9.78853e-08
9.51521e-09
1.16991e-07
9.49035e-09
1.33982e-07
8.57607e-09
1.46684e-07
6.71426e-09
1.53111e-07
3.93509e-09
1.51519e-07
3.02238e-10
-3.83625e-09
1.40854e-07
6.37976e-09
1.4717e-08
2.24602e-08
3.04601e-08
3.9306e-08
4.88212e-08
5.83116e-08
6.68877e-08
7.36019e-08
7.7537e-08
7.78393e-08
7.4003e-08
-1.80319e-06
-4.72555e-07
-1.93112e-06
-4.59038e-07
-2.05362e-06
-4.00281e-07
-2.16228e-06
-2.67936e-07
-2.24589e-06
-5.33542e-08
-2.29292e-06
2.5235e-07
-2.28414e-06
6.26448e-07
-2.19698e-06
1.02354e-06
-2.00128e-06
1.35447e-06
-1.65948e-06
1.47379e-06
-1.06403e-06
1.15069e-06
2.95681e-07
-1.57065e-06
-3.68952e-07
-1.66714e-06
-3.62551e-07
-1.75269e-06
-3.14729e-07
-1.81854e-06
-2.02081e-07
-1.85264e-06
-1.92576e-08
-1.84154e-06
2.41246e-07
-1.76604e-06
5.5095e-07
-1.60482e-06
8.62321e-07
-1.33442e-06
1.08407e-06
-9.34439e-07
1.07381e-06
-4.2736e-07
6.43614e-07
-1.31679e-07
-1.28934e-06
-2.89761e-07
-1.35866e-06
-2.9323e-07
-1.41419e-06
-2.59207e-07
-1.44741e-06
-1.68861e-07
-1.44731e-06
-1.93498e-08
-1.39965e-06
1.93581e-07
-1.28881e-06
4.40112e-07
-1.10006e-06
6.73574e-07
-8.25249e-07
8.09251e-07
-4.78735e-07
7.27294e-07
-1.4612e-07
3.10999e-07
-2.77799e-07
-9.94098e-07
-2.3025e-07
-1.04359e-06
-2.43737e-07
-1.07908e-06
-2.23719e-07
-1.09255e-06
-1.55388e-07
-1.07492e-06
-3.69843e-08
-1.01235e-06
1.3101e-07
-8.9415e-07
3.21917e-07
-7.13048e-07
4.92472e-07
-4.74699e-07
5.70902e-07
-2.1414e-07
4.66735e-07
-2.39558e-08
1.20815e-07
-3.01755e-07
-7.10853e-07
-1.84613e-07
-7.48478e-07
-2.06112e-07
-7.73995e-07
-1.98202e-07
-7.80025e-07
-1.49358e-07
-7.58497e-07
-5.85119e-08
-6.98078e-07
7.0591e-08
-5.91728e-07
2.15568e-07
-4.38121e-07
3.38864e-07
-2.50888e-07
3.8367e-07
-6.99955e-08
2.85843e-07
2.99048e-08
2.09144e-08
-2.7185e-07
-4.56986e-07
-1.47409e-07
-4.89618e-07
-1.73481e-07
-5.13345e-07
-1.74474e-07
-5.2121e-07
-1.41493e-07
-5.05635e-07
-7.40873e-08
-4.57863e-07
2.28194e-08
-3.73284e-07
1.30988e-07
-2.5418e-07
2.1976e-07
-1.16869e-07
2.46358e-07
1.55289e-09
1.67421e-07
4.8177e-08
-2.57097e-08
-2.23673e-07
-2.43002e-07
-1.14461e-07
-2.75428e-07
-1.41055e-07
-3.02669e-07
-1.47233e-07
-3.17838e-07
-1.26324e-07
-3.13627e-07
-7.82985e-08
-2.83045e-07
-7.76178e-09
-2.22811e-07
7.07542e-08
-1.3692e-07
1.33868e-07
-4.11146e-08
1.50553e-07
3.38592e-08
9.24472e-08
4.99975e-08
-4.1848e-08
-1.73676e-07
-7.47194e-08
-8.33799e-08
-1.09123e-07
-1.06651e-07
-1.41879e-07
-1.14478e-07
-1.6598e-07
-1.02222e-07
-1.74299e-07
-6.99796e-08
-1.60682e-07
-2.13792e-08
-1.22648e-07
3.27203e-08
-6.45173e-08
7.57378e-08
-4.35882e-10
8.64719e-08
4.577e-08
4.62414e-08
4.6181e-08
-4.2259e-08
-1.27495e-07
4.44336e-08
-5.37773e-08
8.55406e-09
-7.07719e-08
-2.82098e-08
-7.77139e-08
-5.92509e-08
-7.11812e-08
-7.75592e-08
-5.16712e-08
-7.74329e-08
-2.15056e-08
-5.6835e-08
1.21224e-08
-1.97247e-08
3.86276e-08
2.1845e-08
4.49022e-08
4.9109e-08
1.89774e-08
4.14251e-08
-3.45751e-08
-8.60696e-08
1.11426e-07
-2.74235e-08
7.76231e-08
-3.69692e-08
4.11433e-08
-4.12341e-08
8.40295e-09
-3.84409e-08
-1.44842e-08
-2.87841e-08
-2.23323e-08
-1.36575e-08
-1.34208e-08
3.21093e-09
8.88429e-09
1.63225e-08
3.48546e-08
1.89318e-08
4.91495e-08
4.68257e-09
3.7055e-08
-2.24806e-08
-4.90146e-08
1.21341e-07
-7.91066e-09
9.53032e-08
-1.09316e-08
6.64393e-08
-1.23703e-08
3.96543e-08
-1.16558e-08
1.97561e-08
-8.88595e-09
1.05237e-08
-4.42505e-09
1.31892e-08
5.45484e-10
2.52711e-08
4.24055e-09
3.96044e-08
4.5985e-09
4.48221e-08
-5.35114e-10
3.13023e-08
-8.96075e-09
-1.77123e-08
6.60924e-08
5.51607e-08
4.27904e-08
3.11346e-08
2.22486e-08
1.78236e-08
1.83691e-08
2.26096e-08
2.72081e-08
2.6673e-08
1.77123e-08
-6.18935e-07
-7.28635e-07
-6.52616e-07
-4.93231e-07
-6.28825e-07
-4.05163e-07
-6.48907e-07
-4.23323e-07
-7.1674e-07
-5.13523e-07
-8.20672e-07
-6.42174e-07
-9.45738e-07
-7.66425e-07
-1.07851e-06
-8.13707e-07
-1.21656e-06
-7.00085e-07
-1.37171e-06
-3.66536e-07
-1.57534e-06
1.58535e-07
7.38854e-07
-1.90782e-06
-2.99659e-07
-4.28976e-07
-4.19179e-07
-3.73711e-07
-4.74336e-07
-3.50007e-07
-5.39095e-07
-3.58564e-07
-6.30727e-07
-4.2189e-07
-7.454e-07
-5.27501e-07
-8.69811e-07
-6.42014e-07
-9.8434e-07
-6.99178e-07
-1.071e-06
-6.13425e-07
-1.12644e-06
-3.111e-07
-1.18536e-06
2.17458e-07
9.15086e-07
-1.36159e-06
-1.72111e-07
-2.56865e-07
-2.82149e-07
-2.63672e-07
-3.61564e-07
-2.70592e-07
-4.41642e-07
-2.78486e-07
-5.375e-07
-3.26032e-07
-6.4907e-07
-4.15932e-07
-7.64246e-07
-5.26838e-07
-8.57743e-07
-6.05681e-07
-8.94683e-07
-5.76485e-07
-8.45717e-07
-3.60066e-07
-7.43214e-07
1.14955e-07
8.56646e-07
-6.84774e-07
-1.0706e-07
-1.49805e-07
-1.96098e-07
-1.74634e-07
-2.74192e-07
-1.92499e-07
-3.52204e-07
-2.00474e-07
-4.40915e-07
-2.3732e-07
-5.42185e-07
-3.14662e-07
-6.46214e-07
-4.22809e-07
-7.26622e-07
-5.25273e-07
-7.39255e-07
-5.63852e-07
-6.32863e-07
-4.66458e-07
-3.77714e-07
-1.40193e-07
6.49408e-07
-1.70476e-07
-6.79571e-08
-8.18478e-08
-1.36284e-07
-1.06307e-07
-2.02993e-07
-1.2579e-07
-2.70351e-07
-1.33116e-07
-3.46092e-07
-1.6158e-07
-4.33669e-07
-2.27084e-07
-5.27232e-07
-3.29247e-07
-6.05259e-07
-4.47246e-07
-6.27662e-07
-5.41449e-07
-5.45336e-07
-5.48785e-07
-3.51833e-07
-3.33696e-07
5.14576e-07
-2.17001e-07
-4.24399e-08
-3.94079e-08
-9.17496e-08
-5.69975e-08
-1.43609e-07
-7.393e-08
-1.96848e-07
-7.98773e-08
-2.57273e-07
-1.01155e-07
-3.29788e-07
-1.54569e-07
-4.13222e-07
-2.45812e-07
-4.93861e-07
-3.66607e-07
-5.41203e-07
-4.94106e-07
-5.14203e-07
-5.75785e-07
-4.04498e-07
-4.43401e-07
3.70077e-07
-2.59999e-07
-2.49942e-08
-1.44137e-08
-5.75502e-08
-2.44414e-08
-9.42486e-08
-3.72316e-08
-1.32776e-07
-4.13496e-08
-1.77657e-07
-5.62744e-08
-2.3492e-07
-9.73058e-08
-3.07778e-07
-1.72955e-07
-3.90745e-07
-2.8364e-07
-4.63609e-07
-4.21242e-07
-4.88936e-07
-5.50458e-07
-4.13924e-07
-5.18413e-07
1.35641e-07
-1.79488e-07
-1.28386e-08
-1.57511e-09
-3.14688e-08
-5.81124e-09
-5.44547e-08
-1.42457e-08
-7.93435e-08
-1.64608e-08
-1.09747e-07
-2.58709e-08
-1.5234e-07
-5.47124e-08
-2.13785e-07
-1.11509e-07
-2.96171e-07
-2.01255e-07
-3.90513e-07
-3.269e-07
-4.64965e-07
-4.76007e-07
-4.36001e-07
-5.47377e-07
-1.2365e-07
-1.76711e-07
-4.65254e-09
3.07743e-09
-1.26888e-08
2.22503e-09
-2.44992e-08
-2.43532e-09
-3.78763e-08
-3.08374e-09
-5.5721e-08
-8.02624e-09
-8.4768e-08
-2.56654e-08
-1.33735e-07
-6.25423e-08
-2.10538e-07
-1.24453e-07
-3.17627e-07
-2.19811e-07
-4.38095e-07
-3.55538e-07
-4.89573e-07
-4.95899e-07
-3.09087e-07
-3.04135e-07
2.06258e-10
2.87117e-09
-1.02636e-09
3.45765e-09
-4.88091e-09
1.41923e-09
-9.68376e-09
1.71911e-09
-1.75931e-08
-1.1687e-10
-3.47056e-08
-8.55296e-09
-7.00394e-08
-2.72084e-08
-1.344e-07
-6.00923e-08
-2.39029e-07
-1.15181e-07
-3.8725e-07
-2.07317e-07
-5.31043e-07
-3.52107e-07
-3.69297e-07
-4.70833e-07
1.81624e-09
1.05493e-09
3.73463e-09
1.53926e-09
4.10998e-09
1.04388e-09
4.40649e-09
1.42259e-09
3.11193e-09
1.17771e-09
-4.40779e-09
-1.03323e-09
-2.51568e-08
-6.45943e-09
-6.91361e-08
-1.6113e-08
-1.50283e-07
-3.40341e-08
-2.88147e-07
-6.94528e-08
-4.90512e-07
-1.49742e-07
-2.69479e-07
-5.9033e-07
1.05493e-09
2.59419e-09
3.63807e-09
5.06066e-09
6.23836e-09
5.20514e-09
-1.25428e-09
-1.73673e-08
-5.14014e-08
-1.20854e-07
-2.70596e-07
-5.40075e-07
-2.03263e-06
3.64537e-07
-2.05489e-06
3.20099e-07
-2.08049e-06
7.14855e-07
-1.97379e-06
9.50671e-07
-1.74177e-06
8.32537e-07
-1.45544e-06
5.6537e-07
-1.16342e-06
3.77479e-07
-8.99908e-07
2.74718e-07
-6.68638e-07
2.40643e-07
-4.69858e-07
2.16671e-07
-2.66799e-07
1.25327e-07
-2.74933e-08
-1.56908e-06
5.72022e-07
-1.6868e-06
4.37824e-07
-1.69726e-06
7.25313e-07
-1.5531e-06
8.06507e-07
-1.30303e-06
5.82467e-07
-1.03132e-06
2.93658e-07
-7.75744e-07
1.21907e-07
-5.56957e-07
5.59314e-08
-3.71124e-07
5.48096e-08
-2.12257e-07
5.78043e-08
-8.1786e-08
-5.14382e-09
-1.09279e-07
-9.98573e-07
8.85821e-07
-1.25913e-06
6.98383e-07
-1.2738e-06
7.39982e-07
-1.12159e-06
6.54292e-07
-8.94327e-07
3.55208e-07
-6.6865e-07
6.79811e-08
-4.71387e-07
-7.53553e-08
-3.11433e-07
-1.04023e-07
-1.81077e-07
-7.55464e-08
-7.62224e-08
-4.70502e-08
-1.09568e-08
-7.04094e-08
-1.20236e-07
-5.78683e-07
1.29403e-06
-8.39755e-07
9.59456e-07
-8.59114e-07
7.59341e-07
-7.22641e-07
5.17819e-07
-5.38356e-07
1.70923e-07
-3.72252e-07
-9.81227e-08
-2.39648e-07
-2.07959e-07
-1.3964e-07
-2.04031e-07
-6.28594e-08
-1.52327e-07
-6.03165e-09
-1.03878e-07
1.77417e-08
-9.41827e-08
-1.02494e-07
-3.09671e-07
1.3867e-06
-4.86366e-07
1.13615e-06
-4.93201e-07
7.66176e-07
-3.78541e-07
4.0316e-07
-2.44044e-07
3.64259e-08
-1.39244e-07
-2.02923e-07
-6.83848e-08
-2.78818e-07
-2.25514e-08
-2.49864e-07
8.65054e-09
-1.83529e-07
2.8082e-08
-1.23309e-07
2.60098e-08
-9.21105e-08
-7.64846e-08
-1.56245e-07
1.28294e-06
-2.17309e-07
1.19722e-06
-1.94231e-07
7.43098e-07
-1.00082e-07
3.0901e-07
-1.27834e-08
-5.08727e-08
3.37457e-08
-2.49452e-07
5.06833e-08
-2.95756e-07
5.21715e-08
-2.51353e-07
4.85165e-08
-1.79874e-07
4.19565e-08
-1.16749e-07
2.57006e-08
-7.58546e-08
-5.0784e-08
-4.20242e-08
1.14548e-06
-2.70032e-08
1.18219e-06
2.87099e-08
6.87385e-07
1.06624e-07
2.31097e-07
1.49608e-07
-9.38573e-08
1.4942e-07
-2.49264e-07
1.24213e-07
-2.70549e-07
9.29067e-08
-2.20046e-07
6.55328e-08
-1.525e-07
4.34644e-08
-9.4681e-08
2.16094e-08
-5.39996e-08
-2.91746e-08
-9.07786e-09
9.77847e-07
7.92366e-08
1.09388e-06
1.73068e-07
5.93553e-07
2.39953e-07
1.64212e-07
2.48701e-07
-1.02606e-07
2.12016e-07
-2.12579e-07
1.57456e-07
-2.15989e-07
1.05844e-07
-1.68434e-07
6.57583e-08
-1.12414e-07
3.72274e-08
-6.61501e-08
1.58448e-08
-3.2617e-08
-1.33298e-08
-7.88857e-08
7.52597e-07
1.07407e-07
9.07588e-07
2.41318e-07
4.59642e-07
3.0159e-07
1.0394e-07
2.85567e-07
-8.6583e-08
2.25901e-07
-1.52913e-07
1.56279e-07
-1.46367e-07
9.70298e-08
-1.09185e-07
5.4317e-08
-6.97013e-08
2.66017e-08
-3.84348e-08
9.6584e-09
-1.56737e-08
-3.67142e-09
-1.78632e-07
4.60397e-07
7.71134e-08
6.51842e-07
2.4384e-07
2.92916e-07
2.96216e-07
5.15636e-08
2.65137e-07
-5.5504e-08
1.97611e-07
-8.53871e-08
1.28008e-07
-7.67638e-08
7.32417e-08
-5.44187e-08
3.6439e-08
-3.28987e-08
1.4719e-08
-1.67148e-08
4.12564e-09
-5.08043e-09
4.54219e-10
-3.18461e-07
1.88528e-07
1.26045e-08
3.20776e-07
1.90485e-07
1.15036e-07
2.28252e-07
1.37964e-08
1.93582e-07
-2.08344e-08
1.35612e-07
-2.7417e-08
8.1598e-08
-2.27494e-08
4.2231e-08
-1.50517e-08
1.77474e-08
-8.41512e-09
4.82649e-09
-3.79389e-09
2.54286e-10
-5.0823e-10
7.08502e-10
-3.51547e-07
-3.0771e-08
8.42649e-08
9.80612e-08
7.72268e-08
4.98098e-08
2.70604e-08
1.20087e-08
3.59363e-09
-2.00269e-10
-7.08502e-10
-3.19519e-07
-3.24126e-07
-4.46166e-07
-4.51274e-07
-5.30105e-07
-4.37489e-07
-6.29488e-07
-4.204e-07
-7.34082e-07
-3.97766e-07
-8.20697e-07
-3.70228e-07
-8.74434e-07
-3.54908e-07
-8.74103e-07
-3.48317e-07
-7.69957e-07
-3.24491e-07
-5.15523e-07
-3.13905e-07
-1.69498e-07
-3.5745e-07
2.94435e-07
-1.64989e-07
-1.59137e-07
-3.09955e-07
-3.06308e-07
-4.16489e-07
-3.30955e-07
-5.1866e-07
-3.1823e-07
-6.16508e-07
-2.99918e-07
-6.95052e-07
-2.91684e-07
-7.39823e-07
-3.10137e-07
-7.31127e-07
-3.57013e-07
-6.40798e-07
-4.1482e-07
-4.83839e-07
-4.70864e-07
-4.60636e-07
-3.80654e-07
2.09189e-07
-9.98232e-08
-5.93134e-08
-2.20442e-07
-1.85689e-07
-3.23177e-07
-2.2822e-07
-4.17473e-07
-2.23934e-07
-5.04091e-07
-2.133e-07
-5.74336e-07
-2.21439e-07
-6.177e-07
-2.66773e-07
-6.20002e-07
-3.54711e-07
-5.66301e-07
-4.68522e-07
-4.74848e-07
-5.62317e-07
-3.83957e-07
-4.71544e-07
7.25027e-08
-6.30279e-08
3.71452e-09
-1.55684e-07
-9.30335e-08
-2.43219e-07
-1.40684e-07
-3.23557e-07
-1.43596e-07
-3.96553e-07
-1.40304e-07
-4.58191e-07
-1.59801e-07
-5.02905e-07
-2.22059e-07
-5.22356e-07
-3.3526e-07
-5.0646e-07
-4.84418e-07
-4.5117e-07
-6.17607e-07
-3.11557e-07
-6.11157e-07
-5.2769e-08
-3.7766e-08
4.14805e-08
-1.04536e-07
-2.6263e-08
-1.73105e-07
-7.21159e-08
-2.36873e-07
-7.98273e-08
-2.95149e-07
-8.20277e-08
-3.47434e-07
-1.07517e-07
-3.9308e-07
-1.76413e-07
-4.29757e-07
-2.98583e-07
-4.50962e-07
-4.63213e-07
-4.41954e-07
-6.26615e-07
-3.81231e-07
-6.7188e-07
-2.8033e-07
-1.89782e-08
6.04587e-08
-6.23215e-08
1.70803e-08
-1.11365e-07
-2.30725e-08
-1.58031e-07
-3.31609e-08
-2.01408e-07
-3.86514e-08
-2.43502e-07
-6.54221e-08
-2.8784e-07
-1.32076e-07
-3.37523e-07
-2.489e-07
-3.91142e-07
-4.09593e-07
-4.35769e-07
-5.81988e-07
-4.29023e-07
-6.78626e-07
-4.61145e-07
-4.44294e-09
6.49016e-08
-2.7196e-08
3.98334e-08
-5.7747e-08
7.4784e-09
-8.80417e-08
-2.86617e-09
-1.17088e-07
-9.60497e-09
-1.48483e-07
-3.4027e-08
-1.88801e-07
-9.1758e-08
-2.4548e-07
-1.92221e-07
-3.22392e-07
-3.32681e-07
-4.10978e-07
-4.93402e-07
-4.71454e-07
-6.1815e-07
-5.22377e-07
6.87504e-09
5.80266e-08
1.12568e-09
4.55828e-08
-1.30103e-08
2.16144e-08
-2.86233e-08
1.27469e-08
-4.46209e-08
6.39262e-09
-6.54337e-08
-1.32142e-08
-9.94235e-08
-5.77682e-08
-1.56767e-07
-1.34877e-07
-2.45502e-07
-2.43947e-07
-3.63205e-07
-3.75699e-07
-4.80701e-07
-5.00654e-07
-5.0472e-07
1.47657e-08
4.32608e-08
2.20923e-08
3.82562e-08
2.09413e-08
2.27654e-08
1.73594e-08
1.63288e-08
1.22054e-08
1.15466e-08
8.44004e-10
-1.85278e-09
-2.51826e-08
-3.17416e-08
-7.74628e-08
-8.25973e-08
-1.66331e-07
-1.55078e-07
-2.95272e-07
-2.46759e-07
-4.4607e-07
-3.49855e-07
-4.13926e-07
1.84957e-08
2.47652e-08
3.34406e-08
2.33113e-08
4.08659e-08
1.53401e-08
4.54772e-08
1.17175e-08
4.80445e-08
8.97923e-09
4.43791e-08
1.81267e-09
2.6401e-08
-1.37635e-08
-1.61941e-08
-4.00022e-08
-9.36944e-08
-7.7578e-08
-2.13815e-07
-1.26638e-07
-3.72208e-07
-1.91462e-07
-2.6409e-07
1.67765e-08
7.98871e-09
3.23521e-08
7.73565e-09
4.2331e-08
5.36118e-09
4.98751e-08
4.17335e-09
5.55603e-08
3.29403e-09
5.62605e-08
1.11252e-09
4.60266e-08
-3.52965e-09
1.726e-08
-1.12356e-08
-3.79964e-08
-2.23217e-08
-1.27727e-07
-3.69078e-08
-2.5901e-07
-6.01797e-08
-9.80077e-08
7.98869e-09
1.57244e-08
2.10855e-08
2.52589e-08
2.85529e-08
2.96654e-08
2.61358e-08
1.49002e-08
-7.42147e-09
-4.43293e-08
-1.04509e-07
)
;

boundaryField
{
    rotor
    {
        type            calculated;
        value           uniform 0;
    }
    stator
    {
        type            calculated;
        value           uniform 0;
    }
    front
    {
        type            empty;
        value           nonuniform 0();
    }
    back
    {
        type            empty;
        value           nonuniform 0();
    }
}


// ************************************************************************* //
