/*--------------------------------*- C++ -*----------------------------------*\
| =========                 |                                                 |
| \\      /  F ield         | OpenFOAM: The Open Source CFD Toolbox           |
|  \\    /   O peration     | Version:  v1606+                                |
|   \\  /    A nd           | Web:      www.OpenFOAM.com                      |
|    \\/     M anipulation  |                                                 |
\*---------------------------------------------------------------------------*/
FoamFile
{
    version     2.0;
    format      ascii;
    class       volVectorField;
    location    "0.0003";
    object      U;
}
// * * * * * * * * * * * * * * * * * * * * * * * * * * * * * * * * * * * * * //

dimensions      [0 1 -1 0 0 0 0];

internalField   nonuniform List<vector> 
2450
(
(0.0926598 0.0925614 0)
(0.15672 0.048518 0)
(0.115044 0.0280681 0)
(0.0882265 0.0148411 0)
(0.067819 0.00878993 0)
(0.055338 0.00560766 0)
(0.0467439 0.00383333 0)
(0.0405425 0.0027771 0)
(0.0358788 0.00210634 0)
(0.0322512 0.00165477 0)
(0.0293517 0.0013357 0)
(0.0269823 0.0011014 0)
(0.0250106 0.000924036 0)
(0.0233444 0.000786477 0)
(0.0219175 0.000677673 0)
(0.0206811 0.000590206 0)
(0.0195982 0.000518931 0)
(0.0186404 0.000460179 0)
(0.0177852 0.000411269 0)
(0.0170147 0.000370201 0)
(0.0163146 0.000335455 0)
(0.015673 0.000305854 0)
(0.0150801 0.000280471 0)
(0.0145279 0.000258552 0)
(0.0140096 0.000239465 0)
(0.0135192 0.000222796 0)
(0.0130525 0.000208479 0)
(0.0126058 0.00019584 0)
(0.0121757 0.00018461 0)
(0.01176 0.000174756 0)
(0.0113571 0.00016587 0)
(0.0109657 0.000157868 0)
(0.010585 0.0001506 0)
(0.0102148 0.000143985 0)
(0.00985482 0.000137844 0)
(0.00950537 0.000132286 0)
(0.00916673 0.000127063 0)
(0.00883916 0.000122145 0)
(0.00852262 0.000117232 0)
(0.00821694 0.000112626 0)
(0.00792264 0.000108329 0)
(0.00763873 0.000103348 0)
(0.00736404 9.86648e-05 0)
(0.00709885 9.42035e-05 0)
(0.00684152 8.89e-05 0)
(0.00659028 8.37589e-05 0)
(0.006345 7.87481e-05 0)
(0.00610377 7.28431e-05 0)
(0.00586481 6.70403e-05 0)
(0.0056275 6.10628e-05 0)
(0.00539029 5.4756e-05 0)
(0.00515217 4.84269e-05 0)
(0.00491212 4.17503e-05 0)
(0.00466894 3.49972e-05 0)
(0.00442227 2.83767e-05 0)
(0.00417152 2.15479e-05 0)
(0.0039157 1.45544e-05 0)
(0.00365448 7.74771e-06 0)
(0.0033878 1.15919e-06 0)
(0.0031154 -5.12428e-06 0)
(0.00283726 -1.10827e-05 0)
(0.00255344 -1.66389e-05 0)
(0.00226413 -2.17664e-05 0)
(0.00196967 -2.64064e-05 0)
(0.00167055 -3.05217e-05 0)
(0.00136747 -3.40946e-05 0)
(0.00106142 -3.71455e-05 0)
(0.000753846 -3.97889e-05 0)
(0.000446878 -4.27359e-05 0)
(0.000147259 -4.46405e-05 0)
(0.0486173 0.156401 0)
(0.0919499 0.0916337 0)
(0.0797048 0.0560065 0)
(0.0686877 0.0334583 0)
(0.0584424 0.0215989 0)
(0.0503183 0.0147172 0)
(0.0438866 0.0105318 0)
(0.038804 0.00785778 0)
(0.0347512 0.00606854 0)
(0.031478 0.00482048 0)
(0.028797 0.00391813 0)
(0.0265699 0.00324566 0)
(0.0246952 0.00273168 0)
(0.0230978 0.00233042 0)
(0.0217211 0.00201156 0)
(0.0205224 0.00175434 0)
(0.0194683 0.00154418 0)
(0.0185328 0.00137056 0)
(0.0176953 0.00122575 0)
(0.016939 0.00110397 0)
(0.0162504 0.0010008 0)
(0.0156181 0.000912807 0)
(0.0150329 0.00083731 0)
(0.014487 0.000772154 0)
(0.0139739 0.00071559 0)
(0.0134883 0.000666266 0)
(0.0130257 0.000623306 0)
(0.012582 0.000585482 0)
(0.0121547 0.000552 0)
(0.0117413 0.000522304 0)
(0.0113403 0.000495695 0)
(0.0109505 0.000471739 0)
(0.0105712 0.00045002 0)
(0.0102021 0.000430201 0)
(0.00984318 0.000411915 0)
(0.00949464 0.000395018 0)
(0.00915664 0.000379129 0)
(0.00882937 0.000364045 0)
(0.00851314 0.000349401 0)
(0.00820807 0.000335232 0)
(0.00791339 0.000321373 0)
(0.00762909 0.000307048 0)
(0.00735492 0.000292764 0)
(0.00708911 0.000278366 0)
(0.00683109 0.000263045 0)
(0.00658015 0.000247384 0)
(0.00633409 0.000231333 0)
(0.00609207 0.000214141 0)
(0.00585303 0.000196433 0)
(0.00561522 0.000178129 0)
(0.00537766 0.000159063 0)
(0.00513916 0.000139575 0)
(0.00489868 0.000119438 0)
(0.00465556 9.9019e-05 0)
(0.00440881 7.85007e-05 0)
(0.00415768 5.77729e-05 0)
(0.00390189 3.69859e-05 0)
(0.00364107 1.6719e-05 0)
(0.00337491 -3.03289e-06 0)
(0.00310314 -2.20159e-05 0)
(0.00282573 -4.00415e-05 0)
(0.00254274 -5.69128e-05 0)
(0.00225435 -7.24607e-05 0)
(0.00196089 -8.65212e-05 0)
(0.00166282 -9.89569e-05 0)
(0.00136076 -0.000109672 0)
(0.00105553 -0.000118638 0)
(0.000747804 -0.000125986 0)
(0.000440822 -0.000132479 0)
(0.000145136 -0.00013789 0)
(0.028168 0.114506 0)
(0.0563246 0.0791683 0)
(0.0558911 0.0553528 0)
(0.0536874 0.0387891 0)
(0.0490528 0.0278252 0)
(0.0442646 0.0204504 0)
(0.0398826 0.0154215 0)
(0.0360786 0.0119217 0)
(0.0328412 0.00942968 0)
(0.0301006 0.007613 0)
(0.0277767 0.00625818 0)
(0.0257957 0.00522613 0)
(0.0240951 0.00442474 0)
(0.022624 0.00379178 0)
(0.0213412 0.00328431 0)
(0.0202135 0.00287211 0)
(0.0192142 0.00253343 0)
(0.0183218 0.00225236 0)
(0.0175184 0.00201706 0)
(0.0167896 0.00181853 0)
(0.0161233 0.00164987 0)
(0.0155094 0.00150571 0)
(0.0149394 0.00138179 0)
(0.0144061 0.00127472 0)
(0.0139036 0.00118179 0)
(0.0134269 0.00110075 0)
(0.0129717 0.00102955 0)
(0.0125344 0.00096689 0)
(0.0121125 0.000911491 0)
(0.0117036 0.000862035 0)
(0.0113065 0.000817833 0)
(0.01092 0.000778022 0)
(0.0105434 0.000741953 0)
(0.0101766 0.000708982 0)
(0.00981961 0.000678644 0)
(0.00947256 0.000650336 0)
(0.00913574 0.000623712 0)
(0.00880942 0.000598353 0)
(0.0084938 0.000573992 0)
(0.0081889 0.000550122 0)
(0.00789445 0.000526381 0)
(0.00761011 0.000502852 0)
(0.00733534 0.000478846 0)
(0.00706912 0.000454129 0)
(0.00681053 0.000428927 0)
(0.00655856 0.000402632 0)
(0.00631175 0.000375113 0)
(0.00606886 0.000346726 0)
(0.00582879 0.000317004 0)
(0.00559012 0.000286131 0)
(0.00535174 0.00025421 0)
(0.00511254 0.000221276 0)
(0.00487156 0.000187599 0)
(0.00462801 0.000153337 0)
(0.00438103 0.000118634 0)
(0.00413001 8.39172e-05 0)
(0.00387466 4.94952e-05 0)
(0.00361448 1.56746e-05 0)
(0.00334907 -1.72762e-05 0)
(0.0030784 -4.90099e-05 0)
(0.00280237 -7.91578e-05 0)
(0.00252103 -0.000107399 0)
(0.00223453 -0.000133405 0)
(0.00194317 -0.000156893 0)
(0.00164738 -0.000177604 0)
(0.00134774 -0.000195319 0)
(0.00104499 -0.000209869 0)
(0.000739787 -0.000221171 0)
(0.000434659 -0.000229099 0)
(0.00014237 -0.000234222 0)
(0.0149419 0.087475 0)
(0.0337746 0.0679397 0)
(0.0393253 0.0529371 0)
(0.0411613 0.0404113 0)
(0.0401035 0.0309359 0)
(0.0379145 0.023916 0)
(0.0353579 0.0187504 0)
(0.0328121 0.0149315 0)
(0.0304424 0.0120785 0)
(0.0283065 0.00991812 0)
(0.0264101 0.00825824 0)
(0.0247364 0.00696414 0)
(0.0232609 0.00594095 0)
(0.0219573 0.00512131 0)
(0.0208014 0.00445682 0)
(0.0197714 0.00391223 0)
(0.0188485 0.00346154 0)
(0.0180164 0.00308531 0)
(0.0172614 0.00276877 0)
(0.0165718 0.0025006 0)
(0.0159375 0.00227197 0)
(0.01535 0.00207593 0)
(0.0148019 0.00190697 0)
(0.014287 0.00176063 0)
(0.0137999 0.00163329 0)
(0.0133361 0.00152199 0)
(0.0128918 0.00142417 0)
(0.0124639 0.00133787 0)
(0.0120498 0.00126138 0)
(0.0116477 0.00119324 0)
(0.0112563 0.00113219 0)
(0.0108746 0.00107712 0)
(0.0105021 0.00102724 0)
(0.0101388 0.000981555 0)
(0.00978453 0.000939533 0)
(0.00943971 0.000900319 0)
(0.00910466 0.000863427 0)
(0.00877966 0.000828295 0)
(0.00846491 0.000794425 0)
(0.00816047 0.000761303 0)
(0.00786613 0.000728472 0)
(0.00758156 0.000695576 0)
(0.0073062 0.000662175 0)
(0.00703919 0.000627921 0)
(0.0067796 0.000592628 0)
(0.00652634 0.000555967 0)
(0.00627819 0.000517746 0)
(0.00603396 0.00047798 0)
(0.00579244 0.000436551 0)
(0.00555243 0.000393459 0)
(0.0053128 0.000348887 0)
(0.00507255 0.000302927 0)
(0.00483074 0.000255895 0)
(0.0045866 0.000208011 0)
(0.00433939 0.000159649 0)
(0.00408855 0.000111235 0)
(0.00383364 6.32173e-05 0)
(0.0035743 1.59097e-05 0)
(0.00331023 -3.00962e-05 0)
(0.00304126 -7.43478e-05 0)
(0.00276734 -0.000116376 0)
(0.00248849 -0.000155714 0)
(0.00220485 -0.000191923 0)
(0.00191669 -0.000224592 0)
(0.00162439 -0.000253349 0)
(0.00132849 -0.000277862 0)
(0.00102967 -0.000297857 0)
(0.00072857 -0.000313132 0)
(0.000427784 -0.000323488 0)
(0.000140052 -0.000328701 0)
(0.00889403 0.0668488 0)
(0.0219182 0.0574766 0)
(0.0283614 0.0480862 0)
(0.0316862 0.0391374 0)
(0.0325569 0.0315909 0)
(0.0320788 0.025505 0)
(0.0308979 0.0207045 0)
(0.0294067 0.0169494 0)
(0.0278278 0.0140131 0)
(0.0262804 0.0117062 0)
(0.0248227 0.00988032 0)
(0.0234784 0.00842226 0)
(0.0222523 0.0072469 0)
(0.0211399 0.00629049 0)
(0.0201321 0.00550517 0)
(0.0192182 0.0048548 0)
(0.0183873 0.00431192 0)
(0.017629 0.00385545 0)
(0.0169337 0.00346909 0)
(0.0162928 0.00314008 0)
(0.0156986 0.00285834 0)
(0.0151444 0.00261584 0)
(0.0146241 0.00240612 0)
(0.0141324 0.00222392 0)
(0.013665 0.00206494 0)
(0.0132178 0.0019256 0)
(0.0127876 0.00180299 0)
(0.0123717 0.00169455 0)
(0.0119678 0.00159816 0)
(0.0115744 0.00151244 0)
(0.0111904 0.0014355 0)
(0.010815 0.0013661 0)
(0.0104479 0.00130293 0)
(0.0100889 0.00124516 0)
(0.00973838 0.00119174 0)
(0.00939645 0.00114196 0)
(0.00906372 0.00109517 0)
(0.00874042 0.00105059 0)
(0.0084268 0.00100756 0)
(0.00812295 0.00096547 0)
(0.00782872 0.000923742 0)
(0.00754382 0.000881869 0)
(0.00726769 0.000839353 0)
(0.00699957 0.000795762 0)
(0.00673858 0.00075075 0)
(0.00648368 0.000703998 0)
(0.00623376 0.000655331 0)
(0.00598766 0.000604602 0)
(0.00574427 0.000551758 0)
(0.00550246 0.000496844 0)
(0.00526121 0.000440006 0)
(0.00501955 0.000381451 0)
(0.00477665 0.000321498 0)
(0.00453176 0.000260501 0)
(0.00428425 0.000198931 0)
(0.00403358 0.000137277 0)
(0.00377933 7.60895e-05 0)
(0.00352116 1.59201e-05 0)
(0.00325882 -4.2614e-05 0)
(0.00299212 -9.89037e-05 0)
(0.00272101 -0.000152346 0)
(0.00244548 -0.000202352 0)
(0.00216565 -0.000248357 0)
(0.00188174 -0.000289835 0)
(0.00159411 -0.000326307 0)
(0.00130323 -0.000357343 0)
(0.00100972 -0.000382573 0)
(0.000714156 -0.00040171 0)
(0.00041911 -0.000414513 0)
(0.00013716 -0.000420843 0)
(0.00571266 0.0541552 0)
(0.015037 0.0491374 0)
(0.0209864 0.043083 0)
(0.0246666 0.0367333 0)
(0.0264711 0.0308975 0)
(0.0270281 0.0258468 0)
(0.0268022 0.0216193 0)
(0.0261206 0.0181435 0)
(0.0251992 0.0153097 0)
(0.0241738 0.0130048 0)
(0.0231261 0.0111271 0)
(0.022103 0.00959139 0)
(0.0211291 0.00832872 0)
(0.0202156 0.00728423 0)
(0.0193657 0.00641474 0)
(0.0185782 0.00568637 0)
(0.0178491 0.00507249 0)
(0.0171736 0.00455211 0)
(0.0165461 0.00410858 0)
(0.0159611 0.00372861 0)
(0.0154133 0.00340156 0)
(0.0148978 0.00311878 0)
(0.01441 0.00287326 0)
(0.0139458 0.0026592 0)
(0.0135016 0.00247183 0)
(0.0130742 0.00230715 0)
(0.0126607 0.00216185 0)
(0.0122591 0.00203308 0)
(0.0118677 0.00191848 0)
(0.011485 0.00181614 0)
(0.0111099 0.0017242 0)
(0.010742 0.00164111 0)
(0.0103812 0.00156543 0)
(0.0100276 0.00149614 0)
(0.00968133 0.00143198 0)
(0.00934314 0.00137224 0)
(0.00901328 0.00131604 0)
(0.00869205 0.00126242 0)
(0.00837979 0.00121062 0)
(0.00807664 0.00115992 0)
(0.00778252 0.00110963 0)
(0.00749717 0.00105912 0)
(0.00722009 0.00100782 0)
(0.00695059 0.000955212 0)
(0.00668784 0.000900871 0)
(0.00643092 0.00084445 0)
(0.00617879 0.000785668 0)
(0.00593039 0.000724406 0)
(0.00568468 0.000660611 0)
(0.00544067 0.000594339 0)
(0.00519741 0.000525759 0)
(0.00495404 0.000455138 0)
(0.00470979 0.000382849 0)
(0.00446403 0.000309348 0)
(0.00421617 0.00023514 0)
(0.00396571 0.000160862 0)
(0.00371229 8.71632e-05 0)
(0.0034556 1.47313e-05 0)
(0.0031954 -5.57127e-05 0)
(0.00293153 -0.000123438 0)
(0.00266389 -0.000187715 0)
(0.00239248 -0.000247838 0)
(0.00211737 -0.000303126 0)
(0.00183874 -0.000352945 0)
(0.00155688 -0.000396717 0)
(0.00127222 -0.000433923 0)
(0.000985306 -0.000464117 0)
(0.00069663 -0.000486943 0)
(0.000408674 -0.00050212 0)
(0.000133713 -0.000509536 0)
(0.00393923 0.045346 0)
(0.0108524 0.0424904 0)
(0.0159574 0.0384861 0)
(0.019501 0.0339616 0)
(0.0216705 0.0295016 0)
(0.0228005 0.0254058 0)
(0.0231946 0.0217981 0)
(0.0230971 0.018699 0)
(0.022689 0.0160754 0)
(0.0220977 0.0138718 0)
(0.0214093 0.0120268 0)
(0.02068 0.0104825 0)
(0.0199451 0.00918758 0)
(0.0192259 0.00809842 0)
(0.0185342 0.00717886 0)
(0.017876 0.00639922 0)
(0.0172531 0.00573536 0)
(0.0166651 0.00516762 0)
(0.0161102 0.00468004 0)
(0.0155858 0.00425957 0)
(0.0150888 0.00389556 0)
(0.0146161 0.00357924 0)
(0.0141645 0.00330335 0)
(0.013731 0.00306186 0)
(0.0133129 0.00284973 0)
(0.0129078 0.00266264 0)
(0.0125135 0.00249709 0)
(0.0121283 0.00235006 0)
(0.0117509 0.00221893 0)
(0.0113802 0.00210136 0)
(0.0110154 0.00199551 0)
(0.0106562 0.00189961 0)
(0.0103029 0.00181238 0)
(0.00995547 0.00173229 0)
(0.00961447 0.00165831 0)
(0.00928051 0.00158938 0)
(0.0089539 0.00152415 0)
(0.008635 0.00146194 0)
(0.0083243 0.00140181 0)
(0.00802195 0.00134292 0)
(0.00772792 0.00128449 0)
(0.00744201 0.00122578 0)
(0.00716378 0.00116608 0)
(0.00689263 0.00110487 0)
(0.00662781 0.00104163 0)
(0.00636848 0.000975976 0)
(0.00611371 0.000907579 0)
(0.00586261 0.000836308 0)
(0.0056142 0.00076211 0)
(0.00536761 0.000685058 0)
(0.005122 0.00060535 0)
(0.00487664 0.000523304 0)
(0.00463086 0.00043935 0)
(0.00438406 0.000354024 0)
(0.00413577 0.000267913 0)
(0.0038856 0.000181751 0)
(0.0036332 9.62918e-05 0)
(0.00337829 1.23282e-05 0)
(0.00312065 -6.92999e-05 0)
(0.00286012 -0.000147752 0)
(0.00259661 -0.000222186 0)
(0.00233007 -0.000291779 0)
(0.00206054 -0.00035575 0)
(0.00178815 -0.000413366 0)
(0.00151313 -0.000463956 0)
(0.00123583 -0.000506924 0)
(0.000956698 -0.000541756 0)
(0.000676153 -0.000568041 0)
(0.000396542 -0.00058546 0)
(0.000129723 -0.000593926 0)
(0.00288365 0.0389301 0)
(0.00817896 0.0371926 0)
(0.0124576 0.0344671 0)
(0.0156822 0.0312007 0)
(0.0179153 0.0277951 0)
(0.0193246 0.0245088 0)
(0.0200954 0.021485 0)
(0.020398 0.0187858 0)
(0.020372 0.0164226 0)
(0.0201252 0.0143784 0)
(0.0197369 0.0126228 0)
(0.0192638 0.0111205 0)
(0.018745 0.00983649 0)
(0.0182069 0.00873867 0)
(0.0176665 0.00779857 0)
(0.0171347 0.0069917 0)
(0.0166175 0.00629733 0)
(0.0161183 0.00569801 0)
(0.015638 0.00517915 0)
(0.0151766 0.00472856 0)
(0.0147329 0.00433603 0)
(0.0143056 0.00399304 0)
(0.0138926 0.00369242 0)
(0.0134922 0.00342814 0)
(0.0131024 0.00319512 0)
(0.0127215 0.00298875 0)
(0.0123482 0.0028056 0)
(0.0119809 0.00264245 0)
(0.011619 0.00249652 0)
(0.0112616 0.00236537 0)
(0.0109082 0.00224705 0)
(0.0105589 0.00213973 0)
(0.0102139 0.00204189 0)
(0.00987349 0.00195195 0)
(0.00953841 0.00186875 0)
(0.00920897 0.00179104 0)
(0.00888584 0.00171752 0)
(0.00856972 0.00164728 0)
(0.00826078 0.00157936 0)
(0.00795932 0.00151279 0)
(0.00766538 0.00144669 0)
(0.00737877 0.00138023 0)
(0.00709918 0.00131265 0)
(0.00682613 0.00124333 0)
(0.00655894 0.0011717 0)
(0.00629686 0.00109733 0)
(0.00603912 0.0010199 0)
(0.00578492 0.00093923 0)
(0.00553343 0.000855266 0)
(0.00528391 0.000768107 0)
(0.00503566 0.000677982 0)
(0.00478804 0.000585254 0)
(0.00454051 0.000490409 0)
(0.0042926 0.000394043 0)
(0.0040439 0.000296878 0)
(0.00379408 0.000199681 0)
(0.00354287 0.000103309 0)
(0.00329001 8.66412e-06 0)
(0.00303532 -8.3315e-05 0)
(0.00277865 -0.000171681 0)
(0.00251987 -0.00025549 0)
(0.00225891 -0.000333821 0)
(0.00199578 -0.000405797 0)
(0.00173053 -0.000470594 0)
(0.00146332 -0.000527462 0)
(0.00119442 -0.000575731 0)
(0.000924188 -0.000614833 0)
(0.000652925 -0.000644312 0)
(0.000382819 -0.000663808 0)
(0.000125218 -0.000673259 0)
(0.00221328 0.0340514 0)
(0.00639015 0.0329245 0)
(0.00996548 0.0310144 0)
(0.012829 0.0286155 0)
(0.0149787 0.0260005 0)
(0.0164905 0.0233715 0)
(0.0174716 0.0208609 0)
(0.0180346 0.0185435 0)
(0.0182816 0.0164529 0)
(0.018298 0.014596 0)
(0.0181514 0.0129632 0)
(0.0178937 0.0115368 0)
(0.0175633 0.0102954 0)
(0.017188 0.00921687 0)
(0.0167873 0.00828035 0)
(0.0163747 0.0074667 0)
(0.0159594 0.00675895 0)
(0.0155469 0.00614232 0)
(0.0151408 0.00560403 0)
(0.0147427 0.00513311 0)
(0.0143533 0.0047202 0)
(0.0139725 0.00435728 0)
(0.0135996 0.00403751 0)
(0.0132337 0.00375502 0)
(0.0128735 0.00350477 0)
(0.0125183 0.00328259 0)
(0.0121672 0.00308462 0)
(0.0118192 0.0029077 0)
(0.0114738 0.00274888 0)
(0.0111307 0.00260583 0)
(0.0107897 0.00247642 0)
(0.0104511 0.00235894 0)
(0.0101151 0.00225149 0)
(0.00978233 0.00215272 0)
(0.00945356 0.00206111 0)
(0.00912928 0.00197529 0)
(0.00881014 0.00189429 0)
(0.00849684 0.00181673 0)
(0.0081898 0.00174163 0)
(0.00788927 0.00166796 0)
(0.00759536 0.00159474 0)
(0.00730797 0.00152107 0)
(0.00702688 0.00144616 0)
(0.00675168 0.00136931 0)
(0.00648181 0.00128989 0)
(0.00621667 0.00120742 0)
(0.00595562 0.00112159 0)
(0.00569797 0.00103219 0)
(0.00544308 0.000939177 0)
(0.00519032 0.00084267 0)
(0.00493915 0.000742929 0)
(0.00468907 0.00064036 0)
(0.00443965 0.000535504 0)
(0.00419052 0.000429027 0)
(0.00394141 0.000321714 0)
(0.00369204 0.000214413 0)
(0.00344218 0.000108073 0)
(0.00319166 3.69176e-06 0)
(0.0029403 -9.77091e-05 0)
(0.00268795 -0.000195086 0)
(0.00243447 -0.000287406 0)
(0.00217976 -0.000373661 0)
(0.00192377 -0.000452888 0)
(0.00166649 -0.000524186 0)
(0.00140799 -0.000586732 0)
(0.00114846 -0.000639796 0)
(0.000888118 -0.000682758 0)
(0.000627178 -0.000715125 0)
(0.000367628 -0.000736511 0)
(0.000120238 -0.00074686 0)
(0.00176191 0.0302081 0)
(0.00514232 0.0294353 0)
(0.00814864 0.0280578 0)
(0.0106683 0.0262633 0)
(0.0126714 0.0242366 0)
(0.014185 0.0221293 0)
(0.0152674 0.0200526 0)
(0.0159901 0.0180793 0)
(0.0164245 0.0162517 0)
(0.0166354 0.0145889 0)
(0.0166777 0.0130953 0)
(0.016596 0.011765 0)
(0.0164251 0.0105873 0)
(0.0161919 0.00954852 0)
(0.0159164 0.00863421 0)
(0.0156133 0.00783029 0)
(0.0152932 0.00712354 0)
(0.0149633 0.00650195 0)
(0.0146288 0.00595474 0)
(0.0142928 0.00547243 0)
(0.0139571 0.00504667 0)
(0.0136229 0.00467018 0)
(0.0132903 0.00433663 0)
(0.0129595 0.00404046 0)
(0.01263 0.00377681 0)
(0.0123014 0.00354204 0)
(0.0119733 0.00333195 0)
(0.0116452 0.0031434 0)
(0.0113171 0.0029739 0)
(0.0109891 0.00282078 0)
(0.0106613 0.00268191 0)
(0.0103339 0.00255547 0)
(0.0100076 0.00243961 0)
(0.00968311 0.00233293 0)
(0.00936099 0.00223382 0)
(0.00904215 0.00214091 0)
(0.00872728 0.00205299 0)
(0.00841706 0.00196882 0)
(0.008112 0.00188719 0)
(0.00781242 0.00180704 0)
(0.00751848 0.00172733 0)
(0.00723019 0.00164711 0)
(0.00694743 0.00156551 0)
(0.00666986 0.00148171 0)
(0.00639705 0.00139512 0)
(0.00612856 0.00130524 0)
(0.00586389 0.00121171 0)
(0.00560251 0.00111434 0)
(0.00534391 0.00101308 0)
(0.00508766 0.000908062 0)
(0.00483335 0.000799584 0)
(0.00458062 0.000688096 0)
(0.00432918 0.000574188 0)
(0.00407881 0.000458586 0)
(0.00382928 0.000342135 0)
(0.00358044 0.000225764 0)
(0.00333214 0.000110495 0)
(0.00308423 -2.59887e-06 0)
(0.00283654 -0.000112412 0)
(0.00258895 -0.000217822 0)
(0.00234129 -0.000317717 0)
(0.00209343 -0.000411012 0)
(0.00184526 -0.000496675 0)
(0.00159669 -0.000573735 0)
(0.00134771 -0.000641311 0)
(0.0010984 -0.000698619 0)
(0.00084886 -0.000744997 0)
(0.000599173 -0.000779921 0)
(0.000351122 -0.00080298 0)
(0.00011483 -0.000814126 0)
(0.0014429 0.0270917 0)
(0.00424 0.0265371 0)
(0.00679348 0.0255166 0)
(0.00900788 0.0241494 0)
(0.0108447 0.0225612 0)
(0.0123065 0.0208637 0)
(0.0134216 0.0191459 0)
(0.0142337 0.0174724 0)
(0.0147912 0.0158861 0)
(0.0151416 0.0144118 0)
(0.0153275 0.0130614 0)
(0.0153858 0.0118373 0)
(0.0153468 0.0107361 0)
(0.0152349 0.00975066 0)
(0.015069 0.00887208 0)
(0.0148641 0.00809058 0)
(0.014631 0.00739637 0)
(0.0143781 0.00678007 0)
(0.0141112 0.00623296 0)
(0.0138346 0.00574707 0)
(0.0135511 0.00531523 0)
(0.0132624 0.004931 0)
(0.0129698 0.00458867 0)
(0.0126739 0.00428321 0)
(0.0123751 0.00401017 0)
(0.0120734 0.00376561 0)
(0.0117686 0.00354601 0)
(0.0114612 0.00334826 0)
(0.0111512 0.00316999 0)
(0.0108387 0.00300852 0)
(0.0105244 0.00286175 0)
(0.0102088 0.00272768 0)
(0.00989256 0.0026047 0)
(0.00957654 0.00249108 0)
(0.00926153 0.00238541 0)
(0.00894844 0.00228626 0)
(0.00863805 0.00219228 0)
(0.00833104 0.00210222 0)
(0.00802803 0.0020148 0)
(0.00772941 0.00192887 0)
(0.00743542 0.00184334 0)
(0.00714615 0.00175721 0)
(0.00686148 0.00166957 0)
(0.00658129 0.00157954 0)
(0.00630534 0.00148652 0)
(0.00603326 0.00138997 0)
(0.00576471 0.00128953 0)
(0.00549933 0.001185 0)
(0.0052368 0.00107635 0)
(0.00497683 0.000963735 0)
(0.00471919 0.000847476 0)
(0.00446367 0.000728064 0)
(0.00421014 0.000606137 0)
(0.00395847 0.000482472 0)
(0.00370858 0.000357968 0)
(0.0034604 0.000233632 0)
(0.00321382 0.000110538 0)
(0.00296876 -1.01719e-05 0)
(0.00272508 -0.000127321 0)
(0.00248264 -0.000239721 0)
(0.00224128 -0.000346193 0)
(0.0020008 -0.000445592 0)
(0.00176105 -0.000536822 0)
(0.00152185 -0.000618861 0)
(0.00128311 -0.000690777 0)
(0.00104477 -0.000751744 0)
(0.000806816 -0.000801065 0)
(0.000569195 -0.000838191 0)
(0.000333466 -0.000862691 0)
(0.000109048 -0.00087452 0)
(0.00120859 0.0245038 0)
(0.00356741 0.0240914 0)
(0.00576091 0.0233167 0)
(0.00771298 0.0222567 0)
(0.00938566 0.0209976 0)
(0.0107696 0.019621 0)
(0.0118762 0.0181966 0)
(0.0127303 0.0167789 0)
(0.0133639 0.0154076 0)
(0.0138107 0.0141087 0)
(0.0141032 0.0128979 0)
(0.0142706 0.0117824 0)
(0.0143385 0.010764 0)
(0.0143279 0.00984033 0)
(0.0142563 0.00900662 0)
(0.0141376 0.00825675 0)
(0.0139826 0.00758389 0)
(0.0137999 0.00698108 0)
(0.0135958 0.00644149 0)
(0.013375 0.00595867 0)
(0.013141 0.00552661 0)
(0.0128963 0.00513978 0)
(0.0126426 0.00479319 0)
(0.012381 0.00448232 0)
(0.0121124 0.00420314 0)
(0.0118372 0.00395186 0)
(0.0115559 0.00372539 0)
(0.0112692 0.00352096 0)
(0.0109774 0.00333575 0)
(0.0106809 0.00316758 0)
(0.0103805 0.00301434 0)
(0.0100769 0.00287409 0)
(0.00977104 0.00274513 0)
(0.00946382 0.00262581 0)
(0.00915617 0.00251464 0)
(0.00884902 0.00241017 0)
(0.00854324 0.00231102 0)
(0.00823957 0.00221586 0)
(0.00793865 0.00212342 0)
(0.00764096 0.00203246 0)
(0.00734683 0.00194186 0)
(0.00705641 0.00185053 0)
(0.00676975 0.00175753 0)
(0.00648681 0.00166206 0)
(0.00620748 0.00156339 0)
(0.00593158 0.00146098 0)
(0.00565891 0.00135447 0)
(0.00538932 0.00124366 0)
(0.00512265 0.00112854 0)
(0.00485879 0.0010093 0)
(0.00459768 0.000886279 0)
(0.00433928 0.000760003 0)
(0.00408359 0.000631152 0)
(0.00383064 0.00050055 0)
(0.00358044 0.000369148 0)
(0.00333301 0.000237999 0)
(0.00308834 0.000108239 0)
(0.00284637 -1.89348e-05 0)
(0.002607 -0.000142292 0)
(0.00237008 -0.000260589 0)
(0.00213542 -0.000372596 0)
(0.0019028 -0.000477116 0)
(0.00167199 -0.000573008 0)
(0.00144273 -0.000659208 0)
(0.00121483 -0.000734744 0)
(0.000988111 -0.000798759 0)
(0.000762414 -0.000850528 0)
(0.000537548 -0.000889483 0)
(0.000314838 -0.000915178 0)
(0.000102952 -0.000927575 0)
(0.00103115 0.0223115 0)
(0.00305317 0.0219961 0)
(0.00495881 0.0213954 0)
(0.00668874 0.0205601 0)
(0.00820899 0.0195502 0)
(0.00950544 0.0184254 0)
(0.0105796 0.0172396 0)
(0.0114447 0.0160376 0)
(0.012121 0.0148542 0)
(0.0126318 0.0137143 0)
(0.0130012 0.0126347 0)
(0.013252 0.0116255 0)
(0.0134047 0.0106915 0)
(0.0134775 0.00983359 0)
(0.0134855 0.00905029 0)
(0.0134413 0.00833827 0)
(0.0133554 0.00769317 0)
(0.0132357 0.00711009 0)
(0.0130888 0.00658393 0)
(0.0129197 0.00610963 0)
(0.0127322 0.00568229 0)
(0.012529 0.00529732 0)
(0.0123124 0.00495041 0)
(0.0120838 0.00463761 0)
(0.0118447 0.00435525 0)
(0.0115957 0.00410002 0)
(0.0113377 0.00386926 0)
(0.0110715 0.00366015 0)
(0.0107978 0.00347008 0)
(0.0105173 0.00329696 0)
(0.0102309 0.00313879 0)
(0.00993957 0.00299373 0)
(0.00964428 0.00286007 0)
(0.00934605 0.00273618 0)
(0.0090459 0.00262056 0)
(0.00874482 0.00251175 0)
(0.00844373 0.00240834 0)
(0.00814344 0.00230897 0)
(0.00784463 0.00221231 0)
(0.00754784 0.00211712 0)
(0.00725348 0.0020222 0)
(0.00696182 0.00192647 0)
(0.00667301 0.00182894 0)
(0.00638715 0.00172879 0)
(0.00610426 0.00162526 0)
(0.00582434 0.00151784 0)
(0.00554739 0.00140614 0)
(0.00527341 0.00128999 0)
(0.00500244 0.00116939 0)
(0.00473457 0.00104454 0)
(0.00446989 0.000915822 0)
(0.00420854 0.000783788 0)
(0.00395068 0.000649157 0)
(0.00369647 0.000512792 0)
(0.00344603 0.000375686 0)
(0.00319949 0.00023893 0)
(0.00295689 0.000103709 0)
(0.00271823 -2.87374e-05 0)
(0.00248343 -0.000157136 0)
(0.00225234 -0.000280204 0)
(0.00202475 -0.00039667 0)
(0.00180039 -0.000505302 0)
(0.00157896 -0.000604924 0)
(0.00136012 -0.000694442 0)
(0.00114356 -0.00077286 0)
(0.000928986 -0.000839294 0)
(0.000716093 -0.000893002 0)
(0.000504545 -0.000933403 0)
(0.000295423 -0.00096004 0)
(9.66005e-05 -0.000972881 0)
(0.000893477 0.0204222 0)
(0.00265153 0.0201755 0)
(0.00432494 0.019701 0)
(0.00586778 0.019033 0)
(0.00725094 0.0182139 0)
(0.00845905 0.0172876 0)
(0.00948841 0.0162957 0)
(0.0103449 0.0152744 0)
(0.0110405 0.0142531 0)
(0.0115913 0.0132548 0)
(0.0120144 0.0122959 0)
(0.0123274 0.0113875 0)
(0.0125465 0.0105361 0)
(0.0126867 0.00974496 0)
(0.012761 0.00901479 0)
(0.0127804 0.0083444 0)
(0.0127545 0.00773138 0)
(0.0126907 0.00717256 0)
(0.0125953 0.00666433 0)
(0.0124734 0.00620286 0)
(0.0123287 0.00578431 0)
(0.0121644 0.00540494 0)
(0.0119828 0.00506114 0)
(0.0117858 0.00474956 0)
(0.0115748 0.00446692 0)
(0.0113512 0.00421038 0)
(0.011116 0.00397747 0)
(0.01087 0.00376557 0)
(0.0106142 0.00357242 0)
(0.0103496 0.00339599 0)
(0.0100772 0.00323442 0)
(0.00979816 0.00308591 0)
(0.00951349 0.00294881 0)
(0.00922431 0.00282152 0)
(0.00893174 0.00270254 0)
(0.0086368 0.00259038 0)
(0.00834045 0.00248365 0)
(0.00804353 0.00238095 0)
(0.0077468 0.00228093 0)
(0.00745086 0.00218233 0)
(0.00715618 0.00208393 0)
(0.00686316 0.00198461 0)
(0.00657207 0.00188338 0)
(0.00628313 0.00177936 0)
(0.00599653 0.00167185 0)
(0.00571245 0.00156031 0)
(0.00543106 0.00144436 0)
(0.00515257 0.00132384 0)
(0.0048772 0.00119878 0)
(0.00460523 0.00106939 0)
(0.00433693 0.00093608 0)
(0.00407261 0.000799436 0)
(0.0038126 0.000660206 0)
(0.00355717 0.000519286 0)
(0.00330658 0.000377699 0)
(0.00306104 0.000236576 0)
(0.00282067 9.71277e-05 0)
(0.00258552 -3.93736e-05 0)
(0.00235553 -0.000171625 0)
(0.00213054 -0.000298315 0)
(0.00191032 -0.000418147 0)
(0.00169455 -0.000529865 0)
(0.00148285 -0.000632273 0)
(0.0012748 -0.000724259 0)
(0.00106998 -0.000804805 0)
(0.000867969 -0.00087302 0)
(0.000668304 -0.000928151 0)
(0.00047051 -0.00096961 0)
(0.000275412 -0.000996934 0)
(9.00564e-05 -0.0010101 0)
(0.000784521 0.0187692 0)
(0.00233217 0.0185726 0)
(0.00381637 0.0181917 0)
(0.00520169 0.0176505 0)
(0.00646364 0.0169792 0)
(0.00758727 0.0162105 0)
(0.00856633 0.0153764 0)
(0.00940215 0.0145058 0)
(0.0101015 0.0136237 0)
(0.0106746 0.01275 0)
(0.0111338 0.0119001 0)
(0.0114921 0.0110852 0)
(0.0117622 0.0103127 0)
(0.0119562 0.00958715 0)
(0.0120849 0.00891072 0)
(0.0121579 0.0082838 0)
(0.0121835 0.00770549 0)
(0.0121687 0.007174 0)
(0.0121191 0.00668696 0)
(0.0120397 0.00624163 0)
(0.0119342 0.00583509 0)
(0.0118058 0.00546437 0)
(0.011657 0.00512656 0)
(0.0114896 0.00481887 0)
(0.0113055 0.00453842 0)
(0.0111062 0.00428293 0)
(0.0108928 0.00404984 0)
(0.0106665 0.00383706 0)
(0.0104282 0.00364256 0)
(0.0101793 0.00346442 0)
(0.00992082 0.00330091 0)
(0.00965395 0.00315029 0)
(0.00937988 0.00301098 0)
(0.00909977 0.00288144 0)
(0.00881476 0.00276017 0)
(0.00852593 0.0026457 0)
(0.0082343 0.0025366 0)
(0.00794073 0.00243149 0)
(0.00764602 0.00232901 0)
(0.00735084 0.00222786 0)
(0.00705576 0.00212682 0)
(0.00676126 0.00202476 0)
(0.00646776 0.00192067 0)
(0.00617563 0.00181368 0)
(0.0058852 0.00170308 0)
(0.00559684 0.00158834 0)
(0.00531092 0.00146911 0)
(0.00502783 0.00134524 0)
(0.00474799 0.00121677 0)
(0.00447187 0.00108393 0)
(0.00419994 0.000947173 0)
(0.00393267 0.000807095 0)
(0.00367054 0.000664473 0)
(0.00341396 0.000520228 0)
(0.00316332 0.000375408 0)
(0.00291892 0.000231169 0)
(0.00268094 8.87412e-05 0)
(0.00244947 -5.05856e-05 0)
(0.00222448 -0.000185491 0)
(0.00200582 -0.000314648 0)
(0.0017932 -0.000436748 0)
(0.00158627 -0.000550523 0)
(0.00138456 -0.000654769 0)
(0.00118758 -0.000748367 0)
(0.000994795 -0.000830293 0)
(0.000805639 -0.000899653 0)
(0.000619503 -0.000955692 0)
(0.000435764 -0.00099782 0)
(0.000254993 -0.00102557 0)
(8.33809e-05 -0.00103893 0)
(0.00069687 0.0173029 0)
(0.00207434 0.0171439 0)
(0.00340287 0.016834 0)
(0.00465525 0.0163902 0)
(0.00581097 0.0158348 0)
(0.00685621 0.015192 0)
(0.00778373 0.0144868 0)
(0.00859217 0.0137422 0)
(0.00928471 0.0129788 0)
(0.00986772 0.012214 0)
(0.0103496 0.0114616 0)
(0.01074 0.0107323 0)
(0.0110485 0.0100337 0)
(0.0112847 0.00937102 0)
(0.0114576 0.00874742 0)
(0.0115752 0.00816434 0)
(0.0116447 0.00762203 0)
(0.0116722 0.00711975 0)
(0.011663 0.00665613 0)
(0.0116215 0.00622934 0)
(0.0115515 0.00583727 0)
(0.0114559 0.00547765 0)
(0.0113373 0.00514814 0)
(0.0111976 0.00484635 0)
(0.0110388 0.00457043 0)
(0.0108626 0.00431789 0)
(0.0106702 0.00408664 0)
(0.0104627 0.00387483 0)
(0.0102416 0.00368064 0)
(0.0100079 0.00350233 0)
(0.00976308 0.00333825 0)
(0.00950823 0.00318683 0)
(0.00924464 0.00304655 0)
(0.0089735 0.00291589 0)
(0.008696 0.00279339 0)
(0.00841323 0.00267762 0)
(0.00812623 0.00256714 0)
(0.00783594 0.00246055 0)
(0.00754317 0.0023565 0)
(0.00724866 0.00225369 0)
(0.00695308 0.00215088 0)
(0.006657 0.00204694 0)
(0.00636099 0.00194087 0)
(0.00606554 0.00183181 0)
(0.0057712 0.00171906 0)
(0.00547848 0.00160209 0)
(0.00518796 0.00148057 0)
(0.00490022 0.00135437 0)
(0.0046159 0.00122357 0)
(0.00433563 0.00108841 0)
(0.00406009 0.000949353 0)
(0.00378991 0.000807032 0)
(0.00352573 0.000662239 0)
(0.0032681 0.000515912 0)
(0.00301752 0.000369114 0)
(0.00277437 0.000223014 0)
(0.00253892 7.88527e-05 0)
(0.00231129 -6.20719e-05 0)
(0.00209147 -0.000198438 0)
(0.00187929 -0.000328914 0)
(0.00167445 -0.000452191 0)
(0.00147653 -0.000567002 0)
(0.001285 -0.000672147 0)
(0.00109927 -0.00076651 0)
(0.000918692 -0.000849077 0)
(0.00074257 -0.000918954 0)
(0.000570138 -0.000975391 0)
(0.000400629 -0.00101781 0)
(0.000234357 -0.00104573 0)
(7.66365e-05 -0.00105917 0)
(0.000625384 0.0159859 0)
(0.00186347 0.0158555 0)
(0.00306272 0.0156004 0)
(0.00420247 0.0152327 0)
(0.00526546 0.014769 0)
(0.00623926 0.0142278 0)
(0.00711646 0.0136283 0)
(0.0078942 0.0129891 0)
(0.0085733 0.012327 0)
(0.00915741 0.0116569 0)
(0.00965211 0.010991 0)
(0.0100642 0.0103392 0)
(0.010401 0.00970893 0)
(0.0106699 0.00910563 0)
(0.0108782 0.00853294 0)
(0.0110325 0.00799305 0)
(0.0111389 0.00748698 0)
(0.0112028 0.00701483 0)
(0.0112287 0.00657601 0)
(0.0112209 0.00616944 0)
(0.0111826 0.00579369 0)
(0.0111167 0.00544711 0)
(0.0110257 0.0051279 0)
(0.0109119 0.00483411 0)
(0.010777 0.00456435 0)
(0.0106224 0.0043165 0)
(0.0104498 0.0040887 0)
(0.0102605 0.00387941 0)
(0.0100557 0.003687 0)
(0.0098369 0.00350995 0)
(0.00960532 0.0033467 0)
(0.00936225 0.00319577 0)
(0.00910894 0.00305572 0)
(0.00884662 0.0029251 0)
(0.00857649 0.00280243 0)
(0.00829967 0.00268636 0)
(0.00801722 0.00257545 0)
(0.00773009 0.00246833 0)
(0.00743915 0.00236361 0)
(0.00714521 0.00226002 0)
(0.00684902 0.00215632 0)
(0.00655126 0.00205141 0)
(0.00625263 0.00194425 0)
(0.00595381 0.00183403 0)
(0.00565548 0.00172006 0)
(0.00535836 0.00160183 0)
(0.00506321 0.00147904 0)
(0.00477082 0.00135158 0)
(0.00448203 0.00121953 0)
(0.00419766 0.00108317 0)
(0.00391856 0.000942986 0)
(0.00364556 0.000799619 0)
(0.00337942 0.000653877 0)
(0.00312084 0.000506709 0)
(0.00287043 0.000359181 0)
(0.00262866 0.000212467 0)
(0.00239585 6.78077e-05 0)
(0.00217218 -7.34987e-05 0)
(0.00195764 -0.000210151 0)
(0.00175207 -0.000340816 0)
(0.00155511 -0.000464197 0)
(0.00136631 -0.000579044 0)
(0.00118505 -0.00068417 0)
(0.00101066 -0.000778473 0)
(0.000842352 -0.000860954 0)
(0.000679325 -0.000930733 0)
(0.000520651 -0.000987072 0)
(0.000365421 -0.0010294 0)
(0.000213688 -0.00105726 0)
(6.98843e-05 -0.00107065 0)
(0.0005664 0.0147887 0)
(0.00168907 0.0146807 0)
(0.00278006 0.0144685 0)
(0.00382393 0.0141611 0)
(0.00480611 0.013771 0)
(0.00571549 0.0133123 0)
(0.00654494 0.0128 0)
(0.00729085 0.0122491 0)
(0.00795254 0.0116735 0)
(0.00853174 0.0110856 0)
(0.00903195 0.0104962 0)
(0.00945787 0.00991413 0)
(0.0098149 0.00934641 0)
(0.0101087 0.00879845 0)
(0.010345 0.00827412 0)
(0.0105293 0.00777602 0)
(0.0106664 0.00730572 0)
(0.0107612 0.0068639 0)
(0.0108176 0.00645059 0)
(0.0108392 0.00606531 0)
(0.0108291 0.00570719 0)
(0.0107901 0.00537513 0)
(0.0107243 0.00506782 0)
(0.0106341 0.00478378 0)
(0.0105212 0.00452154 0)
(0.010387 0.00427975 0)
(0.0102331 0.00405703 0)
(0.010061 0.00385177 0)
(0.0098721 0.00366259 0)
(0.00966762 0.00348812 0)
(0.0094489 0.00332695 0)
(0.00921725 0.00317769 0)
(0.00897397 0.003039 0)
(0.00872021 0.00290955 0)
(0.00845725 0.00278773 0)
(0.00818625 0.00267234 0)
(0.0079082 0.00256197 0)
(0.0076241 0.00245522 0)
(0.00733486 0.00235075 0)
(0.00704137 0.00224726 0)
(0.00674447 0.00214355 0)
(0.00644493 0.00203851 0)
(0.0061436 0.00193121 0)
(0.00584135 0.00182076 0)
(0.005539 0.00170653 0)
(0.00523747 0.00158804 0)
(0.00493771 0.00146499 0)
(0.00464071 0.00133732 0)
(0.00434749 0.00120512 0)
(0.00405909 0.00106869 0)
(0.00377654 0.000928538 0)
(0.00350081 0.000785315 0)
(0.00323282 0.000639837 0)
(0.00297341 0.000493058 0)
(0.00272328 0.000346024 0)
(0.002483 0.00019992 0)
(0.00225296 5.59774e-05 0)
(0.00203333 -8.4512e-05 0)
(0.00182415 -0.000220311 0)
(0.00162524 -0.00035006 0)
(0.00143622 -0.000472505 0)
(0.00125656 -0.000586416 0)
(0.00108558 -0.000690632 0)
(0.000922491 -0.000784075 0)
(0.000766433 -0.000865769 0)
(0.000616452 -0.000934857 0)
(0.000471472 -0.000990619 0)
(0.000330444 -0.0010325 0)
(0.000193166 -0.00106005 0)
(6.31838e-05 -0.00107328 0)
(0.000517249 0.0136883 0)
(0.00154344 0.013598 0)
(0.00254306 0.0134199 0)
(0.00350496 0.0131608 0)
(0.00441669 0.0128302 0)
(0.00526834 0.0124392 0)
(0.00605332 0.0119995 0)
(0.00676766 0.011523 0)
(0.00740979 0.0110212 0)
(0.00798011 0.0105047 0)
(0.0084806 0.00998272 0)
(0.00891438 0.00946308 0)
(0.0092853 0.00895231 0)
(0.00959764 0.00845554 0)
(0.0098558 0.00797667 0)
(0.0100641 0.00751854 0)
(0.0102268 0.00708302 0)
(0.0103476 0.00667122 0)
(0.0104301 0.00628364 0)
(0.0104775 0.00592024 0)
(0.0104924 0.00558063 0)
(0.0104773 0.00526413 0)
(0.0104343 0.00496968 0)
(0.0103656 0.00469661 0)
(0.010273 0.00444357 0)
(0.0101579 0.00420939 0)
(0.0100218 0.00399304 0)
(0.00986602 0.00379314 0)
(0.00969207 0.0036085 0)
(0.00950126 0.00343787 0)
(0.00929489 0.0032799 0)
(0.00907431 0.00313342 0)
(0.00884081 0.00299712 0)
(0.00859535 0.00286964 0)
(0.00833927 0.0027499 0)
(0.00807391 0.00263623 0)
(0.0078001 0.00252733 0)
(0.00751887 0.00242187 0)
(0.0072312 0.00231853 0)
(0.00693802 0.00221603 0)
(0.00664027 0.00211319 0)
(0.00633892 0.00200893 0)
(0.00603489 0.00190236 0)
(0.00572913 0.00179261 0)
(0.00542275 0.00167906 0)
(0.00511682 0.00156127 0)
(0.00481249 0.00143899 0)
(0.00451095 0.00131215 0)
(0.0042134 0.0011809 0)
(0.00392108 0.00104552 0)
(0.00363519 0.000906548 0)
(0.00335686 0.000764641 0)
(0.00308716 0.000620619 0)
(0.00282703 0.000475447 0)
(0.00257729 0.000330093 0)
(0.00233861 0.000185789 0)
(0.00211142 4.37284e-05 0)
(0.0018959 -9.48595e-05 0)
(0.0016921 -0.000228623 0)
(0.00149987 -0.000356374 0)
(0.00131876 -0.000476877 0)
(0.00114818 -0.000588917 0)
(0.000987396 -0.000691369 0)
(0.000835518 -0.000783186 0)
(0.00069157 -0.000863424 0)
(0.000554476 -0.000931254 0)
(0.000423011 -0.000985982 0)
(0.000295991 -0.00102707 0)
(0.000172963 -0.00105409 0)
(5.65897e-05 -0.00106706 0)
(0.000475947 0.0126659 0)
(0.00142083 0.0125898 0)
(0.00234282 0.0124392 0)
(0.00323431 0.0122193 0)
(0.00408455 0.0119375 0)
(0.00488469 0.0116024 0)
(0.00562872 0.0112232 0)
(0.00631263 0.0108098 0)
(0.00693429 0.0103714 0)
(0.00749322 0.00991692 0)
(0.0079903 0.00945432 0)
(0.00842747 0.00899052 0)
(0.00880736 0.00853139 0)
(0.0091331 0.00808174 0)
(0.00940804 0.00764534 0)
(0.0096356 0.00722509 0)
(0.00981913 0.00682306 0)
(0.00996181 0.00644064 0)
(0.0100666 0.00607862 0)
(0.0101362 0.00573737 0)
(0.010173 0.00541685 0)
(0.0101792 0.00511677 0)
(0.0101568 0.0048362 0)
(0.010108 0.00457516 0)
(0.010034 0.00433245 0)
(0.00993645 0.00410712 0)
(0.00981684 0.0038982 0)
(0.0096765 0.00370481 0)
(0.00951682 0.00352587 0)
(0.00933902 0.0033603 0)
(0.00914445 0.00320665 0)
(0.00893447 0.00306407 0)
(0.00871018 0.00293127 0)
(0.008473 0.00280691 0)
(0.00822385 0.00269 0)
(0.00796368 0.00257895 0)
(0.00769384 0.00247241 0)
(0.00741529 0.00236909 0)
(0.00712902 0.00226771 0)
(0.00683603 0.00216707 0)
(0.00653738 0.00206598 0)
(0.0062341 0.00196341 0)
(0.00592728 0.00185842 0)
(0.00561805 0.00175025 0)
(0.00530767 0.00163832 0)
(0.0049974 0.00152222 0)
(0.00468859 0.0014017 0)
(0.00438261 0.00127674 0)
(0.00408086 0.00114751 0)
(0.00378475 0.00101428 0)
(0.00349566 0.000877609 0)
(0.00321488 0.000738164 0)
(0.00294363 0.000596734 0)
(0.00268288 0.000454241 0)
(0.00243363 0.000311834 0)
(0.00219664 0.000170519 0)
(0.00197231 3.14919e-05 0)
(0.00176098 -0.000104039 0)
(0.00156264 -0.000234753 0)
(0.00137699 -0.000359492 0)
(0.00120368 -0.000477114 0)
(0.00104207 -0.000586396 0)
(0.000891308 -0.000686271 0)
(0.000750437 -0.000775735 0)
(0.000618366 -0.000853883 0)
(0.000493895 -0.00091992 0)
(0.000375657 -0.000973183 0)
(0.000262338 -0.00101316 0)
(0.00015324 -0.00103943 0)
(5.01542e-05 -0.00105203 0)
(0.000440997 0.0117062 0)
(0.00131688 0.0116416 0)
(0.00217253 0.0115134 0)
(0.0030033 0.0113257 0)
(0.00379979 0.0110843 0)
(0.00455406 0.0107957 0)
(0.00526072 0.0104677 0)
(0.00591582 0.0101078 0)
(0.00651695 0.00972404 0)
(0.00706304 0.00932366 0)
(0.0075542 0.0089135 0)
(0.00799145 0.00849963 0)
(0.00837651 0.00808728 0)
(0.00871159 0.00768087 0)
(0.00899916 0.00728399 0)
(0.00924186 0.00689949 0)
(0.00944234 0.0065295 0)
(0.00960319 0.00617559 0)
(0.00972686 0.00583877 0)
(0.00981568 0.00551966 0)
(0.00987177 0.00521848 0)
(0.00989668 0.00493503 0)
(0.00989273 0.00466971 0)
(0.00986188 0.00442141 0)
(0.00980495 0.00418982 0)
(0.00972365 0.00397438 0)
(0.00961949 0.00377416 0)
(0.00949369 0.00358839 0)
(0.00934757 0.00341611 0)
(0.00918204 0.00325631 0)
(0.00899866 0.00310843 0)
(0.00879893 0.0029709 0)
(0.00858365 0.00284265 0)
(0.00835408 0.00272257 0)
(0.00811131 0.00260921 0)
(0.00785632 0.00250156 0)
(0.00759024 0.0023982 0)
(0.00731418 0.00229786 0)
(0.00702918 0.00219928 0)
(0.00673629 0.00210131 0)
(0.00643661 0.00200277 0)
(0.00613136 0.00190268 0)
(0.00582172 0.00180015 0)
(0.00550904 0.00169448 0)
(0.00519472 0.0015851 0)
(0.0048802 0.00147162 0)
(0.00456701 0.00135386 0)
(0.00425676 0.00123178 0)
(0.00395094 0.00110556 0)
(0.00365119 0.000975599 0)
(0.00335908 0.000842354 0)
(0.00307598 0.000706494 0)
(0.00280324 0.000568802 0)
(0.00254213 0.000430187 0)
(0.00229357 0.000291776 0)
(0.00205827 0.000154541 0)
(0.00183687 1.96391e-05 0)
(0.00162965 -0.000111736 0)
(0.00143665 -0.000238462 0)
(0.00125751 -0.000359322 0)
(0.00109186 -0.000473089 0)
(0.000939028 -0.000578762 0)
(0.000798057 -0.000675291 0)
(0.000667907 -0.000761719 0)
(0.000547386 -0.000837183 0)
(0.000435177 -0.000900928 0)
(0.000329776 -0.000952323 0)
(0.000229744 -0.000990881 0)
(0.000134149 -0.00101621 0)
(4.39273e-05 -0.00102835 0)
(0.000411251 0.0107963 0)
(0.00122826 0.0107413 0)
(0.00202692 0.0106317 0)
(0.00280514 0.0104707 0)
(0.00355458 0.0102629 0)
(0.00426809 0.0100136 0)
(0.00494082 0.00972887 0)
(0.00556901 0.00941503 0)
(0.00615011 0.00907849 0)
(0.00668268 0.00872546 0)
(0.00716627 0.00836173 0)
(0.00760124 0.00799257 0)
(0.0079886 0.00762264 0)
(0.00832981 0.00725593 0)
(0.00862665 0.00689578 0)
(0.00888111 0.00654493 0)
(0.00909523 0.00620552 0)
(0.00927108 0.00587918 0)
(0.00941067 0.00556707 0)
(0.00951589 0.00527001 0)
(0.00958839 0.00498842 0)
(0.00963039 0.0047222 0)
(0.00964321 0.0044722 0)
(0.00962809 0.0042377 0)
(0.00958695 0.00401828 0)
(0.00952079 0.00381364 0)
(0.00943085 0.00362304 0)
(0.00931845 0.00344591 0)
(0.00918475 0.00328138 0)
(0.00903134 0.00312857 0)
(0.00885904 0.00298705 0)
(0.0086687 0.00285539 0)
(0.00846185 0.00273252 0)
(0.00823955 0.00261734 0)
(0.00800284 0.00250863 0)
(0.00775267 0.00240519 0)
(0.00749014 0.00230587 0)
(0.00721638 0.00220929 0)
(0.00693247 0.0021143 0)
(0.00663952 0.00201973 0)
(0.00633875 0.00192455 0)
(0.00603148 0.00182775 0)
(0.00571908 0.00172852 0)
(0.00540301 0.00162621 0)
(0.00508481 0.00152026 0)
(0.00476616 0.00141033 0)
(0.00444875 0.00129627 0)
(0.00413431 0.00117807 0)
(0.00382468 0.00105591 0)
(0.00352155 0.000930219 0)
(0.00322656 0.000801438 0)
(0.00294133 0.000670239 0)
(0.00266732 0.00053738 0)
(0.00240586 0.000403791 0)
(0.00215798 0.000270367 0)
(0.0019245 0.000138232 0)
(0.00170604 8.46113e-06 0)
(0.00150288 -0.00011783 0)
(0.00131506 -0.000239534 0)
(0.00114236 -0.000355537 0)
(0.000984239 -0.00046466 0)
(0.000839865 -0.000565962 0)
(0.000708352 -0.000658439 0)
(0.000588546 -0.000741202 0)
(0.000479157 -0.000813435 0)
(0.000378755 -0.000874428 0)
(0.000285705 -0.000923587 0)
(0.000198449 -0.000960454 0)
(0.00011583 -0.000984662 0)
(3.79545e-05 -0.000996253 0)
(0.000385821 0.00992571 0)
(0.00115236 0.00987863 0)
(0.00190189 0.0097845 0)
(0.0026345 0.00964592 0)
(0.00334273 0.00946655 0)
(0.00402005 0.00925063 0)
(0.00466213 0.00900299 0)
(0.00526544 0.00872886 0)
(0.00582737 0.00843352 0)
(0.00634628 0.00812218 0)
(0.00682132 0.00779976 0)
(0.00725236 0.00747082 0)
(0.00763987 0.00713946 0)
(0.00798473 0.00680926 0)
(0.00828816 0.0064833 0)
(0.00855159 0.00616415 0)
(0.00877659 0.00585389 0)
(0.00896475 0.00555418 0)
(0.00911769 0.00526626 0)
(0.00923702 0.00499099 0)
(0.00932396 0.0047289 0)
(0.00938046 0.00448104 0)
(0.00940824 0.00424674 0)
(0.00940796 0.00402652 0)
(0.00938088 0.00382005 0)
(0.00932841 0.00362695 0)
(0.00925177 0.00344696 0)
(0.00915203 0.00327932 0)
(0.00903023 0.00312357 0)
(0.0088877 0.00297891 0)
(0.00872547 0.0028443 0)
(0.0085444 0.00271918 0)
(0.00834561 0.0026025 0)
(0.00813019 0.00249304 0)
(0.00789916 0.00238968 0)
(0.00765356 0.00229126 0)
(0.00739434 0.00219668 0)
(0.00712261 0.00210456 0)
(0.00683962 0.00201386 0)
(0.00654654 0.00192345 0)
(0.00624463 0.00183238 0)
(0.00593533 0.00173966 0)
(0.00562018 0.00164453 0)
(0.00530078 0.00154637 0)
(0.00497884 0.0014447 0)
(0.00465621 0.00133921 0)
(0.00433476 0.00122977 0)
(0.00401639 0.00111639 0)
(0.00370309 0.00099931 0)
(0.00339672 0.000878828 0)
(0.0030991 0.000755493 0)
(0.00281193 0.00062993 0)
(0.00253679 0.00050293 0)
(0.00227512 0.000375297 0)
(0.00202801 0.00024796 0)
(0.00179637 0.000121936 0)
(0.00158081 -1.73735e-06 0)
(0.00138166 -0.000122002 0)
(0.00119894 -0.000237792 0)
(0.00103239 -0.000348042 0)
(0.000881434 -0.000451797 0)
(0.000745249 -0.000548018 0)
(0.000622818 -0.000635807 0)
(0.000512913 -0.00071433 0)
(0.00041416 -0.000782832 0)
(0.000325025 -0.000840656 0)
(0.000243751 -0.000887244 0)
(0.00016867 -0.00092217 0)
(9.84086e-05 -0.000945091 0)
(3.22768e-05 -0.000956057 0)
(0.000364009 0.00908522 0)
(0.00108715 0.00904482 0)
(0.00179422 0.00896382 0)
(0.00248718 0.00884429 0)
(0.00315929 0.00868918 0)
(0.00380453 0.00850188 0)
(0.00441905 0.00828633 0)
(0.00499954 0.0080468 0)
(0.00554342 0.00778766 0)
(0.00604891 0.00751328 0)
(0.00651491 0.00722784 0)
(0.00694094 0.00693527 0)
(0.00732704 0.00663916 0)
(0.00767365 0.00634268 0)
(0.00798154 0.00604865 0)
(0.0082517 0.00575945 0)
(0.00848527 0.00547707 0)
(0.00868345 0.00520314 0)
(0.00884748 0.00493891 0)
(0.00897852 0.00468516 0)
(0.00907843 0.00444279 0)
(0.00914823 0.00421279 0)
(0.0091887 0.00399516 0)
(0.0092014 0.00378984 0)
(0.00918738 0.0035969 0)
(0.00914771 0.00341614 0)
(0.00908322 0.00324739 0)
(0.00899506 0.00309019 0)
(0.00888434 0.00294422 0)
(0.00875207 0.00280815 0)
(0.00859931 0.00268168 0)
(0.0084269 0.00256399 0)
(0.00823571 0.00245416 0)
(0.00802673 0.00235119 0)
(0.00780106 0.00225387 0)
(0.00755968 0.00216113 0)
(0.00730344 0.00207178 0)
(0.00703355 0.00198492 0)
(0.00675137 0.00189922 0)
(0.00645804 0.00181368 0)
(0.00615495 0.0017274 0)
(0.00584364 0.00163943 0)
(0.0055258 0.00154914 0)
(0.00520318 0.00145592 0)
(0.00487765 0.00135933 0)
(0.00455123 0.00125912 0)
(0.00422593 0.00115518 0)
(0.00390386 0.0010475 0)
(0.00358712 0.000936355 0)
(0.00327773 0.000822076 0)
(0.00297766 0.000705157 0)
(0.00268877 0.000586207 0)
(0.00241269 0.000465989 0)
(0.00215089 0.000345285 0)
(0.00190462 0.00022496 0)
(0.00167481 0.000105964 0)
(0.0014621 -1.07221e-05 0)
(0.00126683 -0.000124106 0)
(0.00108902 -0.000233191 0)
(0.000928362 -0.000336998 0)
(0.000784264 -0.000434597 0)
(0.000655856 -0.000525067 0)
(0.000542041 -0.00060757 0)
(0.000441523 -0.000681329 0)
(0.000352832 -0.000745645 0)
(0.000274344 -0.000799928 0)
(0.000204191 -0.000843647 0)
(0.000140602 -0.00087641 0)
(8.19998e-05 -0.000897898 0)
(2.69313e-05 -0.000908169 0)
(0.000345272 0.00826717 0)
(0.00103104 0.00823247 0)
(0.00170137 0.00816272 0)
(0.00235985 0.00805956 0)
(0.00300032 0.00792539 0)
(0.00361721 0.00776295 0)
(0.00420705 0.00757544 0)
(0.00476677 0.00736635 0)
(0.00529386 0.00713933 0)
(0.00578646 0.00689801 0)
(0.00624331 0.00664594 0)
(0.00666367 0.0063865 0)
(0.00704728 0.00612281 0)
(0.00739423 0.00585768 0)
(0.00770493 0.00559364 0)
(0.00798001 0.00533286 0)
(0.00822028 0.00507724 0)
(0.00842659 0.00482839 0)
(0.00859971 0.00458749 0)
(0.0087409 0.00435495 0)
(0.0088516 0.00413283 0)
(0.00893283 0.00392102 0)
(0.00898528 0.00372017 0)
(0.0090097 0.00353041 0)
(0.00900719 0.00335174 0)
(0.00897889 0.00318392 0)
(0.00892582 0.00302705 0)
(0.00884887 0.00288081 0)
(0.00874819 0.00274462 0)
(0.00862516 0.00261865 0)
(0.00848131 0.00250109 0)
(0.00831688 0.0023916 0)
(0.00813282 0.00228933 0)
(0.0079299 0.00219344 0)
(0.0077091 0.00210276 0)
(0.00747147 0.00201629 0)
(0.00721813 0.00193292 0)
(0.00695005 0.00185182 0)
(0.00666839 0.00177165 0)
(0.00637472 0.00169158 0)
(0.00607038 0.00161077 0)
(0.00575708 0.00152818 0)
(0.00543667 0.00144339 0)
(0.00511097 0.00135583 0)
(0.00478204 0.00126508 0)
(0.00445206 0.00117094 0)
(0.00412314 0.00107334 0)
(0.00379758 0.000972176 0)
(0.00347767 0.000867841 0)
(0.00316552 0.000760643 0)
(0.00286323 0.000651041 0)
(0.00257276 0.000539629 0)
(0.00229588 0.000427068 0)
(0.00203409 0.000314159 0)
(0.00178869 0.000201698 0)
(0.00156069 9.05701e-05 0)
(0.00135074 -1.83163e-05 0)
(0.00115919 -0.00012404 0)
(0.000986049 -0.000225683 0)
(0.000830986 -0.000322343 0)
(0.000693367 -0.000413154 0)
(0.000572277 -0.000497287 0)
(0.000466557 -0.000573972 0)
(0.00037484 -0.000642499 0)
(0.000295562 -0.000702218 0)
(0.000227024 -0.00075264 0)
(0.00016727 -0.000793227 0)
(0.00011442 -0.000823631 0)
(6.67048e-05 -0.000843558 0)
(2.1951e-05 -0.000853069 0)
(0.00032918 0.00746504 0)
(0.000982774 0.00743529 0)
(0.00162132 0.00737529 0)
(0.00224986 0.00728639 0)
(0.00286268 0.00717053 0)
(0.00345458 0.00702994 0)
(0.00402245 0.00686721 0)
(0.00456342 0.00668522 0)
(0.00507508 0.00648697 0)
(0.00555553 0.00627552 0)
(0.00600341 0.00605387 0)
(0.00641781 0.00582488 0)
(0.00679822 0.00559126 0)
(0.00714448 0.00535549 0)
(0.00745672 0.0051198 0)
(0.00773531 0.00488617 0)
(0.0079808 0.00465635 0)
(0.0081937 0.00443183 0)
(0.00837404 0.00421307 0)
(0.00852386 0.00400263 0)
(0.00864451 0.00380065 0)
(0.00873558 0.00360766 0)
(0.00879809 0.00342407 0)
(0.00883297 0.00325036 0)
(0.0088409 0.00308682 0)
(0.00882302 0.00293281 0)
(0.00878012 0.0027886 0)
(0.00871263 0.00265399 0)
(0.00862217 0.00252845 0)
(0.00850854 0.00241231 0)
(0.00837226 0.00230445 0)
(0.00821514 0.00220377 0)
(0.00803755 0.0021097 0)
(0.00784017 0.00202132 0)
(0.00762392 0.0019379 0)
(0.00738985 0.00185828 0)
(0.00713897 0.00178154 0)
(0.00687228 0.00170663 0)
(0.00659113 0.00163242 0)
(0.00629716 0.00155826 0)
(0.00599155 0.00148323 0)
(0.00567626 0.00140689 0)
(0.00535345 0.00132832 0)
(0.00502487 0.00124707 0)
(0.00469276 0.00116288 0)
(0.00435949 0.00107548 0)
(0.00402717 0.00098478 0)
(0.00369836 0.000891115 0)
(0.00337559 0.00079445 0)
(0.00306094 0.000695155 0)
(0.00275665 0.000593685 0)
(0.0024648 0.000490611 0)
(0.00218722 0.000386563 0)
(0.00192552 0.000282251 0)
(0.00168104 0.000178439 0)
(0.0014548 7.59433e-05 0)
(0.00124749 -2.44063e-05 0)
(0.00105947 -0.000121768 0)
(0.000890717 -0.000215303 0)
(0.000740893 -0.000304192 0)
(0.000609321 -0.000387646 0)
(0.000495039 -0.00046492 0)
(0.000396831 -0.000535321 0)
(0.000313278 -0.000598221 0)
(0.000242692 -0.000653068 0)
(0.000183335 -0.000699267 0)
(0.000133201 -0.000736481 0)
(9.0273e-05 -0.000764358 0)
(5.26143e-05 -0.000782612 0)
(1.73672e-05 -0.000791298 0)
(0.000315394 0.00667343 0)
(0.00094135 0.006648 0)
(0.00155248 0.00659658 0)
(0.0021551 0.00652026 0)
(0.00274387 0.00642064 0)
(0.00331388 0.0062995 0)
(0.00386233 0.00615896 0)
(0.00438653 0.00600138 0)
(0.00488416 0.00582924 0)
(0.00535335 0.00564508 0)
(0.00579267 0.00545143 0)
(0.00620107 0.00525072 0)
(0.00657789 0.00504528 0)
(0.00692277 0.00483725 0)
(0.00723561 0.00462859 0)
(0.00751657 0.00442106 0)
(0.00776594 0.00421609 0)
(0.00798331 0.00401453 0)
(0.00817051 0.00381881 0)
(0.00832848 0.0036305 0)
(0.00845663 0.00344886 0)
(0.00855625 0.00327478 0)
(0.00862799 0.00310886 0)
(0.00867245 0.00295148 0)
(0.00868964 0.00280283 0)
(0.00868068 0.00266386 0)
(0.008647 0.00253334 0)
(0.00858873 0.00241138 0)
(0.00850651 0.00229788 0)
(0.00840116 0.00219188 0)
(0.00827278 0.0020939 0)
(0.00812213 0.00200238 0)
(0.00795037 0.00191693 0)
(0.00775811 0.00183668 0)
(0.00754606 0.0017609 0)
(0.0073151 0.00168846 0)
(0.00706648 0.00161852 0)
(0.00680093 0.00155006 0)
(0.00652002 0.00148269 0)
(0.00622553 0.00141512 0)
(0.00591902 0.00134661 0)
(0.00560218 0.00127688 0)
(0.00527685 0.00120505 0)
(0.00494553 0.00113074 0)
(0.00461045 0.00105372 0)
(0.00427396 0.000973765 0)
(0.00393877 0.000890802 0)
(0.00360725 0.00080519 0)
(0.00328171 0.000716872 0)
(0.00296476 0.000626212 0)
(0.00265869 0.00053361 0)
(0.00236564 0.000439616 0)
(0.00208752 0.000344803 0)
(0.00182597 0.000249819 0)
(0.00158239 0.000155386 0)
(0.00135784 6.22133e-05 0)
(0.00115303 -2.89401e-05 0)
(0.000968298 -0.000117315 0)
(0.000803627 -0.000202153 0)
(0.000658644 -0.000282721 0)
(0.000532641 -0.000358313 0)
(0.000424603 -0.000428266 0)
(0.000333256 -0.00049197 0)
(0.000257093 -0.00054887 0)
(0.000194517 -0.000598486 0)
(0.000143611 -0.000640279 0)
(0.00010218 -0.000673939 0)
(6.82906e-05 -0.000699158 0)
(3.98134e-05 -0.000715654 0)
(1.32144e-05 -0.00072343 0)
(0.000303642 0.00588792 0)
(0.000905978 0.00586633 0)
(0.00149359 0.00582255 0)
(0.00207392 0.0057575 0)
(0.00264191 0.00567247 0)
(0.0031929 0.00556889 0)
(0.00372434 0.00544849 0)
(0.00423371 0.0053132 0)
(0.00471878 0.00516504 0)
(0.00517772 0.00500613 0)
(0.00560905 0.00483856 0)
(0.00601165 0.0046644 0)
(0.00638474 0.00448562 0)
(0.0067278 0.00430406 0)
(0.00704055 0.00412145 0)
(0.00732282 0.00393925 0)
(0.00757426 0.00375842 0)
(0.00779642 0.00358106 0)
(0.00799001 0.00340907 0)
(0.00815392 0.00324174 0)
(0.0082888 0.00308033 0)
(0.00839558 0.00292556 0)
(0.00847479 0.00277772 0)
(0.00852694 0.00263722 0)
(0.00855329 0.00250431 0)
(0.00855354 0.00237997 0)
(0.00852764 0.00226365 0)
(0.00847718 0.00215471 0)
(0.00840267 0.00205321 0)
(0.00830456 0.00195872 0)
(0.00818276 0.00187059 0)
(0.00803817 0.00178901 0)
(0.00787186 0.00171274 0)
(0.00768414 0.00164108 0)
(0.0074757 0.00157322 0)
(0.00724746 0.0015084 0)
(0.00700057 0.00144576 0)
(0.00673646 0.00138441 0)
(0.0064562 0.00132403 0)
(0.00616109 0.00126346 0)
(0.00585331 0.00120212 0)
(0.00553471 0.00113925 0)
(0.00520732 0.0010746 0)
(0.00487354 0.00100778 0)
(0.00453578 0.000938479 0)
(0.00419657 0.00086661 0)
(0.0038586 0.000792173 0)
(0.00352443 0.000715087 0)
(0.00319661 0.000635713 0)
(0.00287768 0.000554308 0)
(0.00257005 0.000471274 0)
(0.00227599 0.000387039 0)
(0.00199743 0.000302132 0)
(0.00173611 0.000217136 0)
(0.00149343 0.000132702 0)
(0.00127047 4.94546e-05 0)
(0.00106796 -3.19227e-05 0)
(0.000886255 -0.000110762 0)
(0.000725312 -0.000186389 0)
(0.000584734 -0.000258157 0)
(0.000463777 -0.000325448 0)
(0.000361383 -0.000387682 0)
(0.000276228 -0.000444328 0)
(0.000206763 -0.000494906 0)
(0.000151284 -0.000538975 0)
(0.000107882 -0.000576236 0)
(7.43217e-05 -0.000606167 0)
(4.85585e-05 -0.000628621 0)
(2.83868e-05 -0.000643329 0)
(9.54396e-06 -0.000650037 0)
(0.000293705 0.00510507 0)
(0.000876028 0.00508691 0)
(0.00144366 0.00505005 0)
(0.00200502 0.00499523 0)
(0.00255526 0.00492351 0)
(0.00308991 0.00483602 0)
(0.00360664 0.00473416 0)
(0.00410308 0.00461949 0)
(0.0045771 0.00449366 0)
(0.00502687 0.00435838 0)
(0.00545094 0.00421541 0)
(0.00584813 0.00406645 0)
(0.00621756 0.00391317 0)
(0.00655861 0.00375713 0)
(0.0068708 0.0035998 0)
(0.00715354 0.00344232 0)
(0.00740775 0.00328593 0)
(0.00763396 0.00313274 0)
(0.00783119 0.00298267 0)
(0.00799974 0.00283682 0)
(0.00814046 0.00269629 0)
(0.00825365 0.00256145 0)
(0.00833965 0.00243223 0)
(0.00839905 0.00230945 0)
(0.00843239 0.00219353 0)
(0.00844002 0.00208392 0)
(0.00842175 0.00198145 0)
(0.00837829 0.00188617 0)
(0.00831053 0.00179722 0)
(0.00821855 0.00171436 0)
(0.00810307 0.00163715 0)
(0.00796428 0.00156569 0)
(0.00780244 0.00149876 0)
(0.0076186 0.00143587 0)
(0.00741338 0.00137628 0)
(0.00718764 0.0013195 0)
(0.0069425 0.00126463 0)
(0.0066792 0.001211 0)
(0.00639907 0.00115766 0)
(0.00610362 0.00110424 0)
(0.00579481 0.00105016 0)
(0.00547466 0.000994819 0)
(0.00514538 0.000937865 0)
(0.00480942 0.000878984 0)
(0.00446929 0.000817945 0)
(0.00412765 0.000754652 0)
(0.00378725 0.000689098 0)
(0.00345079 0.000621314 0)
(0.00312093 0.000551528 0)
(0.00280032 0.000479991 0)
(0.00249142 0.000407115 0)
(0.0021965 0.000333228 0)
(0.00191762 0.00025881 0)
(0.00165654 0.000184382 0)
(0.00141471 0.000110484 0)
(0.00119322 3.76879e-05 0)
(0.000992817 -3.34084e-05 0)
(0.000813833 -0.00010224 0)
(0.000656233 -0.000168213 0)
(0.000519587 -0.000230773 0)
(0.000403117 -0.000289388 0)
(0.000305724 -0.000343565 0)
(0.000226034 -0.000392859 0)
(0.000162447 -0.000436875 0)
(0.000113188 -0.000475275 0)
(7.64205e-05 -0.000507888 0)
(4.9796e-05 -0.000533951 0)
(3.11288e-05 -0.000553304 0)
(1.8434e-05 -0.000565906 0)
(6.45951e-06 -0.000571787 0)
(0.000285396 0.00432241 0)
(0.000850993 0.00430732 0)
(0.00140192 0.0042768 0)
(0.00194738 0.00423142 0)
(0.0024827 0.00417202 0)
(0.00300356 0.00409949 0)
(0.00350781 0.00401494 0)
(0.0039932 0.00391962 0)
(0.00445768 0.00381483 0)
(0.00489948 0.00370197 0)
(0.00531712 0.00358245 0)
(0.00570941 0.00345767 0)
(0.00607542 0.003329 0)
(0.00641444 0.00319765 0)
(0.00672574 0.00306452 0)
(0.00700895 0.00293119 0)
(0.00726469 0.00279988 0)
(0.00749316 0.00267005 0)
(0.00769409 0.00254256 0)
(0.00786754 0.00241861 0)
(0.00801343 0.00229885 0)
(0.00813153 0.00218365 0)
(0.0082228 0.00207413 0)
(0.00828824 0.00196944 0)
(0.00832776 0.00187036 0)
(0.00834147 0.00177698 0)
(0.00832989 0.00168931 0)
(0.00829295 0.00160787 0)
(0.00823086 0.00153177 0)
(0.00814448 0.00146101 0)
(0.0080341 0.00139533 0)
(0.0078998 0.00133405 0)
(0.00774205 0.00127662 0)
(0.00756166 0.00122277 0)
(0.00735934 0.0011718 0)
(0.00713582 0.00112318 0)
(0.00689207 0.00107616 0)
(0.00662949 0.00103014 0)
(0.00634945 0.000984468 0)
(0.00605359 0.000938642 0)
(0.00574389 0.000892214 0)
(0.00542241 0.000844729 0)
(0.00509148 0.000795856 0)
(0.00475362 0.000745337 0)
(0.00441145 0.000692991 0)
(0.00406773 0.000638737 0)
(0.00372526 0.000582575 0)
(0.00338686 0.000524569 0)
(0.00305529 0.000464896 0)
(0.00273326 0.000403786 0)
(0.00242329 0.00034154 0)
(0.00212769 0.000278497 0)
(0.00184859 0.000215059 0)
(0.00158779 0.000151668 0)
(0.00134674 8.87923e-05 0)
(0.00112658 2.68955e-05 0)
(0.000928039 -3.34934e-05 0)
(0.000751452 -9.19153e-05 0)
(0.00059678 -0.000147861 0)
(0.00046356 -0.000200871 0)
(0.000350986 -0.0002505 0)
(0.000257914 -0.000296343 0)
(0.000182919 -0.000338045 0)
(0.000124347 -0.000375334 0)
(8.02725e-05 -0.000408188 0)
(4.92065e-05 -0.00043555 0)
(2.89057e-05 -0.000457535 0)
(1.66031e-05 -0.000473816 0)
(9.92902e-06 -0.000484235 0)
(3.61347e-06 -0.000489297 0)
(0.000278549 0.00353841 0)
(0.000830458 0.00352606 0)
(0.00136777 0.00350146 0)
(0.00190024 0.00346492 0)
(0.00242333 0.0034171 0)
(0.00293284 0.00335868 0)
(0.00342677 0.00329052 0)
(0.00390297 0.00321358 0)
(0.00435946 0.00312889 0)
(0.0047945 0.00303753 0)
(0.00520665 0.00294061 0)
(0.00559468 0.00283925 0)
(0.00595754 0.00273452 0)
(0.00629414 0.00262725 0)
(0.00660435 0.00251871 0)
(0.0068889 0.00241032 0)
(0.00714662 0.00230296 0)
(0.00737665 0.00219679 0)
(0.00757975 0.00209251 0)
(0.00775604 0.0019906 0)
(0.0079055 0.00189165 0)
(0.00802893 0.0017963 0)
(0.00812544 0.00170559 0)
(0.00819528 0.00161974 0)
(0.00823994 0.00153819 0)
(0.00825898 0.00146121 0)
(0.00825264 0.00138897 0)
(0.00822074 0.00132115 0)
(0.00816367 0.00125847 0)
(0.00808212 0.0012001 0)
(0.00797611 0.00114573 0)
(0.00784557 0.0010949 0)
(0.00769117 0.00104768 0)
(0.00751378 0.00100325 0)
(0.00731379 0.00096116 0)
(0.00709201 0.000920845 0)
(0.00684947 0.000881869 0)
(0.00658751 0.000843719 0)
(0.00630757 0.000805856 0)
(0.00601137 0.000767907 0)
(0.00570089 0.000729432 0)
(0.0053783 0.00069009 0)
(0.00504599 0.000649624 0)
(0.00470655 0.000607815 0)
(0.00436269 0.000564528 0)
(0.00401724 0.000519704 0)
(0.00367309 0.000473348 0)
(0.00333311 0.000425527 0)
(0.00300015 0.000376383 0)
(0.00267697 0.000326109 0)
(0.00236613 0.000274931 0)
(0.00207002 0.00022316 0)
(0.00179079 0.000171112 0)
(0.00153028 0.000119147 0)
(0.00128994 6.76298e-05 0)
(0.00107094 1.70297e-05 0)
(0.000874007 -3.23338e-05 0)
(0.000699466 -7.99886e-05 0)
(0.000547278 -0.000125603 0)
(0.000416948 -0.000168798 0)
(0.000307647 -0.0002092 0)
(0.00021818 -0.000246492 0)
(0.000147043 -0.000280427 0)
(9.23049e-05 -0.000311156 0)
(5.29718e-05 -0.00033774 0)
(2.70736e-05 -0.000359952 0)
(1.153e-05 -0.000377622 0)
(4.42756e-06 -0.000390727 0)
(2.9513e-06 -0.000399257 0)
(1.33235e-06 -0.000403283 0)
(0.000273027 0.00275251 0)
(0.000814109 0.00274254 0)
(0.00134079 0.00272363 0)
(0.00186302 0.00269553 0)
(0.00237646 0.00265874 0)
(0.002877 0.00261382 0)
(0.00336272 0.00256138 0)
(0.00383157 0.00250213 0)
(0.00428163 0.00243685 0)
(0.0047112 0.00236632 0)
(0.00511884 0.00229139 0)
(0.00550333 0.00221286 0)
(0.00586343 0.00213154 0)
(0.00619863 0.00204852 0)
(0.00650882 0.00196502 0)
(0.0067932 0.00188137 0)
(0.00705116 0.00179736 0)
(0.00728272 0.0017143 0)
(0.00748791 0.00163287 0)
(0.00766668 0.00155339 0)
(0.00781914 0.00147629 0)
(0.00794547 0.00140205 0)
(0.00804623 0.00133044 0)
(0.00812085 0.00126296 0)
(0.00816924 0.00119907 0)
(0.00819225 0.00113876 0)
(0.00818984 0.00108207 0)
(0.00816245 0.00102883 0)
(0.00810981 0.000979646 0)
(0.00803174 0.000933795 0)
(0.0079289 0.000891009 0)
(0.00780175 0.000850987 0)
(0.0076504 0.000813916 0)
(0.00747514 0.000778956 0)
(0.00727693 0.000745797 0)
(0.00705653 0.000714025 0)
(0.00681495 0.000683287 0)
(0.00655348 0.000653193 0)
(0.00627364 0.000623322 0)
(0.00597716 0.00059342 0)
(0.00566607 0.000563109 0)
(0.00534261 0.000532139 0)
(0.00500921 0.000500337 0)
(0.00466853 0.000467509 0)
(0.00432334 0.000433576 0)
(0.00397655 0.000398478 0)
(0.00363109 0.000362246 0)
(0.0032899 0.000324933 0)
(0.00295587 0.000286637 0)
(0.00263181 0.000247509 0)
(0.00232034 0.000207744 0)
(0.00202387 0.000167556 0)
(0.00174457 0.000127213 0)
(0.0014843 8.69924e-05 0)
(0.00124462 4.71468e-05 0)
(0.00102662 8.07691e-06 0)
(0.000831021 -2.99886e-05 0)
(0.000658184 -6.66977e-05 0)
(0.000507971 -0.000101788 0)
(0.000379963 -0.000135001 0)
(0.000273292 -0.00016602 0)
(0.000186688 -0.000194609 0)
(0.000118255 -0.000220543 0)
(6.7034e-05 -0.000244903 0)
(3.14766e-05 -0.000264457 0)
(9.32472e-06 -0.000282094 0)
(-1.86912e-06 -0.000295244 0)
(-5.03495e-06 -0.000305105 0)
(-2.68315e-06 -0.000311678 0)
(-5.1999e-07 -0.000314687 0)
(0.000268722 0.00196474 0)
(0.000801724 0.00195585 0)
(0.00132077 0.0019423 0)
(0.00183535 0.00192246 0)
(0.00234162 0.00189636 0)
(0.00283549 0.00186451 0)
(0.00331509 0.00182735 0)
(0.00377844 0.00178535 0)
(0.00422365 0.00173903 0)
(0.00464905 0.00168896 0)
(0.00505319 0.00163571 0)
(0.00543483 0.00157986 0)
(0.0057932 0.00152202 0)
(0.00612762 0.00146312 0)
(0.0064372 0.00140344 0)
(0.00672124 0.00134332 0)
(0.00697956 0.00128343 0)
(0.00721217 0.00122417 0)
(0.00741884 0.00116586 0)
(0.00759946 0.00110891 0)
(0.00775417 0.00105367 0)
(0.00788308 0.00100045 0)
(0.00798636 0.000949449 0)
(0.00806391 0.000900466 0)
(0.00811575 0.000854398 0)
(0.00814199 0.000811 0)
(0.00814271 0.000770241 0)
(0.00811832 0.000732144 0)
(0.00806864 0.00069637 0)
(0.00799348 0.000663135 0)
(0.0078933 0.000632218 0)
(0.00776847 0.000603442 0)
(0.00761914 0.000576357 0)
(0.00744567 0.000550912 0)
(0.00724886 0.000526814 0)
(0.0070295 0.000503722 0)
(0.00678864 0.000481374 0)
(0.00652755 0.000459504 0)
(0.0062478 0.000437831 0)
(0.00595116 0.000416107 0)
(0.00563961 0.000394151 0)
(0.00531553 0.000371753 0)
(0.00498136 0.00034883 0)
(0.00463979 0.000325191 0)
(0.00429366 0.000300867 0)
(0.00394591 0.000275718 0)
(0.00359954 0.00024985 0)
(0.0032575 0.000223321 0)
(0.00292273 0.000196013 0)
(0.00259808 0.000168379 0)
(0.00228618 0.000140311 0)
(0.00198949 0.000111911 0)
(0.00171022 8.34712e-05 0)
(0.00145021 5.52889e-05 0)
(0.00121102 2.73062e-05 0)
(0.000993802 -6.45219e-08 0)
(0.000799232 -2.66446e-05 0)
(0.000627667 -5.22856e-05 0)
(0.000478975 -7.67717e-05 0)
(0.000352715 -9.98414e-05 0)
(0.000248038 -0.000121389 0)
(0.000163657 -0.000141229 0)
(9.67494e-05 -0.000159252 0)
(4.839e-05 -0.000176277 0)
(1.57798e-05 -0.000190005 0)
(-3.7134e-06 -0.00020163 0)
(-1.14803e-05 -0.000210728 0)
(-1.20139e-05 -0.000217629 0)
(-6.77803e-06 -0.000222108 0)
(-1.8653e-06 -0.000223932 0)
(0.000264854 0.00117487 0)
(0.000792015 0.00116807 0)
(0.00130743 0.00115848 0)
(0.00181708 0.00114666 0)
(0.00231852 0.00113102 0)
(0.00280798 0.00111197 0)
(0.00328355 0.00108979 0)
(0.00374325 0.00106474 0)
(0.00418525 0.00103712 0)
(0.00460788 0.00100727 0)
(0.00500974 0.000975538 0)
(0.00538964 0.000942321 0)
(0.00574669 0.000908015 0)
(0.00608005 0.000872801 0)
(0.00638902 0.000836991 0)
(0.0066732 0.000800774 0)
(0.00693201 0.000764755 0)
(0.00716514 0.000729155 0)
(0.00737265 0.000694051 0)
(0.00755449 0.000659768 0)
(0.00771068 0.000626579 0)
(0.00784125 0.000594535 0)
(0.00794624 0.000563788 0)
(0.00802579 0.000534431 0)
(0.00807977 0.000506626 0)
(0.00810809 0.000480226 0)
(0.00811098 0.00045555 0)
(0.00808858 0.000432573 0)
(0.0080408 0.000410736 0)
(0.00796758 0.000390438 0)
(0.0078692 0.000371607 0)
(0.00774589 0.000354004 0)
(0.00759786 0.000337387 0)
(0.0074256 0.00032179 0)
(0.00722974 0.000306948 0)
(0.00701109 0.000292734 0)
(0.00677073 0.000278988 0)
(0.00650993 0.000265499 0)
(0.00623024 0.000252178 0)
(0.00593348 0.000238802 0)
(0.00562172 0.000225313 0)
(0.00529729 0.000211613 0)
(0.00496265 0.000197547 0)
(0.00462056 0.000183196 0)
(0.00427387 0.000168376 0)
(0.00392553 0.000153256 0)
(0.00357869 0.000137696 0)
(0.00323606 0.000121739 0)
(0.00290093 0.000105695 0)
(0.00257611 8.93187e-05 0)
(0.00226388 7.28951e-05 0)
(0.00196703 5.66665e-05 0)
(0.00168795 4.0558e-05 0)
(0.00142814 2.45065e-05 0)
(0.00118927 8.90399e-06 0)
(0.000972665 -6.52523e-06 0)
(0.000778799 -2.1574e-05 0)
(0.000608055 -3.60929e-05 0)
(0.000460414 -4.99518e-05 0)
(0.000335345 -6.2981e-05 0)
(0.000231904 -7.51452e-05 0)
(0.000148823 -8.63764e-05 0)
(8.32055e-05 -9.67957e-05 0)
(3.62803e-05 -0.000105662 0)
(6.12434e-06 -0.000113996 0)
(-1.13955e-05 -0.000119756 0)
(-1.78613e-05 -0.000125041 0)
(-1.64154e-05 -0.000128909 0)
(-9.20741e-06 -0.000131268 0)
(-2.62628e-06 -0.000132232 0)
(0.000263936 0.00039034 0)
(0.000785808 0.000389122 0)
(0.00129937 0.000385195 0)
(0.00180788 0.000381226 0)
(0.00230693 0.000375985 0)
(0.00279426 0.000369632 0)
(0.00326786 0.000362256 0)
(0.00372576 0.000353932 0)
(0.00416616 0.000344757 0)
(0.00458745 0.000334844 0)
(0.00498823 0.00032432 0)
(0.00536729 0.000313327 0)
(0.00572366 0.000301965 0)
(0.00605657 0.000290288 0)
(0.00636514 0.00027848 0)
(0.00664898 0.000266398 0)
(0.00690791 0.000254254 0)
(0.00714143 0.000242296 0)
(0.00734942 0.000230536 0)
(0.00753195 0.000219059 0)
(0.00768889 0.000207981 0)
(0.00782024 0.000197262 0)
(0.0079262 0.000186965 0)
(0.0080067 0.000177208 0)
(0.00806149 0.000167857 0)
(0.00809086 0.00015892 0)
(0.008095 0.000150611 0)
(0.00807346 0.000142925 0)
(0.00802646 0.000135475 0)
(0.00795431 0.000128568 0)
(0.00785682 0.000122186 0)
(0.00773421 0.000116174 0)
(0.00758689 0.000110494 0)
(0.0074152 0.000105176 0)
(0.00721977 0.000100069 0)
(0.00700151 9.51855e-05 0)
(0.00676139 9.04712e-05 0)
(0.00650072 8.58164e-05 0)
(0.00622109 8.12254e-05 0)
(0.00592428 7.66344e-05 0)
(0.00561242 7.19877e-05 0)
(0.00528776 6.72936e-05 0)
(0.00495294 6.24202e-05 0)
(0.00461061 5.7542e-05 0)
(0.00426372 5.24207e-05 0)
(0.00391522 4.73321e-05 0)
(0.00356802 4.20537e-05 0)
(0.00322549 3.65934e-05 0)
(0.00289029 3.14103e-05 0)
(0.00256526 2.58791e-05 0)
(0.00225351 2.04781e-05 0)
(0.00195712 1.5423e-05 0)
(0.00167803 1.04813e-05 0)
(0.00141852 5.41142e-06 0)
(0.00117995 7.66383e-07 0)
(0.000963276 -4.00687e-06 0)
(0.000769613 -8.72102e-06 0)
(0.000599235 -1.32911e-05 0)
(0.000452029 -1.76401e-05 0)
(0.000327462 -2.17728e-05 0)
(0.000224583 -2.5616e-05 0)
(0.000141949 -2.91843e-05 0)
(7.74119e-05 -3.25774e-05 0)
(3.11493e-05 -3.50631e-05 0)
(1.67079e-06 -3.7795e-05 0)
(-1.47183e-05 -3.96154e-05 0)
(-2.04997e-05 -4.12549e-05 0)
(-1.80301e-05 -4.24698e-05 0)
(-1.01142e-05 -4.31746e-05 0)
(-3.09688e-06 -4.36403e-05 0)
)
;

boundaryField
{
    left
    {
        type            symmetryPlane;
    }
    right
    {
        type            symmetryPlane;
    }
    top
    {
        type            symmetryPlane;
    }
    bottom
    {
        type            symmetryPlane;
    }
    frontAndBack
    {
        type            empty;
    }
}


// ************************************************************************* //
