/*--------------------------------*- C++ -*----------------------------------*\
| =========                 |                                                 |
| \\      /  F ield         | OpenFOAM: The Open Source CFD Toolbox           |
|  \\    /   O peration     | Version:  v1606+                                |
|   \\  /    A nd           | Web:      www.OpenFOAM.com                      |
|    \\/     M anipulation  |                                                 |
\*---------------------------------------------------------------------------*/
FoamFile
{
    version     2.0;
    format      ascii;
    class       volScalarField;
    location    "1.45";
    object      dgdt;
}
// * * * * * * * * * * * * * * * * * * * * * * * * * * * * * * * * * * * * * //

dimensions      [0 0 -1 0 0 0 0];

internalField   nonuniform List<scalar> 
6000
(
-18.8531
-18.7581
-18.9213
-18.9151
-18.8896
-18.7674
-18.5896
-18.3054
-17.7585
-18.0278
-18.1896
-18.3479
-18.3504
-17.7121
-17.512
-17.9589
-18.1108
-18.2977
-18.3727
-18.6992
-18.9823
-19.2173
-19.4018
-19.4454
-19.4263
-19.4279
-19.367
-19.2671
-18.5839
-15.9746
-2.16365
-2.01544
-2.05654
-2.1181
-2.22069
-2.33469
-2.43576
-2.34812
-2.29852
-2.2188
-2.24704
-2.32685
-2.35439
-2.42169
-2.40541
-2.26724
-2.14693
-2.07955
-2.15349
-2.40977
-2.45334
-2.40016
-2.30524
-2.19751
-2.06339
-1.94923
-1.82404
-1.7662
-1.83738
-2.44181
-0.148605
-0.131171
-0.12842
-0.13408
-0.154341
-0.194773
-0.322822
-0.544077
-0.477338
-0.446755
-0.457957
-0.475819
-0.477431
-0.50235
-0.493845
-0.467618
-0.440808
-0.453104
-0.466468
-0.453716
-0.316586
-0.247391
-0.174571
-0.13922
-0.126528
-0.122533
-0.11551
-0.110163
-0.112668
-0.131174
-0.0140123
-0.00947245
-0.00971812
-0.0143207
-0.0212026
-0.0299815
-0.0691533
-0.286513
-0.278021
-0.182803
-0.0969263
-0.0920268
-0.129486
-0.182078
-0.174769
-0.171099
-0.205128
-0.245519
-0.233728
-0.139838
-0.0688398
-0.0439762
-0.0326967
-0.0259548
-0.0197989
-0.0146547
-0.00959758
-0.00507769
-0.00398704
-0.00913116
-0.0012577
-0.00214788
-0.00331949
-0.00718701
-0.0124619
-0.0178422
-0.0248945
-0.0947207
-0.230732
-0.122758
-0.0201155
0.0320077
0.00706265
-0.0576726
-0.0781656
-0.0878433
-0.140997
-0.180851
-0.15773
-0.0655651
-0.00877456
-0.0140238
-0.0214212
-0.0195552
-0.0125522
-0.00627568
-0.00169204
0.00167622
0.00272068
0.00110739
-0.00218535
-0.00237391
-0.00276164
-0.00505212
-0.00938283
-0.0150879
-0.01794
-0.0121728
-0.101157
-0.0854865
-0.0543157
0.00784512
0.0195485
-0.00458226
-0.0286081
-0.0411067
-0.0786774
-0.121639
-0.112871
-0.0433017
0.0294839
0.00502024
-0.0127511
-0.0143318
-0.00808311
-0.00198941
0.00166025
0.00364255
0.00384776
0.00215609
-0.00558758
-0.00283077
-0.00268673
-0.003075
-0.00539114
-0.0098303
-0.0133422
-0.001152
-0.0161748
-0.0469125
-0.0592411
-0.0431771
-0.0202667
-0.0100772
-0.00933702
-0.0145587
-0.0289782
-0.0553237
-0.0633095
-0.0400511
0.0219434
0.0141875
-0.0036798
-0.00574664
-0.001768
0.00196352
0.00400512
0.00506518
0.00508261
0.0032422
-0.00685248
-0.00325821
-0.00247795
-0.0019281
-0.00199992
-0.00314177
-0.00603817
7.73733e-05
0.00166576
-0.0366165
-0.0565181
-0.055147
-0.0364552
-0.0160675
-0.00601049
-0.00542961
-0.0101969
-0.022816
-0.0354903
-0.0348446
-0.00491547
0.0108755
0.00191085
0.00093887
0.00326653
0.00467031
0.00518313
0.00578572
0.00622593
0.00459903
-0.00604875
-0.00325627
-0.00168099
-0.000577674
0.000638597
0.00150428
-0.00172631
-0.00253107
-0.0033708
-0.0385482
-0.0511015
-0.0432193
-0.0230436
-0.00947589
-0.00318525
-0.00237086
-0.00436992
-0.01044
-0.0195898
-0.0237073
-0.0151996
0.00263524
0.0027891
0.00375876
0.00591855
0.00647784
0.00581496
0.00576257
0.00657429
0.00588238
-0.0043486
-0.00214646
9.79341e-05
0.00187631
0.00317853
0.00338003
-0.0036147
-0.00920895
-0.0168428
-0.0427408
-0.0403547
-0.0213557
-0.00919769
-0.00332679
-0.000645643
-0.000253791
-0.00130402
-0.00458956
-0.0100196
-0.0141976
-0.0152879
-0.002312
0.00113661
0.00413943
0.00678249
0.00749283
0.00666735
0.00564845
0.00666893
0.00638366
-0.0022016
0.000297491
0.00403792
0.0062902
0.0062996
0.00290257
-0.00874181
-0.0153648
-0.0301209
-0.038283
-0.0246223
-0.00976728
-0.00398574
-0.000586163
0.001117
0.00147821
0.000836427
-0.00118091
-0.00463246
-0.00750958
-0.00877836
-0.00451329
0.000401155
0.00395202
0.00680978
0.00800856
0.00818022
0.00719565
0.0064312
0.00502508
0.0014253
0.00521074
0.00987846
0.0122736
0.00967315
0.00204057
-0.0110195
-0.0193121
-0.0313818
-0.0291131
-0.0139693
-0.00572483
-0.0013073
0.00134633
0.00259622
0.00286677
0.00236024
0.000877862
-0.00148367
-0.00352132
-0.00512019
-0.00330973
-8.70183e-05
0.00334387
0.00623238
0.00829028
0.00955677
0.00972305
0.00878239
0.00701039
0.0057521
0.0114538
0.0161393
0.0185663
0.0116693
0.000616108
-0.0104481
-0.0195831
-0.0245418
-0.0194116
-0.00813913
-0.00272859
0.00110349
0.00296128
0.0036628
0.00366072
0.00323013
0.0020931
0.000329188
-0.00108834
-0.00153832
-0.00163274
-0.000596093
0.00127991
0.00401
0.00691962
0.0100204
0.0141938
0.0162615
0.0123303
0.00859551
0.0145326
0.0215573
0.0169989
0.00419855
-0.00400275
-0.0109785
-0.0177989
-0.0185053
-0.0115564
-0.00389935
0.000515655
0.00349242
0.0045589
0.0045506
0.00376296
0.00283106
0.00200456
0.000863716
-4.6911e-05
-0.000434239
-0.00155653
-0.00315118
-0.00400256
-0.00115669
0.00166992
0.00697244
0.019712
0.0275267
0.0156718
0.00609371
0.0184465
0.0226799
0.00709627
-0.0126251
-0.0167288
-0.0171971
-0.0205721
-0.0208613
-0.0116745
-0.00228546
0.00297888
0.00571961
0.00635501
0.00564525
0.00372554
0.000857589
-0.00134939
-0.00162256
-0.00153996
-0.00200014
-0.00442063
-0.00833412
-0.00912358
-0.00643806
-0.00297541
0.00479769
0.0134879
0.0273083
0.0393678
0.0269594
0.0249406
0.0142159
0.00614256
-0.0131655
-0.0269427
-0.0269758
-0.0292616
-0.0301781
-0.0198775
-0.00311637
0.00450763
0.00773115
0.00848082
0.00698969
0.00364477
-0.00193717
-0.00804781
-0.00923698
-0.00731696
-0.0056819
-0.00666671
-0.00987269
-0.00893461
-0.00110854
0.00487773
0.00791627
0.00910804
0.0194173
0.0369499
0.0366086
0.0257118
0.0089055
0.00372611
0.00167815
-0.0132429
-0.0232431
-0.0299905
-0.0307013
-0.0133397
0.000166606
0.00787234
0.00993646
0.0114697
0.00891431
0.00306952
-0.00481095
-0.0129604
-0.0165121
-0.0126558
-0.00565774
-0.00497419
-0.0038447
0.00144829
0.00841099
0.00915022
0.00547624
0.00756808
0.0183762
0.0262982
0.0330343
0.0224999
0.00794132
0.00317532
0.00306447
0.00418741
-0.00113319
-0.00681445
-0.0074113
0.00191229
0.00719188
0.0116527
0.0167057
0.0183505
0.0147052
0.00755899
-0.00231517
-0.0087676
-0.0151411
-0.00427548
0.00493078
0.00520194
0.00819133
0.00991469
0.00801677
0.00604015
0.00636879
0.00820441
0.0182345
0.0232549
0.0255345
0.0202682
0.00914261
0.00377297
0.00296834
0.00365406
0.00474503
0.00526533
0.00562586
0.00552879
0.00721707
0.0110253
0.0159952
0.0170829
0.0147202
0.010532
0.005115
0.000839479
-0.00839819
0.0030885
0.0117592
0.0127161
0.0103283
0.00785253
0.00666101
0.00673775
0.00616948
0.00891171
0.017303
0.0216305
0.0224039
0.0182458
0.0112659
0.00538792
0.00358401
0.00309735
0.00328834
0.00360736
0.00410409
0.00485632
0.0065679
0.00878157
0.0105793
0.0112394
0.0103252
0.00806105
0.00633605
0.00678817
0.0052719
0.0052099
0.00907404
0.0104929
0.00926182
0.00802453
0.00721916
0.00685623
0.0071367
0.00933847
0.0159613
0.0204276
0.0199496
0.0167759
0.0127648
0.00768557
0.0046884
0.00349587
0.00334897
0.00348956
0.00403957
0.00520753
0.00714414
0.0092756
0.00997374
0.00978986
0.0083657
0.00569005
0.00455805
0.00511936
0.00817061
0.00871273
0.0105157
0.0116067
0.0103398
0.008982
0.00836559
0.00814693
0.00835033
0.00951461
0.0141929
0.0191262
0.018188
0.0158547
0.0132203
0.0095989
0.00641535
0.00439084
0.00363909
0.00380698
0.00443519
0.00579787
0.00771899
0.00932246
0.00992158
0.00950584
0.00760556
0.0046648
0.00357695
0.00439522
0.00759779
0.0111348
0.0131724
0.0132678
0.0115001
0.0102353
0.00980234
0.00965906
0.00963081
0.0100025
0.0126258
0.0166727
0.0174483
0.0152989
0.0131406
0.0106506
0.00805446
0.00576597
0.00445984
0.00454582
0.00511627
0.00637012
0.00803028
0.00912943
0.00965985
0.00883682
0.00643871
0.00362675
0.00272861
0.00383008
0.00796552
0.0129478
0.0150569
0.0144712
0.0124834
0.0113987
0.0111925
0.0110555
0.0108595
0.0109473
0.0121886
0.0140918
0.0170509
0.0148696
0.0131854
0.0114137
0.00937086
0.00736776
0.00575796
0.00557153
0.00588312
0.00686535
0.0083363
0.00915016
0.0090744
0.00789019
0.00508696
0.00275505
0.00241944
0.00338103
0.00862504
0.0144163
0.0161655
0.0152992
0.0134178
0.0125556
0.0124895
0.0123229
0.0120006
0.0118104
0.0124357
0.0133201
0.0167363
0.0145778
0.0133254
0.0122548
0.0107226
0.00909159
0.00754339
0.00684708
0.00677332
0.00736538
0.00840694
0.00874894
0.00819967
0.00677409
0.00395392
0.00199233
0.00126288
0.00298317
0.00917991
0.0155036
0.0168451
0.0159548
0.0143185
0.013672
0.0136604
0.0134563
0.0130957
0.012686
0.0126991
0.0133321
0.0170885
0.0145843
0.0133651
0.0128419
0.011997
0.0109206
0.00976222
0.00861487
0.00803008
0.00817629
0.00841098
0.0080591
0.00736802
0.00584233
0.00320731
0.00200544
0.00248216
0.0026732
0.00952547
0.0161162
0.0172011
0.0164773
0.015147
0.0146251
0.0145818
0.0143624
0.0140789
0.0137822
0.0135666
0.0138232
0.0175753
0.014957
0.0136068
0.0133643
0.0130941
0.0125922
0.0120164
0.01087
0.00976579
0.00924065
0.00830987
0.00740262
0.00692476
0.00517982
0.00283418
0.00148619
0.000833641
0.00263489
0.00974608
0.0164094
0.0173747
0.0169153
0.0158816
0.0153896
0.0152627
0.0150387
0.0148919
0.0149
0.0149159
0.0150366
0.0182653
0.0155769
0.0140716
0.0140705
0.0142807
0.014078
0.0136343
0.0128084
0.0117951
0.0106569
0.00876709
0.00754275
0.00673886
0.00469484
0.00268049
0.00115506
0.0011626
0.00251479
0.0094147
0.0163601
0.0174376
0.0172661
0.0165104
0.0160219
0.0158127
0.0155813
0.0154877
0.0156729
0.0160349
0.0163761
0.0189656
0.0163106
0.0149547
0.0151417
0.0155884
0.0154497
0.014916
0.0140976
0.0132223
0.0124811
0.0105452
0.00842496
0.00657303
0.00453755
0.00273852
0.00155978
0.000888237
0.00236199
0.00851653
0.0158906
0.0173706
0.0175077
0.017054
0.016618
0.0163709
0.0161389
0.0160068
0.0161512
0.0166928
0.0173711
0.0196066
0.0171102
0.0161139
0.0164273
0.0168626
0.0166243
0.0159327
0.0150342
0.0142466
0.0140916
0.0128862
0.009376
0.00659442
0.00472968
0.00302015
0.00169536
0.00100639
0.00195124
0.00712212
0.0148839
0.0171008
0.0175606
0.0174868
0.0172306
0.0170314
0.0168587
0.0167276
0.0167753
0.0173534
0.0183079
0.0202216
0.0180258
0.0174666
0.0178134
0.0180013
0.0174859
0.0166343
0.0157432
0.015099
0.0150379
0.0144524
0.0102864
0.00687702
0.00518253
0.0035178
0.00181145
0.000759919
0.00114115
0.00526104
0.0131519
0.0165292
0.0172866
0.0176307
0.0177644
0.0178123
0.0178389
0.0178077
0.0178313
0.0183077
0.0194435
0.0210296
0.0194413
0.0193067
0.0194863
0.0192084
0.0182675
0.0172026
0.0162537
0.0155656
0.015255
0.0149636
0.011225
0.00767209
0.00616726
0.00449948
0.00194098
-6.4702e-05
-0.000382355
0.00256688
0.010189
0.0153797
0.0166607
0.0174436
0.0180237
0.018525
0.0189937
0.0192955
0.0193662
0.0195915
0.0205315
0.0223037
0.0217566
0.022046
0.021944
0.0207463
0.0187913
0.0172183
0.0159156
0.0148044
0.0137429
0.0136251
0.0118714
0.0090743
0.00766917
0.0059396
0.0020777
-0.00149235
-0.00283324
-0.000804998
0.00633421
0.0134827
0.0156641
0.01686
0.018047
0.0191365
0.0198238
0.0206156
0.0211769
0.0212901
0.021694
0.024208
0.0250505
0.0255945
0.0248025
0.0220785
0.0182336
0.0162196
0.0145247
0.0125453
0.0101934
0.00940614
0.00997912
0.00938774
0.00875698
0.00734043
0.0023376
-0.00329961
-0.00557295
-0.00381166
0.00254564
0.010563
0.0138486
0.0156879
0.0178424
0.0193697
0.0197378
0.0209676
0.0224566
0.0231477
0.0230935
0.0266207
0.0284645
0.0288966
0.0274616
0.0232632
0.015811
0.0137155
0.0120001
0.0099067
0.00543079
0.00233522
0.00376941
0.00720634
0.00858037
0.00834606
0.00326406
-0.00506308
-0.00767656
-0.00578496
-0.00107011
0.00623032
0.0107507
0.0135974
0.0168838
0.0186388
0.018064
0.0203296
0.0226991
0.0244744
0.0245512
0.0283704
0.0304511
0.031238
0.029972
0.0265857
0.0146421
0.0126605
0.0102205
0.00790924
0.00397876
-0.00133727
-0.00162915
0.00335458
0.00592999
0.00513326
-0.000862279
-0.0108535
-0.0117024
-0.00992181
-0.00705189
-0.000892835
0.00494356
0.00913087
0.0140115
0.0178241
0.0152982
0.0201894
0.0226808
0.0249293
0.0255344
0.0283829
0.0302602
0.0313897
0.0305882
0.0227385
0.0174481
0.0143944
0.0138789
0.0107162
0.00701382
0.00160323
-0.00127485
-8.69021e-05
-0.00184515
-0.0073161
-0.020122
-0.0374416
-0.0325563
-0.0244053
-0.0187677
-0.0115018
-0.00259364
0.00218505
0.00647997
0.0124916
0.0159874
0.0224245
0.0240158
0.0252922
0.0258273
0.0270746
0.0280227
0.0284859
0.0237909
0.0166586
0.00992126
0.0145352
0.018077
0.0181131
0.0161239
0.0129801
0.0117762
0.0100087
0.00532753
0.00195016
-0.0186777
-0.0475151
-0.0673357
-0.0518311
-0.0370427
-0.0200271
-0.00520593
0.000339968
-0.00181761
0.0121896
0.0182443
0.0233076
0.0251462
0.0256681
0.0257101
0.0256662
0.0253794
0.0237975
0.0219071
0.00918349
0.00628912
0.00692252
0.00862767
0.0116737
0.0136392
0.0148978
0.0164792
0.0183501
0.0202376
0.0124564
0.00432635
-0.0112534
-0.0343056
-0.0322284
-0.0192463
-0.00124544
0.00903139
0.0133526
0.0123058
0.00763657
0.0093375
0.0220765
0.026791
0.0263401
0.0252618
0.0271459
0.0273561
0.0254368
0.0161457
0.00753632
0.00625628
0.00619387
0.00630602
0.00688058
0.0079025
0.00966576
0.0124709
0.0141462
0.0131435
0.00944511
0.00668616
0.00686471
0.0061231
0.00714996
0.0106452
0.0128126
0.0136833
0.0107267
0.00747916
0.00616131
0.00617071
0.0135238
0.0257589
0.0234123
0.0216112
0.028427
0.0271112
0.0255234
0.0131383
0.00805726
0.00698828
0.00670052
0.00673789
0.00727513
0.00844234
0.0108451
0.0135588
0.0139764
0.011682
0.00831208
0.00639727
0.0060192
0.00683161
0.00727962
0.00762355
0.00731538
0.00673605
0.00635302
0.00636681
0.00616782
0.00617
0.00821838
0.0224939
0.0220029
0.0194549
0.0281812
0.0275723
0.0235292
0.0126224
0.00903983
0.00795457
0.00755505
0.00758612
0.00825203
0.00996042
0.0127515
0.0145896
0.013851
0.0109715
0.00792876
0.00648907
0.00600203
0.00595815
0.00595957
0.00600404
0.00609714
0.00616941
0.00619554
0.00629726
0.00638664
0.00630442
0.00694284
0.0151685
0.0272084
0.0279904
0.0270104
0.0279521
0.0223421
0.0132195
0.00998881
0.00878535
0.00831927
0.00843824
0.00941217
0.0117344
0.0142266
0.0149844
0.0135208
0.0101666
0.00779347
0.0066518
0.00622349
0.00609011
0.00600981
0.00602854
0.00609119
0.00621441
0.00636755
0.00666139
0.00696157
0.00689941
0.00733874
0.012433
0.0262819
0.0327854
0.0266175
0.0269151
0.0219188
0.0139897
0.0108473
0.00954599
0.00903292
0.009236
0.0106133
0.0133601
0.0150632
0.0150751
0.0126924
0.0095365
0.00781877
0.00689532
0.00656895
0.00639525
0.00628395
0.00630114
0.00636946
0.00656109
0.00682979
0.00722161
0.00764053
0.00772426
0.00811725
0.0124223
0.0246693
0.0289114
0.0260369
0.0262695
0.0217442
0.0148296
0.01171
0.0103122
0.00981234
0.0101328
0.0118691
0.0145935
0.0153266
0.0147918
0.0117938
0.00921574
0.00785254
0.00719822
0.00693195
0.00674272
0.00663722
0.00665036
0.0067343
0.00696906
0.00732022
0.0077857
0.00832411
0.00856744
0.00908335
0.0131028
0.0243877
0.0274764
0.025251
0.0260227
0.0217582
0.0158403
0.0126475
0.0111536
0.0107285
0.0112662
0.0131527
0.01519
0.015369
0.0139431
0.0111356
0.00915335
0.00802322
0.00755366
0.00730231
0.00709121
0.00699055
0.00699272
0.00709323
0.00736764
0.0077999
0.00836839
0.00906549
0.00943849
0.0102031
0.0146618
0.0249788
0.0270474
0.0245719
0.0257899
0.0221208
0.0169483
0.0135353
0.0119933
0.0117553
0.0127025
0.0142311
0.0151105
0.0149152
0.0129741
0.0107849
0.00921671
0.00834819
0.00796607
0.00771548
0.00749012
0.00738534
0.00737282
0.00748247
0.0078002
0.0083229
0.00902536
0.00991069
0.0104096
0.0115064
0.0167892
0.025641
0.0269699
0.0266374
0.0258995
0.0230132
0.018074
0.014285
0.0127336
0.0127105
0.0142314
0.0149795
0.0149233
0.0141084
0.0122556
0.010663
0.00944773
0.00878856
0.00842848
0.00817163
0.00795305
0.00784086
0.00781874
0.00794041
0.00831128
0.0089364
0.00978816
0.0108529
0.0115285
0.0129582
0.018805
0.0260046
0.0269976
0.0271312
0.0261329
0.0241403
0.0189245
0.0147501
0.0132158
0.0133301
0.0161651
0.0155719
0.0150564
0.0138429
0.011992
0.0106609
0.00981325
0.00930098
0.00891644
0.00865254
0.00846318
0.00834919
0.00833219
0.00848428
0.008922
0.00966116
0.0106689
0.011879
0.0127954
0.0145248
0.0203717
0.0262638
0.0270811
0.0262656
0.0261194
0.0249119
0.0193244
0.014867
0.0132878
0.0129851
0.0140108
0.0152444
0.0154027
0.0146051
0.0125887
0.0108963
0.0102018
0.00982796
0.00941406
0.00913935
0.00898992
0.00889826
0.00891216
0.00912321
0.00964652
0.0105145
0.0116827
0.0130342
0.0142283
0.0162515
0.0217378
0.0265397
0.0271949
0.0257387
0.026093
0.0253101
0.0196964
0.0152346
0.0137573
0.013184
0.0122918
0.0149146
0.016227
0.0163042
0.014346
0.0118736
0.010654
0.0102491
0.00990606
0.00962287
0.00950778
0.00948184
0.00957324
0.00988755
0.0105229
0.0115511
0.0129094
0.0144758
0.0160036
0.0182225
0.0230599
0.0268084
0.0273032
0.0246009
0.024318
0.0254953
0.0203858
0.015843
0.0147667
0.0145802
0.014899
0.0165091
0.0177324
0.0182315
0.0167105
0.0138195
0.0115848
0.0106358
0.0103204
0.0101282
0.0100506
0.0101336
0.0103794
0.0108676
0.011659
0.0129346
0.0146016
0.0164867
0.0182758
0.0203955
0.0240586
0.0269403
0.0273696
0.0224798
0.0214799
0.0218771
0.0188788
0.0159188
0.0158785
0.0163496
0.0171328
0.0183974
0.0193502
0.0197789
0.0186227
0.0160866
0.0133652
0.0115488
0.0108125
0.0107031
0.0107489
0.0109789
0.0114574
0.0122247
0.0132976
0.0149091
0.0169425
0.0190173
0.0207993
0.0223301
0.0243183
0.0263727
0.0275905
0.02109
0.018941
0.0158353
0.0135719
0.0142994
0.0160865
0.0172284
0.0181101
0.0191177
0.0199688
0.0204589
0.0197625
0.0179137
0.015521
0.0133075
0.0119991
0.0117135
0.0118479
0.0123078
0.0130455
0.0141178
0.0155564
0.0174638
0.0195168
0.0212978
0.0224664
0.0230375
0.0238109
0.0252601
0.0268774
0.0219018
0.0188086
0.0134049
0.00990509
0.0110808
0.012874
0.0138353
0.0148867
0.0163483
0.017786
0.0189317
0.0192286
0.0185618
0.01711
0.015289
0.0138226
0.0133367
0.0134467
0.0141761
0.0152077
0.0165323
0.0180773
0.0198301
0.0212124
0.0219035
0.0220078
0.022149
0.0228652
0.024092
0.0255653
0.0236156
0.0207053
0.0156575
0.0109417
0.00837671
0.00773942
0.00823124
0.00949441
0.0113133
0.0129367
0.0140791
0.0149403
0.016233
0.01666
0.0160234
0.0150983
0.014867
0.0150474
0.0158898
0.0171639
0.0184958
0.0195774
0.0202528
0.0202639
0.02005
0.0200882
0.0206806
0.0217899
0.0230326
0.0243005
0.0231417
0.0219138
0.0179623
0.0129743
0.00770308
0.00531309
0.00534689
0.00643742
0.00745616
0.00798826
0.00813119
0.00833017
0.00930145
0.0115802
0.0132971
0.0138234
0.0143832
0.0148744
0.0158196
0.0168926
0.0174623
0.0173465
0.0169982
0.0168903
0.0173317
0.0182558
0.0194065
0.0206806
0.0221146
0.0231117
0.0247615
0.0225664
0.0185261
0.014445
0.00985879
0.00731709
0.00754514
0.00806247
0.00764128
0.00635181
0.00454687
0.00228834
0.00174361
0.00326088
0.0056505
0.00787206
0.00948602
0.010474
0.0114597
0.0120928
0.0121596
0.0120813
0.0125475
0.0138
0.0154426
0.0170879
0.0184838
0.0196656
0.0208709
0.0222949
0.0253163
0.0235773
0.0203624
0.0169422
0.0149233
0.0135679
0.0132005
0.0124919
0.0107748
0.00836324
0.00528283
0.00221308
-0.000381461
-0.00134022
-0.00085253
0.000374676
0.00194252
0.00326149
0.00467445
0.005844
0.00693267
0.00836364
0.0102263
0.012361
0.0144195
0.01621
0.0176743
0.0187688
0.0197741
0.0212134
0.0268641
0.0254265
0.0232423
0.0212217
0.0205999
0.0186428
0.0164928
0.0146198
0.0129573
0.0110052
0.00884042
0.00595603
0.00312931
0.0005825
-0.00118021
-0.00208316
-0.00179307
-0.000780641
0.000942497
0.00298092
0.00520528
0.00755315
0.00979006
0.0118437
0.0137414
0.0154324
0.0168443
0.0178422
0.018566
0.0195602
0.0292259
0.0275108
0.026395
0.0246479
0.0228828
0.0206866
0.0177559
0.0149358
0.0137901
0.0128707
0.0119207
0.0102229
0.00780754
0.00500528
0.00240736
0.000407511
-0.000442862
-3.81844e-05
0.00146591
0.00359572
0.00583606
0.00794907
0.00988284
0.0116666
0.0133351
0.014854
0.0161422
0.0170606
0.0175772
0.0181035
0.0315073
0.028783
0.0255834
0.02247
0.0232508
0.0239982
0.0196713
0.0140674
0.0143876
0.0139585
0.0138612
0.0129806
0.0108902
0.00824852
0.0057655
0.00383197
0.00275617
0.00275773
0.00369543
0.00518848
0.00690167
0.00861985
0.010249
0.0117811
0.0132302
0.0145652
0.0157154
0.0165633
0.0169765
0.0170365
0.0315485
0.0270679
0.0224235
0.0196161
0.0203809
0.0235719
0.0199862
0.0156213
0.01486
0.0147736
0.0148877
0.014082
0.0121603
0.00986758
0.0077778
0.00619039
0.00528516
0.00514254
0.00570187
0.00674819
0.00806548
0.00946971
0.0108517
0.0121737
0.0134302
0.0145909
0.0155935
0.0163246
0.0166074
0.0160981
0.0287784
0.0235235
0.020681
0.0177652
0.0152598
0.0144789
0.0130202
0.0141691
0.0136837
0.0143685
0.0144272
0.0135518
0.0120095
0.0103195
0.00880391
0.00766275
0.00702492
0.00693838
0.00736974
0.00819858
0.00927805
0.010468
0.011669
0.0128308
0.0139333
0.0149455
0.0158063
0.0163912
0.0164831
0.0155271
0.0233089
0.0210045
0.0167323
0.0128769
0.00879049
0.00608305
0.0036477
0.00584035
0.0105279
0.0120428
0.0124025
0.0119642
0.0111188
0.0101524
0.00926367
0.00860697
0.00829095
0.00836578
0.0088161
0.0095719
0.0105334
0.0115985
0.0126846
0.0137393
0.0147338
0.0156362
0.0163883
0.0168613
0.0168135
0.0156838
0.018115
0.0151722
0.00831785
0.00410464
0.0017467
-6.56423e-06
-0.00277088
-0.00020606
0.0061639
0.00858847
0.009673
0.0100311
0.00998647
0.00974037
0.00945848
0.00927875
0.00930336
0.00958836
0.010138
0.0109103
0.0118403
0.0128548
0.013887
0.014887
0.0158208
0.0166564
0.017341
0.0177532
0.0176522
0.0166144
0.00908463
0.00567236
-0.00170769
-0.00680448
-0.00863918
-0.00900183
-0.00792362
-0.00513974
0.00194966
0.00512353
0.00702733
0.00820032
0.00890538
0.0093185
0.00959078
0.00985159
0.0102044
0.0107156
0.0114048
0.0122505
0.0132112
0.0142352
0.0152679
0.0162624
0.0171821
0.0179938
0.0186501
0.0190419
0.0189526
0.018118
0.0010371
-0.00388437
-0.011875
-0.0175576
-0.0152964
-0.0145886
-0.0131975
-0.00917035
-0.00193878
0.00202556
0.00471661
0.00663984
0.00802571
0.00902945
0.00978982
0.0104368
0.0110852
0.0118156
0.012662
0.0136168
0.0146542
0.0157378
0.0168211
0.0178581
0.0188094
0.0196409
0.0203073
0.0207143
0.0206795
0.0200583
-0.00178834
-0.0080893
-0.0176706
-0.0201154
-0.014944
-0.0136086
-0.0146504
-0.0114374
-0.00523711
-0.000689367
0.00275583
0.00540574
0.00742934
0.00895998
0.0101346
0.0111015
0.0120025
0.0129314
0.013935
0.01502
0.0161713
0.0173609
0.0185441
0.0196727
0.0207023
0.0215979
0.0223173
0.0227798
0.0228387
0.0224171
0.000406708
-0.00611221
-0.0118362
-0.0131744
-0.00942267
-0.0109497
-0.0145192
-0.0129755
-0.00797463
-0.00301407
0.00118282
0.00455947
0.00718562
0.00917438
0.0106769
0.0118885
0.0129823
0.0140768
0.0152279
0.0164574
0.0177577
0.0191021
0.02044
0.0217175
0.0228763
0.0238813
0.0247014
0.0252708
0.0254741
0.0252568
0.00670796
0.00100239
-0.00442984
-0.00568655
-0.00879539
-0.0146006
-0.0177262
-0.0156438
-0.0105221
-0.00489689
0.000113599
0.00420606
0.00737796
0.00973215
0.0114457
0.0127859
0.0139954
0.015196
0.0164895
0.0178973
0.0193965
0.0209573
0.0225163
0.0240132
0.0253775
0.0265526
0.0275244
0.0282469
0.0286387
0.0286497
0.0114592
0.00559769
-0.00056903
-0.00998182
-0.0170745
-0.0243744
-0.0239208
-0.0192961
-0.0127187
-0.00609238
-0.000247731
0.00448347
0.0080948
0.0106799
0.012385
0.0136418
0.0148976
0.0161535
0.0175968
0.0192624
0.0210549
0.0229289
0.0248002
0.0265764
0.0281985
0.0296144
0.0308008
0.0317367
0.0323815
0.0326764
0.00705218
0.00271309
-0.0101103
-0.0218786
-0.0275558
-0.0347101
-0.0297988
-0.0223091
-0.0138297
-0.00617346
0.000319881
0.00549935
0.00938842
0.0120213
0.0133267
0.0143893
0.0155153
0.0167757
0.0184294
0.0204733
0.0227105
0.0250386
0.0273371
0.0294721
0.0313772
0.0330669
0.0345354
0.0357914
0.0368149
0.0374797
0.00139545
-0.0095425
-0.0185071
-0.0287804
-0.0341627
-0.0357348
-0.030176
-0.0218351
-0.0128279
-0.00479676
0.00190975
0.00723391
0.0112135
0.0137082
0.0143054
0.0149049
0.0157672
0.0170341
0.0189932
0.0215579
0.0244181
0.0273754
0.03025
0.032849
0.0350324
0.0369406
0.0387298
0.0404731
0.0420672
0.0432337
-0.00208384
-0.0103844
-0.0218623
-0.0267471
-0.0272791
-0.0253091
-0.0218491
-0.0164496
-0.00924662
-0.00200502
0.00432902
0.00943713
0.0133578
0.0157359
0.0135185
0.015371
0.0159334
0.017223
0.019521
0.0227035
0.0263515
0.0301489
0.0337958
0.0369968
0.0394742
0.0414424
0.0433687
0.0458554
0.0481928
0.0498282
0.000517238
-0.011191
-0.0158308
-0.0200244
-0.0176471
-0.0158644
-0.0119759
-0.00887408
-0.00438166
0.00149917
0.00702758
0.0115408
0.0152501
0.0183914
0.0284103
0.0170424
0.0164006
0.017565
0.0202412
0.0241443
0.0287377
0.0336007
0.0383504
0.0425479
0.0458194
0.0482163
0.0500668
0.0531681
0.055954
0.0578908
0.0038712
-0.00363049
-0.00639357
-0.0107683
-0.0111306
-0.00845903
-0.00596434
-0.00418531
-0.000380887
0.00474229
0.00933857
0.0128079
0.0156332
0.0184228
0.0284729
0.0176451
0.0164214
0.0178059
0.021109
0.0258788
0.0315722
0.0377723
0.0442152
0.0506105
0.0561471
0.0597163
0.0612639
0.0643935
0.0664855
0.068394
0.00940749
-0.000421391
-0.00402228
-0.00824531
-0.00478849
-0.0022752
-0.00358199
-0.00269777
0.00187492
0.00723172
0.0107944
0.0128085
0.0142185
0.0153097
0.0044903
0.0128298
0.014381
0.0173329
0.0217271
0.027476
0.034266
0.0422063
0.050872
0.0602214
0.0690936
0.0708615
0.0768937
0.0783971
0.078418
0.0794396
0.019269
0.00216906
-0.00336383
-0.00584246
0.000469279
0.00202234
-0.00201239
-0.00252232
0.00332207
0.00904965
0.0111872
0.0114566
0.0113779
0.0107545
0.010001
0.00749994
0.0116086
0.016285
0.0217888
0.0282806
0.0360505
0.0454394
0.0546732
0.0644642
0.073316
0.0836279
0.0834592
0.0857524
0.0868776
0.0878536
0.0153884
-0.000564116
-0.0030608
-0.00227506
0.00481281
0.00450477
-0.00191094
-0.00202142
0.00425581
0.010045
0.0102417
0.00876237
0.00729187
0.00506723
0.00355338
0.00240912
0.00843908
0.0146566
0.0208394
0.0276328
0.0355673
0.0442632
0.052188
0.0561783
0.0609761
0.0711048
0.081011
0.0875691
0.0874931
0.0900928
0.011364
-0.00427081
-0.00394712
0.000673172
0.00705053
0.00478345
-0.00299233
-0.00388077
0.0038111
0.00937145
0.00776326
0.0051381
0.00258318
-0.00187562
-0.00192996
-0.00241977
0.00516729
0.0123204
0.018637
0.0249169
0.0310009
0.0360296
0.0388445
0.0391919
0.0390755
0.0435525
0.056916
0.0765379
0.0876339
0.0834105
0.00752873
-0.00795406
-0.00573674
0.00170293
0.00700503
0.00356851
-0.0048982
-0.0053618
0.00196467
0.00635466
0.0043432
0.00124995
-0.00203868
-0.0067575
-0.0102145
-0.00563879
0.0024709
0.00982049
0.0157894
0.0202334
0.0230969
0.0231086
0.0214539
0.0219029
0.0212686
0.0211862
0.0253721
0.0403511
0.0734262
0.0903933
0.00429394
-0.010047
-0.00709188
0.00125094
0.00515123
0.00204924
-0.00550842
-0.00635671
0.000208223
0.00291797
0.00133256
-0.00189419
-0.0056847
-0.00942871
-0.0127753
-0.00731669
0.00069733
0.00758454
0.0124478
0.0153182
0.0155194
0.0124051
0.00870418
0.00649565
0.00482376
0.00580468
0.00619758
0.0114422
0.0360202
0.0598931
0.00174246
-0.010376
-0.00802509
-0.000489974
0.00234185
0.000554923
-0.010458
-0.0107038
-0.00221699
0.00133124
0.000285988
-0.00344326
-0.00898628
-0.0152177
-0.0134974
-0.00770948
1.57914e-05
0.00622035
0.0102147
0.0118948
0.010796
0.00658859
0.00131163
-0.00170591
-0.00401794
-0.00348085
-0.00702467
-0.00867522
-0.0116047
0.00458766
-0.00288577
-0.0117008
-0.0116665
-0.00570223
0.00242579
-0.00161109
-0.0117134
-0.0124656
-0.00166697
0.00263344
0.00242984
-0.00275541
-0.0098926
-0.0135962
-0.0114045
-0.00581168
0.000942478
0.00617189
0.00935993
0.0105262
0.00927483
0.00616503
0.00297978
0.00999108
0.011226
0.00848399
-0.00282189
-0.0107058
-0.0231183
-0.0417236
-0.0119093
-0.0210387
-0.0230855
-0.0148967
-0.00589783
-0.00251095
-0.00985329
-0.00714666
0.00520685
0.00846699
0.00710624
0.000437161
-0.00697488
-0.00850729
-0.00586198
-0.001641
0.00316294
0.00700532
0.00942342
0.0104327
0.010498
0.010718
0.0149142
0.019882
0.02137
0.0420768
0.0451909
0.0171493
-0.00253702
-0.0187589
-0.0246821
-0.0386032
-0.0374359
-0.0239784
-0.005197
-0.000230516
-0.00630611
-0.000320162
0.0134591
0.0158426
0.0131375
0.00542828
0.00019903
-0.000423473
0.000836821
0.0030083
0.0055268
0.00779117
0.00945119
0.0107241
0.0122238
-0.0159972
0.0106782
0.0083171
0.0297344
0.062829
0.0780852
0.0494938
0.0293302
0.015913
-0.0340571
-0.0494046
-0.0431678
-0.0298303
-0.0136882
0.00215275
-0.00294775
0.00507876
0.0194456
0.0231511
0.0190125
0.010277
0.00578894
0.00511109
0.00576785
0.00609102
0.00678633
0.00769883
0.00877936
0.010599
0.0123263
0.0301625
0.00526473
0.016419
0.0187958
0.0295671
0.0588483
0.0728655
0.053305
0.0418545
-0.0269774
-0.043225
-0.037053
-0.0295667
-0.0210156
-0.000608758
-0.00436181
0.00513377
0.0189457
0.0274456
0.0228876
0.0111224
0.0048413
0.00590201
0.00705238
0.00662465
0.00625701
0.0063917
0.0073886
0.0100299
0.0115627
0.0402216
0.0087271
0.0139987
0.00509387
-0.0071988
0.00883433
0.0529776
0.0590579
0.0568103
-0.00909822
-0.0154619
-0.0250448
-0.0136857
-0.0167196
-0.0245301
-0.0102049
-0.00184361
0.00772946
0.0242261
0.0124754
0.00323477
-0.000351597
0.00296018
0.00577241
0.0050179
0.00441316
0.00324916
0.00440643
0.00756338
0.00870854
0.00911744
0.00889255
0.0132832
0.00314543
-0.00277226
-0.00212636
0.028373
0.0458038
0.05742
0.00701801
0.00329362
0.00723737
0.00251839
0.00457492
-0.00605172
-0.00201886
-0.00359529
-0.00951072
0.000978868
-0.00900424
-0.00398438
-0.00442173
0.00100991
0.00361733
0.00235
0.000479546
-0.000356431
0.000885328
0.00623285
0.00959024
0.00767
0.00153149
-0.00414272
-0.0113237
-0.0210313
-0.0419278
-0.0161391
0.0168091
0.0437871
0.00623518
0.00391937
0.004972
0.00470137
0.00558203
0.00813457
0.00752313
0.00242789
-0.0155147
-0.0298462
0.0036774
-0.0010338
-0.00116681
0.00102294
0.00151606
-0.00122966
-0.00258763
-0.0034843
-0.00043944
0.00634993
0.00969351
0.0105537
0.000387711
-0.0169822
-0.0323467
-0.0658391
-0.077056
-0.0681866
-0.0228848
0.0150002
0.00637741
0.00494533
0.00469233
0.00472851
0.00517259
0.00623496
0.0071038
0.00995166
0.00955223
0.0148335
0.0113679
0.00448768
0.00202837
0.00132898
-0.00165911
-0.00475933
-0.00602187
-0.00487605
0.000585066
0.00866043
0.0127502
0.00698406
-0.0111659
-0.0278621
-0.0516047
-0.0809257
-0.0941244
-0.093449
-0.069352
-0.0040428
0.00772736
0.00516926
0.00543006
0.00512728
0.00513867
0.00542081
0.00608099
0.00809981
0.0157726
0.0174748
0.0111982
0.0065211
0.00440211
0.00112732
-0.00650395
-0.00956957
-0.00864957
-0.00404926
0.00372632
0.00979888
0.00821859
0.00915076
-0.0091985
-0.0222898
-0.0470208
-0.0606208
-0.0689193
-0.0710261
-0.0654898
-0.0676427
0.00952627
0.00618939
0.00656713
0.00584324
0.00517562
0.00495794
0.00551378
0.00660878
0.00910413
0.0111573
0.0113654
0.00842275
0.00400041
-0.00116301
-0.0109464
-0.013221
-0.00884696
-0.00174733
0.00365733
0.00417973
-0.00132901
-0.0043777
-0.0256818
-0.0198924
-0.0193908
-0.0201917
-0.0188029
-0.0140434
-0.0078673
-0.0187994
0.0109754
0.00650498
0.00752482
0.00649684
0.00497065
0.00389672
0.00393695
0.00518346
0.00704405
0.0107868
0.0122231
0.00868495
0.000997824
-0.0071449
-0.0159068
-0.0145508
-0.00770408
0.00140587
-0.000951457
-0.0083235
-0.0198981
-0.0259757
-0.0162747
-0.0032603
-0.00154714
-0.00121414
-0.000620378
0.000222287
0.000485897
0.00133524
0.0100106
0.00605906
0.00801452
0.00722253
0.00484183
0.00250505
0.00153835
0.00282209
0.00598259
0.0100988
0.0122262
0.00520233
-0.00481184
-0.0154479
-0.0197
-0.014305
-0.00599116
0.00123186
-0.00496323
-0.0167354
-0.0215232
-0.0177523
-0.00321784
0.000135632
-0.00015508
-0.000148012
-9.67887e-05
-0.000121526
-0.000228654
-0.00032503
0.00611851
0.00503807
0.00785885
0.00783265
0.00454646
0.000424522
-0.00187955
-0.000459703
0.00388989
0.00902089
0.0106949
-0.0015256
-0.0122622
-0.0212493
-0.0191827
-0.0117899
-0.00551117
-0.0010675
-0.00266265
-0.0152668
-0.0238406
-0.00532393
0.000267369
-0.000218813
-0.000462846
-0.000399669
-0.000301998
-0.000291066
-0.00032928
-0.000390882
0.000620634
0.00434005
0.00849661
0.00871004
0.00422898
-0.00232286
-0.00643936
-0.00453414
0.0013205
0.00710936
0.00669143
-0.00937705
-0.0215853
-0.0246534
-0.0167213
-0.0107248
-0.00715406
-0.00553327
-0.00435181
-0.0230551
0.000962299
-1.37204e-05
-0.000160928
-0.000503973
-0.000629551
-0.000546336
-0.000406123
-0.000345348
-0.000347328
-0.000407925
-0.00406022
0.00329699
0.00863049
0.00961532
0.00419901
-0.00523589
-0.0117838
-0.0106671
-0.00433235
0.00217617
-0.00369952
-0.0251795
-0.0349355
-0.0260935
-0.0145362
-0.0108944
-0.00952817
-0.00989348
-0.00955639
-0.00108086
-0.000399559
-0.000285066
-0.000428464
-0.000577897
-0.000645292
-0.000643716
-0.000481019
-0.000371623
-0.000319738
-0.000280442
-0.00659693
-0.00326215
0.00686437
0.00998296
0.00509093
-0.0069526
-0.0169679
-0.0207642
-0.0190911
-0.0135022
-0.0265829
-0.0376684
-0.0323716
-0.0200978
-0.0113709
-0.0105772
-0.00897584
-0.00588736
-0.00151538
-0.000378933
-0.000466684
-0.000537457
-0.000525772
-0.000528647
-0.000674984
-0.000669968
-0.000547897
-0.000414415
-0.000308078
-0.000183521
-0.00566014
-0.0101516
0.00683074
0.0113524
0.0066487
-0.00736053
-0.021669
-0.0349288
-0.0465107
-0.045398
-0.0417212
-0.0259389
-0.0160314
-0.0115099
-0.00903918
-0.00449837
-0.00114944
-0.000468409
-0.000370767
-0.000436515
-0.000571781
-0.000634908
-0.000555105
-0.00048949
-0.000597315
-0.000689921
-0.000631288
-0.000519186
-0.000387396
-0.000175503
-0.00231542
-0.00028494
0.00806736
0.0127538
0.0083446
-0.00740881
-0.0269223
-0.0474015
-0.0553611
-0.0314265
-0.0140461
-0.00797156
-0.00352174
-0.00216033
-0.00122547
-0.000591663
-0.00042189
-0.000455568
-0.000464215
-0.000506534
-0.000588915
-0.000653303
-0.000582581
-0.000470929
-0.000487814
-0.000692226
-0.00070058
-0.000633471
-0.000539504
-0.000370994
-0.00408678
0.00145756
0.00785405
0.0112532
0.00906306
-0.00735357
-0.028448
-0.0299008
-0.0167955
-0.00254505
-0.00123201
-0.00119576
-0.00106303
-0.000900156
-0.000669088
-0.00048047
-0.00044529
-0.000463583
-0.000479197
-0.0005221
-0.000586795
-0.000654499
-0.000609147
-0.000478127
-0.000425609
-0.000590749
-0.000737836
-0.000726088
-0.000681577
-0.000635033
0.000133143
0.00840281
0.00797746
0.0102827
0.00879249
-0.00390151
-0.0096933
-0.00596684
0.000457755
-0.000912015
-0.000626113
-0.000951414
-0.000976352
-0.000804356
-0.000565086
-0.000412387
-0.000537886
-0.000425759
-0.000489047
-0.00052514
-0.000590303
-0.000626459
-0.000638967
-0.000496213
-0.000402485
-0.000453697
-0.000640612
-0.000736568
-0.000761317
-0.000757609
0.0187719
0.00921619
0.00877917
0.00842846
0.00671074
0.00192493
-2.33798e-05
0.000448842
-0.00106551
-0.000521749
-0.000718677
-0.000952318
-0.000908981
-0.000641557
-0.000473588
-0.000384017
-0.000369987
-0.000417068
-0.000479505
-0.000528825
-0.000614485
-0.000982443
-0.000601344
-0.000536489
-0.000400445
-0.00036466
-0.000478675
-0.000640873
-0.000769596
-0.000794492
0.0117267
0.00912445
0.00725947
0.00748411
0.0056313
0.00205928
0.000519475
4.75833e-06
-0.000373324
-0.000652351
-0.000862433
-0.000912038
-0.000729869
-0.000505033
-0.000383703
-0.000371547
-0.000412866
-0.000476337
-0.000530248
-0.000581575
-0.000613239
-0.000447553
-0.000707609
-0.000603341
-0.0004159
-0.000331321
-0.000359338
-0.000498052
-0.000695859
-0.000792612
0.00845591
0.00843035
0.00790719
0.00681681
0.00218968
0.00143064
0.00033714
-0.000131507
-0.000577613
-0.000645059
-0.000939669
-0.00076675
-0.000584894
-0.000425979
-0.000384049
-0.000445499
-0.000542335
-0.000623348
-0.000649107
-0.000659569
-0.000682478
-0.000710307
-0.000738328
-0.000650268
-0.000454569
-0.000325159
-0.000305794
-0.000390745
-0.000585839
-0.00076653
0.00172012
0.00538615
0.00584288
0.00323648
-0.000988964
-0.00250372
-0.000530472
-0.0005562
-0.000799111
-0.00123003
-0.000995677
-0.000656185
-0.000475652
-0.000382164
-0.000440613
-0.00056351
-0.000695727
-0.000773254
-0.000771203
-0.00074423
-0.000735119
-0.000754418
-0.000767253
-0.00070421
-0.000507428
-0.000336899
-0.000296059
-0.000335527
-0.000498937
-0.000714051
-0.00282433
0.00372033
0.00380388
-0.000299427
-0.00801075
-0.00485922
-0.00217864
-0.00087495
-0.000964279
0.00120635
-0.00136645
-0.000558633
-0.000422671
-0.000419638
-0.000522842
-0.000674474
-0.000810837
-0.000862635
-0.000841716
-0.000799053
-0.000777855
-0.0007774
-0.000795404
-0.000756525
-0.00057024
-0.00036589
-0.000300662
-0.000312648
-0.00044645
-0.000642363
-0.00406449
-0.00140255
0.00183461
-0.00218743
0.00434216
-0.0135251
-0.00200687
-0.00055584
-0.000750558
-0.00191343
-0.000807629
-0.000450908
-0.000382982
-0.000468347
-0.000610481
-0.000761492
-0.000869418
-0.000895778
-0.000870835
-0.000827051
-0.000795815
-0.000798597
-0.000815993
-0.000803397
-0.000638595
-0.000407373
-0.000305472
-0.000306561
-0.000416829
-0.000582199
-0.00367068
-0.00481277
-0.00220641
-0.0018398
-0.0106301
-0.0100149
-0.00124605
-0.000233668
-0.00064244
-0.000728495
-0.000566464
-0.00042688
-0.000431052
-0.000536887
-0.000715975
-0.000835125
-0.000891621
-0.000906033
-0.000890291
-0.000845314
-0.000807707
-0.000809863
-0.000834101
-0.000837095
-0.0007077
-0.000455584
-0.00031325
-0.000306773
-0.000401875
-0.0005468
-0.00240951
-0.00139166
-0.00232742
-0.000426194
-0.00461309
-0.00417407
-0.000792275
-0.000387472
-0.000598618
-0.000612774
-0.000489452
-0.000426037
-0.000496912
-0.000653244
-0.00079319
-0.00089263
-0.000928913
-0.000939454
-0.000926597
-0.000870751
-0.000812235
-0.000800087
-0.00082698
-0.000851754
-0.000766117
-0.000508387
-0.000328258
-0.000311614
-0.000397349
-0.000531706
-0.00132581
-0.00129238
-0.0022601
-0.00325661
-0.00401026
-0.00199297
-0.000293161
-0.000484744
-0.000572614
-0.000541133
-0.000458427
-0.000492013
-0.00062342
-0.000779326
-0.000886724
-0.000955649
-0.000991404
-0.00100565
-0.000976323
-0.000900081
-0.000804829
-0.000770152
-0.000797007
-0.000846709
-0.000801977
-0.000570342
-0.000351613
-0.000318065
-0.000394213
-0.000527673
-0.00198459
-0.00126178
-0.00194323
-0.00404844
-0.0051404
0.00164689
0.000217027
-0.00042835
-0.000550454
-0.000567979
-0.000540071
-0.000644195
-0.000778057
-0.00088299
-0.000976982
-0.00104119
-0.00107826
-0.00107068
-0.00101214
-0.000918792
-0.000801847
-0.000735448
-0.000742828
-0.000810671
-0.000843643
-0.000639845
-0.00038484
-0.000320596
-0.000391589
-0.000526588
-0.00180905
-0.00139432
-0.0017639
-0.00304953
-0.00245998
0.000441679
-4.72907e-05
-0.000344815
-0.000535359
-0.000581873
-0.000672667
-0.000803595
-0.000906511
-0.000982355
-0.00106757
-0.00113182
-0.00115252
-0.00109767
-0.00101019
-0.000914699
-0.000797159
-0.000706345
-0.000689596
-0.000754106
-0.00082303
-0.000716266
-0.000432572
-0.000320728
-0.000392748
-0.000526327
-0.00201823
-0.00135443
-0.00199832
-0.0029783
-0.000303458
-0.00361645
-0.000626739
-0.000410934
-0.000551213
-0.000636815
-0.000819668
-0.000942137
-0.00101302
-0.00107857
-0.00116661
-0.00121992
-0.00118771
-0.00107996
-0.000981274
-0.000895347
-0.000790094
-0.000684926
-0.000651126
-0.000697
-0.000754968
-0.000776767
-0.000498769
-0.000322518
-0.000396589
-0.000526922
-0.00270671
-0.00145499
-0.00241539
-0.00218293
-0.00297248
-0.00267963
-0.00122019
-0.000900245
-0.000663669
-0.000763481
-0.000980217
-0.00107504
-0.00112223
-0.00117908
-0.00127249
-0.00127155
-0.00118285
-0.00104785
-0.000954433
-0.000883383
-0.000797419
-0.00068186
-0.000628758
-0.000642761
-0.000785081
-0.00078258
-0.000579929
-0.00033798
-0.000398308
-0.000528859
-0.00321246
-0.001628
-0.0026021
-0.00220623
-0.00352287
-0.0017851
-0.00138064
-0.00155126
-0.000838633
-0.000949921
-0.00115795
-0.00122538
-0.00124879
-0.00127577
-0.00136485
-0.00130035
-0.00117089
-0.00103593
-0.000962568
-0.000905039
-0.00082853
-0.000704008
-0.000626597
-0.000638226
-0.000773801
-0.000788653
-0.000665759
-0.000393586
-0.000398715
-0.000532565
-0.00334123
-0.00172194
-0.00265651
-0.00224276
-0.00292901
-0.00267111
-0.00163977
-0.00157888
-0.00101141
-0.00117747
-0.0013581
-0.00140938
-0.00138272
-0.00137188
-0.0014336
-0.0013302
-0.00118824
-0.00107564
-0.00102614
-0.000980263
-0.000905321
-0.000763332
-0.000653492
-0.000654119
-0.000710672
-0.000801611
-0.000750124
-0.00049874
-0.000403949
-0.000536745
-0.00324614
-0.0016941
-0.00253163
-0.00257322
-0.00299026
-0.00285072
-0.00169816
-0.00135635
-0.00121665
-0.00144291
-0.00159767
-0.00162814
-0.00152194
-0.00147837
-0.00150035
-0.00139146
-0.0012593
-0.00118012
-0.00114714
-0.00111236
-0.00103354
-0.000868559
-0.000714424
-0.000688845
-0.000720821
-0.000822968
-0.00083304
-0.000629214
-0.000435631
-0.000542731
-0.00304574
-0.0015218
-0.00197534
-0.00250048
-0.00343843
-0.0027732
-0.00168799
-0.00100325
-0.00144991
-0.001763
-0.00193594
-0.00190594
-0.00169408
-0.0016109
-0.00160301
-0.00150739
-0.00140192
-0.00135497
-0.00133344
-0.00129939
-0.00120908
-0.00102228
-0.000815999
-0.000738117
-0.000799594
-0.000829939
-0.000917935
-0.000773485
-0.000531928
-0.000563387
-0.00281592
-0.00149696
-0.00168365
-0.0023183
-0.00326049
-0.00270066
-0.0014742
-0.000906029
-0.00146509
-0.00222076
-0.00253415
-0.00232538
-0.00193225
-0.00178821
-0.00177366
-0.00169952
-0.00163336
-0.00161705
-0.00159622
-0.00154103
-0.00142558
-0.00121538
-0.00095864
-0.000831014
-0.000790478
-0.000932889
-0.00101836
-0.000960917
-0.00072298
-0.000631028
-0.00373297
-0.00285791
-0.0024182
-0.00261182
-0.00306166
-0.00257748
-0.000941778
-0.000370036
-0.000876027
-0.00312362
-0.00383295
-0.0030283
-0.00224422
-0.00204091
-0.00203645
-0.00198523
-0.00198172
-0.00198702
-0.00194661
-0.00184252
-0.00168083
-0.00144075
-0.00114585
-0.000939124
-0.000906771
-0.00098651
-0.00112244
-0.00120481
-0.0010516
-0.00082395
-0.0063205
-0.00620203
-0.00499338
-0.00410191
-0.00307171
-0.000738552
-0.000339736
0.000704584
0.000212383
-0.00492234
-0.00730633
-0.00398888
-0.00251662
-0.00242257
-0.0024555
-0.002413
-0.00247397
-0.00248231
-0.0023934
-0.00220975
-0.00198163
-0.00169202
-0.00136297
-0.00109141
-0.000971137
-0.0010093
-0.00119142
-0.00139832
-0.00143675
-0.00119686
-0.00846462
-0.00955471
-0.00727187
-0.00604864
-0.00390908
-0.000763516
0.000494501
0.0029991
0.00124747
-0.00664595
-0.00564961
-0.00359196
-0.00248215
-0.00281563
-0.00295834
-0.0030226
-0.00312567
-0.0031107
-0.00293984
-0.0026521
-0.00231221
-0.00197799
-0.00161574
-0.00128968
-0.00111768
-0.00107511
-0.00119585
-0.00144744
-0.00165119
-0.0016578
-0.00750901
-0.00928441
-0.0083268
-0.00745583
-0.00535042
-0.00126666
0.000807834
0.00543931
-0.00378918
-0.0131539
-0.00502507
-0.00521782
-0.00359478
-0.00368745
-0.00370732
-0.00377488
-0.00394386
-0.00386336
-0.00360064
-0.00319395
-0.00273577
-0.0023028
-0.00190088
-0.00154357
-0.00130374
-0.00118057
-0.00119884
-0.00138619
-0.00162541
-0.00184399
-0.00240932
-0.00844844
-0.00833048
-0.00772389
-0.0063258
-0.00226568
-0.000459817
0.00441412
-0.0210154
-0.0292749
-0.0216331
-0.0132766
-0.00850135
-0.00625468
-0.00513136
-0.00493475
-0.0050088
-0.00478197
-0.00440379
-0.00387007
-0.00324799
-0.00268833
-0.0022237
-0.00183838
-0.00155464
-0.00137483
-0.00127442
-0.0013459
-0.00156139
-0.00172998
-0.0063855
-0.0117949
-0.00903869
-0.00646042
-0.00603549
-0.00338623
-0.0034555
0.000993964
-0.035831
-0.0410231
-0.035345
-0.0244065
-0.0171062
-0.0115226
-0.00815165
-0.00687342
-0.00626638
-0.00583939
-0.00536953
-0.00472347
-0.0039145
-0.00317587
-0.0026089
-0.00218719
-0.00187635
-0.00166106
-0.00149991
-0.00142373
-0.00150115
-0.0015749
0.0041088
-0.00755417
-0.00629801
-0.00512292
-0.00444937
-0.00487643
-0.00860073
-0.0103272
-0.0259836
-0.0289945
-0.0335241
-0.0304221
-0.0256589
-0.0196406
-0.0140502
-0.010084
-0.00777137
-0.00703521
-0.00649772
-0.0057835
-0.00478031
-0.0038272
-0.00311512
-0.00262069
-0.00227285
-0.00203785
-0.00184755
-0.00172028
-0.00167788
-0.00178599
0.00946476
0.0157947
0.00339513
-0.000906268
-0.00179373
0.00436209
-0.00313857
-0.00873603
-0.00966994
-0.00961249
-0.0147757
-0.0215323
-0.0295419
-0.0309546
-0.0225958
-0.0151009
-0.0102529
-0.00855879
-0.00778614
-0.00703531
-0.00591385
-0.00474465
-0.00382855
-0.00319048
-0.00275866
-0.00248064
-0.00229893
-0.00218151
-0.00216791
-0.00240726
0.0118363
0.0102267
0.00277791
-1.10693e-05
-0.00143434
-0.00116022
-0.00302252
-0.00232522
-0.00209103
-0.0018405
-0.00272844
-0.00833984
-0.0209476
-0.0320539
-0.0315752
-0.0220246
-0.0142093
-0.0106813
-0.00920439
-0.00837894
-0.00725848
-0.00594453
-0.00480571
-0.00398289
-0.00339833
-0.00302471
-0.00280571
-0.00269557
-0.00270734
-0.00294906
0.00637397
0.00481972
3.46387e-05
-0.00268275
-0.00239065
-0.00118341
-0.000666418
-0.000614568
-0.000520106
-0.000348544
-0.000317576
-0.00153708
-0.00974598
-0.0246688
-0.0329598
-0.0287103
-0.0196231
-0.0134786
-0.0107591
-0.00962558
-0.00856222
-0.00722564
-0.00597243
-0.00500007
-0.00426095
-0.00374805
-0.00345071
-0.00331064
-0.00329998
-0.00342931
0.00332351
0.00392008
-0.000345796
-0.00117991
-0.000372696
-0.000402071
-0.000212993
-0.000299971
-0.000252943
-0.00014027
-7.67999e-05
-0.000246277
-0.00334397
-0.0149273
-0.0268296
-0.0293543
-0.0238035
-0.0163887
-0.0123175
-0.0105894
-0.00955021
-0.00828651
-0.00706744
-0.00604671
-0.00523314
-0.00463411
-0.00426574
-0.00408614
-0.00407236
-0.00415889
0.00158379
0.00138149
0.000492315
-0.000469308
-0.000545954
-0.000320762
-0.000138881
-0.000196236
-0.000185376
-0.000110857
-6.21276e-05
-8.21025e-05
-0.000998158
-0.00763757
-0.019964
-0.026529
-0.0246492
-0.0188291
-0.0140057
-0.0112731
-0.0100748
-0.00899612
-0.00776096
-0.00672839
-0.00595393
-0.00538974
-0.00503695
-0.00486601
-0.0048503
-0.00496037
0.000416663
5.4204e-05
-0.000419198
-0.000876442
-0.000635782
-0.000331056
-0.000116637
-0.000140079
-0.000158136
-0.000115484
-7.81676e-05
-7.47212e-05
-0.000325977
-0.00332232
-0.0133861
-0.0234611
-0.0250503
-0.0208272
-0.0155718
-0.0123025
-0.0103142
-0.00879414
-0.00771394
-0.00677812
-0.00606283
-0.00560993
-0.00536558
-0.00528074
-0.00526203
-0.00542979
-0.000417059
-0.000578783
-0.00114496
-0.00110209
-0.000699468
-0.00033179
-0.000105665
-0.000117998
-0.000140115
-0.000120459
-9.21592e-05
-8.47014e-05
-0.000159339
-0.00118439
-0.00739414
-0.0183718
-0.0243676
-0.0230185
-0.0173992
-0.0128967
-0.010351
-0.00871019
-0.0074001
-0.00626495
-0.00554916
-0.00518897
-0.00507147
-0.0050735
-0.0051143
-0.00533997
-0.000898639
-0.00090635
-0.00136239
-0.0011618
-0.000716807
-0.000326352
-0.000105643
-0.000114175
-0.000128342
-0.000121857
-9.93655e-05
-9.86402e-05
-0.000107875
-0.000375656
-0.00278242
-0.0111677
-0.0213317
-0.0247528
-0.0206329
-0.014518
-0.0108225
-0.00858761
-0.00684639
-0.00552673
-0.00469958
-0.0043411
-0.00432114
-0.00443799
-0.00461786
-0.00486578
-0.00128608
-0.00120335
-0.00142483
-0.00114717
-0.000755823
-0.000327517
-0.00010472
-0.000111995
-0.000123911
-0.000123293
-0.000102277
-0.00010478
-0.00010102
-0.000161455
-0.000767751
-0.00457377
-0.0144268
-0.0232996
-0.0244419
-0.0181457
-0.0122676
-0.00892418
-0.00675404
-0.00506576
-0.00405029
-0.00351355
-0.00351634
-0.00375196
-0.00399297
-0.00439408
-0.00157414
-0.0015301
-0.00157459
-0.00124017
-0.000810173
-0.000340338
-0.000108876
-0.000116612
-0.000125752
-0.000125979
-0.000107616
-0.000107048
-0.000106267
-0.000124307
-0.000248973
-0.00120757
-0.00608079
-0.0169587
-0.0235983
-0.0228323
-0.0160513
-0.0106695
-0.0076449
-0.00536511
-0.00390555
-0.00309983
-0.00291276
-0.00313175
-0.00339163
-0.00320076
-0.00177084
-0.00163544
-0.0016702
-0.0012521
-0.000867513
-0.000398856
-0.00013279
-0.000128892
-0.000138419
-0.000136716
-0.000124847
-0.000120848
-0.000121893
-0.000137641
-0.000175926
-0.000338578
-0.0014942
-0.00646765
-0.0183425
-0.0231594
-0.0202754
-0.013758
-0.00890604
-0.00590455
-0.00395146
-0.00299586
-0.00258387
-0.0026947
-0.00293617
-0.00340744
-0.00185807
-0.00172039
-0.00163607
-0.0013227
-0.000967035
-0.000498208
-0.000187789
-0.000165728
-0.000182748
-0.000176144
-0.000168241
-0.00016396
-0.000167904
-0.000176439
-0.000198461
-0.000231606
-0.000399278
-0.00162356
-0.00672729
-0.0176935
-0.0208166
-0.0163672
-0.0106812
-0.00669683
-0.00434385
-0.00312892
-0.00251126
-0.00241096
-0.00261671
-0.00311012
-0.00183226
-0.00170879
-0.00168325
-0.00145483
-0.00107602
-0.000619015
-0.000277769
-0.000250781
-0.000291325
-0.000272296
-0.000260802
-0.000259037
-0.000260383
-0.000259921
-0.000254049
-0.000251901
-0.000266995
-0.000428181
-0.0016459
-0.00665834
-0.0151219
-0.0163602
-0.0120547
-0.00762652
-0.00491116
-0.00335924
-0.0026876
-0.00237484
-0.00238854
-0.00262371
-0.00189533
-0.00182583
-0.00173569
-0.001505
-0.00119086
-0.000755143
-0.000381053
-0.000373114
-0.000466073
-0.000434513
-0.000407826
-0.000400398
-0.000392163
-0.000379041
-0.00034819
-0.00030843
-0.000288934
-0.000293795
-0.000423621
-0.00166039
-0.0065742
-0.0123358
-0.0113518
-0.00809727
-0.00548406
-0.00376972
-0.00293362
-0.00243229
-0.00226316
-0.00218017
-0.00201104
-0.00181533
-0.00178629
-0.00158658
-0.00134353
-0.000905789
-0.000462685
-0.000472589
-0.000624203
-0.000594671
-0.000557531
-0.000540129
-0.000522498
-0.000497771
-0.00045421
-0.000395007
-0.000344232
-0.000319146
-0.000306095
-0.000278879
-0.00233272
-0.0066218
-0.00934448
-0.00800769
-0.0058059
-0.00419225
-0.00320635
-0.00264242
-0.0023607
-0.0021386
-0.00201457
-0.0023747
-0.00180564
-0.00170052
-0.00152345
-0.00106341
-0.000513688
-0.000516011
-0.000693662
-0.000671804
-0.000646751
-0.000629947
-0.000614188
-0.000589022
-0.000542448
-0.000480388
-0.000419892
-0.000376459
-0.00033761
-0.0002969
-0.00040325
-0.00336585
-0.00631893
-0.00749121
-0.00586029
-0.00456799
-0.00352343
-0.00298489
-0.00264842
-0.00250025
-0.00207438
-0.00188845
-0.00199336
-0.00178551
-0.00168256
-0.00121894
-0.00055106
-0.000524312
-0.000699119
-0.000673264
-0.000669536
-0.000664207
-0.000662193
-0.000645708
-0.000602486
-0.000549395
-0.00049826
-0.000452182
-0.000409563
-0.000354952
-0.00032445
-0.00135762
-0.00450056
-0.00641885
-0.00585271
-0.00482154
-0.00380291
-0.00334157
-0.00306577
-0.00316973
-0.00198357
-6.32194e-06
-0.00172306
-0.00186791
-0.00185876
-0.00136141
-0.000589687
-0.000521646
-0.00068925
-0.000651773
-0.000663669
-0.000670596
-0.000683637
-0.00067878
-0.000642594
-0.000599416
-0.000564315
-0.000531364
-0.000499397
-0.000456134
-0.000393289
-0.000754446
-0.0041947
-0.0056261
-0.00578821
-0.00493084
-0.0040467
-0.00364701
-0.00354949
-0.00370402
-0.00195369
-0.00241856
-0.00318881
-0.00213517
-0.00201731
-0.00147093
-0.000633946
-0.000518771
-0.00068347
-0.000633379
-0.000659064
-0.000675763
-0.000698703
-0.000703384
-0.000675202
-0.000641296
-0.000616174
-0.000600447
-0.000587968
-0.000552019
-0.000480253
-0.000574419
-0.00374165
-0.00511473
-0.00565934
-0.00492902
-0.00414802
-0.00388562
-0.00399606
-0.00412775
-0.00197745
-0.00172159
-0.00122158
-0.00186172
-0.00211661
-0.00155467
-0.000683881
-0.000522672
-0.00068536
-0.000626962
-0.000668919
-0.000693005
-0.000719819
-0.000731015
-0.000709818
-0.00068349
-0.000662129
-0.000657339
-0.000662808
-0.000635049
-0.00057232
-0.000569029
-0.00217794
-0.00271876
-0.00862237
-0.00494648
-0.00407399
-0.0038423
-0.00419754
-0.00442484
-0.00200189
-0.00273048
-0.00149769
-0.00209617
-0.00222998
-0.00165852
-0.000741835
-0.000537809
-0.000696478
-0.000639694
-0.000697311
-0.000726741
-0.000751072
-0.000765598
-0.000752245
-0.000730437
-0.000707607
-0.000707452
-0.000720189
-0.000695503
-0.000636004
-0.000581545
-0.000890907
-0.00503628
-0.00581535
-0.00503238
-0.00398983
-0.00351799
-0.00401677
-0.00442815
-0.00202469
-0.00233286
-0.00212659
-0.00222637
-0.00235137
-0.00178657
-0.000810392
-0.000566812
-0.000718271
-0.000674766
-0.000743732
-0.000776735
-0.000792681
-0.000807151
-0.000803084
-0.000784009
-0.000757684
-0.000755256
-0.000766171
-0.000741873
-0.000679267
-0.000595489
-0.000632379
-0.00360747
-0.00472933
-0.0050471
-0.00400365
-0.00310011
-0.00350867
-0.0040291
-0.0021371
-0.00223015
-0.00225946
-0.00241409
-0.00251541
-0.00193408
-0.000888425
-0.000610101
-0.000753622
-0.000729923
-0.000805319
-0.000840282
-0.000844226
-0.000855053
-0.000860566
-0.000845022
-0.000815527
-0.000804339
-0.000807951
-0.000785525
-0.000718418
-0.00059735
-0.000464058
-0.000927433
-0.0145243
0.00952188
-0.00401087
-0.00279887
-0.00289344
-0.00345529
-0.00249322
-0.00237897
-0.00231075
-0.00261966
-0.00270811
-0.00213839
-0.000981526
-0.000667186
-0.000805556
-0.000800956
-0.00087873
-0.000912841
-0.000905334
-0.000908542
-0.00092145
-0.000913247
-0.000882101
-0.000858849
-0.000852058
-0.00083751
-0.000762344
-0.000611967
-0.000438824
-0.000355907
-0.00643234
0.000246986
-0.00348374
-0.00275391
-0.00227042
-0.00293449
-0.00267284
-0.00263349
-0.00254943
-0.00280573
-0.00295472
-0.0024077
-0.00108043
-0.00073888
-0.000875081
-0.00088439
-0.000961266
-0.000989898
-0.000975702
-0.000969539
-0.000983435
-0.000987805
-0.000957535
-0.000920714
-0.000907379
-0.000900609
-0.000831167
-0.000664004
-0.000465427
-0.000440294
-0.00123188
-0.00592005
-0.00262029
-0.00276958
-0.0021962
-0.00242423
-0.00340508
-0.00311975
-0.00286357
-0.00298879
-0.00316494
-0.00268668
-0.001187
-0.000830796
-0.000961104
-0.000978183
-0.00105114
-0.00107059
-0.00105378
-0.00104117
-0.00104811
-0.00106495
-0.00104137
-0.000994746
-0.000974657
-0.000977004
-0.000919047
-0.000757129
-0.000583777
-0.000527693
-0.00110594
-0.00229389
-0.00230123
-0.00227926
-0.00258162
-0.00220369
-0.00409495
-0.00395444
-0.0035667
-0.00332649
-0.00328009
-0.00280674
-0.00130488
-0.000946939
-0.00106123
-0.00108146
-0.00114737
-0.00115846
-0.00113762
-0.00112676
-0.00112083
-0.00114286
-0.00113465
-0.00108023
-0.0010551
-0.00106682
-0.00102317
-0.000874133
-0.000755037
-0.000791425
-0.000976273
-0.00180244
-0.00194733
-0.00188854
-0.00216583
-0.00220164
-0.00466225
-0.00473743
-0.00402284
-0.00384286
-0.00344281
-0.00262896
-0.00143508
-0.0010876
-0.00117563
-0.00119723
-0.00125191
-0.00125756
-0.00122979
-0.00122562
-0.00120891
-0.00122785
-0.00123597
-0.00117668
-0.00114969
-0.00117022
-0.00113852
-0.00100604
-0.000975515
-0.00130348
-0.00194468
-0.00175651
-0.00209984
-0.00163581
-0.00185084
-0.00200656
-0.00504548
-0.00479797
-0.00357134
-0.00382768
-0.00357806
-0.00241768
-0.00165599
-0.00127823
-0.0013166
-0.00133212
-0.00137002
-0.00137138
-0.00133809
-0.00133477
-0.00131581
-0.00132867
-0.00134283
-0.00128394
-0.00125687
-0.0012843
-0.0012537
-0.00113492
-0.00115119
-0.0016115
-0.00252848
-0.0018845
-0.00169343
-0.00157151
-0.00156424
-0.00175902
-0.00495091
-0.00458551
-0.00305242
-0.00423323
-0.00307461
-0.00320387
-0.00214708
-0.00159177
-0.00150911
-0.00149458
-0.00150776
-0.0015031
-0.00146802
-0.0014574
-0.00143999
-0.00144664
-0.00145788
-0.00140674
-0.00137339
-0.00140205
-0.00136218
-0.00124715
-0.00125823
-0.00160049
-0.00216951
-0.00207368
-0.00145632
-0.00139324
-0.00131189
-0.00151702
-0.00217147
-0.00467601
-0.0055027
-0.00732247
-0.0051608
-0.00433919
-0.00282748
-0.00206447
-0.00176214
-0.00168129
-0.00166667
-0.00165463
-0.00161942
-0.00159694
-0.00158341
-0.00157856
-0.00158536
-0.00155289
-0.00150338
-0.00152765
-0.00148685
-0.00135847
-0.00130656
-0.00128908
-0.000839867
-0.00205055
-0.00144539
-0.00117272
-0.00116578
-0.00131651
-0.00111375
-0.00227487
-0.00660071
-0.0128189
-0.0121472
-0.00753338
-0.00429601
-0.00275479
-0.00209212
-0.0018899
-0.00184462
-0.00182617
-0.00179015
-0.00175734
-0.00174566
-0.00172719
-0.00172926
-0.00172074
-0.00165863
-0.00166719
-0.00164073
-0.00149871
-0.00140422
-0.00155733
-0.00206184
-0.00295263
-0.0022099
-0.00107426
-0.00091782
-0.00127972
-0.0011038
-0.00126126
-0.00369269
-0.010514
-0.0140527
-0.0108987
-0.00626284
-0.00367851
-0.00254521
-0.00214637
-0.00204526
-0.00201712
-0.00198074
-0.00194107
-0.0019247
-0.00190179
-0.00189652
-0.00190442
-0.00184515
-0.00182379
-0.0017988
-0.00167731
-0.00156381
-0.00183026
-0.00308322
-0.00397546
-0.0027869
-0.00105935
-0.00147678
-0.00138969
-0.00121606
-0.00125447
-0.00245917
-0.00677837
-0.0116497
-0.0120246
-0.00813265
-0.00484503
-0.00320136
-0.00249289
-0.00228165
-0.00222899
-0.00219211
-0.00214866
-0.00212623
-0.00210457
-0.00208941
-0.00210429
-0.00206342
-0.00201276
-0.00199956
-0.00184459
-0.00172231
-0.00191259
-0.00257164
-0.00317541
-0.00304694
-0.00163728
-0.00107806
-0.00148854
-0.00123835
-0.00126146
-0.00178096
-0.00418579
-0.00887759
-0.0111473
-0.00946035
-0.00628706
-0.00407106
-0.00297309
-0.00257359
-0.00246701
-0.00242495
-0.00238067
-0.00235328
-0.00233366
-0.00231076
-0.00232784
-0.00230511
-0.00224695
-0.00222044
-0.00204824
-0.00196259
-0.00225165
-0.00285049
-0.00286302
-0.00254348
-0.00179204
-0.00309065
-0.00152375
-0.000946533
-0.00126211
-0.00151131
-0.00262745
-0.00616561
-0.00975554
-0.0101701
-0.00758522
-0.00504013
-0.00363414
-0.00294848
-0.00274087
-0.00268082
-0.00263662
-0.00260706
-0.00258711
-0.00256294
-0.00258153
-0.00256769
-0.00252368
-0.00247122
-0.00228453
-0.0022717
-0.00273812
-0.00327979
-0.00315294
-0.00254908
-0.00221925
-0.0012671
-0.00164848
-0.00103383
-0.00130641
-0.00148274
-0.00190967
-0.0037939
-0.00758513
-0.00980868
-0.00861522
-0.00611037
-0.0043936
-0.00343474
-0.00305852
-0.00296057
-0.00291473
-0.00288467
-0.00286634
-0.00284564
-0.00286483
-0.0028557
-0.0028332
-0.00275551
-0.00256852
-0.00261594
-0.00323955
-0.00360029
-0.00320986
-0.00241137
-0.00230344
-0.000391727
-0.00179717
-0.00126812
-0.00135609
-0.00152751
-0.00169574
-0.002547
-0.00526107
-0.00843277
-0.00909803
-0.00719889
-0.00516342
-0.00395086
-0.00342269
-0.00326336
-0.00321245
-0.00318343
-0.00317039
-0.00315528
-0.00317611
-0.00317798
-0.00317364
-0.00306814
-0.00289683
-0.00301781
-0.00368315
-0.00379796
-0.00312756
-0.00234286
-0.00195687
-0.00165955
-0.00189923
-0.00130075
-0.00139098
-0.00157803
-0.00170241
-0.00203303
-0.00344175
-0.00641452
-0.00847566
-0.00797103
-0.00599783
-0.00446165
-0.00385062
-0.00359728
-0.00352814
-0.00350092
-0.00349652
-0.00349237
-0.00351571
-0.00353523
-0.00354678
-0.00340909
-0.00325155
-0.00349826
-0.00399298
-0.00395711
-0.00311585
-0.002291
-0.00180922
-0.00206469
-0.00186741
-0.00114385
-0.00140272
-0.00163191
-0.001753
-0.00190922
-0.00261616
-0.00449809
-0.00705182
-0.00796756
-0.00667423
-0.00498781
-0.00422652
-0.00395557
-0.00384936
-0.00382095
-0.00383112
-0.00385331
-0.00388566
-0.00392731
-0.00395899
-0.00378389
-0.00367862
-0.00402454
-0.00434121
-0.00407747
-0.00310061
-0.00224666
-0.00175107
-0.00188213
-0.00174406
-0.00113021
-0.00141693
-0.00167277
-0.00180675
-0.00193898
-0.00232991
-0.00332704
-0.00532901
-0.00712747
-0.00700977
-0.00555723
-0.00449863
-0.00420399
-0.00415545
-0.00412649
-0.00416428
-0.00423146
-0.00428039
-0.00435658
-0.00440868
-0.00422921
-0.00422638
-0.00458642
-0.00467877
-0.0040496
-0.0030043
-0.00217123
-0.00167679
-0.001704
-0.00154097
-0.00124557
-0.00143354
-0.00169943
-0.00184985
-0.00201007
-0.0022783
-0.0028439
-0.00403246
-0.00587585
-0.00670382
-0.00596159
-0.00486537
-0.00434728
-0.00434159
-0.00439979
-0.00450187
-0.00463743
-0.00469226
-0.00483508
-0.00489616
-0.00480354
-0.0049089
-0.00510107
-0.00478305
-0.00380541
-0.0027969
-0.00202338
-0.0015158
-0.0013532
-0.0012633
-0.00131645
-0.0014886
-0.00175598
-0.00192007
-0.0020931
-0.00230625
-0.0026682
-0.00326835
-0.00468024
-0.00594094
-0.0059281
-0.00516141
-0.00457417
-0.00441514
-0.00451208
-0.00470097
-0.00491825
-0.00502607
-0.00532967
-0.00542135
-0.00547327
-0.00574534
-0.00551393
-0.00462853
-0.00347867
-0.00246252
-0.00170676
-0.0012131
-0.000932934
-0.00101215
-0.00152592
-0.00168088
-0.00189714
-0.00204138
-0.00218719
-0.00237264
-0.00263876
-0.00296263
-0.00387122
-0.00502745
-0.00551155
-0.00518968
-0.00480386
-0.00458867
-0.00458018
-0.00478054
-0.00506944
-0.00534399
-0.00569607
-0.00586581
-0.00610601
-0.00649199
-0.00578371
-0.00442558
-0.00315192
-0.00214389
-0.00143237
-0.0010067
-0.000808466
-0.000971915
-0.00185194
-0.00200416
-0.00214296
-0.00219534
-0.0023079
-0.00247562
-0.00263784
-0.00285734
-0.00338029
-0.00417222
-0.00482816
-0.00493761
-0.00488846
-0.00485258
-0.00486631
-0.0050699
-0.00538795
-0.00570071
-0.0060112
-0.00639828
-0.00708332
-0.00732649
-0.00610052
-0.00448604
-0.0030933
-0.00213974
-0.00142496
-0.00141077
-0.00116945
-0.00126605
-0.00217799
-0.00238223
-0.0024646
-0.00239975
-0.00247786
-0.00259772
-0.00271053
-0.00280072
-0.00314823
-0.00350177
-0.00403976
-0.00440758
-0.00475593
-0.00504981
-0.00528045
-0.00559976
-0.00599098
-0.00640007
-0.00692844
-0.00775173
-0.00893976
-0.00873772
-0.00704125
-0.00507014
-0.00357718
-0.00212318
-0.00174577
-0.00159133
-0.00129498
-0.00101937
-0.00245158
-0.00275532
-0.00274821
-0.00262424
-0.00266307
-0.00269432
-0.00262242
-0.00270469
-0.0029276
-0.00301318
-0.00330749
-0.00371599
-0.00439438
-0.0050989
-0.00567438
-0.00628905
-0.00704782
-0.00794488
-0.00894381
-0.0104734
-0.0121691
-0.0117456
-0.00887008
-0.00614431
-0.00397081
-0.00274643
-0.00129478
-0.000662722
-0.000223922
-0.000120039
-0.0026457
-0.00305961
-0.00293272
-0.00282699
-0.00280627
-0.00273593
-0.0025432
-0.00260029
-0.00270486
-0.00273577
-0.00287151
-0.00315516
-0.00396129
-0.00502904
-0.00606645
-0.00718177
-0.00872122
-0.0106799
-0.0125714
-0.0150442
-0.017444
-0.0159619
-0.0101407
-0.00572215
-0.00287086
-0.000790967
8.64807e-05
-1.95233e-05
-4.23874e-05
-7.63491e-05
-0.0027287
-0.00319232
-0.00299483
-0.00300289
-0.00294141
-0.00278668
-0.00279817
-0.00269114
-0.00285514
-0.00297843
-0.00314564
-0.00337132
-0.00429389
-0.0055111
-0.00703637
-0.00886248
-0.0112095
-0.013853
-0.0159428
-0.0177192
-0.017462
-0.0110766
-0.00510347
-0.00183415
-0.000335403
9.53456e-05
1.96097e-05
1.7981e-06
-8.97061e-07
-3.38498e-06
-0.00257243
-0.00325295
-0.00318586
-0.0033276
-0.00331677
-0.00331682
-0.00347449
-0.00364322
-0.00403067
-0.00434284
-0.00445703
-0.00481337
-0.00530011
-0.00727148
-0.00757395
-0.00885761
-0.00988411
-0.010424
-0.0101247
-0.00897536
-0.00597859
-0.0020358
-0.000418009
-1.5515e-06
1.29759e-05
1.01951e-06
9.05923e-08
3.26742e-08
-5.77698e-09
-1.16168e-07
-0.00196461
-0.00414968
-0.00429249
-0.00442786
-0.00464567
-0.00520649
-0.00601624
-0.0067917
-0.00721137
-0.00634381
-0.00474625
-0.00400021
-0.00397247
-0.00296155
-0.00361215
-0.00333835
-0.00306797
-0.00259122
-0.00179323
-0.00109394
-0.000406573
-2.842e-05
-3.53465e-06
-1.42427e-06
-1.73277e-07
-3.84601e-09
2.18758e-10
2.82246e-10
1.23536e-09
-1.7214e-08
-0.00131382
-0.00609536
-0.00706706
-0.00688056
-0.00776297
-0.00865664
-0.0103911
-0.0112008
-0.0085911
-0.00587507
-0.002985
-0.00157985
-0.000751322
-0.000563572
-0.000434571
-0.000317964
-0.000245904
-0.000158498
-6.38471e-05
-2.50275e-05
-7.94404e-06
-1.64202e-06
-1.74157e-07
-1.3305e-08
-4.35837e-10
-2.29322e-12
7.46797e-13
1.91914e-11
2.66231e-10
-5.4497e-09
-0.000786327
-0.00712691
-0.00948946
-0.00900035
-0.00957212
-0.0113516
-0.0121649
-0.00966341
-0.00451208
-0.000970713
-0.000318752
-5.04554e-05
-5.27202e-05
-2.46178e-05
-1.01552e-05
-5.31204e-06
-3.70624e-06
-2.42006e-06
-1.07692e-06
-4.27943e-07
-1.15012e-07
-1.0926e-08
-3.52043e-10
-7.31939e-12
-5.4535e-14
1.45334e-14
3.23688e-14
2.01152e-12
7.23279e-12
-8.11252e-10
-0.0016323
-0.00632299
-0.0083867
-0.00820068
-0.00804022
-0.00845045
-0.00619748
-0.00221072
-0.000191938
0.000103757
-2.88549e-06
-4.07731e-06
-1.2339e-06
-2.02906e-07
4.17448e-09
1.52211e-08
5.1108e-09
-1.82107e-09
-1.56292e-09
-5.60651e-10
-9.56342e-11
-4.06769e-12
-4.65476e-14
2.8239e-15
2.22879e-14
3.52933e-14
3.81494e-14
1.23977e-13
-1.33368e-12
-5.44433e-11
0.000214549
-0.00144458
-0.00363638
-0.00365661
-0.0032955
-0.00192162
-0.000479491
8.56822e-05
4.1406e-06
-4.84111e-06
-7.92502e-07
-8.7674e-08
-8.16327e-09
4.79353e-11
4.12187e-10
2.1265e-10
8.09474e-11
1.82797e-11
3.25887e-12
4.29946e-13
5.35909e-14
3.80404e-14
4.20934e-14
4.84598e-14
5.30762e-14
5.23096e-14
4.25291e-14
1.85632e-14
-5.84533e-14
-1.16362e-12
0.000276039
0.000413724
0.000158398
-0.000111497
-3.29962e-05
0.000106996
3.34726e-05
-1.15081e-05
-3.15267e-06
-1.74042e-07
-6.34138e-09
-3.03678e-10
-1.08747e-11
1.53531e-12
7.79265e-13
2.96816e-13
1.58189e-13
1.52206e-13
1.40135e-13
1.25198e-13
1.10951e-13
1.00307e-13
9.30438e-14
8.69414e-14
7.93151e-14
6.72159e-14
4.73444e-14
1.51491e-14
-3.72826e-14
-1.29533e-13
1.08058e-05
4.61089e-05
9.30589e-05
8.2173e-05
4.40583e-05
-1.18442e-06
-9.28684e-06
-1.54143e-06
-6.37119e-08
-8.94915e-10
-1.07319e-11
-3.09037e-13
-1.6749e-14
7.48044e-14
1.42721e-13
1.84959e-13
2.04405e-13
2.06539e-13
1.97805e-13
1.83158e-13
1.66322e-13
1.49758e-13
1.34253e-13
1.18855e-13
1.01909e-13
8.11945e-14
5.40249e-14
1.67363e-14
-3.70601e-14
-1.19883e-13
-5.36613e-07
-1.6985e-06
-4.12699e-06
-8.3013e-06
-8.30908e-06
-2.77723e-06
-4.27233e-07
-2.13683e-08
-2.7417e-10
-1.26992e-12
-2.0908e-13
-9.37165e-14
1.14909e-14
1.0049e-13
1.68528e-13
2.13823e-13
2.37891e-13
2.44691e-13
2.39122e-13
2.25481e-13
2.07354e-13
1.87255e-13
1.66405e-13
1.44696e-13
1.21293e-13
9.47305e-14
6.30997e-14
2.38292e-14
-2.75766e-14
-9.57007e-14
-9.11859e-09
-4.97569e-08
-2.20809e-07
-4.71803e-07
-2.54692e-07
-5.36725e-08
-3.61897e-09
-6.78871e-11
-5.60071e-13
-2.7291e-13
-1.65922e-13
-5.95441e-14
3.87171e-14
1.2278e-13
1.88385e-13
2.33811e-13
2.59926e-13
2.69593e-13
2.66514e-13
2.54273e-13
2.36019e-13
2.14194e-13
1.90304e-13
1.64807e-13
1.375e-13
1.07595e-13
7.39842e-14
3.52145e-14
-1.09852e-14
-6.19725e-14
-3.54247e-11
-3.1753e-10
-2.05541e-09
-4.6763e-09
-1.83386e-09
-2.19295e-10
-7.27139e-12
-3.87454e-13
-3.07724e-13
-2.1779e-13
-1.20791e-13
-2.40572e-14
6.56271e-14
1.42869e-13
2.03979e-13
2.47371e-13
2.73495e-13
2.84422e-13
2.82935e-13
2.72002e-13
2.54316e-13
2.32091e-13
2.06906e-13
1.79557e-13
1.50355e-13
1.19089e-13
8.53645e-14
4.87396e-14
8.8751e-15
-2.56431e-14
-2.63511e-13
-7.31129e-13
-4.30133e-12
-1.0091e-11
-3.35367e-12
-5.37765e-13
-3.65255e-13
-3.12124e-13
-2.42671e-13
-1.61418e-13
-7.43749e-14
1.21157e-14
9.22744e-14
1.6152e-13
2.16736e-13
2.56521e-13
2.81085e-13
2.91944e-13
2.91196e-13
2.81228e-13
2.64325e-13
2.42477e-13
2.17176e-13
1.89371e-13
1.59716e-13
1.28466e-13
9.57879e-14
6.20136e-14
2.82399e-14
6.72117e-15
-1.80958e-13
-2.89117e-13
-3.21193e-13
-3.35733e-13
-3.37386e-13
-3.22961e-13
-2.90474e-13
-2.4103e-13
-1.77742e-13
-1.04948e-13
-2.78225e-14
4.82943e-14
1.18588e-13
1.7928e-13
2.27801e-13
2.62974e-13
2.84881e-13
2.94657e-13
2.93892e-13
2.84487e-13
2.68332e-13
2.47152e-13
2.22332e-13
1.94887e-13
1.65645e-13
1.35181e-13
1.04078e-13
7.32206e-14
4.44849e-14
3.23661e-14
-1.19513e-13
-2.3175e-13
-2.63291e-13
-2.7257e-13
-2.68546e-13
-2.50539e-13
-2.17808e-13
-1.71412e-13
-1.14046e-13
-4.93768e-14
1.81751e-14
8.4218e-14
1.44803e-13
1.96895e-13
2.38428e-13
2.68457e-13
2.87024e-13
2.95002e-13
2.93604e-13
2.84333e-13
2.68727e-13
2.48251e-13
2.24134e-13
1.97377e-13
1.68892e-13
1.39454e-13
1.09924e-13
8.14735e-14
5.62354e-14
4.83914e-14
-4.39699e-14
-1.70973e-13
-2.01986e-13
-2.08286e-13
-2.00394e-13
-1.79898e-13
-1.47269e-13
-1.03812e-13
-5.19326e-14
5.19613e-15
6.38701e-14
1.20514e-13
1.7194e-13
2.15775e-13
2.50411e-13
2.75135e-13
2.89998e-13
2.95704e-13
2.93184e-13
2.83623e-13
2.68255e-13
2.48296e-13
2.24794e-13
1.98681e-13
1.7088e-13
1.42273e-13
1.13906e-13
8.71527e-14
6.44652e-14
6.09778e-14
-1.51873e-14
-1.17224e-13
-1.41887e-13
-1.44771e-13
-1.33535e-13
-1.1102e-13
-7.84228e-14
-3.73555e-14
9.88359e-15
6.0458e-14
1.11307e-13
1.59522e-13
2.026e-13
2.3876e-13
2.66807e-13
2.86265e-13
2.97237e-13
3.00327e-13
2.96263e-13
2.85976e-13
2.70437e-13
2.50629e-13
2.274e-13
2.01563e-13
1.7398e-13
1.45558e-13
1.17427e-13
9.10091e-14
6.83472e-14
5.92912e-14
6.62052e-14
-5.76691e-14
-8.3163e-14
-8.22947e-14
-6.73482e-14
-4.18787e-14
-7.96931e-15
3.22014e-14
7.62796e-14
1.21687e-13
1.65926e-13
2.06725e-13
2.42221e-13
2.712e-13
2.92877e-13
3.07033e-13
3.13866e-13
3.13945e-13
3.07852e-13
2.96319e-13
2.80085e-13
2.59907e-13
2.36408e-13
2.10211e-13
1.8203e-13
1.52687e-13
1.23338e-13
9.56503e-14
7.26749e-14
7.19548e-14
3.49584e-14
-2.12571e-14
-3.00103e-14
-1.9801e-14
3.69693e-15
3.65666e-14
7.5244e-14
1.1708e-13
1.59751e-13
2.0112e-13
2.39365e-13
2.73014e-13
3.00899e-13
3.22445e-13
3.37315e-13
3.45589e-13
3.47609e-13
3.43954e-13
3.35106e-13
3.21625e-13
3.04041e-13
2.82875e-13
2.58477e-13
2.31189e-13
2.01414e-13
1.69654e-13
1.3678e-13
1.04255e-13
7.41667e-14
4.91387e-14
1.64105e-13
4.44566e-14
3.14872e-14
6.11137e-14
1.05509e-13
1.54138e-13
2.01717e-13
2.465e-13
2.87212e-13
3.22927e-13
3.5305e-13
3.77229e-13
3.95213e-13
4.07159e-13
4.13227e-13
4.13818e-13
4.09421e-13
4.00642e-13
3.87857e-13
3.71465e-13
3.5178e-13
3.29074e-13
3.03373e-13
2.74631e-13
2.42731e-13
2.0745e-13
1.68716e-13
1.27282e-13
8.8326e-14
8.87116e-14
5.6704e-15
9.73202e-15
1.33854e-13
2.41139e-13
3.24974e-13
3.90483e-13
4.40873e-13
4.78966e-13
5.07326e-13
5.27384e-13
5.40312e-13
5.47115e-13
5.48454e-13
5.4518e-13
5.3782e-13
5.26968e-13
5.13146e-13
4.96902e-13
4.78432e-13
4.57932e-13
4.35482e-13
4.11118e-13
3.84546e-13
3.55331e-13
3.22773e-13
2.85599e-13
2.41593e-13
1.86522e-13
1.12531e-13
2.50856e-14
3.08679e-13
6.00027e-13
7.67398e-13
8.51767e-13
8.9469e-13
9.12531e-13
9.15427e-13
9.0604e-13
8.89703e-13
8.68053e-13
8.42925e-13
8.1576e-13
7.8732e-13
7.58566e-13
7.29824e-13
7.01439e-13
6.73626e-13
6.46636e-13
6.20299e-13
5.94512e-13
5.69113e-13
5.43978e-13
5.18679e-13
4.92753e-13
4.65583e-13
4.36071e-13
4.02186e-13
3.59156e-13
2.94224e-13
1.75402e-13
)
;

boundaryField
{
    inlet
    {
        type            calculated;
        value           nonuniform List<scalar> 
30
(
-18.8531
-18.7581
-18.9213
-18.9151
-18.8896
-18.7674
-18.5896
-18.3054
-17.7585
-18.0278
-18.1896
-18.3479
-18.3504
-17.7121
-17.512
-17.9589
-18.1108
-18.2977
-18.3727
-18.6992
-18.9823
-19.2173
-19.4018
-19.4454
-19.4263
-19.4279
-19.367
-19.2671
-18.5839
-15.9746
)
;
    }
    outlet
    {
        type            calculated;
        value           nonuniform List<scalar> 
30
(
3.08679e-13
6.00027e-13
7.67398e-13
8.51767e-13
8.9469e-13
9.12531e-13
9.15427e-13
9.0604e-13
8.89703e-13
8.68053e-13
8.42925e-13
8.1576e-13
7.8732e-13
7.58566e-13
7.29824e-13
7.01439e-13
6.73626e-13
6.46636e-13
6.20299e-13
5.94512e-13
5.69113e-13
5.43978e-13
5.18679e-13
4.92753e-13
4.65583e-13
4.36071e-13
4.02186e-13
3.59156e-13
2.94224e-13
1.75402e-13
)
;
    }
    walls
    {
        type            calculated;
        value           nonuniform List<scalar> 
400
(
-18.8531
-2.16365
-0.148605
-0.0140123
-0.0012577
-0.00218535
-0.00558758
-0.00685248
-0.00604875
-0.0043486
-0.0022016
0.0014253
0.0057521
0.00859551
0.00609371
0.0269594
0.0366086
0.0330343
0.0255345
0.0224039
0.0199496
0.018188
0.0174483
0.0170509
0.0167363
0.0170885
0.0175753
0.0182653
0.0189656
0.0196066
0.0202216
0.0210296
0.0223037
0.024208
0.0266207
0.0283704
0.0283829
0.0270746
0.0256662
0.0271459
0.028427
0.0281812
0.0270104
0.0266175
0.0260369
0.025251
0.0245719
0.0266374
0.0271312
0.0262656
0.0257387
0.0246009
0.0224798
0.02109
0.0219018
0.0236156
0.0231417
0.0247615
0.0253163
0.0268641
0.0292259
0.0315073
0.0315485
0.0287784
0.0233089
0.018115
0.00908463
0.0010371
-0.00178834
0.000406708
0.00670796
0.0114592
0.00705218
0.00139545
-0.00208384
0.000517238
0.0038712
0.00940749
0.019269
0.0153884
0.011364
0.00752873
0.00429394
0.00174246
-0.00288577
-0.0119093
-0.0246821
-0.0340571
-0.0269774
-0.00909822
0.00701801
0.00623518
0.00637741
0.00772736
0.00952627
0.0109754
0.0100106
0.00611851
0.000620634
-0.00406022
-0.00659693
-0.00566014
-0.00231542
-0.00408678
0.000133143
0.0187719
0.0117267
0.00845591
0.00172012
-0.00282433
-0.00406449
-0.00367068
-0.00240951
-0.00132581
-0.00198459
-0.00180905
-0.00201823
-0.00270671
-0.00321246
-0.00334123
-0.00324614
-0.00304574
-0.00281592
-0.00373297
-0.0063205
-0.00846462
-0.00750901
-0.00240932
-0.0063855
0.0041088
0.00946476
0.0118363
0.00637397
0.00332351
0.00158379
0.000416663
-0.000417059
-0.000898639
-0.00128608
-0.00157414
-0.00177084
-0.00185807
-0.00183226
-0.00189533
-0.00201104
-0.00201457
-0.00207438
-0.00198357
-0.00195369
-0.00197745
-0.00200189
-0.00202469
-0.0021371
-0.00249322
-0.00267284
-0.00340508
-0.00409495
-0.00466225
-0.00504548
-0.00495091
-0.00217147
-0.00111375
-0.0011038
-0.00121606
-0.00123835
-0.000946533
-0.00103383
-0.00126812
-0.00130075
-0.00114385
-0.00113021
-0.00124557
-0.00131645
-0.00152592
-0.00185194
-0.00217799
-0.00245158
-0.0026457
-0.0027287
-0.00257243
-0.00196461
-0.00131382
-0.000786327
-0.0016323
0.000214549
0.000276039
1.08058e-05
-5.36613e-07
-9.11859e-09
-3.54247e-11
-2.63511e-13
-1.80958e-13
-1.19513e-13
-4.39699e-14
-1.51873e-14
6.62052e-14
3.49584e-14
1.64105e-13
5.6704e-15
3.08679e-13
-15.9746
-2.44181
-0.131174
-0.00913116
0.00110739
0.00215609
0.0032422
0.00459903
0.00588238
0.00638366
0.00502508
0.00701039
0.0123303
0.0156718
0.0393678
0.0369499
0.0262982
0.0232549
0.0216305
0.0204276
0.0191262
0.0166727
0.0140918
0.0133201
0.0133321
0.0138232
0.0150366
0.0163761
0.0173711
0.0183079
0.0194435
0.0205315
0.021694
0.0230935
0.0245512
0.0255344
0.0258273
0.0257101
0.0252618
0.0216112
0.0194549
0.0279904
0.0327854
0.0289114
0.0274764
0.0270474
0.0269699
0.0269976
0.0270811
0.0271949
0.0273032
0.0273696
0.0275905
0.0268774
0.0255653
0.0243005
0.0231117
0.0222949
0.0212134
0.0195602
0.0181035
0.0170365
0.0160981
0.0155271
0.0156838
0.0166144
0.018118
0.0200583
0.0224171
0.0252568
0.0286497
0.0326764
0.0374797
0.0432337
0.0498282
0.0578908
0.068394
0.0794396
0.0878536
0.0900928
0.0834105
0.0903933
0.0598931
0.00458766
-0.0417236
-0.0187589
0.015913
0.0418545
0.0568103
0.05742
0.0437871
0.0150002
-0.0040428
-0.0676427
-0.0187994
0.00133524
-0.00032503
-0.000390882
-0.000407925
-0.000280442
-0.000183521
-0.000175503
-0.000370994
-0.000635033
-0.000757609
-0.000794492
-0.000792612
-0.00076653
-0.000714051
-0.000642363
-0.000582199
-0.0005468
-0.000531706
-0.000527673
-0.000526588
-0.000526327
-0.000526922
-0.000528859
-0.000532565
-0.000536745
-0.000542731
-0.000563387
-0.000631028
-0.00082395
-0.00119686
-0.0016578
-0.00184399
-0.00172998
-0.0015749
-0.00178599
-0.00240726
-0.00294906
-0.00342931
-0.00415889
-0.00496037
-0.00542979
-0.00533997
-0.00486578
-0.00439408
-0.00320076
-0.00340744
-0.00311012
-0.00262371
-0.00218017
-0.0021386
-0.00250025
-0.00316973
-0.00370402
-0.00412775
-0.00442484
-0.00442815
-0.0040291
-0.00345529
-0.00293449
-0.00242423
-0.00220369
-0.00220164
-0.00200656
-0.00175902
-0.00151702
-0.00131651
-0.00127972
-0.00138969
-0.00148854
-0.00152375
-0.00164848
-0.00179717
-0.00189923
-0.00186741
-0.00174406
-0.00154097
-0.0012633
-0.00101215
-0.000971915
-0.00126605
-0.00101937
-0.000120039
-7.63491e-05
-3.38498e-06
-1.16168e-07
-1.7214e-08
-5.4497e-09
-8.11252e-10
-5.44433e-11
-1.16362e-12
-1.29533e-13
-1.19883e-13
-9.57007e-14
-6.19725e-14
-2.56431e-14
6.72117e-15
3.23661e-14
4.83914e-14
6.09778e-14
5.92912e-14
7.19548e-14
4.91387e-14
8.87116e-14
2.50856e-14
1.75402e-13
)
;
    }
    frontAndBackPlanes
    {
        type            empty;
    }
}


// ************************************************************************* //
